7.58558350518883650615e-02
6.85917718235449641595e-02
7.28763820515196669714e-02
7.81655625762394112854e-02
7.63057697511159427339e-02
7.21934072260712877966e-02
7.92729246857232089374e-02
6.67908053152813790954e-02
7.85959751791812516464e-02
7.05708323556843569735e-02
7.13594548856943261539e-02
8.21964328637716651338e-02
7.37583716564290947648e-02
8.06762497879291162750e-02
6.58603627464985630358e-02
8.03318289496044585229e-02
7.07925656252277601954e-02
7.24430084078705877060e-02
8.25697573647702631749e-02
7.03053417206043335108e-02
6.78720660352494092882e-02
8.35660601262628310870e-02
6.89342360919086433180e-02
7.71632316253832856168e-02
8.15376640959778048456e-02
6.85071919885116564775e-02
6.97550395321895888578e-02
6.29576179062813212628e-02
7.74640467379507091650e-02
7.61290097976844715166e-02
8.58468795128976003284e-02
6.55065269409562389580e-02
7.36527145661423077172e-02
6.91841567273905749813e-02
7.97489137665902958485e-02
8.62371119367838084857e-02
6.56638387710791887608e-02
7.50724591222281939507e-02
6.67240650431093484940e-02
7.56269240179780061206e-02
6.75567945432865302191e-02
7.99419126864836099289e-02
6.72760146781497536672e-02
7.77338889045936926037e-02
7.40172225447463527637e-02
7.71739237655911375358e-02
8.24382398087102480355e-02
7.77548861519915812668e-02
7.84020154576472311225e-02
7.70855189420301262215e-02
7.21976626624142442390e-02
7.82385311636488584019e-02
7.54973198311703203034e-02
7.05149865899581951290e-02
7.32041329056740130987e-02
7.14397487354853644170e-02
8.38600204631195639271e-02
8.15136112970805543076e-02
7.26038600910482168072e-02
8.75879154384129332556e-02
7.34836329198702564724e-02
6.50056685539293355180e-02
6.88400440906202781832e-02
7.70376527551681067330e-02
8.06802891339644945301e-02
7.22311563854100002757e-02
7.48730689204091803823e-02
7.75803337463212422387e-02
6.96258645323060282317e-02
7.50999220911595793959e-02
8.48036567275030767066e-02
8.59691110040020495253e-02
6.77460373757629019664e-02
7.30368128954506090622e-02
7.24301998642581379428e-02
8.39394210965359877097e-02
7.15960594166445141173e-02
7.11733458295074755684e-02
7.68732024925733448129e-02
7.11674212475773004805e-02
8.24554562410184516130e-02
6.16870204725041559879e-02
7.02718461131680988130e-02
7.42551570573556640742e-02
7.42555238318804017306e-02
7.21686934386631534499e-02
7.72929084057348420034e-02
7.62360429224096247669e-02
7.91952288512059593417e-02
7.50406205232410916661e-02
7.50202642736636921006e-02
7.08207296431262595116e-02
6.77726328718578352461e-02
7.83209142201991281862e-02
6.36771119537540286615e-02
7.99081507750636771403e-02
7.73951385273887598748e-02
7.34855509916655380565e-02
7.55171935009037870179e-02
8.49847442467846631020e-02
7.74478213094446227283e-02
8.02577898861852601087e-02
7.10658710959069517266e-02
8.92039588925155196852e-02
6.50251258628296163744e-02
8.21138159281664531397e-02
8.94736007826805040954e-02
7.81661799681964558628e-02
7.74720111772259079075e-02
6.49817726228223563334e-02
6.82605693966395199457e-02
7.59322236761135610505e-02
7.94734862031595962195e-02
8.58515719213134298471e-02
7.20832702784643120086e-02
7.33132071275768709695e-02
8.24276087101849380678e-02
6.66990124157929020754e-02
7.52319807985773886250e-02
7.24583120382666090453e-02
7.49591234078458984458e-02
8.59642992688619544950e-02
7.05586134170946704947e-02
6.92585275350097034908e-02
7.24095566028995357710e-02
6.80516188109669961648e-02
7.62392110531127514816e-02
7.50058551548647561846e-02
7.62566962556839589293e-02
8.00659088377639466261e-02
8.37079296622340596201e-02
7.23365997697532764343e-02
7.11234178748603590448e-02
7.93028588042791332535e-02
8.32849565248240386595e-02
6.37446278601762617022e-02
7.06564912671838740721e-02
7.26046212986721645199e-02
8.12865021321575315083e-02
6.78636676140931954793e-02
6.74886436601717237815e-02
8.30424710460199722029e-02
8.52904566931353552706e-02
6.80197346313538842022e-02
6.62874143198335097349e-02
7.17289606977921101461e-02
7.60240278975662653327e-02
7.59091631899548868745e-02
8.53337569276428897780e-02
7.52572861836921513934e-02
7.93375546075250626110e-02
7.20994474549286196163e-02
6.63797581301756312033e-02
7.05933852988645527127e-02
6.63458563930224287652e-02
7.49888403670539438473e-02
8.07309390080448580074e-02
7.34657084808709448520e-02
7.64865084285740876036e-02
7.83450149415307883771e-02
8.64592886979604624553e-02
7.32374194380773502200e-02
7.02620308890457428985e-02
7.49743886997106534498e-02
7.43057663443835308970e-02
7.22030302061476420006e-02
8.51932191920592024603e-02
7.46940036755410763369e-02
7.25851017118947228202e-02
6.96259037978705919159e-02
6.72167764575666293325e-02
8.25048428203817851845e-02
7.89761726219210119515e-02
7.45658411634026047077e-02
8.36917797317448669547e-02
6.69176079113481259153e-02
8.06059376357028400939e-02
7.53783910927477290853e-02
8.37986094624915689444e-02
7.87777400637159896934e-02
8.53509218342750064501e-02
8.00268495980781674470e-02
7.16438747483637422553e-02
7.51378610193812190854e-02
5.80380506933650883172e-02
8.72774263914550124666e-02
7.01109745145708646019e-02
7.47099835778907983563e-02
8.89333432308082177942e-02
7.38527508850184699618e-02
8.74790362536749521727e-02
6.68701420082007808032e-02
6.54336921561331635866e-02
7.21532694775841587642e-02
7.16424951963487988138e-02
8.07838107875620409226e-02
7.10922464413684673801e-02
7.21458221719162712260e-02
8.15998263359319214727e-02
9.01734131013872397542e-02
7.47950627776537840807e-02
7.36238123355971163519e-02
8.48450875639374518800e-02
7.16981438050201119738e-02
8.20242141627216675426e-02
7.69842032097425160719e-02
7.63956430432590344326e-02
6.60855670581450560519e-02
6.82195094119286832290e-02
7.00801747533153496228e-02
7.66225996900332384509e-02
7.25427878247270618850e-02
6.65392119830381933987e-02
7.89798742757386457169e-02
9.41702515767556119775e-02
8.89836845224772077234e-02
7.93188458549677899434e-02
7.50199159066151227693e-02
7.94760923354454335010e-02
7.87241091863978420529e-02
7.93217166974668624890e-02
7.48009104408666330999e-02
7.68012627761265609383e-02
6.14641436981685149177e-02
7.15206326419764032432e-02
9.05547515340940634143e-02
7.36431663998273616789e-02
7.44160773231736932809e-02
7.90606601047385004755e-02
8.54264514709408562254e-02
7.57788742744588128541e-02
7.78560722574463959234e-02
8.20383286187657545518e-02
7.29853176278616178063e-02
7.12148451799390208583e-02
7.00491859644501307924e-02
7.82164541671997864958e-02
6.90119871647727478603e-02
7.37806976763611260806e-02
7.82323822878725483321e-02
6.39217493500289918318e-02
7.77578599131087816465e-02
6.67483748422193767791e-02
8.22511422533510616617e-02
6.14286080470028209022e-02
7.04148544581755103655e-02
7.64518017119862891562e-02
6.81317556387921879901e-02
7.00420448736714107429e-02
7.35293835431338055342e-02
6.75489130298319029322e-02
8.20317196612828231084e-02
7.13217323010341130995e-02
7.51067773768056140549e-02
8.52147861475582163449e-02
7.65020112563807030970e-02
6.55690282205934199533e-02
7.28896812848769809490e-02
7.77233634584547361523e-02
6.68472806293183979820e-02
8.49334097445738761545e-02
8.16428110726665073882e-02
7.91528754164227132950e-02
6.26933746311074679980e-02
7.33438849631994488343e-02
8.13910278057416586295e-02
8.06622947870165724060e-02
7.68887669782749166858e-02
6.38733893765827398514e-02
7.89383402185143967511e-02
7.98298244500329073903e-02
7.26634605632170971212e-02
8.00629966944872567547e-02
6.29156665636399770047e-02
7.16338564964600077456e-02
7.24016949145538102339e-02
6.60765949878963920749e-02
7.15769178498262825805e-02
7.64527083985748895367e-02
7.90553754071624675825e-02
6.78269407362504656023e-02
7.22192995821164390735e-02
6.50863566303270940638e-02
8.72844963385380478993e-02
7.86267422454096504003e-02
7.12220024582575911287e-02
8.17338070546720640852e-02
8.15794117024798287607e-02
7.91829601208428046633e-02
6.72571177480495996370e-02
8.49818499303797436628e-02
7.54575328692460856050e-02
7.92092816313437753095e-02
7.38819796739494522031e-02
7.82696144085414380331e-02
8.04723565276541652480e-02
8.66462461243079767881e-02
7.52554074355370333782e-02
8.05586564919794079209e-02
8.65578241348692323243e-02
8.49355113200869898948e-02
7.22327073368983496593e-02
7.52138587167179711868e-02
6.61244147582312480349e-02
8.08070565820888098152e-02
7.04294905059671960679e-02
7.49572429763798314672e-02
6.22787709715503720598e-02
7.83980253763169321335e-02
7.38141073453607993171e-02
7.57499012618863404311e-02
8.42578387912096687939e-02
7.57198308915769530136e-02
7.38938186799796004056e-02
8.48900142195087442643e-02
7.77459789198638451246e-02
8.36598859387688575939e-02
7.00408029080222815921e-02
6.75755280933331703430e-02
7.13283094604990203225e-02
6.63308701662752436823e-02
7.95244750710255299264e-02
7.98984545781536853459e-02
8.62976093667422311517e-02
6.14506859680770539667e-02
7.57154727665374782664e-02
7.37169334380932406159e-02
7.84724765199295154483e-02
7.28513384805535846311e-02
6.95000601194533107474e-02
6.80377681120949706628e-02
7.00422522480660114663e-02
8.08076940102706864355e-02
6.34043266079704348481e-02
7.63601731127561550450e-02
7.73109349162849346371e-02
7.17369951408251133040e-02
7.42282745924724429720e-02
7.28222358440847178374e-02
7.84584175872220235259e-02
6.98317953528491547344e-02
7.28574807413345376661e-02
7.17667989234816311450e-02
8.17709095227794474647e-02
8.01769704080562140014e-02
7.36943861656135512650e-02
7.50255068628914861817e-02
7.94097200360991684054e-02
6.17748833520080434245e-02
7.40248554082964110856e-02
6.94381752665100271393e-02
8.39821250367959459826e-02
7.05117791979074787223e-02
6.46270178885059859430e-02
8.36341302738011355133e-02
6.99293346311038593877e-02
7.66805926386869840528e-02
7.62481152489000862937e-02
7.33725126095412655269e-02
7.50735934741928873093e-02
7.94971725171739612703e-02
8.66367454955844079612e-02
7.71079701223759267359e-02
7.29782138642054017952e-02
7.31530621358770644092e-02
7.01840006022891454984e-02
6.33439500263267285529e-02
7.52949110497242030116e-02
7.71634144625813200857e-02
7.33086718619974098132e-02
8.25947755488293938742e-02
7.85828584465320112429e-02
7.07600730108798037232e-02
7.24292343091282042611e-02
8.84616560865841977668e-02
8.27457341311179095378e-02
7.79497607344492582371e-02
8.34480534762836179130e-02
7.32109730054114338227e-02
8.28604174124519532452e-02
7.82338546769984904961e-02
6.56352165866546377604e-02
7.08981208030475401616e-02
7.73475769151393960366e-02
7.44003477798791945652e-02
7.45844442542157315401e-02
7.73891253403529710830e-02
7.84270620291203229835e-02
7.71080743734119944399e-02
8.19106428542346470811e-02
7.24288501939759910009e-02
9.09377906352262371792e-02
6.01466208959615250551e-02
7.66262119191930823892e-02
7.47994419522211712037e-02
8.03598344280085225000e-02
8.55202610003148316897e-02
9.22963064323485127272e-02
8.26589648477717153785e-02
7.70564656188542085324e-02
6.63696064758264731021e-02
7.38487530318175655619e-02
8.61067641267383165893e-02
7.22236003443641749744e-02
8.89275393521747475889e-02
7.75207043244201809973e-02
6.94511205691055316658e-02
7.43490691877197462656e-02
7.57478796095981121717e-02
8.70479017362067730712e-02
7.37231981006992304062e-02
7.47014841669902396326e-02
8.23023299481633469066e-02
6.66516310399980910217e-02
7.73055411422015198442e-02
7.17453092754297139244e-02
8.65226650707095062964e-02
7.48329074156804802120e-02
7.89769355045562004847e-02
8.09144442985021972170e-02
8.93482064234720624318e-02
7.59185526619954031968e-02
6.94586477519264361424e-02
7.56649378843867181921e-02
7.77479480714497739324e-02
7.15574378015678969067e-02
8.70187154732734863272e-02
7.48182220573278961018e-02
7.67650001826394451365e-02
7.65925628130390834247e-02
8.48028649523960426082e-02
7.90052515666671145711e-02
7.08443977264264501681e-02
8.90663636065398695019e-02
6.86795243521537146503e-02
8.26671276532423282557e-02
7.05952257630032553593e-02
8.60093090821444083982e-02
8.51929948041303675144e-02
7.79147853044274835144e-02
8.53299906401564361991e-02
8.83140493278852800607e-02
7.49976011059612646115e-02
7.21509187659021694605e-02
7.72616518528055351567e-02
6.55222294200581423240e-02
7.37446787104124867884e-02
7.49366077374465783256e-02
7.75153452406642101691e-02
8.66088099328950061784e-02
7.21104049161265664436e-02
8.43802831678450854236e-02
8.71681729092030344042e-02
8.19683356889818470759e-02
7.68048519784866323690e-02
7.82676048118904482687e-02
6.88879772125761402624e-02
7.44187501892849823104e-02
7.56376299915877542412e-02
8.08776819036983590783e-02
7.50079575509497858965e-02
7.50896349517136407758e-02
7.79883020172286722804e-02
7.95097002744003245045e-02
7.45736354261217343486e-02
7.47206314706857083197e-02
7.43493130910755917196e-02
7.79612720572716855205e-02
6.71012706312882484250e-02
6.74349762917722528321e-02
8.37900572915072500146e-02
7.54810051078475541253e-02
7.72160557971851430059e-02
6.59626363467151755060e-02
6.82789696147125119152e-02
7.19887707548580862982e-02
7.13522711404932924451e-02
6.32775591218560223838e-02
8.32913027035373093598e-02
7.77985784199930474614e-02
6.82207510351648255265e-02
6.96276551223086737075e-02
7.35509386192868958032e-02
6.10775179189297565130e-02
6.99726207451653731129e-02
7.02841297927376540411e-02
7.42803175674104504411e-02
7.11263504134810875534e-02
7.65108636379323303611e-02
7.99914337627986582469e-02
7.03042550416699274507e-02
8.39884716941434184001e-02
6.17683201624197597557e-02
8.69358657247513433308e-02
7.36232395856331878203e-02
7.73421900102913006947e-02
7.27330520918055140056e-02
6.96385000046765012538e-02
7.95155842741403912077e-02
6.99563647874033855967e-02
7.95505158762857406129e-02
7.04166345521150816023e-02
8.76366758537434342724e-02
7.92217974311345413119e-02
6.63035237722993109344e-02
7.49333542783408995680e-02
8.03912329413183079918e-02
6.80604958516967117887e-02
8.14565385151611309755e-02
8.21138070217384830052e-02
7.57024263725160073690e-02
8.06220762023276416031e-02
7.86013462357002534731e-02
7.64911961531838241468e-02
7.89539830574780832073e-02
7.33442810749031920414e-02
6.88842809958186419461e-02
7.56542576636810154556e-02
6.66879557037558662325e-02
7.29158146456582029193e-02
8.35867060103653441994e-02
6.15320136686657512270e-02
8.50385778192806751630e-02
8.34721693548203802493e-02
9.85714583884146205994e-02
6.94150820195440082516e-02
6.95689919276960000438e-02
6.51644948235846482865e-02
7.57717645186002652924e-02
7.72321172885392787100e-02
8.91666564982131065742e-02
7.75945018125740876291e-02
7.43606495568645275984e-02
7.30725718571842569604e-02
8.25094651395476691436e-02
7.28837844418629698939e-02
7.31299797532148632140e-02
7.40406937152530003621e-02
7.34256585149194590523e-02
8.97817409256407711338e-02
7.62406739607251887625e-02
8.66387343309458768381e-02
8.88420386013411556014e-02
7.25741463520949703359e-02
8.45031758380770797734e-02
6.67757945395626301144e-02
8.36781447899209024355e-02
7.09775674445824594772e-02
7.86544361482697379495e-02
6.91610114739119735683e-02
7.05916263565456308937e-02
6.59294676864605189159e-02
7.50356052625269082101e-02
8.40014958516551862866e-02
6.89046323615965516929e-02
8.54991788884318509867e-02
6.75064185762431351323e-02
6.96505407414278882028e-02
6.90475870121381868350e-02
7.85611504781123515251e-02
7.70813716315081609576e-02
7.84270433295040925170e-02
7.53427368171668138119e-02
6.76525245965298588358e-02
8.38741251365349715918e-02
7.52069181936283470691e-02
8.15780496237082791700e-02
8.45445640794844771593e-02
6.46168484100282519700e-02
7.92021012273108199198e-02
7.86742814484715086154e-02
7.45488662985350353241e-02
8.21258779891935880579e-02
7.43124246558880541258e-02
6.71423564444278003771e-02
7.50868741838787434606e-02
7.36695775631975580122e-02
7.53862129022956073410e-02
7.79088954565421154541e-02
8.29134841558245017090e-02
7.16408660389734608387e-02
6.01992377367052966530e-02
7.35642082245982903421e-02
7.77657249895416791130e-02
7.93975075424712961603e-02
7.40791148744596589237e-02
7.91961844975281881176e-02
7.15551371618526471652e-02
6.97024794931626612282e-02
6.69054878174828587811e-02
6.84105658281986828140e-02
7.05845702619516540688e-02
7.90089806472347583322e-02
8.49925336207306564296e-02
7.99749645806111242319e-02
8.21622769455422757856e-02
7.28191404325465169167e-02
6.57693966038835342580e-02
7.38345120704006346868e-02
7.20914989189536670189e-02
7.80856227083349396789e-02
7.50610066540988440931e-02
7.86151112507605803748e-02
7.57680408557928619651e-02
8.43312673572928911403e-02
8.27195316407317859930e-02
7.61796259537511483151e-02
7.32668160478989610729e-02
8.17776135256420150244e-02
8.06956787677528403213e-02
7.62042185965600554765e-02
7.75403683950587618856e-02
7.41453136820921093753e-02
8.21491784869668451030e-02
8.09643731380063347292e-02
7.78108530339206710957e-02
6.37875524189110837403e-02
7.32340237545506117511e-02
6.62710992215484601120e-02
7.98163139449704905903e-02
7.60309371144724660541e-02
6.82968105570702643803e-02
8.25936475586770968427e-02
7.50044028139892210438e-02
7.73668719109750074869e-02
8.21699988816552567839e-02
7.89700359130110496331e-02
6.63470826692968002058e-02
7.70461845578875176299e-02
8.04376436674698741536e-02
8.04822333170993053919e-02
8.27867813735667784636e-02
8.45003003482822367953e-02
8.30964307872449903236e-02
7.66645024848363193515e-02
8.07041985945035345029e-02
8.01192028404765638205e-02
7.45649307166588587448e-02
6.83265030212841656398e-02
7.94631973586399503739e-02
7.52771970653430960718e-02
8.23680680293450567797e-02
7.09600521898075264904e-02
6.72891717979383907622e-02
8.64426672397176354412e-02
7.99820522947171652639e-02
7.77857520079172637395e-02
7.78408075515691078028e-02
7.28100093847210833031e-02
7.34448433878853584877e-02
7.69363801651279516358e-02
8.30421344010074530262e-02
8.27928566549931549412e-02
7.72586809185124012700e-02
7.42136610631540655225e-02
8.23745666394636588681e-02
6.94420827554719372054e-02
7.07268890309720593690e-02
8.57769098750350289517e-02
7.20786639035198295478e-02
8.69033185695688298322e-02
8.28190061851967196382e-02
6.55464709623782837422e-02
7.76757338092194105084e-02
7.12793829088013697337e-02
9.12195370228088137088e-02
6.93919063334779567809e-02
8.35269837109122725849e-02
5.97020090018879692750e-02
7.20066666743145733509e-02
7.10379261246141396891e-02
7.26282298766921102784e-02
7.00377633275448968631e-02
7.04349915079980209986e-02
7.38504439104625820534e-02
7.45068339233077442385e-02
7.34623583858953765890e-02
7.66079163974967419781e-02
6.88335194522148863250e-02
9.39773810536339432309e-02
7.63544488422546879791e-02
7.77660827964529316469e-02
8.09016851461690500447e-02
7.24854193016745418365e-02
6.85467102974305075858e-02
