6.15187577693338677465e-02
8.19494640652565914385e-02
8.32516384854235513835e-02
9.87402192149000601518e-02
7.40839452299831002779e-02
1.10551000834717610966e-01
8.90399510897187107528e-02
7.80039145340440942533e-02
8.02003160257359903884e-02
8.33223472491043393173e-02
6.93921996106603850007e-02
8.73331888922869309377e-02
1.26001379621875270187e-01
7.13310632624395285495e-02
9.53073227572245051942e-02
9.22620511633860523881e-02
8.82458488354289360966e-02
8.50209405686121327816e-02
1.18313011264818912505e-01
7.81690260456261165611e-02
9.67575469652739300619e-02
9.72835318269537063784e-02
7.43981840132580951597e-02
8.90658748834165514552e-02
8.75346718811030738427e-02
7.78628541843133792355e-02
6.06060798865698524551e-02
8.15640880999974338117e-02
1.05449589689246336910e-01
1.00426957391327092983e-01
9.49092862035839507362e-02
6.90911510578659099346e-02
7.85331084889263481008e-02
9.07463274840900474549e-02
9.59544227474232597208e-02
9.55166708794408930716e-02
8.63434416306374658001e-02
8.94494659720082713195e-02
9.15049557826554116335e-02
7.28664855128063060352e-02
7.69383872964672227424e-02
6.03194152881018560985e-02
1.01158958442289240165e-01
8.03493519125376559620e-02
7.58190382209923546819e-02
9.96900975483378803954e-02
8.42361343741363927107e-02
8.53532583391424098940e-02
7.46506765668686900206e-02
8.42922909052888219561e-02
7.38049125721967486102e-02
7.46082968042226096772e-02
1.00742014191921552824e-01
6.10313998167508267589e-02
6.23657103486775568624e-02
8.97529650553827718085e-02
8.25913483450308461009e-02
8.80620529869967499925e-02
8.40933769327284752482e-02
8.64534216944589650744e-02
1.01677473668832965559e-01
8.36397020566280735565e-02
6.76539133872514769630e-02
9.53245218478837863518e-02
6.84356412420198401136e-02
6.93744464202521032847e-02
9.25061722467370728396e-02
1.02724771692930136324e-01
1.01165134868389489098e-01
9.04879706118934257209e-02
1.03135299903850799486e-01
8.68575210264351110778e-02
8.13032296233603679614e-02
8.81029312777181217164e-02
7.88228628684982252084e-02
5.97725194699008713362e-02
8.82219551131356999329e-02
6.93017359234078950125e-02
8.64761433506683052652e-02
9.43867064871319327857e-02
8.95493871838938942931e-02
7.92126558584161089005e-02
1.10659782622649582873e-01
8.64303960979508345552e-02
9.05183989147557016564e-02
8.19914433865613634378e-02
1.02499255657997515034e-01
8.94337779767557516930e-02
9.18779702579548829267e-02
1.04006748044901634054e-01
1.00422285934598828905e-01
7.47812566224043545615e-02
7.93005267321986867524e-02
8.48425989267381913672e-02
7.54589160630980831934e-02
8.68290809404141106231e-02
1.01729285289667473191e-01
8.23464376942583259344e-02
1.04288689367942555286e-01
6.74832822863981884876e-02
9.48951462933312339665e-02
5.02716799344105763625e-02
8.31757334761003552792e-02
8.65660581655618710517e-02
9.13691654511369355518e-02
8.79431024822105861238e-02
9.57970208367867892552e-02
9.76886898315952045824e-02
9.97304908841994686153e-02
6.47869135368272230924e-02
9.70966407254663377291e-02
8.23947982181965077331e-02
8.44880973832108916888e-02
9.24585003676122313410e-02
7.64525307785178381836e-02
9.31218679617800276782e-02
6.46223822396714969729e-02
1.00684939666672898517e-01
9.02300502410013777199e-02
7.69912866608463558604e-02
7.38885226249101217944e-02
8.98427305923841512669e-02
8.67891886886038022020e-02
9.39519011658724451097e-02
6.57380429032657365163e-02
6.90634511071061690801e-02
6.98005768298311096709e-02
8.86041594249368930081e-02
1.12196194276628968822e-01
9.07390823954477981905e-02
7.25399355244927407371e-02
1.11468974021870725899e-01
9.41320634309825987618e-02
7.48162033301375817285e-02
8.30040438064861829659e-02
1.07839680396774578730e-01
9.26877331240304608295e-02
7.60268357367450547946e-02
7.98374709336046040065e-02
1.14021479962565938648e-01
7.60844820911085184534e-02
9.28755895038435308475e-02
7.44369121818110462963e-02
7.83759277498768391901e-02
7.35174105705218433604e-02
1.02578729393788481428e-01
8.27847514331448014469e-02
6.95422542348402838996e-02
8.79098316749516023316e-02
7.55489385712516392513e-02
8.01283402096377855850e-02
8.83478784277105799738e-02
9.80652117469857920184e-02
7.10431215261082688039e-02
7.47402335652278954070e-02
8.40151178074054622025e-02
8.02493239410321523852e-02
7.47882575471472826889e-02
9.16500969941411308683e-02
9.15627504061612695896e-02
8.25839430849758804332e-02
7.93040677381422198788e-02
9.94931781457317199191e-02
7.16269960064789823484e-02
8.33868105743280629838e-02
1.06047650368478851846e-01
7.99079319268069521165e-02
7.44766413548255817867e-02
9.22557493365192965440e-02
7.06609285675182663411e-02
1.14885209747816893766e-01
1.08862290352698259932e-01
7.19108318724694245416e-02
7.61664710805283751149e-02
1.02923280995926041959e-01
9.72313317309426161650e-02
7.04297249474071240805e-02
9.57533466248630255047e-02
7.98875330939171485189e-02
7.74310810489303169568e-02
7.07420987206691248561e-02
9.11336630719274259915e-02
7.26900663168837113393e-02
8.76726024078529619921e-02
8.58994066670563660715e-02
7.30131200830655552325e-02
1.00425219505189025626e-01
7.05967177606623974562e-02
6.84348279637712053614e-02
9.68018649525057561789e-02
8.91252132401155056085e-02
9.95650022175890297982e-02
6.62950725243139499243e-02
9.03940587893725944202e-02
1.07011415883119062609e-01
8.04942859790880177462e-02
7.00523176524853463665e-02
6.79180676958029971857e-02
7.73848189371772604561e-02
1.12693048897027345290e-01
9.68062042134406192107e-02
8.67891494560151521842e-02
7.08248203657686620227e-02
8.46288112506282941272e-02
6.61296118652889008960e-02
8.22461157713973572969e-02
7.17425714126992269959e-02
6.36949348292251138481e-02
8.40916308659647171453e-02
9.01562680306241398531e-02
4.97349229047941918114e-02
7.31747598809141114318e-02
8.11490561077656685773e-02
8.84292687181261333196e-02
8.44718410472590497395e-02
1.01640100083638898476e-01
5.86527975101342885500e-02
7.54649523965677249127e-02
9.42910228950211148913e-02
8.12223954249914475989e-02
7.22346066029182359847e-02
8.50329968264696423041e-02
7.28850384226146091882e-02
7.87258586789012504426e-02
9.12813633071127977781e-02
6.43583905541336848133e-02
9.49908313841320295356e-02
8.58666153784953395389e-02
1.08601851726456893887e-01
6.57514663517584085906e-02
7.91748064512796528858e-02
9.16340793857723379112e-02
8.58096736154009415154e-02
6.18925513279915198717e-02
9.10331455542199713404e-02
8.71093506857658489428e-02
7.51068497850401056715e-02
1.09570138145818646302e-01
9.14277493917034361770e-02
7.29824648958636024165e-02
9.81871080964169667959e-02
8.90147804148341686981e-02
1.13978484076846603434e-01
8.15007741076878705622e-02
8.44480560108638034222e-02
8.70714233359731054618e-02
7.60473617702677184838e-02
6.46715083876071711311e-02
8.56340166298290295099e-02
6.94637680909395982543e-02
8.21114186334711837478e-02
8.31601916146530728557e-02
8.76763938239063511659e-02
7.51151227015934286335e-02
9.92053543601882081848e-02
8.98759270261742515551e-02
9.13903344999737465848e-02
9.27071012995923232625e-02
8.65158072645295789238e-02
6.73324521481849652682e-02
6.90546449959928004825e-02
8.82741212112485990060e-02
8.74339729517303321238e-02
9.85107246559095567351e-02
7.60402980040895959402e-02
9.12421206381513194561e-02
7.85900762506989147838e-02
7.80406678060769493088e-02
8.94304631672193650616e-02
7.22407343875811763789e-02
7.91323511307866073183e-02
8.45142406314729199845e-02
8.29597112217093091147e-02
8.84570759131246830975e-02
7.26861602761360303671e-02
1.28378669774660059133e-01
8.83051135338535492236e-02
7.97773910427878457652e-02
8.02422181311171073270e-02
7.68249583898020366179e-02
7.11777521353429004636e-02
7.70969496661509240409e-02
8.80045373710938577672e-02
8.59303728895044194314e-02
1.13961527134539344908e-01
8.21292203190041869565e-02
6.05667075852130559754e-02
8.09562210282538108341e-02
6.95442677048229568326e-02
9.56208066700730552334e-02
7.89857844835545469531e-02
9.11081291515938168635e-02
9.79413713870018048935e-02
1.36603449179129282642e-01
8.82346468477224477045e-02
1.05008369567771209230e-01
6.93994656576531060432e-02
9.66351447610779845654e-02
7.56891071800339931830e-02
8.42231977716530050282e-02
6.92905367719550691064e-02
8.84728755340176697963e-02
1.19260017883819013917e-01
8.58958873666473138320e-02
9.44765479778418987289e-02
7.79753723702542866913e-02
9.54709703547893251407e-02
7.04201760286802536104e-02
1.02606714348902880451e-01
1.00859225839337984798e-01
7.94685469447271031207e-02
6.93995889482879463328e-02
9.35367682578370912561e-02
6.42015431170816913697e-02
7.16785048472987212920e-02
8.58523656584576216888e-02
9.43862038100560796217e-02
6.65467361599442058795e-02
1.17114562566228250229e-01
8.46716895505239680597e-02
6.95147755351760016085e-02
7.95045851054267116442e-02
7.12941159281588188179e-02
8.07308412744501546765e-02
7.47656980041166152606e-02
9.81300906169154801839e-02
8.90502241982179948421e-02
7.78622755703114316495e-02
9.00073029221006154499e-02
9.42052972864367982320e-02
8.86407772952370054398e-02
9.79405885555069549708e-02
1.06327766703192633235e-01
9.26506257973463004385e-02
8.06592244307144240478e-02
6.36103560578368532052e-02
6.58676321783737417359e-02
7.03390451934051835758e-02
6.92967471856297673183e-02
9.07609401189495290652e-02
6.88279314527358576647e-02
8.25888168648184484155e-02
9.78404804418942369848e-02
7.14522824295284325613e-02
7.06377833822133954778e-02
8.48812800340734419091e-02
8.29068864156652929331e-02
1.09708829436780452848e-01
9.31811134715255090510e-02
6.17333474196278819690e-02
6.76634054665434109266e-02
6.56551178818081809796e-02
1.33272093555971610224e-01
8.66643465537296764367e-02
8.80674151177435748927e-02
7.26958118693428467783e-02
9.81596854252015649234e-02
7.14115167998714411857e-02
6.64746797489692980987e-02
8.03046251080052758686e-02
9.64227607688044191514e-02
8.09346794036599759270e-02
1.01251956875982165873e-01
7.81383168947263062609e-02
9.28350654688185755736e-02
8.18903553184415905486e-02
8.53222985574427356115e-02
6.53378270171798281041e-02
1.05442928963252316454e-01
7.91159933683207722277e-02
8.60933782808809278109e-02
6.82849389727492872559e-02
9.30660811023510670115e-02
8.44900549951110996227e-02
9.05189331388810414225e-02
9.18303612639015665042e-02
9.99858244716963218135e-02
8.82717872565085964753e-02
7.54165915852910706541e-02
9.00821650768974663270e-02
8.67136184051934821859e-02
9.68472473736495115260e-02
1.00684390404748511094e-01
9.07154727964092216785e-02
1.27850852598969083607e-01
7.74249469611006935210e-02
9.93396385824485694815e-02
9.01344236826347039448e-02
6.61751084761411506596e-02
1.07595090785367081265e-01
7.07397152844786158976e-02
9.33163366754747591880e-02
8.69366134294525805259e-02
1.38793764336122699143e-01
8.36981988591907755115e-02
7.91977402774867861313e-02
8.08663667595326124404e-02
7.48110837946747569971e-02
6.92224047464917863204e-02
8.29106591445632201687e-02
9.00111230153327751546e-02
9.80232713933578414522e-02
9.21653850254930406827e-02
8.84436463386251148222e-02
9.48359840485951399724e-02
7.88361872880362080096e-02
7.96102938396648918129e-02
7.73421855706477312520e-02
9.94735448566007179894e-02
1.18025351201773140430e-01
6.96257246005652918885e-02
7.01674169724337271070e-02
7.70226524245905402877e-02
1.12059311695210342408e-01
8.05126144841694507681e-02
9.91751996572395877472e-02
9.58122044687632484772e-02
9.04353795938726834347e-02
7.93697848821621892990e-02
9.51887944291375520667e-02
1.15272753052862803047e-01
9.77379169158965471764e-02
1.05990277154439802021e-01
7.99951221331145351234e-02
6.33018421448430373966e-02
7.01932731571069945531e-02
8.86801420516984406639e-02
8.69199456003368342571e-02
8.52186500890091958027e-02
7.60325923161273564688e-02
9.86540311830127331083e-02
6.91001286898749178533e-02
7.36731753966280711321e-02
8.80711590644319142207e-02
8.22612579915190378355e-02
1.14571431748908533765e-01
9.10373596741125001852e-02
8.17700817087071291089e-02
8.51088013817039995557e-02
8.68811234928165004865e-02
7.90721978747043058311e-02
8.91497764816412407995e-02
7.62637678380165967562e-02
9.17189420015345341364e-02
1.07670648769303878289e-01
7.85877625261865025985e-02
5.65420659496708791214e-02
7.43781494683191657380e-02
6.58525747258931620776e-02
7.34733908467837121270e-02
9.42683797251444577370e-02
7.64420319592429009514e-02
9.26274734578547004338e-02
9.00003516263210567860e-02
7.08978639457256143430e-02
7.73994869719597522462e-02
7.31668425994457666262e-02
5.75932527904918362127e-02
9.42246881408483061282e-02
8.44250223026642432345e-02
1.01823891595101065355e-01
8.07902546829191436917e-02
1.09409448802737577222e-01
6.96460239609223569213e-02
7.78884727322621261969e-02
9.00283303977511550897e-02
9.80610241845266683569e-02
7.51560094223689550974e-02
8.04248969638530070148e-02
9.52052489655949851777e-02
7.06865894626446944482e-02
8.34500962802707385579e-02
1.02760227705212342508e-01
1.07558348979130052880e-01
8.37789629998247215026e-02
8.20774716458419623111e-02
8.02303943888073578528e-02
7.89051360084135483541e-02
7.24501985454154007193e-02
9.39917785122042909185e-02
9.85591102245704786533e-02
6.75110254881780280645e-02
8.52217803142304997088e-02
7.17692781959813896897e-02
8.51360360618339528926e-02
9.75173991698864012223e-02
6.66554740974630993700e-02
7.42066643984908569376e-02
1.51958874912238472987e-01
9.22670137562749820281e-02
7.27503866268998655720e-02
6.67552973817994027561e-02
8.41197338718684822778e-02
7.97433834016375575615e-02
8.11430209915862815651e-02
1.02258535962760507831e-01
9.19103275122016005749e-02
7.84595702272904566010e-02
9.47190540206880732255e-02
1.15456358421562488292e-01
8.90023191178330452811e-02
8.26883338792892413904e-02
8.90281175526032586554e-02
5.93496732857265799077e-02
7.94822474866571371255e-02
9.37630385489935380683e-02
9.59480741562096783870e-02
1.17574315689406683205e-01
9.22678787531733268779e-02
8.82790616883467327280e-02
7.33337694978689613734e-02
9.87210521464184087570e-02
8.67662391662181176066e-02
7.47778686641853429506e-02
9.24690576016801574211e-02
6.73113889166593731828e-02
9.94730537411008253201e-02
7.08023778616557741827e-02
9.99364277101950915227e-02
6.58003978029424313467e-02
1.06458100587402473836e-01
1.14216094125417014227e-01
7.60937627245949349541e-02
9.18405446072133868629e-02
6.10300394242887581098e-02
7.50544032751221668054e-02
1.01550343430168249492e-01
9.72662077397820068470e-02
6.62853355414531886236e-02
7.87776023295857497075e-02
9.94424400146610987239e-02
7.85395404550885689599e-02
1.26023939558997211119e-01
1.04597321364678211286e-01
1.00840948086215409507e-01
9.51916181385356607869e-02
7.04463489390184244288e-02
8.46685499422147186399e-02
8.37011732057616336666e-02
1.16138965577386260586e-01
7.20351425082455393278e-02
5.78218442949003583187e-02
8.44791551579833349672e-02
6.88884026786988901137e-02
1.01359472079734225236e-01
1.01978293256641025510e-01
9.21510221265785939293e-02
8.52425432782189657077e-02
7.57748895649156539722e-02
6.26495135039233791430e-02
9.77198230024792086068e-02
1.12634187935633553468e-01
6.43669614281872637385e-02
7.87314924412710753776e-02
1.01138252424648633632e-01
1.03377319765910261062e-01
7.05735345379372713825e-02
8.58835750107171808088e-02
7.62344103767553238349e-02
7.82906264155489584056e-02
7.37456290477461195998e-02
1.00269155966456594009e-01
9.13702883736868254339e-02
7.66645018153792878746e-02
6.62601867272024774858e-02
1.00206406867208261402e-01
8.31530135994814206812e-02
8.73984784359941174747e-02
7.89233787432025851727e-02
6.81688343522021122922e-02
7.47340848840611637893e-02
6.86677435798337398865e-02
5.83648815447438962245e-02
8.35378489867937279456e-02
7.75519910894764130660e-02
9.29193272353822236065e-02
8.08405840660016833388e-02
7.93073284684649021381e-02
7.85437552379717740525e-02
8.19380210672057962551e-02
9.00936624967504373629e-02
8.59624348516720010460e-02
8.00099639369444837200e-02
8.45399293257472206342e-02
9.30549938392724457215e-02
6.01753138969327375229e-02
9.72630459246437983900e-02
8.62197880045064007914e-02
8.16340250535349809535e-02
9.89896524474033756569e-02
9.80104644295242966034e-02
9.92829423160998536524e-02
7.15782222089905856288e-02
7.86128452045475600851e-02
6.43978503687703818237e-02
7.26664876286969296793e-02
7.79726118492894415546e-02
7.68571355481144358190e-02
7.91480102408464170072e-02
7.87153602360166071428e-02
6.89477467134029936568e-02
8.76869820615483047677e-02
9.32234982670796380466e-02
8.04493449578278924106e-02
7.91883158721212454534e-02
9.97741346819843027971e-02
1.10509596753776181965e-01
8.10723252380726178146e-02
7.80969262056253332727e-02
8.07775597124174571384e-02
8.27283467030648367313e-02
1.03693183298739680098e-01
8.68630587658779651505e-02
1.27825333244572458824e-01
6.40430483558407509515e-02
9.68680363068810529326e-02
6.97801527237997820663e-02
9.23715344325481690912e-02
9.34070098514530600120e-02
8.25531482196141808139e-02
1.25702110297934793737e-01
1.07170705271500132927e-01
8.12104300444680266002e-02
9.30746811356721603925e-02
8.41515098549391049598e-02
9.73552137262880534774e-02
1.02325734503812187937e-01
9.02552017057938055222e-02
9.26733677196657085195e-02
8.76642367529974764206e-02
7.91665021453872713719e-02
1.05060376442840358591e-01
