1.69445669599404241668e-01
1.08232123326666915264e-01
9.81960852017820795545e-02
7.67902895377748362371e-02
6.97370652840998139776e-02
6.10596965229172131129e-02
8.54102611251324889130e-02
1.12860416391013573811e-01
3.84424539302578860411e-02
4.84807655236480714023e-02
1.50479069498393236426e-01
9.72813961799583459822e-02
1.08912682393446966223e-01
6.54008507477971401389e-02
1.03098528809810727203e-01
8.86314205547610728386e-02
4.22193828415884861438e-02
6.56176950946041892543e-02
9.50287642522043840554e-02
9.03779142207448427104e-02
7.48876747415706117694e-02
9.76548534747733593120e-02
1.62049090348076213486e-01
1.11622521762023543812e-01
8.32742636129376045950e-02
6.97781918678889584440e-02
7.45728391647701299716e-02
7.06610515987484560929e-02
8.67886802801537682317e-02
6.62241273994846890716e-02
7.17861397952708479853e-02
1.01209983172079992508e-01
9.67892626726176291685e-02
9.92296596164718158750e-02
7.56104545171918940305e-02
1.20182540155327893805e-01
5.48987260085577952196e-02
1.05400564251478853772e-01
8.84978796916139065498e-02
9.91919756267453378573e-02
1.32071748809056616070e-01
7.33658303061831690295e-02
1.05943004057040976451e-01
5.44989555870266997872e-02
7.95421379522671528894e-02
7.64912966206532513036e-02
1.00569371462866624656e-01
6.18867116248713253213e-02
7.59021698236389263936e-02
1.05059419941911494356e-01
1.14812544749087183660e-01
6.24516537454497741577e-02
6.38069646696265702079e-02
6.83362037580587389218e-02
9.48362080038540333771e-02
9.44040437879383464992e-02
1.05158414269370323324e-01
9.05590188431088932708e-02
9.60026923277357835396e-02
1.39280852744849609204e-01
6.56834224604053579233e-02
3.12614597932000526370e-02
1.02375376680739219037e-01
6.51810812658873695025e-02
1.08550394761516899589e-01
7.91741534612297320761e-02
7.85290099634132071627e-02
8.02337039507000915339e-02
5.43958236526745561590e-02
7.05498226254408777880e-02
1.01442278979113037485e-01
7.10033709704238208404e-02
1.33133603967134500623e-01
8.67729156423516639896e-02
5.71955504084274007903e-02
8.14567629461649539424e-02
5.12035836812447034405e-02
7.74320398053275904537e-02
5.83042452869916849600e-02
9.32832353544991166316e-02
4.50681260907644931635e-02
1.68659409568925111600e-01
4.17705136746442662332e-02
5.90242098388437941292e-02
4.74221564333058287488e-02
9.82604511394380431000e-02
6.60586770010449519930e-02
1.08587898959046164071e-01
5.88966394783490762577e-02
6.47043831792862983443e-02
7.62557722693467804342e-02
5.85193246593185140147e-02
5.61663829747496290423e-02
1.24220800736840497613e-01
1.13500897234152395288e-01
6.55914373752167906284e-02
8.80561052889045209335e-02
7.00209352490497871635e-02
9.51416929038513686789e-02
1.23256349760132097315e-01
6.77016435053337528593e-02
9.78164761041472596848e-02
5.96860513492122601864e-02
8.96464711829775273699e-02
7.58113159387227286690e-02
1.53728082143223726552e-01
1.58014142001881990884e-01
5.61021148778191591777e-02
1.35861207322487270721e-01
8.44506384810218002634e-02
1.16108786327637880653e-01
8.51338425237416207558e-02
1.16030229403842638503e-01
1.19929123898040890239e-01
6.64982220290201431201e-02
1.17754089867014327675e-01
6.87096363582179736618e-02
8.82540130960168534013e-02
1.24975351806959400491e-01
1.18552173277579359079e-01
8.86294637754027891940e-02
6.25287792626799954210e-02
5.49903886858607582333e-02
7.85086169245285958596e-02
1.05469418883442314638e-01
7.68990279571633711386e-02
6.14256613481242857988e-02
6.64242210179590564234e-02
4.62653146543438864580e-02
7.11409880372185637887e-02
1.28198207511233425171e-01
9.35397744184006257884e-02
1.33468206006822492915e-01
9.94121797748031277298e-02
1.39359199476161071951e-01
3.22813787318638883983e-02
7.54637265754696806574e-02
3.94811606135832687814e-02
3.75780404466040732214e-02
7.15896083630165047662e-02
6.74342809170688090026e-02
8.02613439686118423921e-02
6.53080666377701402059e-02
8.17592971448775629462e-02
5.77252731902188481738e-02
1.28679330332690800009e-01
6.77582913882539550343e-02
9.66064898608085947940e-02
1.36298085893865578155e-01
9.57413039982472208189e-02
1.09488820341677464687e-01
8.88096710414727902316e-02
9.43220526601828423985e-02
7.88641430120482211930e-02
6.98305165805021832437e-02
9.06721969413106648750e-02
6.43708817888315049105e-02
4.61527470457292823824e-02
7.25057241520275091995e-02
4.37906673879165930785e-02
6.59092472137632195972e-02
6.59486080242255578998e-02
8.09959120492597800522e-02
6.68649282520766413684e-02
1.03922045775103916165e-01
5.39976786374600850604e-02
5.78096539453874166958e-02
7.67107100782158102259e-02
1.19610446827523003721e-01
6.45029769616957959766e-02
6.97816199289821442742e-02
9.61906151982016149882e-02
1.04411925404106681325e-01
7.55664714885535687694e-02
7.52202171279763714962e-02
1.05218752804443996252e-01
1.06087807387280824711e-01
1.05827860141333593424e-01
6.82188101786928152714e-02
4.98022384145021743129e-02
4.67419796428523576237e-02
7.34289758725948649154e-02
6.90300211497074794886e-02
5.67550768666764682280e-02
6.34769447959678406734e-02
7.67318882434493421130e-02
6.20814879072442288299e-02
8.71272946705212714136e-02
1.03031696837905056841e-01
7.23857839065959185465e-02
1.04956202523684344330e-01
4.87234237639868755787e-02
7.90459586183250434432e-02
5.66120576448772630518e-02
8.54373227214406949503e-02
9.74059960454790318973e-02
1.24088609143542319413e-01
7.88072211454814985920e-02
5.50788575709747693643e-02
6.73703677363399755507e-02
7.66707066124653335848e-02
9.59355197699630207753e-02
1.47867658963852233178e-01
9.26213154862465665174e-02
1.05688030419959222428e-01
6.57808231315771957393e-02
8.04845264374212943093e-02
9.89043107714940306074e-02
9.95940995816437246724e-02
6.01892395107000779952e-02
9.25216692333921814084e-02
7.75336834968892857356e-02
7.19325554636845720946e-02
8.95854649939097497091e-02
8.61181927071657388195e-02
5.01535039334823420920e-02
8.97200566392702264507e-02
5.52198078579587831038e-02
1.22545256793472348567e-01
9.64862280343329603571e-02
9.96042919527682646397e-02
7.79598036858108606184e-02
8.77881018198330143054e-02
1.01966803174375952867e-01
6.46312053424353549769e-02
9.63322827368245510060e-02
5.25852220418277088720e-02
5.86888572693098353739e-02
8.84248884295039672132e-02
3.98455340190756318597e-02
5.25924606864554555763e-02
1.13687581353178898680e-01
5.43177141669535026858e-02
6.76607919779778216318e-02
1.26706511800661864031e-01
9.31644581889400635877e-02
1.22600597905008226740e-01
5.86234522101803795513e-02
9.55227389483890854116e-02
5.25831844692907363070e-02
1.14113169735205091659e-01
1.09342339672892863156e-01
9.28175399230969505604e-02
1.18909883421848855400e-01
6.59105425429013236371e-02
8.17046230451259208882e-02
9.60327184797771515878e-02
4.27328902255205006488e-02
9.70765518960185896935e-02
1.40751025441719745945e-01
5.08001328261265192032e-02
1.15145002261635348573e-01
1.27710532559978162670e-01
8.08090358769339434097e-02
1.10975637351439809786e-01
9.74946932088837370234e-02
1.13174103570439707478e-01
6.90802202455556152438e-02
1.25408440197481485523e-01
7.90608293273112328059e-02
7.08346595452359756306e-02
8.14168807921568926655e-02
7.23506595259246071405e-02
9.47634643986113023306e-02
9.26980829085307933557e-02
6.34527783461134170517e-02
1.08907149886559917462e-01
7.05383781396553416476e-02
1.10594919797321222799e-01
1.00545016068866649439e-01
7.74599354944395523948e-02
9.49599862388279397640e-02
1.04999588656174272505e-01
8.20306347579932704228e-02
8.66881211697892867241e-02
5.93195275030325361310e-02
1.21106558111567702563e-01
7.01613016642549242041e-02
1.08790609908709173803e-01
9.22346238458869177590e-02
6.81720418630165775342e-02
1.16784246179052031422e-01
1.24678716611433079708e-01
4.96812417604802006310e-02
6.53275638429691718478e-02
1.00721723524910183878e-01
6.65605857014889001899e-02
7.36816053426750383615e-02
7.12755786905735766457e-02
1.27638697405344808677e-01
7.21402750396205050265e-02
9.99918024106730279899e-02
9.66014447733231640392e-02
6.86112401985566194851e-02
5.54315243748188454798e-02
7.08497599492561996870e-02
1.49600769758421597855e-01
9.86569281074880094495e-02
1.21972224851543742385e-01
4.32620781617801611341e-02
4.75013163072741037563e-02
8.93203630089293570959e-02
9.43381818446883818607e-02
6.99063666403368921820e-02
1.38654974521160073708e-01
9.60529203082329530172e-02
1.08476157491443458980e-01
7.99370397421122758086e-02
1.06456554410160261770e-01
7.03920720699260094033e-02
8.16920423397930473008e-02
9.89144500323525938112e-02
7.43559730113381583960e-02
7.46874383714151157676e-02
1.23601046086716265249e-01
9.75834187133369224121e-02
9.32307119424876512559e-02
1.01729359431264917979e-01
1.00019093405304099198e-01
5.20882611963204011918e-02
5.52683339697600251039e-02
1.21187862993581904614e-01
1.04738395516549981368e-01
7.63465435988709556492e-02
7.00381362337090529468e-02
4.36065637263488639630e-02
1.12876718325801289611e-01
1.11399528639425413057e-01
6.90311855716898570279e-02
1.06094144593214895211e-01
7.83392031201885358227e-02
1.14986735720213117951e-01
7.24433805935392471920e-02
9.88541656047218220138e-02
7.03889564435652287377e-02
9.02231775285146364585e-02
5.90281929342668792993e-02
8.69145161134262933533e-02
8.01861031747182345653e-02
1.04215386742347398963e-01
1.02641394224173898575e-01
1.03533721195560299289e-01
9.21405686945650781450e-02
9.37839193748858240829e-02
8.49715566462695415240e-02
6.75404407219545865892e-02
8.30919192363370334720e-02
6.90167842275861143087e-02
5.13386044112294839814e-02
6.59297322788190282017e-02
1.11891009977279687337e-01
1.43926448653787314447e-01
1.41078122196504590624e-01
7.48269601458959876528e-02
5.67503296074720470221e-02
7.57988956052659951235e-02
3.53050246588305915996e-02
9.07462823065769974562e-02
6.03521002950675525267e-02
5.97361176535451815495e-02
8.66125805681203508879e-02
4.19193585278172589637e-02
1.17586589096744312255e-01
1.00175396771350649905e-01
4.47153336119015462624e-02
8.43389534074631408433e-02
8.23289845456963431669e-02
6.43910178645376307660e-02
7.71883757169220668937e-02
3.15026455957157017207e-02
5.43686476566785301112e-02
7.27246219629473500401e-02
3.38602010065566644270e-02
7.53835067848946244196e-02
1.00808392425963205818e-01
8.71766500377204878180e-02
5.61282774162259259776e-02
1.17831304463055258624e-01
7.77931847207852800175e-02
8.94291509551400631839e-02
1.04624176161902560089e-01
5.83181531665375174622e-02
7.02624971236817941200e-02
7.20952065948906872794e-02
1.00844372322917166795e-01
9.75414812796491642599e-02
1.16156735453714146655e-01
5.44718202247617480638e-02
1.09689887931507565333e-01
7.20538253101913328535e-02
9.99236069494484069331e-02
9.98147498965721302611e-02
3.78138550843095944121e-02
5.63699501020655038830e-02
1.24342858393391805794e-01
6.01983899575670514115e-02
6.33933370752780278590e-02
7.50045229641369826101e-02
4.95673885589639831584e-02
1.00082625017930096356e-01
5.22314215242079479817e-02
1.08481186280252120402e-01
1.13178783842621394351e-01
9.94431923032140924201e-02
6.29283735988516307325e-02
8.81643292643046888601e-02
3.59787519499982430538e-02
8.27969237827038684330e-02
4.56082338069163858996e-02
9.77780141024840315778e-02
9.76456082584178514105e-02
1.01429063855775186687e-01
9.00832531088309740319e-02
1.24710817282112279569e-01
6.20056224883973605699e-02
8.09429326717136105040e-02
1.04348063574476832005e-01
1.42987551694960107751e-01
8.04127937927678754226e-02
1.38757373822035123823e-01
2.84163511953040674729e-02
7.21431002031616142034e-02
1.37802637486975299019e-01
9.96953127636586999838e-02
8.27896896276237165280e-02
1.09727439896082606952e-01
8.26255851084221615288e-02
1.15128324636347548204e-01
1.01808142048466387930e-01
8.50030983523130945212e-02
7.64472809589800822438e-02
5.42741953802590645917e-02
5.92389725451073698159e-02
1.20243939018664744434e-01
1.01347916215557942721e-01
1.23102056670771384250e-01
5.11465788458223269419e-02
1.08537227443746525646e-01
1.22939618205406955842e-01
4.91253994767801085986e-02
6.55600634836886603241e-02
6.45039615770805485617e-02
6.49343526925438285780e-02
1.27306024621286373311e-01
8.71577072539528041606e-02
9.83612312761095175517e-02
4.84596417533489157159e-02
8.05974858735717947233e-02
7.57950310669253807250e-02
7.42457988358932730044e-02
1.72076393447788772439e-01
8.51934688835494502435e-02
7.23288305020040878102e-02
4.58416336110487113165e-02
1.80680478451575421417e-01
8.28212670494303804247e-02
9.06540178806437835224e-02
6.33400440073231540961e-02
1.05856666201267837768e-01
8.62540992908256837213e-02
1.46613865668945519971e-01
8.40444863286523985435e-02
8.00967632683322189324e-02
2.42482374017507114339e-02
7.18756235987732527981e-02
6.10312067838364169514e-02
7.47361509151342195967e-02
7.36635252042297239417e-02
8.46357452551137479091e-02
6.72215844083373786910e-02
4.49006305841600020234e-02
1.38601245338870165957e-01
3.61353487251152571957e-02
1.16698930498329453420e-01
9.19258922045071702467e-02
4.96166580625854100606e-02
9.83975523044295780073e-02
7.22925697853787629921e-02
5.11456536313764503765e-02
6.76255200598471079010e-02
5.79129933340783026319e-02
9.95054042161485630125e-02
5.93817968714507732342e-02
5.87081576502542362705e-02
1.15637939099040493174e-01
8.63197233364006721867e-02
5.36894893590660060578e-02
9.54111237094382169666e-02
8.57326462719038284721e-02
6.53451577085683993351e-02
6.17582583015156075246e-02
1.01346472911152951646e-01
6.80771474633455608849e-02
1.48855094928862285997e-01
8.66499044223597580938e-02
7.88478982789610621795e-02
4.08557214487469122499e-02
9.78948627159365036832e-02
1.14744051963630674940e-01
8.90919920023415523591e-02
9.72763832881421985910e-02
5.08499307855666618505e-02
6.90400108756681618605e-02
7.77239683924061536269e-02
1.00120655215651485626e-01
2.46203274304053545962e-02
4.86886935234018686236e-02
9.74711665326956494537e-02
9.71897043672933502734e-02
7.56866641503705084304e-02
4.45439337966485188192e-02
6.67022012049675455669e-02
5.64292555742884338610e-02
1.00366004868312777565e-01
1.08671925895875681745e-01
1.38438762408739146625e-01
4.13373011535322909538e-02
8.92561697662811043275e-02
9.77983544031339191438e-02
1.54279961726366987573e-01
4.74522441889087751021e-02
9.31027132516918376481e-02
1.14513015081935148887e-01
8.22601215105546457185e-02
7.94317129497556367879e-02
8.91825587174561729142e-02
8.29098895425997850506e-02
7.25623694575548427999e-02
1.04683785889950461967e-01
1.13349996891863077919e-01
9.30324804065136845566e-02
1.16956719091940095079e-01
7.52155537608587831944e-02
9.18329148598965999684e-02
1.23482267050507021899e-01
6.61110194367519471426e-02
1.26697184385642369620e-01
9.06607974807505934134e-02
1.33490293554004935128e-01
7.90033598473906806259e-02
6.97987574259264220711e-02
9.38449318936081522402e-02
8.63581632662999698624e-02
9.64610272293074250127e-02
9.09375554332567670457e-02
9.68266603768550560005e-02
6.17228885671074686825e-02
5.80602064151498967193e-02
1.35219168565736874710e-01
7.26027402724165465964e-02
6.90651176546139139445e-02
7.00743915286086704874e-02
8.83156784215402002047e-02
4.28289768458696429310e-02
6.36699732575086996267e-02
8.50662239711211243254e-02
6.47762467281848275391e-02
9.85221106603662022394e-02
7.21763435301844974434e-02
6.98173318078553761801e-02
1.00351238019278449221e-01
8.25137531945110830334e-02
7.30101976585355166849e-02
1.29122851130510335471e-01
8.48746419047388123147e-02
8.49777921936229613253e-02
5.58215582627104647817e-02
9.44694357874407281139e-02
1.11666055420296159162e-01
9.02643662588993866969e-02
2.94713641467138388885e-02
9.70457271920653896657e-02
7.80347919548953494751e-02
1.00338352259874266648e-01
6.59412843329649223101e-02
1.44266646187507674437e-01
7.84241548347087008564e-02
6.52709031888998314486e-02
3.68352311851829622436e-02
9.26111947196168600049e-02
4.55391136754845979318e-02
5.48894146538442401217e-02
1.11584517770220631450e-01
1.34922167469567477749e-01
8.84251991957753780138e-02
8.01982118933204229938e-02
5.97622446859032360744e-02
7.98731812235838195546e-02
6.54810271391391834905e-02
7.10619130290978673337e-02
8.31236372520700456112e-02
6.69947944592442501399e-02
8.68984964702280149318e-02
7.25857073805880048667e-02
1.11290945988158279656e-01
8.99755268488353077139e-02
1.14005813192296384662e-01
1.25772726271749984983e-01
5.33674439430854782862e-02
1.04729626801353739585e-01
8.31964818155363355912e-02
7.22257401816692873320e-02
1.08740311719167814797e-01
9.35329116471091265295e-02
6.28889611578807294912e-02
1.13909024018031213021e-01
7.01340099730186766758e-02
9.81660135351255930258e-02
6.10186430040138144681e-02
9.24313037292594369410e-02
4.40813581096312981367e-02
8.84257719196127889294e-02
7.63428509338380800742e-02
6.30761109140876713441e-02
7.91957918467934840479e-02
9.41140706946479305151e-02
8.58054015263869929164e-02
8.62752556217110666559e-02
7.64966160595143968015e-02
8.70970143919013312095e-02
6.72101652156212453493e-02
8.56037181381129747004e-02
5.59342075235611593809e-02
1.10109376338707140586e-01
8.19501234715984822055e-02
8.16634059065073913963e-02
1.14304232247573148151e-01
6.10987280221004860903e-02
3.25518235967255098462e-02
1.03273148759006630493e-01
5.86169790037604290789e-02
1.37616386897124493016e-01
4.76902740220057075327e-02
8.16014441841486359852e-02
1.12991119833115397086e-01
1.12849363404606370387e-01
1.26871392362530394093e-01
7.37551419210059483467e-02
1.31407000775746518606e-01
6.97443551678874479327e-02
5.45085921037984297288e-02
9.64015049618377195539e-02
9.29246041460503741094e-02
8.33464612314747943511e-02
1.04130899512751354252e-01
