5.54568613215328937160e-02
5.09049409475538991443e-02
4.61138852559601006287e-02
5.46137871878470473885e-02
5.71892193229046677527e-02
5.04116423994633369721e-02
3.81352616391299609200e-02
5.82477180003436526001e-02
4.57434366295104907763e-02
5.19523152186032385891e-02
4.28293621034665922265e-02
5.58855454326926820441e-02
5.83902304230122168316e-02
5.59461469745452244506e-02
5.45237680708085536985e-02
5.00350993954801689934e-02
4.67499667415226874412e-02
5.52891162157529911236e-02
5.28693920250177806786e-02
5.19834527483837224859e-02
5.73668797443891223531e-02
4.39146442823733218486e-02
5.95797049767236575057e-02
4.73995665592233036967e-02
4.89571435221524825510e-02
4.83861493897109959383e-02
6.69034729520839865913e-02
4.87404883145864109562e-02
4.99103357802677741195e-02
6.74997136759390992111e-02
5.86660879800464316047e-02
4.00166794995836447302e-02
4.33301052565338851164e-02
5.43633761387076752669e-02
5.36430291706608206037e-02
4.94224959061926386039e-02
5.39895114215642318856e-02
4.41811576648110798660e-02
6.41376957014048454386e-02
5.12960269685266007089e-02
4.96198427209208203781e-02
5.37932899542327910836e-02
5.50479599594857274547e-02
5.76443349707725025133e-02
4.38496100808944064275e-02
5.37134246406910306759e-02
4.92496268338111081730e-02
4.47361099578008417077e-02
4.91221357992374582646e-02
5.47457781723457576062e-02
3.67774125538732551965e-02
5.32158267598487749739e-02
5.57215780289683076942e-02
4.31888628187877682274e-02
4.80244828243240468035e-02
4.65985040897945804184e-02
5.06032779254749973119e-02
5.58055362673650912075e-02
4.34366801026803486807e-02
5.69579472939501715856e-02
4.11362782384052522167e-02
4.19869467087678471806e-02
3.96571397050411653118e-02
5.01412661775092055594e-02
4.20717874633295060849e-02
5.63710216183387000100e-02
4.30570372316991245576e-02
5.00333799939365192477e-02
4.87083908868959081229e-02
5.16230459793953003200e-02
4.95669642920570849287e-02
5.79361911512197083618e-02
5.46422652029879690749e-02
4.46883703663033884923e-02
5.53303324939908025559e-02
5.39949640104701103493e-02
4.09495996678397866653e-02
5.44584397010197188149e-02
4.42193211135309682813e-02
6.09433179203876587704e-02
4.36897367867362385052e-02
5.14240044891303774155e-02
4.47233120058120048324e-02
4.29479818013526956633e-02
5.02589563853487533707e-02
5.03457760960510369852e-02
4.96539805563858127613e-02
4.41076893411801312928e-02
4.79829053841396083180e-02
4.51985303050478973153e-02
4.91215891456880104915e-02
4.58105236946560676059e-02
6.02959992377642903238e-02
4.85662245010178017512e-02
6.10162865426178285810e-02
5.91951855720335359812e-02
5.82290594009073833592e-02
5.66055806483567319765e-02
4.32522892082882123854e-02
4.49581307533190935311e-02
7.38882724344488983625e-02
4.92485346338808263611e-02
4.62822764635969288727e-02
5.66987395105735120238e-02
5.74469364996276904423e-02
4.63115715272649913770e-02
4.78353166001965826593e-02
4.83527418293056426846e-02
6.62011811942654071483e-02
5.26931667313020671295e-02
4.76426423870098050828e-02
4.34170414206527591205e-02
5.52964940150497477611e-02
5.33412598648987171246e-02
5.16974467292419942455e-02
4.51138274345539089238e-02
4.63950953763079404490e-02
4.39349473189837025355e-02
5.03006551016647873720e-02
4.36662114832167477796e-02
4.92592373784897716305e-02
5.07892795936156632441e-02
5.77212172317461552629e-02
4.57726853053646437486e-02
5.22068587254398419617e-02
6.02245845646353916703e-02
5.92924829730113733817e-02
4.39462997484781625612e-02
3.99889136887083482264e-02
5.42100810761843854291e-02
4.25695150697700322451e-02
5.48880862841369387972e-02
4.76214224633574115253e-02
5.73547927146840566537e-02
3.97518027384699962345e-02
4.96890276992220589203e-02
6.79590457071518883048e-02
5.45641972641156478008e-02
4.61827710686613587820e-02
4.54255568365334316816e-02
4.49790580428755526476e-02
5.24169840222544342057e-02
4.59050697667745602470e-02
5.66583719631922333448e-02
5.00744767829826922800e-02
5.53452575735103660670e-02
6.34155940907585868871e-02
5.11774862765669510956e-02
5.32133998348257031274e-02
4.98842004714975251201e-02
4.02412232418589699279e-02
4.34634411431876199750e-02
6.65598752991940906254e-02
3.96333018863821856526e-02
5.25603749949879253678e-02
4.86740164784507794993e-02
4.76744790924928663056e-02
5.03967196781028442532e-02
4.80022748101033847057e-02
5.31730055386635952486e-02
5.88771366934885131972e-02
7.40208053378835495462e-02
5.20475992826219674425e-02
4.84058326591016233054e-02
5.99445746860585854110e-02
4.68150651128003206236e-02
4.27726522526406041647e-02
4.81653175008748477004e-02
4.50712294573781466211e-02
4.08339793198626635484e-02
4.21146327557040955902e-02
6.68283967204984091781e-02
5.34102758476850750236e-02
4.63809020050523004852e-02
5.84606524348351419551e-02
5.64518190366224345556e-02
6.18333743330575710817e-02
5.54986172031400534777e-02
5.47165460946082149452e-02
5.53265526884347269565e-02
4.61355337943879506568e-02
3.85318321978231209668e-02
3.45779077692492248230e-02
5.73375391224306210636e-02
5.61011674949757135900e-02
6.53243088055546622384e-02
5.39176641818091897940e-02
4.98338901459869434984e-02
5.15599063085441858267e-02
5.84471037973572082880e-02
4.30011212633212638878e-02
4.88517403680768583230e-02
5.22164785597103928150e-02
4.28841557547146173812e-02
6.03407305747458780343e-02
5.63600774153283357037e-02
5.32666089188137611976e-02
5.43036429348788818317e-02
5.77500844929896145485e-02
5.55656530422791797297e-02
4.28682305317024531233e-02
4.12919022559903661773e-02
6.27375247665172136591e-02
4.83548343717067202752e-02
5.20326370773724275476e-02
4.02841281070396364794e-02
6.40994581803806112719e-02
5.56183086402644161206e-02
5.59983235023292155730e-02
5.57942204846560152465e-02
4.71425686149537712111e-02
6.06283190472916080904e-02
4.85221993346997559904e-02
6.35097779456423178202e-02
4.61566071706686134601e-02
5.34525437252725554860e-02
5.42995811104108813683e-02
4.10262603623136254405e-02
5.90670003477802574299e-02
4.39222878030838884134e-02
4.08698448623303969840e-02
4.41585274173731251457e-02
5.42488638119768065704e-02
5.65434779455510419521e-02
4.99148195909757952382e-02
5.86827752103922586913e-02
5.80806827104383485705e-02
3.93337575334778005720e-02
4.75625238127322796933e-02
4.06386230044337090628e-02
4.95891935919646476005e-02
3.57419745066470187500e-02
4.73431790276979541643e-02
5.72752353180346757133e-02
4.57566462685345259898e-02
4.78586202083599032697e-02
5.46603846909784682473e-02
4.78555584406376299800e-02
5.67481538881139807584e-02
5.11608159876050447301e-02
5.75076512104055748154e-02
6.51345745342051946070e-02
5.54374467021872957551e-02
5.61183913527176433944e-02
4.81556770828527533346e-02
4.87934849186811500643e-02
4.63247697113369910626e-02
5.76854705575766055214e-02
5.49631808426798568190e-02
4.89113237726650981751e-02
4.10603215990786446499e-02
6.25639670390090857355e-02
5.59884584885568942214e-02
3.61570564255824719591e-02
4.39846228899755040120e-02
4.26769097022866028546e-02
4.95623655470502702536e-02
4.44899927095726427373e-02
4.40108866450299104911e-02
4.81720354880839293776e-02
3.86674699279718273037e-02
4.54025730750446179784e-02
4.60115388190194263274e-02
4.86376159434475444088e-02
5.66121561965383032766e-02
4.17099311359982252712e-02
4.84429131111529104325e-02
5.97184361251569678641e-02
4.72460589199390976201e-02
5.62790902369319223641e-02
5.16074160845581136892e-02
5.97902232571585756649e-02
4.83141855002913317430e-02
5.14340533447474324014e-02
4.50174184941498148338e-02
5.83432198868466672659e-02
7.00187534636142472344e-02
6.87345829563782984017e-02
4.16625814339759911742e-02
5.00439440085846815043e-02
4.71617436354192440251e-02
6.20615384431072308891e-02
5.41084040141611433139e-02
4.40082061782358993640e-02
5.33132030839734635808e-02
4.67001798651494118286e-02
5.17044790034848905647e-02
4.85673732750718512019e-02
5.17631310836358590755e-02
5.17442711603307015089e-02
5.22068714884425522094e-02
4.06234924732702812333e-02
6.78718004093920301845e-02
4.17417204571438951732e-02
4.83635119569675378526e-02
5.99350427665489432494e-02
3.49275637022034915469e-02
5.71540738118929206313e-02
5.30747748184526579873e-02
6.43580812522540485210e-02
5.43526334987574910595e-02
3.78824830123351760647e-02
5.65976917541902851960e-02
5.19851787378866822542e-02
4.27302004302504284672e-02
6.93960180701259504721e-02
4.92424552002803661566e-02
6.25026857650947537115e-02
4.91595607466751571835e-02
4.58684209388459870893e-02
4.98067065276504988836e-02
4.96490517454620319815e-02
4.76571640474373198204e-02
6.59843398505963463219e-02
6.02263743913921956175e-02
4.70551405375942491394e-02
4.77184591842735664202e-02
5.27938282118416771227e-02
4.89655455587142060536e-02
4.65671560089924579939e-02
4.29967298185435151114e-02
4.39440522621835361061e-02
4.95919128846261381138e-02
4.69551904035419090389e-02
3.00499778206258748303e-02
4.45387253159917825829e-02
6.46758848707925243504e-02
6.09279742876864538470e-02
6.00511396023853255555e-02
5.08211597072528789565e-02
5.04999616429134268181e-02
4.35081339024818228300e-02
5.26738895296751594155e-02
5.81240431986884895088e-02
6.03840588790172591582e-02
5.84063000230846812721e-02
4.89721376241368522297e-02
6.75229160317669940827e-02
5.07096259407998628532e-02
6.52937902597800073901e-02
4.62573582833962285155e-02
4.79512804937595252253e-02
5.87939901103555970230e-02
6.26192731391948115283e-02
4.58521884468118395839e-02
5.80889854607963967981e-02
5.17891663105139107848e-02
5.47513366172749926797e-02
5.62690367983760611481e-02
6.17524872801042193360e-02
7.63403704453002041053e-02
6.35364330918315317609e-02
5.28129103544110953261e-02
6.29400735034237740484e-02
5.28997646048235542482e-02
4.61783649970782528182e-02
6.13059737079758304557e-02
4.25779037014160158248e-02
5.04209252615480663096e-02
5.35240629200623638240e-02
5.55035397370850364096e-02
5.75967352432728146860e-02
3.85321975068923239238e-02
5.82556564506242005597e-02
4.89157058782610162928e-02
5.36908749952024408336e-02
4.01928346854984949732e-02
5.59812926082723580357e-02
5.49313929083755439486e-02
5.66202529173220545089e-02
5.14697032533992238079e-02
4.70353376384052626613e-02
3.99083299163151897226e-02
4.15782814607750170199e-02
6.07827315966516998347e-02
5.52452107530752301034e-02
4.52343273406556126148e-02
5.87210017584589363815e-02
4.17641177430571469698e-02
5.87216893536879475102e-02
4.82701260556764044640e-02
6.23072451881214392500e-02
7.12994434741994059790e-02
5.95325288862068244256e-02
4.47970891382407435111e-02
5.08740119511642344130e-02
6.00733330850900873465e-02
4.29012738582721930847e-02
5.00191860619333961147e-02
4.86113117959433224669e-02
4.80778623116760034373e-02
5.31681670664405081617e-02
6.17397829540314718733e-02
5.59389673642464099745e-02
6.73632106861201257475e-02
5.60387847508951181252e-02
4.63114108434919194424e-02
4.84623829841370618032e-02
4.92795818122517062521e-02
6.81923624288716112574e-02
6.11106745178898319582e-02
5.48227821052269595481e-02
6.75466875573413894074e-02
5.21801745181858928069e-02
4.38708949156705815819e-02
4.85973817382010647714e-02
6.16028648457120006632e-02
4.21747198940635309450e-02
6.35078792458267094023e-02
5.21090177646814575740e-02
5.60705343517432994171e-02
4.68796630115097742730e-02
4.56049844256220388017e-02
5.80655967779969070519e-02
4.51979597482582359791e-02
3.69172240487466857273e-02
4.62000117062263127021e-02
5.15237671420601464622e-02
6.55359247298515357194e-02
4.44635091371452864650e-02
4.74530745978615775549e-02
5.72702822071649436664e-02
5.57667366309659157109e-02
4.47648055826457350048e-02
5.35187807651568425715e-02
5.89982266219933673690e-02
4.96010389131672640994e-02
4.58398565688774017879e-02
5.90563093184240869848e-02
5.44716190026132487945e-02
5.27729589506450505465e-02
6.72737960731365353118e-02
5.59304927892981945670e-02
3.84914771656542226141e-02
5.75901305936901766747e-02
5.77898029162418752636e-02
5.16456650761197080812e-02
4.34042269308555356266e-02
5.52839227808775909856e-02
5.49866862606095546662e-02
4.68126691951627621480e-02
5.10974234866632334717e-02
5.93144925941612444209e-02
5.24127047171644849799e-02
5.20938999904402288976e-02
6.45068893967042367166e-02
4.02638110375291916054e-02
5.25642938619618749208e-02
3.93099218861016827531e-02
5.98721453640359974058e-02
4.37898684131833373923e-02
4.36195638651116004980e-02
6.42856414673183690356e-02
5.01999475742650608234e-02
5.57402508856292486228e-02
4.83529989347688538004e-02
6.09940587566248845763e-02
5.06723453281294616835e-02
6.23454265999801304776e-02
5.24583267026680413747e-02
5.03718227595677595088e-02
6.08483293787231219185e-02
6.09207339233501996012e-02
5.02515671591883955616e-02
5.70915586491129445346e-02
3.42401333459804724235e-02
5.14839083117604595641e-02
6.09458415587564306115e-02
5.22793441932789121340e-02
5.78873117930992983626e-02
5.84865208824074944705e-02
5.74388089620105277144e-02
4.68972900084064781012e-02
5.52563758069931493244e-02
4.82758284324847977698e-02
5.02427078518204034419e-02
4.03058715101876560705e-02
4.92986696667734106136e-02
6.02835803090966543261e-02
5.18769204013893592276e-02
5.11017055501916950266e-02
4.80625297445711682776e-02
4.42677645393439941901e-02
5.21493761655900389673e-02
4.68596399145459058255e-02
5.80952337501453655588e-02
4.90374769787818853839e-02
4.67650839464524639699e-02
4.01608857719111950191e-02
6.09377379272181621261e-02
5.01175529876505473914e-02
5.91987401665260079553e-02
4.31261206160118357178e-02
4.27666435116379473058e-02
6.01971255519908182707e-02
5.08304412449241127536e-02
4.80591986983432417624e-02
5.43692108814770314051e-02
5.37124926414815351272e-02
6.27874389045276343202e-02
4.83469728905769891014e-02
5.45846513362950244708e-02
4.59814012932744375917e-02
5.85552652497364212181e-02
5.06189650202703428361e-02
7.12368247916216196236e-02
4.35506337771785906332e-02
5.17792921451059456883e-02
5.40236540432344758411e-02
5.00517605570747411980e-02
5.79228342481054175872e-02
4.91255074420238746491e-02
5.31724261296357622597e-02
5.48915712113721282472e-02
5.02438407334360459533e-02
4.80080520742534669343e-02
5.14966897802366235792e-02
4.64109875418400527614e-02
4.78626029704786321028e-02
3.67709164245926395376e-02
5.80722296649226060739e-02
6.56919758950462867597e-02
7.15228439163699269976e-02
4.10483992194214594718e-02
5.28835351278005225129e-02
5.52852867240778977909e-02
4.32503218330067482067e-02
4.70523045211564336365e-02
6.26724967684889888719e-02
4.40830527563833493576e-02
5.56389431665919517722e-02
4.96512957091771525708e-02
6.94537276115084756256e-02
5.52375079463045468020e-02
6.06331624336835864342e-02
4.24071912909996726060e-02
3.98771403067852830970e-02
5.78665990280089401199e-02
5.66594404326950171202e-02
4.90571393044869630273e-02
4.15231776846905834000e-02
6.52036440248424525867e-02
6.12840967231026018114e-02
6.13965597003534591103e-02
4.08526913179062117765e-02
6.28954404994690324804e-02
4.70018467577388368572e-02
5.08671723045787671502e-02
5.88741829084636764113e-02
4.21886741941702794745e-02
4.50193302219517796359e-02
3.56104327162570233334e-02
5.56983090689468704482e-02
5.08931907558495544297e-02
4.63862645824754046830e-02
3.23645421727021057046e-02
4.98627144799375920936e-02
4.24751403900698806804e-02
4.78520282354120835011e-02
4.53880520829797740046e-02
5.03539022804036992542e-02
5.88303865552438007280e-02
5.50166924499492920875e-02
6.40730462136589323796e-02
