9.23963490344227172946e-02
9.10019604561700390377e-02
9.59817571598741425820e-02
9.42388147491206168427e-02
9.23419819321282947522e-02
9.09441707427548623466e-02
9.25888830351788566508e-02
8.63345247272518101500e-02
9.12734537328610540108e-02
9.80039869344474928736e-02
9.20928686152151232402e-02
9.23623632283305101565e-02
9.50677482976096804856e-02
9.38667542140040889187e-02
1.03360183673672570426e-01
9.77103995234998023989e-02
9.43855224356365540839e-02
8.78638872946614912784e-02
9.10356531423735654274e-02
9.43401893821356196668e-02
9.57873409318718282979e-02
9.47946492972389781473e-02
9.41495341988249218046e-02
9.11812479725059715774e-02
9.40534781603057784549e-02
9.04165301062870574444e-02
9.61623424438123874936e-02
9.37854194551559217086e-02
9.54437385253840142596e-02
9.61337357000195263934e-02
9.56459445676868524888e-02
9.27235775722815430688e-02
9.58093263656293603336e-02
9.22739938711639312574e-02
9.35851760876103694331e-02
9.59028182825529124100e-02
9.01337506018287798470e-02
9.26490543020718343437e-02
9.79146775448525436003e-02
9.21266986388201841729e-02
9.56139109533737929780e-02
9.45735948828172884317e-02
9.08855102327642688786e-02
9.19588974178402185355e-02
8.93333519099512307626e-02
9.04992782527129918657e-02
9.53961558070705456513e-02
9.46081833419532142182e-02
9.77186079942740509763e-02
9.60459163775495700088e-02
9.54847234037040498711e-02
9.71670631576494331361e-02
9.33811861669096021643e-02
8.75710675732538079696e-02
9.56018228788475671331e-02
8.99334403693322903539e-02
9.18259528331131086309e-02
9.81546955368810536413e-02
9.72179705686878059545e-02
9.04316530219728687001e-02
9.59691872948628954543e-02
9.20243219617292440571e-02
9.45711325720345746815e-02
8.99824858212144584879e-02
9.87060979513503800042e-02
8.75445696072901236029e-02
9.28131354402134123305e-02
8.92010638563260488398e-02
9.30569456019410545800e-02
9.36048287632654102408e-02
9.24724908850493160228e-02
9.04294894188133607793e-02
9.38428015974417800704e-02
9.24665908784784440488e-02
8.84252941155752036906e-02
9.20722268633904633583e-02
9.36031787453449337644e-02
9.44671910773688949803e-02
9.53374201748142108270e-02
9.53696772491903072000e-02
9.61554027784604636864e-02
9.22980828428151683918e-02
9.37580425096976866062e-02
9.14832991183101296162e-02
9.00723387358523946977e-02
9.31487301931881034323e-02
8.91703557650335432161e-02
9.43153588996696740088e-02
9.54506064639840529074e-02
9.25825581936803310157e-02
9.08116476443310144395e-02
9.74661599754091390047e-02
9.27909181875975902498e-02
9.55025863532511787302e-02
9.36558565827861622122e-02
9.34441307130722959018e-02
9.14395204923153098742e-02
9.81232014283701520219e-02
9.81774561837300829836e-02
9.50163152044207620639e-02
9.78147734798775342346e-02
8.79669556031955623965e-02
9.68131804010111257641e-02
9.06721632137815758412e-02
9.60191370705519020579e-02
9.57413840430993701158e-02
9.49052597245262502534e-02
9.54719857181694081527e-02
9.05250505148341155781e-02
9.36545714161747255844e-02
9.56438346993159216325e-02
9.21976354040337925388e-02
9.25368221720697936572e-02
9.18895272441735133651e-02
9.38171557958379365161e-02
9.68455196359752773505e-02
9.68435555963891303577e-02
8.65496768431148477685e-02
9.76612616160311836078e-02
9.64825392536116099862e-02
9.41362945206153656219e-02
9.52979628269210871094e-02
9.37999390288523221537e-02
9.34631189554189223401e-02
9.23562940083333255847e-02
9.84609955794283897568e-02
8.83987170360710367012e-02
8.99004901000371586806e-02
9.37567594180767627243e-02
9.32099333225536869074e-02
9.22143528027877940056e-02
9.20564520123720309019e-02
9.52775159833058188363e-02
9.80081937606996356216e-02
9.43009319614885460625e-02
9.12347517850320421928e-02
9.19946343447586717401e-02
9.06312723085686278157e-02
9.25487542906506949203e-02
9.09929296095713935344e-02
9.38533772677127009487e-02
8.86635624556147833308e-02
9.66621488254311017618e-02
9.34759441377347594093e-02
9.29615972612618246540e-02
9.26541951942538438702e-02
8.89608898625366267821e-02
9.00949912206962244543e-02
9.50559040761359552718e-02
9.53788143249793135547e-02
9.56359281249184040030e-02
9.30330359264804479524e-02
9.22899289532705252581e-02
8.95142259282292879208e-02
9.49733569749608985688e-02
9.31218817722375830082e-02
9.51033744021762827980e-02
9.87237978924894593602e-02
9.09659954386551339311e-02
9.48352087424616102540e-02
9.41190870013075553402e-02
9.43651261866863960703e-02
9.36507733604897557589e-02
9.78453271180523970196e-02
9.23763126912759274800e-02
9.46694944499202606369e-02
8.78157729571667072799e-02
9.10098590072406371521e-02
9.87101427728806213313e-02
9.60520189155448234075e-02
8.87921154337117379818e-02
9.42429289728842628504e-02
9.30056842866894134536e-02
9.69340011862711292689e-02
9.67361012566609612673e-02
9.67560342844783483063e-02
9.55996973948460837534e-02
9.90473188281522920473e-02
9.46618990078733346660e-02
9.25111321403149083897e-02
9.62835329682806689844e-02
9.53934419883391560013e-02
9.38241210231831046507e-02
9.71523994533378260074e-02
9.16588279197651928376e-02
9.13376859686936271032e-02
9.48753826422488316661e-02
9.44923294652078166189e-02
8.86424007042396072675e-02
9.95657320795608757891e-02
9.78796749592303477749e-02
9.39801666070640140394e-02
9.30065144505727026125e-02
9.50483287418437960969e-02
9.20886885719802567030e-02
9.17490461207619012463e-02
9.40550023237605448134e-02
9.65390155454148995995e-02
9.40280735464822936542e-02
9.31253181597657547774e-02
9.55244534033570097398e-02
9.12264039034517415505e-02
9.24575209521374674626e-02
8.97727723853738862614e-02
9.53115918357793495685e-02
9.66417492774427067115e-02
9.20365866058509007885e-02
9.50014305622577104327e-02
9.28427459162866064446e-02
9.20645565282797867512e-02
9.49550800320059229520e-02
9.19326710418503362243e-02
9.21848593067692984038e-02
9.34390769683154515102e-02
9.40671597719530128145e-02
8.91685874799104938315e-02
9.34389033506954347352e-02
9.14535853155181988061e-02
9.90957145747445589112e-02
9.27722179647724187745e-02
9.22561456128592055626e-02
9.71511810600487468736e-02
9.82265826974784567183e-02
9.05130090962491667961e-02
8.95237709571901352223e-02
9.18619294013578585600e-02
9.28232009601347857197e-02
9.44230781284329245828e-02
9.18114611843152406134e-02
9.38437292523750798967e-02
9.07674370053070250774e-02
9.71398176213877778684e-02
9.48700100242647337279e-02
9.32221840019246406062e-02
9.55792150771835186118e-02
9.16940066693456845570e-02
9.44204455236330175705e-02
9.36059842814475490114e-02
9.88290588262210473181e-02
9.67021704556109279460e-02
9.26926593332376008716e-02
9.18581051576236040646e-02
9.54435701349432563667e-02
9.48601493794045264041e-02
9.31852619699731765657e-02
9.50659869725470063617e-02
8.76302481769876406847e-02
9.55497811168794508596e-02
9.55109515845479206675e-02
9.03734857593363749562e-02
9.30834651644368293866e-02
9.12651691439678586226e-02
8.99992677026929255302e-02
9.29338567055746633816e-02
9.25384070436686412275e-02
9.26421152257152769049e-02
9.20118001551252645553e-02
9.57861880811892163479e-02
9.41212636463654300778e-02
9.46240022006475112182e-02
9.44266411933335075846e-02
9.10977485340414283588e-02
9.00634813774114917351e-02
9.73065402060603601431e-02
9.46342582279497135378e-02
9.44724701742136879767e-02
9.55190512011040715468e-02
9.52567712445165221125e-02
8.94476635881164272579e-02
9.49352065106548459461e-02
9.28853600429950104767e-02
9.67542284459591006573e-02
9.58967444249601147499e-02
9.21001312240174729862e-02
9.36952444138527545947e-02
9.04466913327545835033e-02
9.39672689894969770386e-02
9.13119169274228675848e-02
9.06759634848144369101e-02
8.96749449389110109276e-02
9.16086252783170906788e-02
9.28079203882639369727e-02
9.53011188275319637286e-02
8.96527706644802135916e-02
9.15267377138092030897e-02
9.64528008872660574946e-02
9.52189487781503890451e-02
9.63531851641817177478e-02
9.28328999502073259897e-02
9.49706454528387727931e-02
9.54759110721227072238e-02
9.19662099725860049393e-02
9.49248259535206834192e-02
1.01141352291474070912e-01
9.68826538848903545675e-02
9.36245338587768094474e-02
9.87063821510792832603e-02
9.05194292577033154945e-02
9.91293374183331160721e-02
9.28834209038539998504e-02
9.40619939801804888502e-02
9.30261027308888210907e-02
9.46272403220182189987e-02
9.46510875570281268176e-02
8.93608823130422752490e-02
9.44713629836189811018e-02
9.23380112975874522974e-02
8.91088575092673779166e-02
9.27258110162902243756e-02
9.65908040421622343663e-02
9.41955723548643653054e-02
9.22505307171818805800e-02
9.31599699566346001189e-02
9.46191723388248029369e-02
9.33730513854481025682e-02
9.28635848242427980326e-02
9.52501421375353402032e-02
9.26818035836062953381e-02
8.89130825824123449674e-02
9.47875102948132070013e-02
9.59366550441318743925e-02
9.50037476880406656088e-02
9.45239753684751216056e-02
9.30023982336771193324e-02
9.93287372131876761250e-02
9.14849084894779063237e-02
9.41401430225127788809e-02
9.43927364755382664052e-02
9.08091520356455461638e-02
9.40839319219054087684e-02
9.35212456189300628262e-02
9.10351476147372579151e-02
9.75309248090909935991e-02
9.07677931873054205658e-02
9.65883373097950054254e-02
9.20434339362673770157e-02
9.30937390801302028231e-02
8.98670498337428014235e-02
9.74266031820324313051e-02
9.28648014500511043146e-02
9.30124753584759128566e-02
8.94285087735894462790e-02
9.07161361731314286327e-02
9.07106873461312052109e-02
9.17815107753591208350e-02
9.22000670493520607662e-02
9.66364290092587702174e-02
9.31101608299338828756e-02
9.44126910676533759315e-02
8.62937057903443716089e-02
9.03771240525988867054e-02
9.12322697898356876900e-02
9.66778757098819968574e-02
9.38514247073515273101e-02
9.61113274616556684249e-02
9.16193136461183749164e-02
9.42838761526007262948e-02
9.24748098556741893184e-02
9.45618608854452563639e-02
9.55421726921786840236e-02
9.15933766954493272516e-02
9.45247296841480871832e-02
9.10091327693725721248e-02
9.43818639079934407210e-02
9.01378675030945764046e-02
9.36596695526457356795e-02
9.60433004796729938857e-02
9.27355192959644636375e-02
9.32199313194999601428e-02
9.36762106034870478677e-02
9.38866064957569468330e-02
9.58974401582388252807e-02
9.76508090019938129744e-02
9.29756334725909266981e-02
9.18021150450297196421e-02
9.16759402031765285868e-02
9.40549982962233521722e-02
8.99407770353045227241e-02
9.45334570981593846906e-02
9.26790911122400001831e-02
9.20835726442322394236e-02
9.57190305534594554349e-02
9.37072979362575109175e-02
9.99697179381125455855e-02
9.15336768093702318749e-02
9.61964786768065432954e-02
9.57172927756353153494e-02
9.54407633365738500286e-02
8.90687571957474583106e-02
9.43080067606687222348e-02
9.51461513422043464461e-02
9.78842638974361245463e-02
9.07063597538625421279e-02
9.46599740269207651222e-02
9.40556683614480609767e-02
9.02380206761853737030e-02
8.89460561304204894162e-02
9.34404110858553099694e-02
9.58321936753427916500e-02
9.21582745810306386280e-02
9.15832032306710258629e-02
9.68850965343590608825e-02
9.00962094483281766832e-02
8.98991359416777546798e-02
9.38098794596803065016e-02
9.36103039452731572334e-02
9.47195659732337352787e-02
9.55841133453296659672e-02
9.68204795820342828394e-02
9.47288472153963861944e-02
8.90060051807324420503e-02
9.80194102250096233053e-02
9.14093709832973638774e-02
9.22002593053422164759e-02
9.42176108595261935230e-02
9.59897662700795600843e-02
9.20489729147293961331e-02
9.27490194644818161107e-02
9.24572203266165182356e-02
9.37923227399352077427e-02
9.77538262092884219223e-02
9.33693682456253615243e-02
9.42983648689848380497e-02
9.09368550395379116047e-02
9.24800239601939744194e-02
8.83059888036239609699e-02
9.15010805665737447789e-02
9.25267193891401579231e-02
8.73537356723734781383e-02
9.69115415208471470132e-02
8.85395770352049998886e-02
9.62505396453293832204e-02
9.04781169111292249418e-02
9.08150835096624836629e-02
9.37763675525448148207e-02
9.43069625796196936429e-02
9.34145624684699082962e-02
9.49278049386650668584e-02
9.56819873689852412602e-02
8.98798442871841657409e-02
9.21697484079976592231e-02
9.34661771251536904748e-02
9.91425603582707648531e-02
9.43234322713372014269e-02
9.21447996078446629475e-02
9.08225524640039055813e-02
9.73240749389525372504e-02
9.53573913758706398491e-02
9.51760910645019359011e-02
9.58678693445476626245e-02
9.66886391430964442506e-02
9.11179905092616426732e-02
9.51580155745117284294e-02
9.26131566389463006805e-02
9.54662739247388592023e-02
9.31267632426264341250e-02
9.23497318240659448296e-02
9.24990803211204054568e-02
9.06832888894747862762e-02
9.33247806381806016551e-02
9.48009486737325102190e-02
9.48536333828407934865e-02
9.21352291378735310801e-02
9.83814094281911660778e-02
9.71267879630460101437e-02
9.13735405557211943783e-02
9.45342248068754831269e-02
9.32757735256645181821e-02
8.96278037086222778562e-02
9.62862011734921113826e-02
9.52023765806538219136e-02
9.25935832116476786879e-02
9.65226887564615276816e-02
9.19149130978899331357e-02
9.42660814539555830249e-02
9.52572870586476661003e-02
9.39395090461150605865e-02
9.33767785540609435158e-02
9.39996504678490552021e-02
9.43360827317765854305e-02
9.43596156067378066812e-02
9.53831174740231019227e-02
9.22525994628357742799e-02
9.23562509559166938677e-02
9.05434379637506669969e-02
8.80745542244129459020e-02
8.83331181356630662505e-02
9.25717541430099294386e-02
9.12440536723787415374e-02
9.19812178208818248537e-02
9.40214461283423175164e-02
9.78837288211818618011e-02
9.39679867808818208852e-02
9.87028121610637604322e-02
9.06064343603578126185e-02
9.42998477924197192612e-02
9.31207657606177990894e-02
9.77588020686744885168e-02
9.47065460030706296468e-02
8.64548544494446458142e-02
9.16701557072533701476e-02
9.60631398699790528539e-02
9.13545346299406563206e-02
9.49977417819218711292e-02
9.31993245006393772334e-02
8.82718689882662915780e-02
9.58567398562843592247e-02
9.18912670845522250307e-02
9.10053859381398794204e-02
9.29051521057721041430e-02
9.12369406001293653530e-02
9.54208642705434845199e-02
9.85858917228784742415e-02
9.42094637896659370391e-02
9.35114514885318631743e-02
9.49416133723507138509e-02
9.33986468849197781772e-02
9.15692387855751716019e-02
