1.13398815430181668096e-01
1.00417039856597056779e-01
1.01039370391208860323e-01
1.05062570283259687498e-01
8.34884575122414734905e-02
1.06065746985309281025e-01
1.07812642744725975530e-01
9.56131455110720424040e-02
9.09927940846892852056e-02
1.05454928859578730971e-01
1.00766598765519993508e-01
1.10671548533957830873e-01
8.14638824517202736475e-02
9.28176554128531672294e-02
1.50854241669123617653e-01
1.15093522162188849345e-01
1.36042879136489797132e-01
1.38198492939180239691e-01
1.17825264261753243078e-01
1.10313472204509557817e-01
1.51566165871081404148e-01
5.19966889109666000057e-02
1.29840482689842523500e-01
6.30391949571553339426e-02
1.14027450342731082045e-01
1.30474706226750586380e-01
1.57677534380962436344e-01
4.52452829140798373775e-02
7.61865727081148802480e-02
1.22928680084610011947e-01
8.31277593594163949353e-02
1.68179786181604784545e-01
8.41429247618143832943e-02
8.37150004664929808795e-02
9.75071749685795935436e-02
1.13512149585721464073e-01
3.98074767130509182822e-02
7.64036972842957046170e-02
1.19101652831517801356e-01
9.69087432104600021709e-02
1.03366005954309198023e-01
4.09670028840081398847e-02
1.77583366780945300922e-01
6.77840047956035918197e-02
1.51620216382144540335e-01
9.44769483428832962391e-02
1.08104964224942465267e-01
8.23020439400708875288e-02
1.32332323381157523912e-01
9.85963318279085149110e-02
1.25232800168075530944e-01
9.53325252192141064933e-02
6.14536889749594320009e-02
7.78726612624073416535e-02
1.44061407374370037404e-01
6.62762057572080925949e-02
9.33425703615953922254e-02
9.02228833853780665120e-02
1.14956106911694069805e-01
9.78665533145456900677e-02
9.54511494415982708617e-02
9.84457983912080947242e-02
1.29585131842929107693e-01
9.69417195515254737082e-02
1.62607391821206481719e-01
1.26413034310437016883e-01
9.55430384293327189527e-02
5.18559157573218604265e-02
1.46716847379878639890e-01
1.17049738360679264626e-01
1.50013044551383228908e-01
7.74278689624511295975e-02
7.92852257431671259003e-02
1.37647838358969987205e-01
7.69938314259284023455e-02
1.17787683810510551696e-01
8.64660703727505447480e-02
1.07789470486394312054e-01
1.01342947416791978599e-01
1.23985224092846749167e-01
8.80319444084306929055e-02
1.07357269613013645015e-01
1.09145002709929120344e-01
1.23341865015019411245e-01
7.17948202383716094221e-02
1.22130550013419353350e-01
8.16229729626040678703e-02
1.01079977822344915794e-01
6.79422252903584822370e-02
1.47319435595914149939e-01
1.03851190279606458988e-01
8.20044932067231641115e-02
1.00205132865130608355e-01
1.01422600097210546810e-01
1.82834927584190370942e-01
1.68059867652026656559e-01
9.63019797968394097865e-02
1.46565383396109000236e-01
8.78035211778888796674e-02
9.96801003131640994681e-02
8.49734573733839648746e-02
1.06777249017380893026e-01
1.43933181875047860876e-01
1.08331872252658431566e-01
8.59566456460478245383e-02
1.61890986727842994819e-01
5.93969464415166209514e-02
5.63466811586980365067e-02
1.34128205732231720049e-01
9.55243141530690842433e-02
4.70102370531929047992e-02
7.58038592088494805887e-02
8.75652361802766870946e-02
1.06796059765419698584e-01
8.66190162208809871780e-02
1.10302861413708930272e-01
1.09453083530266156997e-01
7.04203161391479814935e-02
1.07940544152181044923e-01
1.55977255225260347249e-01
1.02742129591737188510e-01
8.90358498603607551036e-02
1.19753461667580649030e-01
1.39153417534167572756e-01
7.30391660874744053089e-02
1.02357008255528444951e-01
6.95162023944396884056e-02
7.45952066386476736470e-02
8.71457095989076196973e-02
1.13423504256438684168e-01
1.15478254326547083441e-01
7.57510936891659797388e-02
1.04824493191514503398e-01
7.56957838993524145810e-02
9.45450960099065290665e-02
1.50426485541498400345e-01
1.28506023343342989929e-01
7.98153576288101046510e-02
1.05442000434090396577e-01
7.64684097499718218316e-02
7.71159269991721491033e-02
1.55396225256498654588e-01
9.03835060629299691382e-02
1.37351810307147825796e-01
1.47131360426081714277e-01
8.58725636251133905841e-02
1.04216202676684160933e-01
1.07435000500652466648e-01
1.44662227054045022800e-01
7.49373985684546051189e-02
1.23499052945406001536e-01
1.28149601394294015977e-01
7.54486012630577185245e-02
8.15875423577478303683e-02
8.50523283471538993350e-02
1.17372406702343251572e-01
1.07327470351223738798e-01
8.66589050796357646123e-02
1.68529036766394024749e-01
1.02929941364382798730e-01
8.20726306817183282050e-02
1.25446562744386647115e-01
6.51211361206298772197e-02
1.88854169460436399630e-01
9.05978083372489667591e-02
9.56618442358783960255e-02
1.31394758226911351207e-01
1.85839934746198365279e-01
1.56106686200800676145e-01
8.70757496096580124734e-02
7.86748812152242710249e-02
7.67547186156313232530e-02
1.18302256236217873120e-01
1.11518036584391549981e-01
1.43665347547845684284e-01
1.03519068980415976378e-01
1.25473878272344269158e-01
7.45667106496649689795e-02
6.19449623790072345653e-02
6.42881910801187533844e-02
1.03314669721451216078e-01
1.01205508359910059668e-01
1.22313297989133124011e-01
1.00112451023120330174e-01
1.22149456434982608966e-01
9.43467439938648483322e-02
1.16948832458512730348e-01
8.79336677587114340371e-02
8.94128524020293968810e-02
1.34652049320218042405e-01
7.98562402738583199113e-02
6.20994880521360329007e-02
9.15292728819921269645e-02
1.05844894475848647075e-01
9.11332239774434726964e-02
1.35963392234395102909e-01
5.97378348455469346256e-02
1.65256846619709185653e-01
1.20922450720449270456e-01
1.25460892746640739759e-01
5.54829714946903640449e-02
8.56216729618554661663e-02
1.28336391921775871960e-01
1.82391135696557737944e-01
1.41905599272099641750e-01
1.13822596094415945389e-01
9.98922594554533666011e-02
8.38196156372325584805e-02
1.08965638795650673898e-01
1.23326550048820898775e-01
9.37888435713402773830e-02
1.40559750096481139714e-01
7.95881447348048137735e-02
7.73294562710186705878e-02
6.43223483550367236550e-02
1.55418795801117282096e-01
1.42264128478149343149e-01
1.40072014794078714139e-01
9.32255693928994155772e-02
1.11927543961318542998e-01
8.23134776469804652077e-02
6.39619089814136010386e-02
1.21289497844628363366e-01
1.07264902405428658172e-01
1.23295710940476505035e-01
1.36621685084061528226e-01
7.10759388600984559625e-02
1.02860404562222701452e-01
1.30994250288463731646e-01
8.43557814803173322549e-02
1.27656899422616654238e-01
1.53232650668795988835e-01
8.40713161910571216140e-02
9.22884366264533767543e-02
8.30159151291107316739e-02
1.09021121371280491075e-01
8.54967450845337539889e-02
6.08287174226050247894e-02
5.87211969934545094385e-02
8.21095301830182255909e-02
1.68147485648604044783e-01
4.99944944301378285667e-02
1.03779989780000470034e-01
9.30377918453769992002e-02
1.02319009642106717450e-01
1.03821974142119619056e-01
1.02608858140807723824e-01
7.11070609413586851577e-02
8.40538184322508347135e-02
1.12896593691588192909e-01
1.15980523303247665123e-01
9.87105525325280286353e-02
1.23004443326992271568e-01
1.23139780494430334246e-01
1.09622715006521473380e-01
6.23427491453450582926e-02
1.15206051834473868767e-01
1.11301223003171328996e-01
7.59208890808013570073e-02
1.94864431059939668955e-01
6.94396889814207496361e-02
1.17874685996227163143e-01
1.12051279421328281449e-01
7.12273303419194564468e-02
5.90063212151008403827e-02
1.59744262942194487076e-01
1.25022938211834272471e-01
8.43579555779996881348e-02
1.20434665126833345683e-01
1.38421587652201444341e-01
9.79995451984055354622e-02
6.73885871491842619596e-02
5.65861362479366594713e-02
7.62336721204965456211e-02
7.28387489209866567652e-02
4.25090517841918980047e-02
1.42520977885914418293e-01
1.17813598720026987965e-01
4.55172753122465995057e-02
1.04350467135505858840e-01
1.01693889178709445664e-01
9.39997809275379264671e-02
1.06725830099905272252e-01
6.28165811623671715980e-02
5.54377126524487756631e-02
1.05696779884268288185e-01
1.07589055229199814789e-01
1.15361191150901737368e-01
1.22050980973360950754e-01
7.68147108270746670211e-02
7.08412874093291289324e-02
1.16296299523530585751e-01
8.46536821659891330905e-02
1.51139270783631762818e-01
8.38339731046758435129e-02
1.06747126335892755788e-01
6.89681978659900385420e-02
7.30479869393076686190e-02
9.37846135814136699915e-02
9.92795626875093567554e-02
6.54295025281377284898e-02
1.39918171585837719517e-01
1.05130403662938437526e-01
1.16988432642811737705e-01
1.10560817554243642769e-01
1.82686559407459175874e-01
1.42133532347640506588e-01
7.58455013840060865427e-02
8.05812641668134099771e-02
1.67547976961416100750e-01
1.22789048845550738398e-01
1.80177079102488924001e-01
8.20652653876092624818e-02
1.07478684480449851457e-01
1.30792206996760113080e-01
1.86966791494193790291e-01
1.34488773211621059911e-01
9.66468272087458724062e-02
1.04892836265868427681e-01
7.94720233284047505862e-02
1.12636683008951299367e-01
1.29546733164587785092e-01
9.33444724431835431977e-02
1.14358843264149745433e-01
7.52705839979616875279e-02
3.95433479677774063488e-02
1.12097708211331623107e-01
1.36967867447011754090e-01
1.00072106953486048009e-01
9.80544083142971950595e-02
6.04607849616369541490e-02
9.48277650713580805286e-02
6.92381188710449319013e-02
1.18198199241667495363e-01
1.19582927938650912525e-01
8.66325142824318217283e-02
1.21603724470700641502e-01
1.80835103144280445742e-01
5.28477052836295729810e-02
1.25148079084241387049e-01
1.05210225118579428494e-01
7.77303761129579384725e-02
5.76214603947799233752e-02
1.18227761465168806909e-01
1.48971793259926016395e-01
9.11936709621974928019e-02
6.06908762907328175329e-02
1.16752291547945488692e-01
1.22334967018410345485e-01
8.70010378947047580134e-02
1.04593024683428445498e-01
1.59316467962516389312e-01
6.59824132548199049353e-02
1.22224130595522825771e-01
1.05352472810734329456e-01
7.00472312603727942371e-02
1.16073685941796636567e-01
5.43274858162366564018e-02
9.70839356282271193077e-02
9.59842325353958830680e-02
7.99272352641895722503e-02
7.42509965711250080611e-02
8.85201774907996563613e-02
5.34712580082454813635e-02
1.02275411749331662792e-01
1.00220367132224305595e-01
9.01116034126500653478e-02
9.26797474730163273193e-02
8.47091576120517081305e-02
7.15046624925426005381e-02
1.31066141856926998699e-01
1.38646122938591687124e-01
7.21866558085225290542e-02
9.16719957265562934712e-02
1.10995869852747064410e-01
1.03378972909909647160e-01
1.12431765134347411150e-01
6.85049429057840442159e-02
7.79563884310754129370e-02
1.17467303650084675670e-01
5.69001234579333547980e-02
9.88261533088166665983e-02
8.33148879697949568124e-02
9.31756297784733927836e-02
7.99636265840644872016e-02
8.91963200356532120994e-02
1.28153759513327830666e-01
1.04988333025628238770e-01
8.20133757583361988619e-02
7.81818584449849723894e-02
1.78027530458881866338e-01
1.09286097685301411553e-01
1.27342700346914250442e-01
1.16837839868598206139e-01
1.39419657797241081099e-01
7.38717266998136362632e-02
8.45849515784722061351e-02
1.16740367682694620721e-01
4.25961491863664151736e-02
7.37017848401563535621e-02
1.20774484882975902122e-01
9.41444950026167903800e-02
1.30070006360957307612e-01
6.25299157872441641048e-02
1.47617353909931081635e-01
6.95325592246917451034e-02
9.19349436812847975453e-02
7.15234613339866820425e-02
1.59831290629231403955e-01
1.17890079033031197620e-01
1.15169165945442478205e-01
1.15645856545492406453e-01
7.88664463614715677275e-02
1.25651335013725828915e-01
8.61545312015398467853e-02
1.04120262552672801504e-01
1.02832048299970391092e-01
8.46510357462023632635e-02
1.26725727319548842065e-01
8.83147692704935038943e-02
9.87995713891392929318e-02
7.77422674157186854860e-02
1.17067707564255996111e-01
9.08361535597334290859e-02
1.37451924230385075232e-01
8.73796135743864776924e-02
7.41539936909794417108e-02
8.37419604646007231796e-02
1.35831545620876792402e-01
9.45208671668771871488e-02
1.08102141439637963738e-01
1.21204539515868667254e-01
1.42301710595840236184e-01
1.42895967210796476232e-01
5.71749211379634220132e-02
1.05348444856954284732e-01
1.27603253514188136331e-01
7.77990766161049535077e-02
1.06610224839983558365e-01
9.21414133890296888074e-02
4.83172973409010456103e-02
1.72677914986189812163e-01
7.91640151265057961938e-02
9.57046987765153289729e-02
8.14370675946681082946e-02
8.58102531926755313085e-02
1.02495048810184077870e-01
6.62277311663017342891e-02
9.98402551289853112948e-02
6.51482963453926949837e-02
8.53730925152337005724e-02
1.15392290366173502769e-01
1.40381150651808839225e-01
2.29453598022980931326e-01
8.75616449858831330522e-02
7.89481908526252357250e-02
5.81297074408308814264e-02
6.35335865706505853456e-02
4.57202607650899553460e-02
1.18550686857609541280e-01
1.15322251274445702895e-01
7.90161235164059810865e-02
1.29769193561049683838e-01
5.19409693391467836010e-02
8.42899493391332382819e-02
1.06926334255048161026e-01
1.06613733220556727854e-01
1.22673408944270687093e-01
1.82916920119820830548e-01
1.97995048919989979908e-01
1.63283013478695088194e-01
7.37440450967757621381e-02
1.17059878502135769618e-01
1.09721339288586697269e-01
8.82942460775019560826e-02
1.54216538130183433708e-01
8.24240168252650257097e-02
1.10384193608999481295e-01
8.80528797188141615360e-02
1.65737724027086252843e-01
1.25073448992208735575e-01
9.94228405827504158054e-02
1.06618620811820413730e-01
1.72506449127904526453e-01
1.09150418974667706706e-01
1.05037178073798656563e-01
4.38789889622554565851e-02
7.50826859388760425862e-02
5.39468284651840740418e-02
6.88336499784065747320e-02
1.71554146506460114541e-01
1.34785437477526720551e-01
8.62344900767601230118e-02
1.08372273863781287684e-01
9.56412496691742552990e-02
1.07849288744246249450e-01
1.47136409534728340720e-01
1.09373476291146395911e-01
1.06001746711235037002e-01
7.27006815907099562812e-02
2.21714263695999169723e-01
1.38167076376643938040e-01
1.01696829123051085686e-01
1.21970530666775461848e-01
9.59781701944561610462e-02
1.08022736764416815713e-01
1.24338302485868884562e-01
8.54356746077406387085e-02
1.32442042170756363317e-01
8.65858201426148582636e-02
7.05040168092709862435e-02
1.03003455580076300202e-01
1.26631731524282087342e-01
1.26937365642122046427e-01
1.19243752631696092736e-01
1.46596033398702974004e-01
1.08001166488330566096e-01
8.13828311849905672304e-02
