8.64162619852855834468e-02
8.83025347414957417769e-02
9.07133319258864312395e-02
8.73864443416101366324e-02
8.94409652859943782310e-02
8.81744399640700116105e-02
9.12592474912257284325e-02
8.79091229099713544759e-02
8.84198864931929340294e-02
8.82256546150640141857e-02
9.16092377736218155260e-02
8.85092656131012262000e-02
9.06882986068237723076e-02
9.09126843903894366061e-02
8.66021447035047187146e-02
8.84037833161704506013e-02
8.83184506882671443995e-02
9.11288061184311742879e-02
8.94742904330245725220e-02
8.99784176756288217591e-02
9.19144293840160470088e-02
9.05492711390478294264e-02
8.81151202345888673317e-02
8.63498368094115092974e-02
9.03901594552253828674e-02
9.01936130146038239630e-02
8.89888247369940293963e-02
8.98270597994856034862e-02
9.11686571436755438524e-02
8.54044698444756666955e-02
8.62637689764052112418e-02
8.92373202507011076268e-02
9.09491735976763748805e-02
9.27405194729584575475e-02
8.99631617391807025808e-02
9.07136317651925511152e-02
8.74221927303234502826e-02
8.70048250875631451473e-02
9.02989287103918014665e-02
9.08442241356800794794e-02
8.84588154955398414669e-02
9.15546465297776695946e-02
8.68754863022493661884e-02
9.12983674936907602104e-02
8.85839190329625603137e-02
8.88370646030331445608e-02
8.85018036689490250613e-02
8.85497449644570694405e-02
8.84991884043870996601e-02
8.97296272848876613759e-02
9.18483169127029402956e-02
8.65458782656780695186e-02
9.10323843752800093698e-02
9.11354896295876598655e-02
9.14341652372214902522e-02
8.93835225209089478948e-02
8.64887666940256233383e-02
8.91111424702727972225e-02
9.15050755231249512978e-02
9.20514887311275065152e-02
8.79491750373619374237e-02
9.14830555018106839071e-02
8.91033935279123695539e-02
9.30172733092437947766e-02
8.91019054096364865325e-02
8.80235818746922665801e-02
8.89102633314791807040e-02
9.06378349745365907708e-02
8.81227206280275066064e-02
9.01083278391367342719e-02
9.01389016402652093474e-02
9.19809483883315126551e-02
9.13876044791644692733e-02
8.88429279785679787418e-02
8.79729592575037855351e-02
9.08676563250022245599e-02
9.09513957402473816050e-02
8.67642989838116607260e-02
9.00374946538747139568e-02
8.89045656369533282559e-02
9.02918073978191404461e-02
8.92238612454113039218e-02
8.89964008821188257148e-02
8.92115585307833303119e-02
8.70145869716584946518e-02
9.00206275117984844325e-02
9.02430035148133052880e-02
8.95595341262281074979e-02
9.28179720356360482558e-02
8.80670590988088808349e-02
9.09001188065990811671e-02
9.21249816393922976721e-02
8.75600760765219698900e-02
8.74637764401330480846e-02
9.01966423922190424500e-02
9.29836996679286875711e-02
8.79338953360599001607e-02
8.83748920180300323590e-02
8.64608072853112197276e-02
8.83660165302975891821e-02
9.15718031428478795863e-02
8.84904677544866430372e-02
9.04679926544993129323e-02
9.03179540322759100146e-02
8.83540776616470180382e-02
9.07969511753793229181e-02
9.09082253820841096337e-02
9.05405345817125589702e-02
9.22074121041286109968e-02
9.26617272392697560734e-02
8.91712142993466294616e-02
8.67048748472928065834e-02
9.17448541838164904894e-02
9.04280355481202613444e-02
9.06494933565722277313e-02
9.19269264120455287248e-02
8.70803487799752806708e-02
8.93399625162223792740e-02
8.88963450207216621113e-02
8.85252813775944530361e-02
8.99147605171214531206e-02
9.09537457146769173777e-02
9.05062609920541799591e-02
9.06052677270853673575e-02
9.55741623088007807851e-02
9.06625933874679185154e-02
8.93304684267430398892e-02
9.06880694602634901402e-02
9.20603665446453056642e-02
8.82292532321923839156e-02
9.10279785851332706725e-02
8.83881237479967191151e-02
9.15142062523641580674e-02
8.90491446030289013347e-02
9.17908595844403041308e-02
8.94825255683068948587e-02
8.95101747955726195771e-02
9.42215458478452422275e-02
9.04156012741677977962e-02
8.74361732596433682829e-02
8.94458334096571577865e-02
8.92595113273942641907e-02
8.78413014616507836774e-02
8.94191497032895549202e-02
8.85112407474366452709e-02
8.72430354876415209420e-02
9.20526485647713832439e-02
9.06221401514448327008e-02
9.17169856793420418262e-02
8.94915486083113081994e-02
8.93380357556990273293e-02
8.72497441066184542535e-02
9.03045885870494835501e-02
8.94472224363800638702e-02
9.24205357680036865275e-02
9.05609817862482457951e-02
8.96928117927777573959e-02
8.67768403033077201369e-02
9.19885908017669534642e-02
8.76033794948369443079e-02
9.25564558521363572874e-02
9.00563434824274144930e-02
9.07757987399811089313e-02
8.82020297452000001659e-02
9.07519833536364756155e-02
9.24641423380501842333e-02
8.73180820896875958814e-02
9.09594597334686533197e-02
9.06945905554407683091e-02
8.90967708163758059792e-02
8.70727896014275443148e-02
9.05306002587942110216e-02
8.77047359366826262406e-02
8.88641482088140532980e-02
8.93885094301937882522e-02
8.84263410489088408362e-02
8.93887544933413408232e-02
9.12551810916994027290e-02
8.60712378437686748134e-02
8.81364780485299065260e-02
9.16315302376689150288e-02
9.12946075870821882603e-02
8.98811706257271747500e-02
9.05136426189567799838e-02
8.82948167034662417807e-02
8.87207162120218911783e-02
8.85713855204287719980e-02
9.17816269888678121225e-02
9.05926370574627881638e-02
8.77076031328815064469e-02
9.02545164270906474790e-02
9.15446527811054483470e-02
8.86012917496260959949e-02
9.03498407370869893729e-02
8.93294440903185382741e-02
8.41566711563097175075e-02
9.23480217257758029259e-02
9.08797575333899348982e-02
8.96573155950727701535e-02
8.86774926010642366991e-02
8.97338760304809412993e-02
8.89163480310978526777e-02
9.06357691636634071886e-02
9.21626093716415711876e-02
9.06874118108755566947e-02
9.05139253275775573782e-02
9.10519775023245631074e-02
8.93002273459987533366e-02
8.88358153278663714714e-02
9.12011735318265098771e-02
9.09045988255018089230e-02
8.81513101299839230141e-02
8.94385241053363838626e-02
9.01002128391155954201e-02
8.96092906325529764411e-02
8.60050511964637748319e-02
9.19925710874994334576e-02
9.24242054140424901254e-02
9.31282673676839672927e-02
9.22453883350548980991e-02
8.82737867823755462116e-02
9.12079635642518427030e-02
9.04639273923897313523e-02
8.92395194953858605924e-02
9.06246962952190066032e-02
8.93178834010858874182e-02
8.80648995721572125372e-02
9.00565036726628104224e-02
8.81557430838149497232e-02
8.84992228751991932834e-02
8.72557447247209322372e-02
8.81154443779766233247e-02
8.91743381053268224790e-02
8.78144589910882372719e-02
8.84380769972135244439e-02
9.04994215304868593330e-02
9.11467281997123401904e-02
8.77279700376985271948e-02
8.90785458997040840989e-02
8.76435983232396881304e-02
8.63211158260060312797e-02
8.87832372309287354284e-02
8.96295421953664517289e-02
8.95827543034453110948e-02
9.24865897760672600603e-02
9.01833358534348400459e-02
9.20098450239914822379e-02
9.02660836635963692576e-02
9.40568726250732983774e-02
9.16489934690336294221e-02
9.06725241027892397971e-02
8.99727574724077383550e-02
8.95091928712611756280e-02
9.26960447983575519526e-02
8.80776142487571939155e-02
8.95810588812602226483e-02
8.84948080444354912011e-02
9.06022487017179856128e-02
9.34429954321328443134e-02
8.78548534854998869337e-02
8.87719840784469971240e-02
8.77451867508314831134e-02
9.00874107409790486622e-02
8.98209517794772288601e-02
8.82911052861365397426e-02
9.06538945211621538522e-02
8.76089031551948865806e-02
9.07335729312160610416e-02
8.71743453965740100475e-02
8.91188682587325392559e-02
9.06894755365911381384e-02
9.16343879386990051161e-02
9.17346898336680593999e-02
8.78454438681957744395e-02
8.95945231865853952691e-02
8.99584911066595160900e-02
9.08692889525680863594e-02
9.10054366426581301530e-02
8.61265653904068895219e-02
8.77480377897286584199e-02
9.26541018816573885841e-02
8.58775254267602344838e-02
8.91904943340902506277e-02
8.74430727298193544161e-02
9.04830195102321738210e-02
8.99318157971391723970e-02
9.13118493912248030409e-02
9.03408868863933567361e-02
9.36140598487826269825e-02
9.01811686741374324283e-02
9.15137878796187659303e-02
8.90687427500830714022e-02
9.03043671482691712171e-02
8.95374824630135596193e-02
9.15962276634565281119e-02
8.97875294495523307292e-02
8.98648638693519824505e-02
8.87286837379132331538e-02
8.84928786189923682892e-02
8.66013114380058540709e-02
8.79899490103158293808e-02
8.62196461395332014455e-02
9.01459595049633605202e-02
8.84726126838089321769e-02
8.86143131481605533795e-02
8.87575974518703125771e-02
8.71038766252748286600e-02
8.70235100689447371725e-02
8.66761431702881834926e-02
8.96108087767482075492e-02
8.81648444810887721435e-02
9.04519253375500181802e-02
8.84878111285158502897e-02
9.01191026799620653609e-02
9.13149204268805664286e-02
8.77643869607908772013e-02
8.83003722235956856057e-02
9.23634273183840948107e-02
8.95342912490458969765e-02
9.21659992696194224626e-02
9.11766369166410600711e-02
9.30738469613838631522e-02
8.76788129102907404233e-02
8.87723383877501853734e-02
8.94144421336624528607e-02
8.89601103935682147039e-02
9.09375951432405682517e-02
8.79820162239580150221e-02
9.15633834224318932105e-02
8.50783682693602438807e-02
8.97774786524726114978e-02
8.83201111191244392362e-02
8.95703075598485720654e-02
8.94078159549345913293e-02
8.62217467321918090706e-02
8.69775544629206170955e-02
9.07550698363781410682e-02
9.04343735871133702631e-02
9.17927448512632360167e-02
8.86013768975189713872e-02
8.78105137749304459627e-02
9.08148124214870205995e-02
8.84201889040335947678e-02
9.13042507539289366347e-02
8.74562200783872978338e-02
9.00421596459641399024e-02
8.94730822049268070817e-02
8.74563678709576880488e-02
9.17907872260916163354e-02
9.30821992535048603479e-02
8.98730165326362406830e-02
8.66344865842627875896e-02
8.68095179089224538993e-02
9.10148379139801982918e-02
8.83474949723205144059e-02
9.02703913690588305441e-02
8.85360193426211888879e-02
8.81256068640091927424e-02
9.05155566205325667894e-02
8.89377020041051957744e-02
8.94529299741828876069e-02
8.97273880135381479706e-02
8.79211099925762129548e-02
8.82547565826055924187e-02
8.85441614728588871630e-02
9.03570152128448933482e-02
9.00381900022201586697e-02
8.80565814922869699588e-02
8.84327065393250150160e-02
9.08065363001868269821e-02
8.59972887108346600860e-02
8.85365096693693232055e-02
8.71690006750275164782e-02
8.89934970483794302032e-02
8.94198530115350304071e-02
9.17873769243422454878e-02
8.96784121112156329403e-02
9.11897293390507984734e-02
8.82212148874466361992e-02
8.74735919485693375064e-02
8.91584914751608614836e-02
9.00031070907781338697e-02
8.81873153034465201427e-02
8.82757790543809706119e-02
8.80691371846642201415e-02
9.21024435447039546698e-02
8.71902061429633556955e-02
8.75478205884090282529e-02
9.04853365296257733386e-02
8.90698981420141588927e-02
9.07829810972588663320e-02
9.14958911587969853096e-02
8.81217906474624640412e-02
8.75243808543896134600e-02
9.16401759735373522275e-02
9.16521750136529977926e-02
8.99654433037364448245e-02
8.98662023299237472385e-02
9.09070712035125044759e-02
8.86871056779273830850e-02
8.81493436579421918431e-02
9.07985319418474767783e-02
9.00839550732748239881e-02
8.79620447601509730662e-02
8.79547335693161430603e-02
9.09875869804410153385e-02
8.88174739109942601445e-02
9.04445486832766432084e-02
9.13592466269960712388e-02
8.90465664465971279418e-02
8.94439605780614765962e-02
8.91505708475424096804e-02
9.16487036695910056716e-02
9.24622934402822976852e-02
9.11161075189333147240e-02
9.32327122061858554192e-02
9.03643181790291100119e-02
8.87702687853065275370e-02
9.02179097221891823644e-02
9.03993483637197808855e-02
9.05634767573108845351e-02
8.75481616199961371061e-02
9.00009931125415607589e-02
8.68689353402024994066e-02
8.93867443293706182006e-02
8.92996026012381205472e-02
8.50334962376373404425e-02
9.08372185146380795029e-02
8.89639731061702132564e-02
8.71108321870037866086e-02
9.25206952596970416680e-02
8.87324730704710379348e-02
8.69451843927967621406e-02
8.77109141077539039566e-02
8.78998266120044613459e-02
8.54657200463976723936e-02
9.26857979223125599821e-02
9.11576889104671328479e-02
9.08483396789560720963e-02
8.66181235789927478352e-02
9.04783947869793464536e-02
9.18443468821231456811e-02
8.73772274855953018369e-02
9.12012486571719821482e-02
9.34907816912055739111e-02
9.19445340864339377696e-02
9.02864511809656350438e-02
8.89302405990920336043e-02
9.18294984139392533873e-02
8.89567959489563769848e-02
8.84272308666152750956e-02
9.19648658742463626092e-02
8.57782269716148154659e-02
9.02355707943840040786e-02
9.24579939481383894506e-02
8.75503962791743944871e-02
9.03603053423606417116e-02
8.85002017855031491989e-02
8.58675483509648840297e-02
8.91293518185219402206e-02
8.88081824651961310169e-02
8.89206145848553120015e-02
8.80089093395784449747e-02
8.99152948838154858491e-02
8.99422812658799281094e-02
8.69373518332861583424e-02
8.81603678422148984151e-02
8.96482226986555080783e-02
8.85926331171130315711e-02
9.18820760363536492843e-02
8.82721076840921187179e-02
8.76397528667666736446e-02
9.11564325525752588986e-02
8.87071446902216592667e-02
9.27830788706353742912e-02
8.99250340310463330828e-02
8.68996208468564290683e-02
9.21416926175842448954e-02
9.27597965764145604428e-02
8.67125994357063334395e-02
8.97670945202744957614e-02
9.11759558146193332950e-02
8.84719258124032764679e-02
8.93874735958853638973e-02
8.84309970571945241913e-02
9.18376631562299594602e-02
9.11964051950998194629e-02
9.01511462685567616093e-02
8.98566061272265542703e-02
9.37449354504333448590e-02
9.04122188051050545976e-02
9.18973527598039019448e-02
9.26185333272476207789e-02
9.15233673703029632085e-02
9.06123339450092407654e-02
8.81366730634435407987e-02
9.03390835040387280008e-02
9.12512031639982623688e-02
8.76170340273796366404e-02
8.82646971668267221744e-02
9.08110760235779218563e-02
9.11552678580462572011e-02
