2278
2279
2278
2270
2275
2276
2274
2275
2270
2279
2276
2272
2271
2279
2278
2277
2278
2270
2278
2275
2278
2275
2272
2271
2277
2274
2274
2278
2279
2277
2271
2274
2270
2275
2277
2278
2271
2272
2278
2275
2282
2276
2277
2281
2278
2272
2274
2276
2272
2276
2277
2272
2278
2283
2278
2280
2276
2267
2271
2271
2280
2272
2280
2279
2276
2274
2271
2276
2275
2274
2272
2276
2264
2270
2271
2282
2279
2274
2274
2274
2274
2276
2278
2281
2274
2276
2280
2281
2274
2277
2276
2278
2272
2276
2274
2267
2274
2278
2270
2277
2275
2274
2274
2273
2282
2277
2274
2279
2271
2272
2276
2274
2280
2274
2276
2277
2273
2277
2276
2278
2273
2275
2278
2275
2280
2274
2273
2274
2267
2280
2270
2280
2274
2278
2268
2275
2278
2276
2278
2279
2270
2275
2275
2280
2276
2284
2272
2275
2270
2272
2274
2277
2268
2284
2284
2275
2274
2284
2282
2276
2278
2278
2272
2275
2271
2279
2277
2275
2269
2276
2273
2273
2278
2274
2272
2269
2279
2273
2274
2268
2278
2272
2268
2277
2270
2276
2283
2275
2278
2274
2278
2276
2279
2276
2275
2274
2274
2281
2273
2274
2281
2276
2278
2280
2276
2274
2280
2280
2277
2281
2271
2277
2282
2276
2274
2279
2277
2274
2275
2273
2279
2272
2278
2278
2272
2278
2276
2272
2277
2279
2283
2280
2275
2274
2272
2274
2274
2271
2278
2281
2276
2281
2277
2274
2266
2271
2276
2276
2272
2279
2275
2272
2273
2281
2273
2284
2275
2272
2281
2278
2276
2280
2279
2273
2281
2274
2278
2278
2271
2278
2276
2271
2268
2280
2276
2282
2271
2270
2270
2274
2274
2277
2276
2278
2272
2276
2276
2275
2272
2276
2274
2276
2271
2278
2276
2277
2276
2272
2278
2271
2272
2269
2272
2281
2274
2283
