2270
2274
2263
2260
2271
2268
2262
2269
2266
2270
2266
2271
2276
2259
2260
2272
2267
2274
2274
2270
2274
2266
2262
2274
2261
2264
2266
2259
2264
2267
2266
2271
2266
2274
2265
2266
2265
2262
2283
2270
2264
2267
2264
2276
2260
2270
2272
2256
2261
2266
2268
2264
2261
2269
2277
2272
2270
2271
2275
2270
2275
2267
2267
2269
2266
2260
2265
2271
2269
2263
2267
2271
2268
2270
2271
2268
2268
2269
2267
2268
2264
2280
2268
2269
2269
2270
2266
2276
2270
2262
2271
2277
2272
2274
2267
2271
2265
2272
2268
2268
2261
2261
2264
2260
2269
2266
2272
2280
2264
2266
2271
2273
2266
2271
2272
2271
2271
2262
2263
2268
2268
2267
2274
2271
2262
2270
2269
2271
2279
2262
2269
2267
2273
2263
2265
2263
2266
2257
2277
2259
2265
2274
2267
2269
2267
2270
2262
2265
2266
2271
2265
2267
2259
2268
2280
2262
2272
2258
2272
2271
2274
2271
2263
2271
2265
2255
2272
2276
2270
2275
2262
2275
2270
2255
2265
2266
2277
2264
2262
2274
2275
2267
2272
2270
2260
2271
2269
2274
2273
2277
2265
2267
2279
2282
2272
2270
2268
2280
2277
2275
2266
2272
2264
2272
2265
2264
2272
2271
2268
2265
2266
2264
2270
2260
2270
2270
2262
2277
2276
2271
2270
2270
2276
2265
2270
2268
2276
2285
2266
2267
2273
2275
2269
2266
2265
2266
2267
2269
2267
2266
2261
2275
2266
2267
2278
2270
2264
2260
2270
2273
2274
2270
2272
2260
2256
2270
2276
2259
2275
2260
2271
2260
2274
2270
2272
2273
2269
2269
2269
2262
2271
2263
2255
2260
2265
2267
2270
2266
2259
2273
2266
2271
2262
2275
2268
2281
2267
2255
2262
2262
2278
2256
2264
2279
2276
2271
2274
2275
2271
2265
2261
2278
2266
2259
2277
2273
