2252
2248
2260
2257
2264
2257
2257
2245
2258
2253
2255
2269
2263
2250
2248
2259
2255
2258
2261
2268
2267
2254
2253
2279
2256
2246
2258
2241
2266
2257
2256
2271
2248
2263
2260
2233
2256
2261
2252
2260
2242
2245
2246
2260
2259
2252
2252
2262
2256
2256
2257
2252
2242
2256
2246
2242
2261
2252
2257
2254
2256
2257
2240
2255
2267
2251
2249
2243
2239
2247
2255
2256
2249
2265
2248
2260
2258
2256
2238
2257
2271
2250
2255
2265
2257
2254
2241
2259
2260
2264
2240
2260
2257
2259
2250
2246
2254
2254
2256
2257
2271
2251
2260
2256
2267
2258
2271
2245
2235
2258
2255
2255
2249
2258
2244
2265
2257
2252
2244
2252
2245
2251
2263
2262
2259
2263
2252
2257
2246
2259
2252
2260
2266
2258
2252
2261
2253
2261
2263
2257
2256
2267
2254
2260
2253
2258
2256
2247
2248
2255
2251
2246
2243
2267
2255
2274
2251
2244
2245
2254
2260
2231
2256
2263
2244
2253
2258
2256
2257
2254
2248
2260
2249
2256
2257
2253
2266
2258
2258
2254
2258
2251
2264
2245
2239
2250
2242
2247
2251
2258
2251
2247
2262
2240
2262
2254
2248
2259
2250
2250
2261
2260
2258
2251
2245
2276
2246
2252
2273
2251
2258
2241
2249
2259
2254
2251
2248
2249
2257
2253
2258
2255
2250
2263
2261
2268
2255
2252
2240
2258
2268
2244
2273
2250
2254
2247
2256
2253
2262
2258
2268
2255
2263
2259
2268
2252
2242
2251
2256
2252
2241
2255
2265
2250
2253
2254
2266
2264
2252
2266
2252
2260
2266
2265
2247
2258
2249
2246
2267
2247
2249
2251
2251
2252
2257
2254
2250
2243
2260
2248
2261
2242
2257
2247
2240
2257
2262
2245
2263
2252
2252
2260
2257
2261
2253
2260
2254
2248
2241
2269
2252
2260
2249
2258
2248
2249
