758
2185
58
410
1450
474
1771
434
652
880
2026
2273
492
1932
770
2168
1927
2012
1270
1610
464
1930
2064
60
1947
1993
2547
1800
1590
2126
320
1188
1932
444
2072
24
610
842
1642
1962
210
2196
1749
2127
2305
434
1058
1728
1948
490
462
710
1622
438
848
146
774
1702
1829
1728
930
176
264
556
2094
192
1996
252
1304
2026
1972
1290
1649
224
194
408
1018
30
1414
642
1728
372
2227
2054
142
2214
288
1823
856
2234
158
936
2272
2016
1824
2026
2026
406
432
2429
1939
1976
2134
1298
1818
866
548
2
2149
204
226
1218
322
1036
1779
2185
1604
306
1981
2118
1316
2109
1016
1580
1786
1568
672
2154
1122
1875
1474
910
1701
1442
1973
744
1917
570
3578
1262
1811
2053
2918
1302
2232
456
104
120
430
1981
1996
2312
960
732
658
534
2262
150
2049
1697
1584
2275
186
1978
226
2305
2008
1368
526
1018
4
986
1234
1791
1445
1006
178
314
82
592
2178
506
1408
1560
810
236
1038
430
2324
1234
1354
328
1893
56
2028
1981
18
762
180
2040
2016
2148
74
1998
1646
1728
1070
1260
1853
1898
460
218
648
82
2022
1568
1728
72
1360
1366
2180
1744
1194
1056
1562
2076
82
1156
1604
2102
1942
1827
738
964
1579
1780
192
1886
398
1764
1749
796
700
930
376
1670
250
736
1515
350
1968
934
220
1646
1897
908
332
1738
1000
312
1686
1940
1086
2100
1701
2054
2223
2878
530
480
66
1602
1420
1912
750
1604
730
1362
1250
1212
660
460
1510
1762
1745
1754
490
2036
94
1923
1520
12
2585
864
876
294
2054
1699
1168
2195
1901
380
1993
1975
734
546
28
1872
1050
1525
1942
466
1821
1256
1210
1132
1468
4
320
216
2108
774
1182
1588
2246
392
914
1866
120
316
2100
3022
1876
1042
2048
2100
1492
2225
1898
400
2239
204
1948
968
2014
2041
2222
460
956
1216
2270
2102
1230
2011
654
1775
1836
50
266
370
1798
2205
2210
300
1658
940
1855
836
564
808
2085
1506
2447
214
644
678
1450
1920
1046
1682
370
1933
1724
2084
452
1962
1302
1880
1977
218
3361
476
428
1981
138
1600
772
1854
884
1998
