668
1993
1903
1618
1696
1629
1969
80
2324
1807
646
1705
2398
618
12
278
2660
768
1762
720
2230
1739
1556
1388
1174
1608
2073
676
2062
2156
920
936
2034
532
1833
1178
1172
1162
286
586
754
394
2026
1910
482
960
210
1368
1663
1628
80
2151
2042
408
1588
1929
1422
76
2029
1180
902
424
2002
86
1954
2239
136
534
840
1847
326
1002
1827
1808
1955
34
270
742
2029
1090
2005
436
2088
30
396
862
1404
1785
1220
34
2433
608
2567
1568
1940
2036
1859
1913
1750
1340
1246
1788
1824
1725
56
1396
46
286
830
1060
738
1908
416
364
1588
1532
1945
848
214
1100
1993
2094
1763
1784
1350
62
608
2593
1511
1352
1052
368
716
1470
1228
3070
2392
1817
284
1971
400
1944
312
606
1871
454
1418
62
1540
1976
124
2208
832
284
1927
760
934
1590
500
494
34
1572
2128
1853
1244
128
1716
2073
266
1489
1633
1048
262
1630
1898
398
1492
1157
98
2075
1874
842
1254
228
874
182
1686
1574
1634
664
326
278
206
1750
2004
402
2169
2432
1512
1228
1991
1903
204
234
828
1242
2253
1845
1146
1078
702
1164
1873
240
24
170
488
1963
1490
1801
278
674
1970
720
1882
1156
1088
298
1902
1813
1882
634
2218
164
540
720
1826
2140
2022
1350
654
2314
1923
26
1966
1570
2119
604
658
1844
1298
734
436
352
556
1757
10
1890
1895
1841
2168
806
2
652
2119
1954
1096
1390
562
2186
1478
172
1333
500
2043
1170
742
1548
824
2423
310
1933
868
1922
240
1913
196
232
440
2045
1044
1708
832
634
1794
36
2188
1909
1216
188
1993
1590
1722
342
1725
104
378
570
1750
1834
1212
1724
1806
578
136
510
1952
2232
1922
476
448
1741
810
256
578
2103
1496
1110
1874
1324
564
1784
658
840
590
1230
1861
1854
2272
232
374
468
190
892
852
316
730
1868
264
1524
128
1370
1160
706
1246
1798
1412
2635
576
2071
1794
578
638
250
3230
1090
166
1254
1853
1260
846
1806
2129
1885
2031
1310
1396
52
1494
2099
980
1976
744
974
1817
394
1627
1056
1252
458
878
450
1580
2070
1513
590
1406
1975
1987
2067
