1122
2238
2018
1940
794
356
1138
2101
2676
1807
2179
2010
498
1524
362
1118
2260
1732
96
1026
168
2314
530
2076
998
1739
2212
1935
162
948
1648
1318
1994
910
2035
2044
1266
1126
1753
1028
1541
1991
1701
1726
1622
40
1718
620
190
1738
1757
660
2142
56
2150
1138
1866
1868
118
616
1490
1824
1820
1743
70
1953
4
2152
730
710
2010
2064
188
1822
1845
508
870
1827
260
1930
420
1296
728
1900
2190
1656
1356
1843
1312
418
2038
2079
866
1775
2077
584
436
1680
1242
2024
1470
1720
2041
182
1142
1844
1974
38
2070
1212
2100
604
62
432
1969
1747
1912
1910
1950
1552
810
1112
762
2299
1606
1965
2013
58
32
2138
2015
324
108
160
1998
722
164
614
1657
1891
266
1204
2139
1100
1446
2017
1730
268
68
1690
414
86
2350
1636
1450
2144
1801
1532
914
1646
1844
2119
592
1982
2033
80
2698
1619
2045
1787
1607
2488
592
1658
1720
446
1947
1847
2180
4
472
1876
1382
1058
1683
1234
1732
2077
504
1198
1831
1977
1937
412
152
204
2096
2275
1996
1446
598
2073
1815
1691
2030
1874
670
1708
684
612
1819
2035
56
2133
198
1044
256
878
1066
634
1314
1722
1946
2081
4
1974
996
242
182
1757
88
2054
1648
1915
1720
2073
2117
2278
500
386
1832
3668
1765
206
2493
332
554
860
138
2044
138
1703
1818
676
2004
1950
1981
2073
1681
812
1456
1068
406
2198
1961
1418
424
456
1110
1906
62
826
2061
1720
926
22
1854
1200
390
2214
170
1876
1751
1883
1572
1224
1718
314
724
1732
182
1032
1996
1180
1138
314
1984
426
272
1816
1332
1114
2106
2059
788
1758
918
1636
730
50
1780
620
2096
6
1774
450
1823
2446
364
2016
1224
2076
804
1937
744
1771
1328
72
1872
462
1580
706
1008
1888
574
1218
1838
1180
2008
962
1402
2153
740
1748
1886
930
678
802
2041
1218
888
1434
1004
928
1916
364
850
1750
1899
2008
1988
682
2314
1498
668
1540
320
264
1929
1939
1474
594
2047
1863
2157
1665
1000
56
20
3313
974
1995
1892
88
2079
356
504
950
2008
4076
236
740
1866
1644
524
914
1032
2133
1350
1892
