1847
1835
778
554
588
2102
1839
2133
2001
1050
666
1098
884
1332
496
1982
1842
850
1945
2108
2166
1096
1228
262
1108
2035
2109
54
1774
2220
2206
748
1801
1983
302
1908
276
838
1716
1816
86
206
324
22
1861
1650
1761
1082
1896
1979
1826
504
608
1646
2319
1340
376
1410
886
606
1974
1704
498
1980
40
458
1873
1990
1102
1766
970
2000
1740
2295
1892
1886
1905
940
812
2146
456
1811
2718
1750
1958
490
1190
354
632
520
872
1636
1996
1454
112
440
1510
1614
796
1941
496
1929
896
274
1675
868
794
2319
1426
1962
1643
1184
234
2033
10
1202
1210
1458
808
838
1903
220
1812
1927
94
2070
1938
1806
734
1767
2152
1917
280
584
1078
2007
1781
1779
2512
1709
1676
1887
1864
1741
576
788
890
1850
1048
1823
566
874
1140
1876
1586
2063
1144
1944
1852
1929
2233
566
1508
1338
1928
2115
1824
1172
66
1698
1398
2067
494
1748
1884
1266
2016
108
1512
1498
26
254
2066
112
1052
1705
2066
2003
894
354
1686
1716
1810
1742
1897
600
1895
714
2122
502
1900
2273
1124
300
2050
574
2192
1965
1817
122
1775
1653
1004
1774
1166
942
1812
1582
430
118
1953
2027
2315
1790
476
288
1788
1879
938
1054
1380
656
2214
200
1617
228
332
2044
1935
1822
124
2192
1420
2287
1938
1948
534
48
180
590
1930
26
1112
282
1076
806
2038
210
2046
688
884
266
26
1102
1827
786
1268
304
1246
1158
318
942
708
1598
6
1318
754
544
222
1810
1744
250
304
2005
1753
636
304
2356
362
1436
1072
1358
3592
1702
1817
1818
1895
1572
340
1495
462
2024
746
1928
1218
314
2796
580
1918
948
2016
342
1444
1992
1896
594
1524
1190
1950
100
1933
1962
2104
2516
2118
1730
1522
1076
316
2195
264
384
1864
1488
742
852
320
2070
1138
658
2119
2073
410
1640
352
330
86
2275
52
296
662
1224
2165
126
752
2014
1834
1272
1488
304
1753
1686
1982
1761
88
200
2058
570
1965
1432
2128
330
1770
1516
10
1718
2185
66
438
2030
896
592
1184
2179
3508
1876
1810
2096
1913
1252
1448
1012
1716
1883
1778
256
288
1817
1903
712
