1522
1514
1982
172
1787
1418
4
1434
1766
420
884
6
842
1864
852
2025
1859
100
1863
114
464
2049
2062
1082
590
2227
2102
1736
360
272
394
1094
2055
460
1907
356
1901
976
294
1855
314
1592
418
1988
1345
364
1794
1340
1934
624
446
190
1374
156
1971
218
1420
1923
248
1661
860
1894
1482
1912
1830
918
922
1890
2066
1404
1506
172
306
1202
992
3786
1888
1917
1859
1854
1430
442
1819
792
1050
2150
2000
270
1893
2030
2557
332
1983
254
1632
638
350
1648
238
1821
1762
560
1098
1632
1981
2028
2033
832
1306
234
1791
2266
1913
560
2216
830
2122
1000
1240
738
2022
1330
1822
2076
664
1990
2675
286
1900
1182
692
1950
348
1905
1931
794
476
1894
1884
1556
2270
894
1848
556
932
20
1106
2055
408
1322
1494
896
1942
1697
922
1751
564
386
888
2001
1630
1018
1593
1907
48
1872
532
934
1929
644
1718
438
2058
1983
1492
1888
108
2026
1542
1570
1630
1544
1608
1932
476
2068
8
2054
1862
1694
210
256
970
1030
676
1786
2158
2107
368
1756
1354
412
1974
304
1832
84
1638
1190
290
1593
1959
2154
1064
246
1092
30
1762
1769
1792
894
2070
1058
1470
1292
194
2102
886
326
1823
1114
80
334
1296
366
430
440
450
2196
508
1810
460
2117
1651
836
1544
806
1846
596
1138
1422
198
1850
562
1844
1128
980
4
1754
1912
418
790
196
250
344
2007
2008
1988
770
1362
2646
2838
2192
262
1368
2275
146
1660
474
1964
1182
1254
1855
1953
1754
2118
174
1218
882
1768
260
612
596
634
496
200
1588
1138
1108
1946
1737
2102
172
298
210
332
2092
768
204
1008
1408
564
1472
1132
832
82
460
1668
754
2022
2079
1888
2324
720
2354
326
806
1971
1316
2266
1864
90
3478
100
552
1590
1912
1579
276
418
1348
1524
412
1330
1246
1978
1791
56
2
1582
34
848
1120
334
924
1832
1671
1406
1994
1716
1580
1668
1762
1682
1008
818
934
1802
870
1776
374
1858
1774
30
1602
2114
452
2311
1256
2106
1785
424
1602
1310
908
1991
1554
656
74
490
368
196
690
134
2220
2016
1830
726
484
434
1652
