264
822
1762
862
130
312
1970
1044
1870
1951
1596
1938
220
572
1262
1574
1784
442
1890
480
1942
960
1939
114
1544
1737
4116
72
2440
1555
1228
2070
1787
1928
804
178
1008
528
1774
1194
726
382
1683
138
102
968
1755
1612
2484
292
198
314
956
1438
1775
1620
960
666
1234
16
1872
592
698
1962
1312
1977
1768
1230
1782
778
992
1474
1884
60
1068
896
1825
740
2116
1925
714
434
168
1230
2434
2071
1935
1462
320
106
2021
854
1338
440
826
412
84
1542
852
1982
948
446
1906
1898
2002
2315
610
1340
1694
784
1972
2138
684
826
1640
356
1392
594
334
318
1806
2008
1208
1086
1835
1766
1817
170
326
2155
1092
92
48
482
1906
2189
158
122
1522
186
1852
932
698
1792
1648
1998
2142
1733
1292
694
1484
26
1322
1324
2132
1964
322
1967
2072
272
1890
1613
2016
1448
2182
1390
988
1741
1730
136
1890
712
1967
186
1993
260
1226
1056
1638
1989
84
36
492
634
1899
2545
1386
1995
584
2338
252
86
1512
896
332
12
178
1958
432
630
1526
1777
1222
546
1956
2914
2150
1040
1652
894
2183
1707
1918
410
2162
1154
340
830
2476
40
692
2189
1655
166
500
1896
1462
616
446
256
158
2119
1618
2037
856
1813
1775
1964
624
460
1861
2140
1902
260
2061
238
1920
338
1944
1712
266
1420
660
1134
494
752
778
1216
840
1675
1260
1696
1818
2014
532
1072
1712
404
762
166
2132
1959
1963
624
62
116
1138
1540
2598
208
408
1686
1124
1376
1950
2029
2083
1136
234
562
1892
18
1120
1038
1945
786
812
1628
1842
284
120
1937
432
764
442
310
2001
1955
3232
1028
908
634
952
1310
1002
1930
1384
1909
478
472
110
1557
2040
1687
2957
1757
1906
1350
1318
2070
1916
2126
1730
1738
2014
1778
220
136
1764
1190
1056
1982
2359
1380
540
246
516
700
1831
948
1208
1921
1757
712
750
2798
6
982
118
1274
834
2103
2048
1629
666
1914
132
2119
1991
1518
96
1702
1753
662
396
478
1364
408
1884
1450
450
148
196
486
1692
1760
1860
1026
416
1956
616
1825
1919
1258
1100
1314
1090
1808
352
1681
