700
1862
2006
804
880
658
448
218
122
822
1994
1897
896
2075
1562
1460
2110
788
1134
1871
2001
1875
304
1926
170
1824
1364
106
1923
2194
2639
204
1972
272
1666
2038
476
2107
1126
704
792
452
2103
1897
1108
1872
882
1492
1082
2150
566
530
618
906
172
1932
926
1912
144
2195
4722
1462
918
1722
1871
432
1280
1706
812
1907
36
564
1884
1846
74
1940
536
636
1905
1606
2000
914
2152
1012
282
368
200
874
1604
706
2944
1392
1916
1114
2119
1512
682
1092
1963
752
1589
356
2028
2054
1724
258
2055
182
2238
794
290
1506
1204
1900
460
612
1862
682
2073
1144
160
22
1356
1134
500
506
1902
426
1927
1569
1945
1072
1122
304
668
570
222
738
1918
1733
1048
1753
332
912
1634
1890
1252
1930
796
108
1098
1816
1539
1058
1740
2123
2072
1782
368
406
182
2115
1888
1690
990
896
494
130
1744
28
1643
538
1018
1216
540
310
806
66
1630
1900
284
546
1194
1358
2134
1994
672
76
1867
1861
1997
1805
1948
2044
2134
1869
1250
2092
1929
2468
2031
642
1827
238
1577
196
92
60
664
1404
1694
1502
168
1598
1993
2073
368
2011
1256
1833
1924
1906
134
1022
1740
754
2102
48
1520
1906
184
668
1032
858
1664
1688
1953
1819
1562
1080
1855
1038
932
2060
262
1879
2052
572
2065
212
88
128
1965
824
672
1953
576
448
1975
284
1929
354
2239
554
1769
706
300
814
2177
122
1768
1627
2354
800
2399
1816
1082
170
1182
948
938
474
412
1916
122
1170
2035
832
1024
2192
90
1382
112
384
1927
2142
1927
1730
1883
1733
8
2108
2044
1076
1914
1324
1744
1589
1346
106
2019
1561
358
1540
458
1998
2194
278
32
960
1046
1660
2351
1840
190
1898
36
706
1218
802
112
2221
1994
304
1943
26
102
1498
1452
1840
1264
226
1648
770
1895
538
158
678
1972
1392
642
92
2243
2078
2235
56
502
560
2107
1026
1805
604
1977
444
930
1836
1645
270
1128
2009
2011
2058
1130
1953
212
1550
534
2146
1933
546
2009
1698
1236
2074
344
126
1332
294
50
2053
1671
88
232
1974
1262
212
1771
1938
558
206
