460
2243
108
24
1705
844
1825
992
1970
516
80
1004
868
1336
126
198
1903
1112
580
918
1765
1284
610
2074
652
1707
794
400
2416
1376
1991
472
1827
2062
1962
894
1973
2096
634
1627
1970
774
882
1728
100
2439
24
2067
1872
2319
1802
1941
1966
600
1422
1316
252
1688
1987
2166
574
496
780
1962
80
578
500
1976
2062
828
1658
1997
1938
1736
1729
1999
1966
1198
1740
290
322
2282
1474
1775
2436
1682
1022
704
100
2062
1462
644
1886
1847
32
2157
136
344
2208
854
950
1948
2074
1522
330
300
1789
1846
2103
1980
182
1090
630
660
2618
2203
724
1078
782
1999
630
156
1010
1604
274
1760
1386
2055
1134
2008
1815
1987
1382
1640
1991
1382
904
670
174
1042
1612
350
60
464
1124
534
1855
746
4
714
1126
52
262
1940
2072
1236
692
1444
710
2070
374
1791
1366
508
336
1310
2120
1718
996
822
1314
2259
1640
648
1743
644
2293
1808
998
584
428
1636
402
224
298
1938
728
2033
306
1825
306
2133
1689
1390
1976
714
810
62
478
1945
990
678
422
116
1667
28
44
274
178
400
20
1334
88
1198
2118
434
1364
1452
1863
134
2236
938
58
280
150
1959
786
494
2039
1398
1682
1967
2236
2038
1770
1863
1316
808
324
2034
1294
1795
1956
116
56
542
1989
1764
364
2116
1264
1546
1820
12
174
1830
312
1930
1352
1797
296
648
1962
2235
264
1022
558
1036
710
2274
2060
1284
762
1735
1078
1643
1735
2432
1955
3662
2026
2307
558
1362
1628
1913
1974
2234
592
1134
884
1893
292
1756
1252
1677
1994
844
1070
2050
10
1968
1850
434
1512
2092
714
1995
1645
1936
1150
1875
1380
1014
1993
378
1844
2577
1583
96
1608
1751
432
430
2322
1906
282
2356
2070
1949
1928
3312
1306
450
1904
1002
588
872
1744
760
328
1412
746
222
1604
1944
2149
368
1856
1558
86
1430
1352
1060
1699
388
512
266
1994
686
46
1727
1320
1124
146
2015
208
2014
498
2225
1660
1504
408
1398
304
186
1156
1038
1364
2492
2105
1915
266
2105
1670
338
2133
1922
2045
2332
326
1712
2342
690
806
44
1968
280
1474
1581
