1880
82
412
722
1841
548
1893
2051
1896
490
1939
138
388
464
1380
1814
1944
2051
1817
222
2560
604
414
180
2258
1906
1232
1970
304
2838
578
622
1760
1993
1784
1892
1811
1570
1156
1062
1791
944
54
528
76
382
1864
1330
2318
574
1573
1166
1114
598
2130
242
1154
364
54
1278
1290
1112
1782
2114
564
966
1997
1368
1964
1122
1958
120
2146
458
1026
410
140
1100
384
446
1960
1572
826
54
2199
1266
802
1438
562
2185
1018
214
366
1806
764
142
1052
2048
1660
1564
1914
184
1889
20
1881
76
20
190
1951
1572
1796
1923
1945
624
786
1600
2236
2153
1770
824
2156
526
102
1940
224
160
170
1150
1706
1970
1342
302
382
1766
572
1962
628
1909
384
1661
1168
1648
1302
1978
1859
1108
396
2136
724
1416
820
2051
216
1722
1540
444
812
1268
1084
872
1490
496
1280
1718
396
1226
98
748
672
2220
1234
1930
100
876
1136
2133
1977
2012
740
1993
876
860
1667
738
1052
712
510
590
1138
806
1000
1766
168
1692
2102
2112
510
1138
1975
2100
1691
856
916
1613
1142
1456
2273
1594
146
152
1002
2026
726
20
200
1946
762
1968
726
880
1963
1088
4
1084
678
778
2500
716
10
770
500
756
510
1933
752
498
1723
824
926
894
852
1416
332
1800
360
1878
1856
648
1178
1022
124
1650
416
704
468
1526
1146
160
1220
1870
2196
534
1446
910
758
2037
884
278
2152
330
188
1799
1930
2346
1963
1502
406
1202
902
2092
1843
1232
522
2070
1110
338
406
2548
634
2039
1082
1728
8
128
456
8
1935
716
1948
620
1674
1944
2032
2034
1902
20
3010
1922
2071
646
1926
1732
996
1280
760
82
1656
1310
318
44
1421
1842
2071
1110
928
1118
72
768
2026
40
888
150
1026
1968
72
1786
320
160
1933
2081
2055
1082
2839
1431
1936
1054
1916
362
1819
886
1963
2010
2018
166
1538
1450
1038
2123
1714
554
452
710
398
1942
438
1821
690
2036
2023
908
1148
1651
2356
1076
2038
478
1942
1849
1294
710
1985
718
188
340
856
2013
38
1328
1359
1336
1118
1950
1651
1792
1894
1338
348
960
1906
1726
