2082
518
1808
2180
682
1780
1961
612
1959
2092
636
366
616
194
122
914
888
1900
1204
1076
170
36
2058
1808
588
1048
2054
1866
2378
1080
334
1614
2009
1629
262
630
590
202
1992
1778
2140
1760
1915
446
1544
1704
768
1792
670
386
304
946
2174
342
496
1766
1767
1951
908
536
380
492
154
2
2088
1118
62
1898
522
2019
1146
656
490
1826
2279
622
424
1160
1642
1198
1428
2051
2277
1731
2471
124
1364
414
1830
600
224
1786
86
990
526
2315
806
232
394
320
874
1134
1030
2022
1928
1871
284
670
2010
610
126
1902
1536
2168
272
134
1828
1496
1980
1322
712
1176
894
2022
206
1816
686
2052
1270
20
2398
486
1876
1673
628
1873
834
330
1112
36
1412
322
518
2006
1188
632
1981
1782
476
442
1919
2398
2518
1765
1536
454
658
630
1080
476
802
1981
70
1979
2100
2195
1998
44
548
988
2274
2263
1166
1570
1594
1056
1180
2219
256
560
1850
1983
892
2102
1926
2150
1831
2233
1797
1338
1801
646
614
970
1142
114
2271
252
1584
1785
460
2076
164
2110
1816
448
1858
1959
2071
2140
1312
1764
1878
940
418
1778
708
196
1618
1156
428
1995
522
1220
2031
244
654
1837
466
840
1268
106
1466
850
1256
2102
92
1871
156
970
768
704
182
1813
70
1896
144
1827
2088
930
2261
962
1390
136
1620
408
1990
442
1124
1813
1774
1256
192
94
642
1544
2039
964
980
2190
686
1350
70
1401
754
626
1842
1754
1915
2110
534
930
1654
236
1746
266
1679
1748
1198
1567
1860
2052
1192
1769
158
2471
1308
2102
1792
1920
2277
918
1876
1768
1720
1925
1805
2478
2071
1142
1933
1474
792
1020
1855
2010
360
2272
1837
428
504
358
230
648
732
1372
1856
2089
354
1918
310
126
2227
492
1670
1616
1388
518
594
1058
550
2278
2066
2193
36
456
526
882
1385
738
252
232
2229
70
414
2243
218
1987
2111
702
1616
1146
374
406
248
2038
262
1598
1762
252
1176
4
1364
136
1797
2271
1886
1240
1418
1912
1662
820
756
400
1764
436
272
570
2318
1354
60
1328
2087
2058
482
1625
1771
506
96
1803
