160
2278
2077
1322
958
1060
2050
1388
2111
1680
952
544
72
1802
1318
1302
2026
2050
2296
2111
1538
504
2189
2215
1868
124
1232
2156
2051
162
1843
1132
1601
128
1628
1993
1744
278
1924
72
252
1880
160
1818
1474
454
1792
2165
854
1288
280
2291
2146
958
1976
92
4
1530
294
1334
330
2204
818
376
1700
1777
1372
354
2165
1762
2236
1901
1988
1722
732
1002
1484
1979
1438
2180
778
2194
1995
1789
850
1418
564
2077
666
1753
1840
1498
190
628
1060
420
1983
1734
138
168
502
2074
250
1822
2048
1544
338
2030
690
2393
318
270
1915
2950
224
1810
1784
1488
2124
1937
190
1832
1742
2080
992
1582
1832
100
1900
1926
2347
2049
1986
1813
646
584
2272
122
1582
1972
1348
1907
1742
2141
1512
856
798
1126
1992
774
1766
1655
2062
1832
566
450
670
1830
242
1813
1614
2558
1020
1444
1884
1893
918
1603
1358
1170
2076
2006
2077
38
2013
1935
1860
2088
702
2022
2063
1626
2045
936
2085
1398
752
732
1098
2149
1692
1801
168
1280
670
1836
366
1588
776
2023
892
380
1744
596
1858
1546
802
2468
408
2070
332
1957
596
1208
2237
58
990
2032
1704
1972
566
706
1948
222
1591
2028
1618
1892
1905
520
1934
204
1106
1935
1604
2015
970
142
1426
1924
1314
2004
144
1660
2419
412
122
650
106
2
1270
326
1144
1898
590
2012
104
162
1950
1909
1302
700
1728
2026
2157
1320
74
2004
80
238
918
1832
1861
1146
314
920
1656
1178
528
1894
440
512
1784
866
188
734
238
1364
390
32
1820
4
2100
1935
1992
1805
2022
416
1794
1992
3228
890
2124
1272
1990
1790
1458
284
564
236
420
1636
1752
1074
1579
70
1917
200
384
1718
412
178
198
336
1312
762
2140
156
2112
1878
534
1146
1870
1904
1480
1998
1258
2260
1910
2276
590
1458
348
378
50
2017
114
648
1918
322
1746
2098
1840
864
1694
58
2051
2180
2185
342
1812
1206
26
2075
718
1860
1036
98
1098
2126
190
172
1951
1787
492
88
430
1987
810
3117
888
780
202
926
1909
1140
882
1326
1808
956
1436
1194
2102
1392
1446
1825
364
70
1935
1687
