2042
468
2197
224
1350
648
98
150
1388
2058
774
2190
1701
2099
542
2041
1753
304
298
1826
2116
636
1839
1146
1892
2064
1553
2024
2127
644
252
1954
1849
2147
36
938
210
650
2150
684
10
1314
1747
2001
1677
1392
1348
1913
190
680
2113
556
1925
1464
1378
1674
1372
1895
2492
2084
1870
1410
252
1936
336
994
1898
1088
1951
2111
1832
2054
1896
1713
1202
1038
1742
1960
1956
1491
1010
890
2093
218
2110
36
1304
1957
716
598
762
1238
856
2073
1610
458
1831
1561
1462
84
1573
2108
1136
918
938
1833
1184
2085
204
1278
244
1304
202
2169
2006
1516
1298
1768
248
470
2051
2142
1288
1234
440
1761
1865
2065
678
1726
586
218
2081
216
682
1054
1038
152
1940
26
1144
994
2322
1014
1314
2032
300
1901
2262
118
1875
1168
3436
366
1912
1959
1180
606
2193
1908
2193
1572
2015
1424
2136
478
1626
1698
590
880
18
1590
792
230
496
196
166
316
310
578
918
606
24
244
1923
1364
324
1582
622
1266
118
1344
78
1716
1592
556
758
2237
950
1851
1697
1796
2110
1709
474
760
2399
1792
306
1737
1690
238
38
34
2114
1328
1100
2168
982
716
2163
310
2085
704
532
1700
64
752
1562
1144
1326
324
788
774
116
280
920
838
570
1995
654
6
1835
770
2148
1901
1328
214
2043
896
590
760
2062
1010
1784
372
1246
936
726
1420
1930
1902
1650
1678
1970
1278
320
1866
2211
1811
1946
1952
1654
590
1114
1765
1504
2195
478
794
988
1896
2652
678
42
1502
816
1158
114
2212
1754
2092
1048
1698
1778
1827
624
1930
2034
234
1232
1840
1424
2088
1917
1879
1663
2206
1787
1907
1918
1545
1402
24
126
320
1951
1318
1943
1930
10
1761
1995
2278
6218
610
1574
2399
2276
274
1198
2450
656
1982
1230
908
1138
938
1716
772
2074
542
1278
1939
1911
1847
1246
118
1340
1922
2036
226
1282
72
812
520
1036
804
1864
2057
1916
2063
788
1768
1088
1924
1881
1674
2236
1640
1682
1984
200
978
1565
2054
636
1044
2136
398
1256
902
730
388
1996
1378
2157
1570
586
1080
1503
1456
1854
60
1630
1584
1786
2016
1455
1876
