146
230
1870
2075
1540
2132
1908
1911
1192
1865
814
2251
686
2352
1901
1798
2060
1805
1900
102
166
266
468
2070
2077
1848
1721
1096
302
374
1959
768
2022
2060
1386
1874
1022
2058
1464
480
22
298
232
2069
1906
562
194
2039
896
504
78
540
2291
1422
464
600
1622
1914
1992
2291
2481
1746
514
2018
150
1720
1765
1018
1392
1769
2075
1933
4
1808
1082
1158
1172
1306
100
146
1374
1894
1734
698
1825
2270
854
204
744
2508
1848
954
312
1608
2078
2168
826
1092
2212
46
1724
562
642
262
1797
1989
240
1946
1360
2169
124
340
742
1016
2109
2317
1092
1818
1730
110
1372
1542
76
2114
668
866
1871
758
100
2024
2067
1374
426
1560
976
1853
1907
2014
2112
1928
554
1780
356
1184
236
1084
390
234
2520
234
506
1831
896
568
2221
724
1144
1832
858
958
1394
2688
1843
406
498
1801
758
2007
1940
1851
2086
1986
2109
278
1595
956
1336
1618
682
536
1776
1823
70
792
1867
2064
1901
2
1884
1790
1574
2113
326
2031
60
912
1851
904
992
1694
2003
824
582
1164
1280
828
194
1882
112
1374
1820
1654
924
2828
178
1926
730
1270
2040
1713
86
2111
1052
694
1658
1699
454
1781
1824
1132
812
1944
1822
984
1290
1250
2023
1837
498
1516
2099
152
1921
1562
250
318
1911
1082
678
1524
2004
1104
1588
1825
1900
1392
466
1661
1862
1675
1278
190
2051
238
1724
886
1861
2036
1110
2023
744
1224
1707
1488
176
1711
1832
410
1594
1692
1698
2219
2058
216
326
1272
1966
902
1262
758
1926
1889
1831
1194
1816
1503
1576
1648
1572
974
1574
1932
1997
1792
1849
2032
1885
2002
2070
2547
1738
1838
860
1577
530
1062
1710
2069
1310
844
1503
166
550
1044
2278
770
192
112
2236
534
1108
62
1760
1030
1286
1887
1326
1721
26
2455
1526
1722
1518
1200
1994
1734
1602
1665
1808
2031
2108
1985
1324
1176
1762
1058
664
2101
1286
360
1474
988
2212
190
448
1944
92
708
1815
2283
556
238
348
1288
454
2328
1568
1900
26
700
588
264
1797
1172
1346
1032
2094
1198
1212
840
1896
1972
1916
2354
1768
2026
1928
366
206
76
