42
1949
504
40
364
2235
1184
256
1006
1908
2014
2402
1470
308
728
1634
1715
2110
64
1028
1580
22
1462
1922
1974
142
2056
1944
2198
2022
2033
1442
12
1728
1938
1478
1182
1132
1072
640
1464
126
524
1400
1944
1741
1769
2039
1573
1788
782
1729
980
740
1772
2031
1811
1868
2117
558
664
2025
916
1442
1877
410
976
334
1744
156
1938
1938
1866
1244
378
254
1948
1088
1440
1416
1970
848
1610
392
482
1990
2031
1384
2084
1370
2026
1452
24
1662
1432
1412
1900
1592
790
1959
1527
442
146
90
1961
406
766
1942
2102
1610
1872
1945
1797
678
1979
1914
596
1460
1660
1853
1919
2065
818
1708
944
818
968
316
1284
270
532
380
1647
1440
78
814
1758
1594
1422
1963
42
340
520
1440
1664
2191
1230
2137
334
2001
194
300
1698
1891
1660
52
1974
1873
464
766
1888
1496
274
1771
1076
870
1944
1904
1314
1880
918
1986
2014
1148
414
2137
1907
1194
562
2051
2084
1980
624
552
1980
1480
94
1618
1924
354
306
256
2017
1346
1044
780
434
1014
658
1018
614
426
1695
1848
34
1958
558
1962
1655
332
2027
940
1736
1813
2196
2220
1748
1717
1614
194
574
1809
1951
852
1052
1784
1824
302
1404
304
1736
682
690
1642
798
1294
506
2554
2053
1422
1794
1689
948
628
552
1697
2159
1692
568
3177
312
1312
192
1860
290
1776
12
592
574
132
102
580
112
2353
2509
1935
90
422
2084
1820
916
1895
2052
1088
974
482
1864
1858
124
466
872
2015
408
492
744
1881
1766
790
1821
1798
524
490
922
424
916
704
1925
1991
164
76
1526
1528
1778
752
1312
1722
1979
1638
5488
1950
1968
1108
446
404
106
364
1688
1380
486
1246
1550
2439
2360
616
58
122
1556
3389
1992
1958
248
534
660
390
1957
1172
498
1114
1176
2136
2062
2038
838
1018
410
1675
1749
726
1062
1970
1967
2217
1858
1691
682
1811
988
2051
1152
808
1042
1674
1707
944
1652
714
1766
2049
722
54
1934
2032
1872
82
1949
1718
410
1758
1952
86
2146
2039
1899
1990
2048
330
1532
2069
66
4
10
1550
284
1586
1494
1914
702
22
410
264
