1863
406
710
184
1546
2399
1801
2219
1617
580
1776
812
272
1558
670
914
1158
138
488
1702
2556
916
1186
482
200
950
1821
446
1748
348
1568
1961
1730
2141
176
2074
1957
824
1804
2165
740
1054
1793
1050
174
1970
1820
1212
1678
80
1182
1762
1767
1892
1422
324
1812
1990
176
1765
266
1906
1865
916
1084
2187
888
1264
152
1028
276
2240
552
192
1716
2236
314
1932
1816
2157
988
308
466
2096
278
1406
842
630
2043
524
2235
2029
2031
1988
942
1960
472
1932
1738
1761
804
1830
1939
1534
1134
304
1882
924
684
228
2196
1122
1996
1965
2277
244
1770
1820
2112
988
2145
1864
1814
1930
1807
838
92
1492
2106
2097
96
810
84
1568
358
720
1943
1795
2063
912
1711
1376
346
236
428
254
790
1781
1996
416
1962
1948
1568
2038
1558
862
1700
1790
12
1012
1148
1848
1932
1116
1892
2064
1260
366
1322
422
1995
1764
2073
1465
938
924
168
764
372
966
1784
408
1318
2076
634
364
1056
2094
1735
982
82
2062
498
410
92
528
1424
1650
768
514
1825
686
1624
1232
808
2112
1520
72
536
926
1664
1032
646
1926
540
676
1874
776
648
1470
248
166
2097
1130
1673
1503
1260
58
466
2096
322
1652
2634
496
256
1310
390
712
2122
1773
468
2097
1512
1884
2229
2026
2070
1901
700
2252
1860
884
366
1734
490
1432
1306
1948
2051
566
1130
1997
1210
2335
946
1867
1500
708
330
448
1952
498
2020
1991
1544
1784
954
2071
942
844
1663
1802
1744
2094
1765
1595
1970
1324
1933
894
1182
1822
1628
852
1766
1959
8
1957
2230
1786
656
776
864
284
1074
1824
2010
676
2024
278
1360
562
904
1870
132
690
452
1892
422
82
1997
218
2240
436
1746
580
1776
1670
4018
1416
840
1754
1116
1536
1891
1182
1392
1822
1740
164
336
2154
274
2236
6
950
1236
20
1551
500
1232
482
1806
1016
1440
666
1974
680
1702
1262
1871
1438
548
1122
2113
1908
990
936
630
1682
206
82
198
1969
1798
2319
1570
84
2061
2307
1294
594
1811
570
1995
368
448
1999
1950
2297
1076
1722
1542
2066
620
1352
280
1662
2106
3270
