1174
1066
2151
998
2028
488
368
1354
46
2044
1368
2022
860
1556
2229
1194
1336
874
2188
1798
832
338
1072
78
208
1624
2098
736
2030
812
228
1964
2192
2039
884
2024
1030
958
1863
284
1977
1862
2424
1722
2132
1736
1050
2302
1661
2101
1891
470
1286
1150
1750
1804
1606
1732
1340
990
3113
1462
1798
1216
1224
1942
1702
298
1838
2074
1422
1556
742
1172
1132
30
822
450
1284
1064
1902
2645
1288
492
1444
938
446
144
1656
2348
188
2357
1586
2044
242
48
208
494
2082
1692
998
1967
2094
678
1938
1656
720
504
1726
806
1937
2032
2149
350
784
740
1336
158
2
1120
942
632
1518
2118
1338
88
734
1280
268
936
1476
436
690
916
1124
636
1723
1872
2151
1915
1614
1651
1540
2184
594
2039
668
366
260
1230
294
512
132
1946
1490
808
2063
928
68
126
892
1809
1865
804
902
1940
1768
1948
586
598
398
166
1994
1022
1274
2150
188
1607
544
1704
1934
1026
1722
762
1746
894
144
2186
1690
1186
54
598
1372
1808
1028
1753
524
956
1198
1842
1302
2030
1824
1949
1078
904
110
1052
1937
1935
236
1959
904
1706
1332
1972
400
460
1906
620
1985
1494
990
1684
1530
840
1470
766
934
1754
2148
1888
28
1906
1918
314
1498
1000
1873
2239
176
1727
1628
2918
2282
184
2558
280
1506
264
1702
1820
998
2002
290
2032
2196
2037
1969
1086
1910
1539
1846
1578
2059
360
2062
1876
594
262
776
614
2305
180
1266
1474
1616
1782
2062
2063
2071
2137
60
708
1797
2032
1597
766
1372
1782
1662
2070
590
710
2005
1724
2188
924
438
1349
1996
106
1765
66
1038
2235
1984
1176
1818
1766
2134
3252
2424
1224
266
1400
400
2149
1010
1596
1424
1774
2084
800
4189
378
906
1815
808
1796
504
192
1855
922
1725
1977
2160
790
2049
318
46
144
1691
1666
480
492
1897
1206
1875
1136
1118
1190
2003
430
646
636
1975
2136
1991
1240
64
748
518
114
1406
1376
748
1828
1504
1884
1650
708
966
280
1692
1967
604
1182
2134
172
2128
1981
516
72
1824
1770
822
1928
706
1410
980
342
1798
1937
170
860
1782
390
1190
1018
