1873
1995
1250
2007
1092
2036
568
370
830
1968
422
200
2101
2016
1254
1833
246
984
40
268
1994
2010
1362
280
1296
1903
228
618
2002
2069
2153
378
1568
1180
2126
1716
352
1278
162
1314
202
1732
828
1997
1930
272
1670
682
2268
212
1050
2071
2002
338
1502
92
724
1968
2952
634
1918
2620
128
538
1727
956
1894
1798
2311
1548
1910
1070
1830
80
60
1957
2009
1512
1546
182
1908
778
738
24
776
2096
238
1276
588
894
2439
1618
2068
1626
302
816
864
192
1560
160
2220
134
2135
986
1891
2019
1860
2019
24
142
1434
238
760
1220
752
210
3642
712
1425
1997
1969
1178
588
1988
810
202
84
554
2020
1892
1788
32
1112
298
1886
606
1678
456
322
1833
124
108
4476
2004
1426
2195
1940
846
58
198
1328
1600
480
556
1470
1046
320
1468
1986
390
328
136
1748
1705
494
2214
950
1788
356
786
686
2090
720
1872
72
872
148
1652
1988
924
986
384
2026
2110
1378
586
908
1726
230
136
1628
1662
2378
1836
898
236
386
854
1310
2237
216
1504
1570
1868
250
550
1681
48
1914
2019
1982
1530
50
1561
134
1012
1680
1728
1632
248
20
2142
846
88
612
1866
1565
1627
1168
756
972
1407
1978
944
1629
1707
1983
408
1722
178
1775
1696
452
612
428
214
810
26
168
1430
2060
780
2002
2312
1246
698
1012
906
1062
1959
1612
1004
1937
1426
988
1837
1800
1010
1142
1753
858
1624
834
1953
2034
1913
1666
1050
1976
510
890
2048
1418
1080
1360
1843
614
1456
56
2268
560
6
1854
200
1926
6
2113
1876
1186
392
1883
486
196
76
1008
452
2900
2228
136
2456
2049
676
1584
1974
1960
1342
1286
1946
366
398
596
1338
688
2106
2166
766
912
2204
2312
746
1324
646
1729
606
1853
1931
1224
928
2190
214
358
2278
354
1804
784
1875
1923
1236
1665
2280
1811
1100
686
1582
1665
1863
120
752
2065
190
622
1689
1939
410
1372
2031
1947
778
1578
90
1316
1725
2009
662
1516
2356
1956
4
1926
2260
1745
1296
1146
506
2229
1941
1845
1752
2046
514
10
416
224
1828
902
1416
1120
408
554
2085
