2137
56
1310
2102
298
306
1754
1602
1623
196
1885
1982
444
466
1014
1410
1810
1854
1961
1036
320
1852
584
362
8
766
1869
1376
1878
1841
440
204
1719
490
2095
1964
1340
1822
816
1290
1752
1724
1682
56
1644
1542
310
758
1560
136
1364
1893
1498
1704
662
2057
1590
1620
1568
1614
1762
1730
868
294
694
1886
1570
420
660
980
970
1910
1736
1778
2032
1180
1524
1726
834
1198
1639
122
72
1016
594
132
2343
714
310
1814
3089
912
2028
1836
1978
2
2169
1869
68
1972
26
1882
588
1086
224
1342
1220
1294
1538
1924
346
412
1092
344
446
1562
1857
2315
2290
1825
464
1823
1927
2094
1974
1904
2082
1962
874
1048
1162
944
634
1728
266
2064
2109
1584
1782
522
1996
310
56
1914
734
1316
180
718
372
2180
976
434
1721
1969
1840
1482
1032
2357
238
1616
620
1784
660
2108
1669
302
2158
1916
1618
802
592
1812
1566
2110
946
986
2082
1801
622
854
1986
1614
480
762
838
518
1050
642
532
1812
1754
2232
962
1138
934
1817
230
1967
1822
2171
1871
58
306
774
984
1902
2673
138
1763
364
1036
1800
1484
1778
1700
1768
1813
1406
38
1700
1452
1966
362
450
1654
236
120
1812
2092
198
1136
926
2126
284
1765
528
532
1494
1838
712
1766
608
1783
674
1955
1896
1296
2079
668
1879
1617
614
2073
878
576
1843
1710
1953
100
1552
2007
1488
1600
1748
2128
868
762
470
406
1876
2673
1984
1212
1402
1422
1887
1388
1476
1629
50
1936
1242
1594
1558
1639
1834
1110
906
1873
1168
52
1008
156
1724
1582
106
2094
1170
386
1610
2136
762
1819
1862
1006
322
3146
1853
328
622
1997
212
1752
76
1989
1760
2110
1312
1995
1583
558
1270
1994
1228
2272
1386
332
720
2114
1740
1785
1678
190
622
36
418
14
32
372
2355
1834
856
208
32
1887
180
1799
330
1945
218
1814
2070
2004
230
1990
1770
1945
1753
1894
1903
2150
1136
270
1643
1708
668
1788
1820
2126
1040
42
1794
2478
1800
746
1881
1865
1940
1868
2639
2136
1916
1226
1875
1066
1949
542
1848
2006
1114
1713
580
888
2315
580
1516
1850
1984
1166
1689
