1522
978
1982
1896
1658
1244
1784
1806
2090
782
1260
1686
388
224
2000
2107
348
1136
230
702
582
2182
980
1696
32
1522
1873
858
1782
198
1977
1296
56
380
568
1719
1936
768
1132
1504
2273
1650
1870
112
1853
862
1274
140
1885
822
50
202
20
1444
804
1942
272
1991
1912
862
1824
3414
1529
850
1702
1482
1701
234
2874
1695
2126
846
1468
762
1324
564
1726
1809
136
2024
2091
70
160
380
342
264
24
2119
676
674
430
232
652
422
2110
1821
916
6
1901
2033
954
584
1843
1995
726
360
1956
2438
882
1230
1052
32
338
1716
2091
1166
1520
1066
1883
2033
1715
2126
1810
262
1056
1844
542
1909
22
102
1710
90
1344
1260
682
1656
1933
1560
12
1903
2072
1751
28
1916
12
416
914
164
3210
1897
1891
706
2003
428
172
444
694
1716
2316
1759
766
1840
942
1949
1932
194
2092
2031
1782
1833
336
1708
1974
1024
1555
184
1526
168
2092
786
2035
790
212
1850
1963
2301
1054
1544
288
478
428
1076
1386
1252
2001
980
558
2210
1086
1658
600
594
1942
462
2177
1468
368
1422
646
1648
1024
1799
1886
2154
2199
2007
1798
860
1975
1827
270
704
1899
1190
1230
772
1814
1944
2054
880
1916
438
1730
1142
1849
1924
34
2039
468
616
1696
1977
390
2028
2010
582
1838
662
10
880
1472
1306
1166
142
1813
220
210
564
1850
1586
1761
1032
2051
1374
2004
674
2001
1622
748
722
1484
1354
1766
2093
1468
1688
2064
2133
834
282
266
2006
2936
44
1548
2099
240
1568
1809
208
20
294
40
1958
2046
218
1883
1534
2132
1196
836
672
2116
2040
624
1611
1718
1096
1963
912
26
196
622
440
794
686
1781
2073
2267
1388
1896
1690
1500
134
466
470
824
926
2144
2010
1798
2051
1551
44
760
1704
1512
190
1995
438
450
46
212
2231
1667
208
1946
1562
414
1796
1830
1754
2154
1476
1008
1884
2027
1894
330
1572
1006
478
820
1995
804
2097
1869
534
656
1848
1735
1788
378
528
350
1466
76
450
1940
2519
238
1752
142
2090
248
2083
76
1190
1992
2074
2153
1783
2376
2015
1078
290
328
798
1350
1640
