1230
214
1881
1686
84
1074
1882
2150
2084
1952
412
1478
1747
1194
2184
1502
564
726
312
1102
2151
570
1766
292
160
1024
24
1050
66
1628
168
188
1156
2104
1468
1690
146
2059
2032
638
728
1658
790
2052
528
1038
1690
524
2104
1054
804
2291
2016
1976
536
1082
1701
1540
1796
1895
2114
1648
1726
172
1921
846
384
1720
578
1868
794
1464
2038
730
30
250
1995
1248
1863
1196
1968
2008
1396
806
572
1132
1982
1900
328
118
1972
1630
128
1090
1897
732
374
262
1108
242
710
1468
240
2074
1078
90
1062
1620
1664
68
934
2038
1837
1879
2025
496
692
476
784
100
2264
1210
1911
1966
1074
86
1976
68
972
1856
602
1876
186
68
886
1554
1354
578
2062
752
1372
498
2064
280
132
2067
1286
1402
1680
1960
1314
1995
1818
406
1092
2059
702
1644
468
1078
142
140
158
1940
214
1160
1904
36
1688
662
466
1863
290
1374
232
1572
2050
792
312
614
836
1943
382
1252
1198
610
1206
2032
2036
906
1342
2218
122
376
640
2116
2136
194
898
1981
1823
1846
76
3079
3438
2265
2149
2012
750
1176
2072
1516
752
240
1554
2017
818
1948
1626
1208
162
658
490
1500
1142
2000
2227
1194
1901
1760
2255
982
1478
1709
2352
98
624
1972
530
1716
1808
1901
732
1524
1096
1885
2150
1656
1224
2090
1058
1744
746
1046
1582
820
1518
30
942
1898
336
1853
1796
250
882
1904
250
1722
384
1644
3054
1737
1893
382
996
1887
1110
2116
1692
130
162
428
1831
182
1983
1474
348
934
1933
1802
1510
806
424
1360
1256
1254
1949
1731
1086
1918
150
1182
234
1811
1268
1885
768
1306
1786
334
1572
24
1852
1948
1054
734
1925
2019
170
280
1428
2238
2112
1947
728
436
2049
2052
366
1724
1684
2311
442
1899
496
124
212
2119
1983
426
2028
1304
714
2076
1881
496
600
630
1856
2051
318
1102
1833
566
448
2032
2046
2220
2115
1842
2097
2075
1934
1872
152
1828
120
1982
646
1752
2015
40
1770
1676
1568
2101
2019
858
1637
1176
1174
1020
2112
2073
2398
1700
2101
114
1884
2394
1478
188
246
328
1286
1642
1783
1559
1623
442
