496
62
1312
1764
1778
2257
1330
190
1754
1757
500
1682
1711
1770
78
736
590
2021
370
1771
404
606
942
2219
960
1556
832
1696
786
1110
142
584
1114
2139
1456
1928
1826
734
1096
106
1913
1818
1986
1840
1180
1060
1648
1775
1196
1604
1932
1685
1322
1808
1134
1094
938
910
2115
442
1882
1206
1923
88
1904
1981
718
120
1958
1472
1871
774
1526
1626
1782
1026
1843
66
1192
340
2148
4920
370
1716
1258
2164
432
1420
62
1746
1538
1176
1346
1627
2052
1524
1648
334
1130
944
1442
1644
566
2158
2097
1632
1092
2038
646
2439
1823
1491
1862
1248
678
2109
1699
572
518
900
536
1687
2012
2186
560
1618
4
2185
2
88
1932
298
1935
1948
1024
1136
2195
1952
170
1916
1855
620
1939
156
1708
322
236
2006
1949
844
1420
132
50
432
844
1582
2071
2142
1810
1590
1903
1570
1977
1970
2152
444
2039
2470
1614
1776
414
2180
2051
50
1470
166
1508
1432
520
54
1160
124
1941
1212
2025
840
1498
1566
1853
236
2276
1558
2057
342
986
2101
1764
1949
2002
1106
2150
2139
222
1092
920
1938
398
1890
1634
80
1312
332
1558
1504
1992
474
1842
1742
428
1228
32
66
452
1524
988
466
2019
1834
120
2060
190
1843
2079
296
1746
360
554
1864
394
1797
1942
2161
1210
244
1833
304
2133
2024
2171
1990
1603
2025
426
2156
756
1887
1012
90
2063
298
1690
1106
1198
2913
968
1522
158
2133
3278
626
564
1945
1898
884
1604
232
2007
238
200
2074
384
1240
1796
766
2028
586
524
2005
1778
1902
838
82
1022
90
1876
304
598
260
88
1903
1969
930
1548
1504
1983
852
1246
2167
612
1855
610
400
1874
1278
2047
2100
1092
2320
602
1638
1866
54
1526
2241
2074
146
426
248
982
1915
1801
2393
2210
748
576
156
284
2005
1042
762
552
576
2071
502
326
2135
2071
1858
1700
842
96
476
128
1665
1578
1020
492
2393
704
854
2102
264
1192
1472
918
324
504
122
1888
1138
780
360
1719
716
48
246
842
1816
2048
1818
1192
1832
428
2352
2203
636
40
2006
692
2477
2103
758
780
2460
1959
1946
1841
2556
636
1980
