1454
2382
2074
64
172
1336
1852
360
1630
330
1712
100
18
176
1852
954
1322
1770
2221
996
108
790
2132
1998
1554
1286
964
622
734
1885
2150
1382
958
404
284
1864
1947
1875
2141
1360
1408
424
904
1000
1802
1976
1803
2583
706
1744
1719
550
984
1751
2013
282
158
1472
178
2032
2186
162
1696
1030
1721
88
242
338
966
400
1636
1228
948
1202
1466
606
966
22
1898
694
2278
1698
754
1624
1834
2034
782
1252
944
1086
66
1852
184
1502
266
338
1872
238
714
2075
482
1870
2178
908
1912
1306
1951
724
188
1444
968
480
1607
1086
138
1832
1786
1619
648
644
394
1928
1939
1915
792
1630
1909
1793
1661
1006
1244
112
1060
428
1940
2088
552
1700
342
446
1630
1448
1096
962
1396
330
1790
6
346
1416
1914
308
2091
1776
1989
1260
1294
702
1775
210
414
2941
338
1894
1104
1674
1428
2804
270
1282
1610
1282
1440
1826
1402
1801
848
176
2230
356
664
864
238
1594
1812
898
1988
1873
854
1800
1344
222
2117
84
2220
2070
1762
602
1903
1815
1144
1976
1634
866
1024
1388
1492
1978
1900
1742
936
1939
1708
2028
1448
1090
1828
1653
1934
184
482
652
1672
1717
1900
586
1164
1865
2125
1402
470
546
2164
512
614
2012
1713
1908
1935
1214
492
2158
1626
2258
2165
1494
1886
1826
294
1798
1196
980
1508
1757
620
1886
104
1452
304
1832
430
254
1970
848
2317
1628
1674
406
1386
1823
2011
746
608
92
1900
1624
1796
1064
1630
910
1910
640
2039
1088
1927
1966
378
32
1754
1928
624
1726
666
2031
668
426
1803
1130
606
358
2090
898
672
1793
1686
18
612
1144
630
832
2018
148
2598
1946
274
854
2047
1026
128
302
1785
898
2259
1691
790
96
718
182
2640
80
2067
174
2020
1266
202
1242
830
1853
166
646
256
380
2013
1608
280
1637
406
1614
346
2043
1232
2583
398
1993
988
1248
200
600
104
2253
1058
2087
2249
1959
1728
1775
1716
1814
1826
84
486
1954
1474
894
1595
34
1210
1308
632
3168
608
452
1697
198
210
180
1012
2012
516
102
1863
1775
268
1322
14
1028
1888
1846
1406
962
