1064
2216
690
244
1520
912
1386
770
470
2097
78
1102
700
730
424
2089
1911
2053
910
1844
2234
236
1702
2391
1282
1860
1990
946
384
2418
348
348
780
764
1152
2122
1906
524
1452
1685
2102
894
942
1248
1424
1370
1894
476
168
2121
1815
1452
1002
428
1248
1870
1910
960
1528
380
72
2080
1949
1576
208
2428
1938
1266
64
1825
1034
1665
168
42
748
1869
1028
566
168
448
4
338
128
1600
1863
2118
734
834
122
396
2126
18
1164
1146
696
1979
378
1278
218
244
1725
468
2014
1164
1980
2120
2040
628
806
1394
1538
2036
1902
2150
328
190
38
1404
110
1982
1788
2118
1992
2088
1894
1104
364
934
626
2028
1993
842
2637
942
1150
986
1752
1072
2
1602
1709
380
324
620
1248
1662
1852
1919
368
2154
1034
1979
1360
234
1895
2021
1838
1684
1533
600
230
408
260
1918
1526
534
1730
2096
1674
956
1688
300
2084
612
2198
1524
1852
1759
918
1656
1770
1977
758
2235
1942
2042
158
602
1951
400
2134
16
930
120
2235
1690
1942
2040
1188
212
418
584
2034
136
1510
2278
1570
1828
478
274
2126
1374
1798
530
1790
2019
1835
916
1498
1006
2248
42
294
1988
986
404
1206
1910
446
524
982
548
456
1839
508
344
2027
1572
528
1310
230
1493
1744
492
336
1921
1650
2554
1664
2089
1522
614
78
1202
1626
1904
748
1578
1810
142
2179
286
904
502
1764
1992
2021
1352
1646
2000
314
8
104
180
232
498
882
1911
1704
1952
1450
288
140
2110
116
1844
1438
2127
150
8
850
1555
760
1723
1534
508
2070
830
888
1062
794
1262
1684
28
1966
124
2138
52
1388
964
1118
1248
1720
1266
532
1156
1638
1184
450
2013
1270
840
1420
504
2052
224
376
2198
6313
2090
2070
1486
978
3658
1408
278
1759
1828
2005
1668
490
1920
1338
372
1938
484
1576
974
294
1194
1777
1907
266
738
1190
1745
1806
2254
882
548
2179
544
1030
622
1706
976
696
112
3432
1502
808
1028
1496
224
214
14
2466
428
760
788
478
1294
1624
1874
1670
762
1616
598
2052
2791
1118
760
1753
1958
1799
1796
1790
1462
458
636
