382
330
1418
1963
396
1894
2004
1790
2026
2039
1870
2073
2794
1845
1570
344
1222
1525
2046
1224
1590
1897
1318
2118
1922
1292
60
988
892
1042
1688
1754
2091
1948
336
1784
1753
984
1272
114
1766
222
196
410
10
1278
650
2013
1933
2092
2066
2018
144
262
2031
1790
250
250
1014
1158
1818
1680
1693
630
1820
1845
888
1304
1971
1840
2100
462
1300
1770
1997
20
2031
1574
1872
1064
1440
2104
2068
204
204
674
134
238
2018
2075
2005
208
2114
622
1820
1448
1158
412
680
1084
1755
1900
1312
1388
288
1680
1924
1804
2045
1232
766
1258
770
2049
1360
656
192
2017
2264
174
1903
1066
1788
2199
1868
602
1932
1416
68
712
610
1726
2186
1998
1558
1771
530
1980
904
1334
1840
88
2688
2919
882
382
1955
828
2215
248
582
1186
40
420
1920
906
1110
2070
1004
1280
1172
1372
190
894
1222
170
2019
312
984
660
906
766
1184
956
1375
1420
1310
918
1970
330
670
108
98
1783
486
1819
2169
56
1468
1951
1078
1440
1802
2038
1400
1942
190
1110
800
1896
1080
1090
212
1797
2011
2015
1995
1312
78
298
2075
1076
1760
1923
418
360
596
1006
346
222
2070
658
2015
1915
1892
1920
928
308
54
1844
1004
1936
1980
1318
584
1901
58
2403
976
1388
248
408
1908
1858
1796
1708
1714
408
634
1832
846
2098
796
1911
1134
1098
1936
54
118
1624
1434
2350
362
2025
226
2011
2359
210
34
2150
456
1534
726
1924
682
744
1716
82
2047
2082
1932
1006
408
560
438
1662
1194
34
436
1042
1905
1874
1653
1489
416
1635
362
1600
2055
1726
2067
96
2068
940
320
146
2150
948
990
1632
562
2168
224
1166
1977
2070
340
2259
2105
832
2106
1626
816
1316
900
786
1911
54
3942
2035
1406
1698
816
1030
1917
1792
1776
1504
1969
758
1760
1575
1804
1919
100
1847
122
416
1016
1098
70
232
1138
2311
1326
1052
1516
1911
2052
1907
1108
1296
2222
956
1410
1886
122
652
2366
236
1853
1305
1710
1850
2134
1598
1592
1604
2026
174
1816
782
2718
1969
122
1867
1646
498
1990
1976
1891
1466
2142
964
1766
44
216
666
828
2049
