2109
2652
446
1692
504
188
1957
2144
1512
630
442
408
1652
332
1206
250
1664
174
894
1674
1000
2006
1146
1906
1780
550
648
818
484
1973
264
1794
508
528
1630
1762
1801
890
2047
610
344
62
726
162
1966
1898
1026
1514
1910
2276
668
940
1814
1190
270
1508
36
746
710
2590
1670
552
1710
670
590
2064
1896
2599
1791
690
1716
910
944
1942
40
218
310
994
1986
674
190
774
2011
686
1494
1772
2238
734
1578
124
1794
318
1208
58
1979
1922
664
1549
1782
1784
1823
2214
784
1904
1174
994
2559
1881
542
1224
522
1926
1860
2212
2046
1776
1718
1574
4
1222
1096
178
486
2031
282
1988
1948
874
818
248
1601
1988
1772
916
684
246
1991
414
1911
34
636
1739
148
1955
1100
1999
474
2020
2077
4
592
882
582
1226
118
1945
1934
1743
914
350
2031
2018
538
12
1890
1788
1736
1779
1777
1898
2247
162
1542
2033
158
448
164
1846
1808
2068
254
494
1887
1894
2064
20
1726
890
292
1812
2119
1158
1969
836
1692
1206
848
180
1781
1550
1080
146
1973
1516
1817
2082
606
786
1896
302
728
1958
1022
1918
1214
1728
1860
1828
1779
632
1883
1088
1762
1918
1992
982
2103
30
1682
1573
534
1192
2564
1540
568
1762
2172
2011
732
424
1736
1440
592
654
856
1446
154
1528
68
1352
1246
52
426
1992
6
502
1803
16
2015
1961
1758
1242
24
928
1100
800
498
2209
344
106
1802
260
1556
278
2099
524
918
1396
164
1556
2118
24
494
1820
352
1742
600
238
332
222
1808
2015
1978
466
966
964
1709
2214
854
244
1872
2795
2151
230
852
238
1010
1592
660
1944
408
1707
1788
704
366
398
1925
1402
2239
1342
1960
1923
598
1781
944
88
782
1827
192
1902
1934
1474
1768
1898
34
92
1991
1922
518
1811
204
2264
1924
1942
1664
572
1460
648
868
698
1987
1076
1983
298
1840
3314
704
1162
426
546
2397
442
98
2014
760
948
1802
694
2058
1901
1906
1988
2214
2001
94
1102
774
1082
1960
614
918
1044
292
1744
630
58
1851
436
610
482
42
1440
230
922
1394
108
546
82
236
2192
