1000
518
1822
1776
2086
466
32
24
2521
184
1710
1432
944
12
48
2134
558
884
818
1266
422
2363
60
608
1264
1314
1949
1622
324
2674
540
2315
1014
432
2255
976
2254
1674
224
666
840
302
2123
2281
2134
596
1658
2512
2220
520
2366
24
1336
2350
444
2314
1830
2494
1442
566
2244
736
844
2612
288
1742
1900
2647
1394
2378
1422
2042
1882
614
2746
66
266
124
1740
2372
1734
2094
2352
2282
832
754
424
1196
1004
1474
1980
620
1570
2530
1997
2536
1364
684
2411
582
2191
80
916
38
2316
1884
728
2396
942
1090
224
1456
2522
2076
2081
2226
496
1640
2285
1060
1522
892
2012
2349
260
2183
1789
2512
2409
520
2112
1869
2588
28
1106
2558
2791
96
2338
186
744
2280
1250
594
1046
2054
2378
918
1732
38
2640
1704
2217
2054
338
2439
2740
568
224
1995
730
348
500
1330
756
982
2287
1298
2308
2488
2138
906
2413
1218
2202
1136
1972
194
2314
2768
980
128
202
2087
250
1326
2085
946
2726
518
264
1566
2554
1490
112
518
2143
1044
1162
1096
910
1906
458
64
2251
1110
2688
2215
2764
2199
2081
24
378
96
1484
1016
1558
2
2108
2776
600
744
1698
178
2298
1578
1872
346
1184
1002
1476
2228
2513
2086
782
660
88
974
2227
1929
118
1400
782
2478
824
118
832
2661
1722
2096
2214
2444
1042
1092
822
108
1900
2365
2028
18
2418
2687
1910
1975
1030
2054
2413
744
2654
1158
1998
2708
1188
164
2425
2194
788
532
2340
2663
904
1996
276
2375
446
2014
2300
390
202
1900
148
2335
192
760
2028
1396
358
306
1614
998
1804
1632
1820
1274
1084
290
1864
1050
2365
186
1670
2135
1932
230
232
798
1448
1082
148
2361
1848
624
2545
1090
736
632
1865
1624
208
2528
540
1700
1150
2085
502
2053
1970
1294
844
300
1670
1432
546
1370
338
2116
898
360
2226
2617
66
1986
2139
2513
448
1244
2408
718
974
2915
1592
2581
46
2048
490
1350
14
1238
2390
1710
2669
2386
168
2190
1050
1925
1742
2534
500
1138
228
2528
2120
1222
598
1296
2479
2128
972
2280
388
2042
1000
1392
2371
90
1160
1677
2438
2589
1318
136
110
2582
1943
2197
1294
134
810
2373
270
1020
2111
142
2704
106
318
894
688
506
436
1674
1086
2120
282
2515
502
2110
666
1126
58
792
2542
1142
2048
2597
118
2171
2474
332
2110
2564
246
964
2242
988
1590
1356
2413
2131
2264
714
368
2388
222
1176
1472
698
1602
1938
1978
2060
626
1892
1588
936
2253
2205
1132
2380
592
2458
934
2194
1754
2646
428
1148
1702
1500
96
424
742
354
2367
2032
2326
850
274
2532
2349
430
1500
2576
408
2389
1888
2487
282
1520
250
940
2008
260
1492
1960
1778
120
2247
284
2286
90
2566
2364
704
2505
734
344
970
542
2000
836
1184
452
2452
252
2170
534
456
2517
2449
860
260
680
578
1138
812
1362
1148
150
876
1710
254
2195
938
2269
1118
742
730
92
1412
1508
918
2588
2949
748
1080
1524
248
1798
176
1212
1994
876
1532
1112
1066
184
294
1957
2340
982
1404
934
398
1927
632
530
1342
2412
872
2137
362
2637
2298
2216
402
16
326
1088
2808
1494
22
1168
780
1862
550
2626
2555
2102
910
2668
1348
562
196
2054
1124
894
2405
782
918
1124
1784
2277
436
506
2710
2448
1072
952
1144
142
652
2589
976
2465
2373
1226
2112
1384
2738
1226
1824
926
378
74
416
88
98
1050
1046
656
2377
2280
498
244
2284
314
2473
1934
32
394
1938
1462
228
286
2470
1078
860
462
164
1158
1024
798
806
894
1614
38
2145
2310
778
26
2332
2458
1800
1938
926
2107
2863
2468
1888
2189
1594
2246
680
2324
1322
198
2210
186
2690
2364
368
2189
554
2610
2330
198
28
2781
246
2397
2417
2576
118
1948
520
1948
276
2203
2430
2125
2058
2580
1604
2098
988
1842
1883
152
1218
2207
504
918
248
2366
354
292
2561
458
2485
516
570
74
936
442
730
964
2372
306
1096
2136
1638
1080
468
294
1752
2314
978
762
1914
2525
418
2199
2386
224
2178
2054
704
2318
184
50
1142
2077
1918
2446
2230
218
2241
2432
254
2416
526
2034
2602
492
2310
1880
342
248
2333
2318
874
132
2302
2068
2352
442
92
706
1922
626
1634
1030
208
1048
2190
2090
2257
154
1746
26
1626
1400
2081
986
112
634
2621
1320
1790
1056
2100
248
2056
2357
2395
764
1624
1090
2387
672
126
2602
22
162
1346
540
2487
178
2316
1938
544
1938
668
1228
420
840
1920
272
1470
516
2126
128
306
298
1232
818
1440
1190
2369
2274
2715
2669
2028
2504
2576
1662
2560
556
2501
362
1300
2360
1362
2304
1140
720
1642
2509
2124
2378
2511
1755
2554
334
904
14
1838
2436
1142
1608
2394
2488
1524
356
2577
1130
1164
100
2300
300
1542
1440
186
2697
10
1382
2238
2406
1960
30
2774
2389
2488
1138
1110
2094
1948
2247
2173
2628
288
134
1937
892
1694
1768
196
454
2257
474
2763
68
2378
2384
26
800
892
142
2463
2564
206
434
126
2469
2300
2424
260
442
2040
384
422
10
2671
954
134
80
2702
990
2283
2513
2140
2350
1994
1264
1282
614
920
1906
1480
1478
2002
1996
1514
2376
1510
1859
1824
2601
1788
1774
2409
2158
188
1458
486
470
728
936
2146
2408
424
588
1206
592
228
412
2420
1863
2642
2112
1126
374
862
1890
1162
2644
422
408
1448
952
164
2432
2360
582
1883
146
748
2091
362
2591
248
1945
48
1260
2358
446
480
206
1936
1626
1408
2189
1880
418
1150
1410
1836
18
1290
638
1108
908
2629
1282
1837
2163
472
1336
2451
2335
2550
1230
10
1174
2543
468
166
1748
2358
324
1048
1204
1078
1302
2293
344
2352
188
62
596
1450
982
2564
608
2462
2571
1302
850
1752
70
2610
2403
828
2489
2342
2185
484
1368
2600
1964
1292
788
1686
616
380
1976
888
404
2193
920
1448
2141
856
1732
2437
1108
1046
2212
286
2270
1066
744
34
1198
1928
376
2479
2156
1850
1931
1492
2279
1000
2635
744
130
2220
2701
2062
2513
136
380
320
2541
2323
2660
2528
2205
2039
1960
2225
2708
1422
2168
1996
298
2222
870
2491
1214
2248
2604
924
1146
190
1676
1064
2583
1812
478
2699
272
264
2264
1030
1472
932
1744
452
2224
844
2317
1304
1040
2503
1836
2293
338
2445
2200
252
544
1576
32
2169
756
314
382
1088
930
1006
1834
446
2316
1176
458
2590
2618
336
2502
2042
1452
1558
300
1476
2398
2143
296
1772
2459
1124
2485
170
868
1864
142
986
2515
1140
1570
2543
2284
1222
2480
622
2550
2249
2559
632
2102
2392
2253
2380
600
562
302
266
216
178
1394
24
1194
214
554
128
1858
374
154
2425
2358
2141
1498
274
2063
2341
2454
1852
854
2530
1952
1730
488
822
166
2138
1992
2233
2028
2310
250
2200
2438
2614
144
64
40
2452
568
38
936
96
2016
92
2309
688
236
648
778
2826
2161
548
2513
2094
248
346
2423
1560
650
934
430
2519
2581
2187
2757
1582
2537
1967
2259
1092
2413
1986
1042
316
1725
2082
318
508
860
56
2229
2180
2184
530
132
2018
1768
2216
2782
1086
1334
10
1770
2590
4
1110
356
924
304
1142
1976
300
2489
52
2190
30
2654
2344
2158
392
1292
58
1216
190
1450
1644
988
510
580
1874
2210
94
1368
2681
2444
582
2227
168
1775
2348
2272
2752
2428
728
910
2660
882
1380
376
174
728
1176
1258
1022
2125
980
412
2503
2253
1460
2394
2345
2844
668
2182
1982
2228
2399
194
2778
1948
438
2574
134
2328
858
826
318
990
212
1759
386
2285
292
196
2108
1700
1450
964
640
1488
1350
2249
2225
440
194
2402
966
754
2522
1648
1936
1574
2455
626
1186
126
2213
1456
2141
1388
2326
22
2048
1882
3372
1706
668
276
2004
2094
1296
2139
310
2357
1328
2684
2376
2416
440
2406
2208
2185
400
1450
618
168
1268
228
1560
1356
452
868
1910
2620
1706
2553
2418
244
646
784
474
2040
1765
694
2032
350
2417
2050
2329
2010
1490
2665
2389
1268
298
1470
1762
230
1182
872
994
1260
2564
2340
80
2166
2181
1630
1312
2214
2221
90
2428
1988
2671
1910
22
1724
288
1382
1024
238
2274
658
30
270
438
80
1222
2719
1494
1632
2036
376
1198
1218
1118
2167
2170
330
1876
1719
2187
2530
1884
262
1640
674
2274
1192
2150
1638
1176
586
984
360
272
2444
2103
658
1820
2195
2368
1448
2280
2008
1240
1916
562
540
2169
144
1080
2154
2119
1158
854
508
388
162
2669
1904
2193
1934
2192
974
270
2720
1726
2462
2409
2602
2282
156
78
2392
412
2360
892
1592
2495
780
532
958
1632
322
1592
616
2057
2639
426
2606
2154
948
844
2208
2175
220
2157
366
2449
2577
2560
18
1542
336
358
362
706
372
722
1104
1902
566
2197
2152
2361
1586
216
2474
86
10
1156
1718
866
1500
614
198
400
1925
314
598
92
382
1820
2374
698
2294
1842
1092
702
1040
968
1858
2744
1986
1608
2317
598
290
1326
664
2258
704
578
2583
2182
2288
1002
2196
2086
200
2122
2190
760
454
724
2104
414
2577
2366
2503
1376
2148
422
542
2576
720
1614
2604
2228
1570
1064
2607
674
2296
880
2135
1468
2230
2327
404
2527
1798
1826
1784
562
802
2206
10
136
576
174
444
660
964
1922
448
462
1156
2375
1504
2445
1332
1862
1336
1888
1064
1994
2647
2551
1717
1973
732
624
2533
1386
1792
1562
2547
2316
208
2052
460
2291
2233
44
814
502
150
2265
510
2333
2096
878
412
2144
960
1040
2691
24
2167
290
898
1166
160
2277
1340
614
1862
1226
76
1818
236
1760
1492
1628
60
70
724
1776
1326
436
1130
62
2099
674
460
1040
110
112
152
1182
2084
1985
2426
1838
1380
764
2010
2252
538
406
432
1910
582
1246
1118
2334
938
744
2447
196
764
874
514
1840
1500
2842
346
2507
1524
2022
1522
2454
470
36
2364
1298
2126
670
682
2300
2062
1963
620
864
110
618
544
2529
2342
722
650
1979
1032
1534
2159
2434
366
792
1560
426
1836
2316
2824
2405
466
512
2205
896
844
2378
2658
2096
232
190
1402
1948
422
642
1370
2238
1024
184
1704
1462
1036
1258
2279
942
1793
2408
406
322
2126
1252
1436
2065
96
298
930
854
96
1992
238
394
510
2336
554
390
2260
1376
3195
1893
1378
30
2513
2086
2746
1272
2180
2616
242
2853
204
1164
824
1931
1170
138
2148
642
2028
2630
496
1886
698
84
948
2713
986
2322
1118
2278
952
2477
2087
42
420
1526
492
1798
1222
148
2125
1120
198
2075
600
636
2396
1600
916
1374
566
2688
1200
522
2385
134
2597
2525
1476
910
2761
1250
78
1370
1848
2258
990
1092
2036
1006
182
60
1452
758
12
2048
2136
464
694
1546
2042
2078
914
1914
1894
148
294
2257
1986
1592
470
1668
1094
1142
378
1050
1426
2353
1348
1724
2388
1348
1999
330
2134
362
1006
1992
928
154
344
2212
1706
2749
1865
2292
358
100
1670
2483
1621
2466
2457
2294
1378
930
2294
866
12
766
1662
2110
20
250
1998
2224
2201
494
278
534
2758
2096
1478
666
2203
410
622
620
982
926
710
1980
414
2363
2302
2224
2322
2071
1592
2379
48
670
426
1888
1310
1322
560
2303
2552
2334
1250
96
1934
76
408
104
2239
618
1166
808
2
564
456
198
2759
1868
1754
596
1156
2238
2061
152
2346
260
750
2519
2361
1298
2302
142
4
928
560
402
1516
472
792
1937
1068
2217
872
90
322
958
1801
1458
696
1278
1388
1622
236
1144
2506
184
492
2148
1752
2124
492
2308
1014
2580
2266
782
132
1884
2321
1134
2101
198
696
2254
2200
1442
2109
2154
1700
1402
1108
2286
2464
86
94
360
2232
590
722
2605
2337
876
2335
474
812
612
1398
2654
1486
2252
2443
2656
242
724
2200
2104
1506
518
368
2371
620
188
1012
2112
2266
2669
122
546
472
1646
278
2396
1970
136
2174
2590
336
2533
542
1863
1256
332
700
812
44
2186
648
2096
722
1949
1928
1592
560
906
1114
2132
860
2141
2191
214
20
1082
2313
1848
1724
2162
360
2380
660
168
2310
868
1366
2275
812
1188
2000
186
1688
2226
1184
2616
1538
1946
420
984
2334
1406
2122
1338
750
2757
1282
244
868
2076
2094
64
1290
46
422
2349
2181
2434
1964
1910
2506
1282
742
902
974
2302
722
1058
184
896
2059
1804
602
806
196
426
456
1682
18
1260
2380
210
1424
1982
576
758
530
372
1791
170
2656
890
2085
488
332
720
572
2488
1564
2028
834
2418
8
1328
2562
1480
2118
720
1544
1320
372
548
2198
1358
2404
2258
62
1286
1174
2351
762
1997
1660
2288
976
2174
2258
2025
328
2222
552
1066
2410
250
1460
1046
372
778
1946
1210
36
1956
796
132
1844
292
934
628
938
1126
468
2155
2294
2234
50
654
2278
974
1991
738
2115
176
258
130
658
2444
170
1278
2222
2593
608
2466
1258
2497
44
1868
578
1946
2501
954
326
1136
748
2307
340
2119
2619
726
2342
1876
860
1264
944
184
192
1300
458
542
2012
410
2141
796
2340
228
2166
2291
336
2008
2699
1778
1828
114
214
688
136
2168
1780
594
2077
820
2277
598
1344
2256
1112
2161
1042
2066
1869
2767
1752
2082
2050
990
2707
1116
2241
1454
1094
1672
1508
1762
1742
262
22
2434
14
568
872
462
320
1444
2069
1076
1624
728
1382
1560
978
1752
2140
2232
2108
912
2372
2305
2223
352
224
1628
1889
2406
1410
1768
278
742
106
290
1088
2124
576
2334
2311
1392
844
1432
2825
460
444
1364
518
326
468
1312
1780
2428
1500
402
2174
828
1903
282
2706
1224
744
2419
2466
2165
1212
1156
576
380
12
2222
2566
1400
1972
620
2420
2539
674
2217
1148
2279
808
472
2540
1010
2108
2001
488
1446
1396
2287
462
754
2190
2008
502
2357
2248
1582
2187
1058
1092
2501
432
362
532
514
1000
970
1116
1096
1246
614
2652
2202
1034
976
1098
2650
38
1332
2076
1318
2624
2872
1094
188
2252
2058
604
1462
2058
208
2657
2478
1090
2443
2190
514
2575
2092
2061
2389
1634
2436
1938
1838
1108
1172
712
1300
2660
2398
1672
602
760
1886
2158
2566
1174
304
2277
666
464
2508
740
150
1372
1160
648
2419
74
1606
372
1794
1228
790
2459
276
1754
930
2036
174
1386
1032
418
324
1860
902
1778
2635
754
386
2344
1068
2608
278
2652
748
1940
364
2287
1638
2348
1638
2191
418
1150
2634
1962
532
1014
1570
488
1808
1000
1847
1324
2099
2373
2368
1971
2449
1608
338
2318
436
2462
2051
2404
1368
1778
1324
2339
490
984
1420
2261
2422
2603
270
1570
2420
2693
1180
252
468
2440
108
716
2182
546
2058
2310
914
2459
856
166
606
1114
2296
194
1910
68
1950
502
74
882
2342
144
1860
2385
2150
138
1272
942
2463
1607
2267
1962
608
1216
2458
2010
2208
2511
696
374
2343
1880
2136
272
1082
1830
424
520
1108
130
204
654
348
708
468
1516
2307
1086
2532
716
2214
844
356
52
2512
2514
1614
490
2180
940
2627
482
2329
2263
2358
2175
1112
256
936
226
1208
2617
2780
692
2298
718
1690
1114
258
1028
810
2332
2201
1296
428
2290
1284
1926
116
2466
780
2437
340
2568
522
1352
2722
18
2134
1130
2101
2137
80
932
56
28
2437
42
2201
2375
1246
2330
2210
1590
580
1294
2252
1942
2753
2399
342
240
2000
1016
1552
110
1518
2632
2007
256
640
1132
2198
2960
2300
1010
772
64
1200
436
2005
1526
436
938
1934
2274
1062
14
1212
1024
2436
1556
1204
2199
1338
1522
1180
2632
2237
246
2405
2855
1860
2335
2415
2168
1188
2409
2567
1569
1510
2287
160
904
2260
76
504
3051
1196
2070
332
2460
2469
492
2520
2406
1206
2265
132
2179
1906
1262
1538
2108
1360
1942
2773
2506
18
626
94
474
174
242
1064
2562
710
2317
2232
790
1632
672
2136
2889
626
324
2025
700
1953
2081
1687
1706
2101
290
444
2375
1036
2018
2088
230
2506
2470
56
500
104
2134
1684
496
308
2235
312
548
270
2251
1110
296
1714
1851
100
250
116
2239
930
334
264
88
676
1554
1596
478
1574
150
1608
2172
2486
988
2556
2154
2435
1432
1202
2139
674
2023
92
474
1686
2022
2267
1782
1834
1777
156
650
2215
2046
2391
1939
1698
2275
660
1718
1402
2240
90
2370
2474
296
2092
2537
2164
2224
1933
238
2136
2230
2211
1892
8
1210
2316
1876
824
2511
1046
2710
890
538
1632
2620
196
2322
1440
68
962
1849
126
988
2627
1358
770
78
1346
900
2006
446
414
2130
14
2186
1254
1174
2020
282
1970
142
366
2440
1530
848
200
2110
2199
502
1866
2429
2032
2265
2407
390
2656
2334
750
586
2915
344
1402
1678
80
316
2250
2440
1788
610
388
382
2095
566
336
2902
2307
448
1300
388
2164
2235
1194
1174
642
2614
2461
692
2141
362
560
560
712
220
416
2299
354
78
2693
1704
2516
2518
1778
620
366
88
1853
992
448
794
2274
648
386
1024
1274
1574
2327
110
2338
36
232
416
468
2084
480
522
36
2651
224
2171
612
1486
2586
2669
124
1526
1482
2282
1766
2429
2290
42
2566
226
886
80
2453
2243
1902
1188
1943
274
1550
1146
676
58
2505
1250
754
904
1320
2161
2251
2706
1330
1928
2396
2269
1004
2194
1920
2102
170
2226
1510
2137
1194
1616
542
2076
2143
2346
596
1902
78
812
2004
548
2198
290
1975
1442
60
2228
1156
338
2112
310
2198
2435
2324
2550
1190
1450
2457
1264
2095
726
254
1128
244
2300
1158
1692
470
1420
2682
390
630
2408
160
946
2146
2020
2661
1792
2298
2241
2421
2626
1912
234
334
2673
2343
2281
2289
2789
458
2291
1500
520
1240
734
2467
2449
1974
2335
2518
498
1316
60
2379
478
1480
2284
2253
14
2102
2192
284
306
252
564
950
110
2095
146
144
2171
1100
2623
776
722
514
2303
458
92
2622
1320
236
148
1336
2422
2402
76
2020
2204
2199
836
2200
2360
656
2164
1074
2780
1474
478
1975
232
220
2242
2376
2408
356
190
816
1781
224
1975
112
730
1466
2113
1212
1592
2161
2212
2022
1110
852
2414
2146
332
1024
6
2631
1960
2120
676
1472
334
182
480
2379
1268
2019
510
2153
786
1404
856
182
262
6
860
926
1304
2438
1566
2652
1680
2189
1865
1580
1990
674
1966
1040
188
2089
1376
1317
1562
2799
1348
220
1270
2204
2018
730
2846
626
1392
54
2068
724
232
2138
2497
458
16
1000
1452
1754
266
688
152
2145
1376
1082
510
406
444
2336
2400
440
842
2423
2306
364
810
2335
496
1370
2453
1704
2396
1938
358
408
1190
490
1104
2685
2422
2006
890
364
2344
52
2024
1194
2257
1026
1900
1318
2472
2243
512
1380
2392
160
1941
2178
1024
698
586
624
216
1234
2525
940
716
2109
1849
1828
756
300
1052
560
634
76
2410
2230
2274
1660
1822
2649
1398
528
594
2165
1034
2526
2505
2149
280
2071
2241
2342
1654
174
2594
2425
1600
1442
2687
2048
2391
388
1624
152
2159
1162
1004
54
354
628
220
866
536
1080
566
404
216
990
306
2432
2573
2444
2304
2142
556
2394
814
1992
2393
714
2206
1300
1630
1096
706
1514
2061
1472
2178
2423
1622
2167
1952
2288
220
2483
2295
1826
2273
2434
300
1975
1946
1322
562
2449
1116
2027
614
1026
2366
1216
154
2414
1002
114
196
2591
1857
278
530
2003
230
2118
2047
94
562
1028
1256
20
2555
170
1748
562
830
2001
122
748
2309
1998
244
2521
1358
226
1578
2400
1206
2579
2270
508
1863
2246
1216
94
1162
228
1206
166
2024
268
1848
794
1130
2134
2123
2193
2250
2312
2336
938
850
2662
1454
1106
2136
2155
32
1992
2154
128
400
1152
452
1502
1375
2385
60
850
2259
1514
626
436
2196
1640
440
214
2344
1510
964
2074
854
1212
2237
290
1142
2110
1976
2665
66
1060
52
1720
124
2086
2440
1676
1498
2430
14
1464
398
2405
2478
742
1785
2532
1024
4878
278
1280
1420
2106
940
2383
1870
1962
1954
1969
390
1578
1574
2501
1790
2296
404
2008
688
1726
972
1058
1692
2337
2248
370
50
1748
1860
2424
1996
1178
640
1916
2108
1768
30
428
650
2399
728
292
448
2753
1604
2223
884
486
1998
336
2095
1358
1730
888
1684
2372
2466
2221
1116
2050
1142
1502
1070
2766
262
938
1468
48
906
858
710
1972
2180
1692
1534
2107
2470
1120
102
2114
576
1566
738
1312
774
220
14
2205
130
376
856
1362
910
2770
2290
2236
2048
756
2373
2400
2633
344
2612
282
1830
136
2451
2575
1510
1392
1318
2471
2452
1194
948
596
2135
1911
1612
2490
576
626
934
2133
1078
278
324
162
1530
2250
100
2495
2720
2405
1662
768
2264
186
694
2098
862
2099
58
1894
2406
442
2094
2260
1036
1144
742
1599
168
1450
2588
2615
2176
28
2355
1796
1596
78
1050
436
236
2267
470
1755
1898
420
2451
1913
764
1885
2005
990
586
336
230
2338
840
2350
1910
2560
650
2606
1682
2146
2260
2269
2047
2329
106
2819
2096
2232
2316
1400
2516
780
720
210
1186
2380
2147
1086
1300
58
2364
2253
2340
2259
218
900
814
2338
1238
630
2263
148
2404
2654
1162
1820
2218
1420
2402
2028
128
154
2398
1546
2239
14
1654
204
418
998
394
1116
2090
1012
2510
1228
1240
1990
2282
600
984
2444
820
892
350
364
506
182
2260
2283
2211
1094
2500
912
2391
2715
634
836
2160
2791
958
700
1929
1076
2347
2666
2122
822
844
2414
1772
1150
1460
2630
486
294
2298
412
1550
1966
2040
1449
1753
1862
166
1730
2200
666
1676
1522
2421
2519
2246
94
1624
1604
2423
2012
1044
1944
218
60
576
478
2307
1426
1684
96
320
2289
516
596
2681
2215
2343
670
1192
2193
1708
1078
2032
2254
248
2288
2230
796
1616
2316
894
2446
430
2390
2356
1022
2334
2218
16
1476
128
2076
370
2573
2318
332
1614
256
322
1498
892
126
792
1308
2122
2177
1242
108
2278
2020
1146
772
232
956
2022
1322
2245
790
268
2344
1766
2328
616
2375
2271
1853
2099
2646
2440
1034
2101
2171
2008
1792
1689
2087
2154
1570
58
2780
2674
608
366
2249
2223
2274
2561
2363
874
248
1908
1961
274
2069
374
592
40
556
2382
2453
2180
2145
778
24
226
2383
2216
1548
808
1924
1754
2274
1354
1874
2458
2556
378
1600
594
1226
100
348
2141
198
2390
510
1764
1782
2323
2030
656
1258
926
1432
1919
328
36
2517
1654
1234
1992
452
2290
2335
328
2530
1102
1628
2212
2014
872
910
1016
2407
1114
500
1294
64
744
1944
2326
2128
1874
2371
2304
104
2637
1188
2494
1853
2102
652
1466
1700
428
1742
1816
898
610
120
1404
238
2227
2434
204
2212
854
1900
1734
2166
34
1246
2330
1862
2099
1638
2244
478
616
2030
1366
566
426
1993
142
2525
2446
2585
1336
2007
80
2518
2216
1658
1062
1012
1847
84
680
1998
942
1050
806
2674
1434
224
228
536
692
548
2095
540
44
1414
2399
102
2246
206
1756
32
808
760
1524
2152
2027
1008
1837
272
1742
798
2435
1480
364
622
1782
1484
440
2332
2462
2478
1666
992
334
1860
2201
686
1794
2605
860
524
438
1964
2464
1102
1626
1936
538
2134
2361
1684
920
1508
604
340
2427
2701
1908
2236
272
2426
2421
906
1144
2458
952
1098
2378
744
862
654
214
1158
926
2090
2295
436
1916
1384
2018
592
1010
354
2144
1064
258
1186
1560
372
2012
88
910
2781
2287
70
2297
1080
2431
2164
278
2116
2188
532
2434
626
2568
502
2639
2441
2302
1548
2275
2328
1288
508
958
2279
68
1594
120
1110
2350
2215
764
1182
38
1819
1514
1940
182
2452
860
2392
420
450
960
1640
136
362
734
1090
2163
2345
754
412
2576
1570
672
2000
90
538
468
2191
2666
1136
1945
662
1298
2374
2696
654
216
2328
650
2164
2394
2613
1738
1510
4
576
626
452
588
2515
134
2645
432
2359
960
652
810
136
2421
478
180
1030
276
310
526
48
68
346
1985
1074
1220
826
1598
364
354
2330
134
394
2315
368
194
1514
190
814
2706
1762
1146
218
2080
2270
1690
492
1552
852
732
752
260
1378
276
2094
14
1238
2735
2650
470
2508
2288
2511
1182
1462
2193
1558
356
486
1568
2118
1688
320
74
552
1092
830
2493
1774
882
1980
708
150
3136
2289
1364
438
192
1526
1480
2283
742
726
1930
374
2115
674
2214
2387
656
1706
348
2239
242
2313
2279
14
902
1572
1732
2553
2066
2039
568
2063
404
588
1726
1842
2119
2264
2298
920
1584
2282
2188
76
1164
1671
410
2201
1114
2740
2291
1046
992
630
1414
946
2001
2262
2429
636
300
2003
2519
1644
266
1082
2439
916
2440
124
2059
16
2384
1500
1920
30
1126
2114
2612
2280
1634
34
170
2008
640
1462
88
2368
244
2748
774
482
526
1932
2695
1030
2258
1428
2350
2200
2365
2548
332
2473
1728
956
534
32
832
1908
2203
256
2190
1122
2386
2435
1608
1068
412
778
1138
174
800
1450
1296
1530
1262
2284
1931
46
2574
2402
1909
28
338
1588
1368
632
662
948
484
2084
2232
498
1148
98
2467
1020
4
2242
1702
512
1774
340
2437
614
34
684
2414
510
280
2036
1160
580
1216
1344
2572
2217
2828
1468
200
2118
454
2079
570
2156
1342
1270
64
846
178
2224
1746
1977
2245
1132
870
188
2208
1172
2645
1926
422
1482
588
2264
2308
1686
864
2403
854
694
82
844
996
260
1128
366
2190
1412
1034
186
2247
2118
1270
2335
1682
2256
1346
780
868
1788
2292
2612
2162
1414
2207
2439
2642
144
78
2280
2386
578
2219
2746
2460
120
30
504
2343
2392
2584
648
2153
1354
2104
968
754
2112
608
1028
664
88
1918
2006
2251
2531
1170
1640
452
2108
356
2020
676
280
802
2386
2457
844
2650
946
16
2511
760
2242
776
2451
2591
2446
140
174
244
2437
58
2395
2639
1460
1764
962
2427
196
462
20
850
2363
444
72
2162
1236
416
1448
1160
986
2372
928
1084
2308
360
768
528
2823
558
2731
1384
2528
2289
2307
2246
756
2415
1978
1924
2342
1612
736
2066
266
2246
2159
330
212
2042
642
1098
2150
1032
1988
490
886
602
320
2583
174
2284
446
2494
896
2634
1928
2149
2181
1638
2502
2811
1166
2177
1819
38
2258
2545
406
2450
754
1912
2316
1274
2159
1973
1250
2246
1932
264
2007
2188
180
2392
1606
50
698
2196
1464
1572
2333
2124
2396
1314
2636
80
2336
2192
112
2562
2108
2343
468
1320
2455
1522
2648
1330
2111
2688
762
66
1300
684
1094
748
1430
118
596
1648
2353
178
116
1500
2405
632
112
282
2196
2224
2387
1128
1690
484
1084
2296
1112
546
2292
864
2200
2175
344
16
116
2421
218
2158
842
2602
764
2722
58
254
918
2251
296
2212
1530
1286
1032
1094
442
2050
384
1316
738
2124
1324
2379
1340
2054
918
2188
266
612
522
356
1672
2493
2285
1814
2359
1546
2382
2096
1718
296
828
504
1108
780
2514
2628
2657
2293
1354
532
12
1458
2496
1306
1478
1586
1020
564
2012
918
2448
1206
318
2302
70
294
1078
1506
1020
378
1094
1754
2323
2262
80
1044
226
2635
1947
2156
476
962
190
1084
374
2186
728
2289
1484
2695
2679
1500
346
610
1030
760
2191
2052
1618
1988
1280
554
760
2347
1906
658
1152
1458
1778
2285
308
1854
998
1662
422
2144
2448
1226
380
2250
1610
2506
298
46
1900
2237
2628
1926
2206
4
1218
192
2142
982
2550
1052
1540
2390
1338
32
720
912
24
2367
378
836
1666
2451
2783
998
2448
2664
1436
910
46
2474
808
1326
94
766
1018
2253
2720
2183
1090
2122
8
2050
202
2345
1022
1854
1868
204
2600
1000
2056
1422
2653
2562
790
2138
970
2105
1618
2244
1148
634
1364
1760
680
256
1198
36
1374
2394
2323
976
544
1060
590
2610
228
2871
1746
2703
802
2022
116
2516
2420
278
1676
2256
356
2140
2200
118
1890
2258
496
2572
834
2080
1769
1814
2503
218
2600
2507
410
36
2323
1036
168
2584
2315
2415
2226
2218
164
1586
1756
2083
2357
1636
26
1082
2757
2183
2028
204
2790
2833
2490
740
1038
846
2486
1354
748
222
2282
822
2558
2282
2301
2200
2343
392
636
894
362
1014
1712
864
1754
202
618
1518
2348
1462
656
52
2050
84
2135
12
80
1960
2285
1458
2419
856
2075
362
826
248
1686
164
84
2429
638
2606
2347
16
1546
742
2614
300
1860
1224
2130
244
62
550
964
630
2337
2384
588
2246
662
534
2283
2192
358
2324
2043
508
1278
600
1953
550
768
1978
138
954
1008
1418
1660
618
2377
1374
298
1951
1088
2376
1854
146
1202
886
2603
956
1612
180
2112
1100
996
2062
2351
1924
2566
1770
398
118
1716
1956
900
558
310
1062
2278
932
2512
1098
862
208
2425
1941
2570
170
2288
2031
738
342
2135
1736
1062
276
1252
882
506
2494
2064
2297
414
288
2322
1040
2356
760
364
1990
1935
2016
1478
2614
390
778
1408
750
14
2132
462
586
2063
970
56
412
600
2046
2582
118
424
122
2224
1934
2311
1344
254
860
304
2331
2092
2184
2430
1178
2505
2375
2960
2157
1118
404
2072
394
2278
796
1222
74
2096
2753
400
216
516
402
112
1224
2333
584
2451
2203
2132
1354
952
816
2056
2702
2343
1762
736
1400
726
996
1154
2435
748
1966
730
1098
2649
2426
366
2569
754
2807
2155
1858
238
508
1989
1780
2241
536
316
572
1108
2423
1996
1856
2107
2187
1124
522
2226
2533
2122
1014
2226
1580
510
1554
66
186
2137
2293
1286
1936
1270
1272
1034
240
982
2084
2156
2269
1950
2199
1520
1450
642
516
1414
582
406
804
1967
604
2288
734
2151
742
888
258
316
836
532
398
2078
1994
2392
1620
342
564
1924
476
202
1974
2474
1999
2377
1596
2124
594
62
2276
2333
1795
732
2250
1714
568
2340
434
366
2335
1196
874
2593
2439
168
654
1873
306
808
760
748
116
1620
980
2313
2183
2376
434
390
1282
1926
2260
2140
2005
182
2444
2708
2442
1400
1256
1408
484
2560
680
1396
2100
1756
450
2460
1440
2484
2140
2383
1610
1250
178
2042
326
2478
2475
490
2022
1528
1044
2333
926
2652
174
2302
2214
180
740
2163
272
2106
558
2557
860
20
1894
450
656
2517
102
2254
480
2222
364
844
2410
2362
2551
1372
1382
1696
2241
1502
2189
2394
1600
396
1476
2070
294
2420
922
1932
2324
2413
2480
1918
1924
2338
204
1122
812
1964
2194
2342
958
486
2507
820
526
330
638
2140
2377
1618
1734
1770
1920
2383
756
1686
2307
484
344
2192
946
2794
310
2102
2870
1644
2336
2444
1949
1576
2423
1226
184
512
606
1638
1896
2037
496
818
426
2192
250
366
1992
68
1072
2489
1168
1296
1056
684
1246
1176
492
2169
240
208
732
474
944
368
1989
630
384
26
992
1150
2447
968
818
1648
230
10
400
1038
554
1586
684
628
2044
378
2074
2248
670
306
808
2549
1484
522
2308
1720
1082
2390
818
748
2216
52
636
2306
260
2257
2080
2710
450
1946
2297
762
1032
662
742
660
2144
2172
1080
970
1838
976
2107
1238
2397
146
1002
1849
2251
936
384
18
2168
1338
2401
532
2183
524
638
2164
842
518
356
2163
974
394
598
2046
210
1562
1258
514
462
2566
1128
602
2741
1608
210
584
2514
2105
2432
2334
2448
1242
1818
2149
514
2489
1256
254
1260
398
966
414
164
2584
2028
1660
1268
2497
2164
2583
126
1058
700
260
328
1110
2135
406
1742
2
210
2304
620
468
2547
1506
404
1692
2798
840
1981
1976
486
1802
2573
766
276
2168
612
124
2028
448
2487
312
44
2506
1342
616
1102
668
1216
1728
812
2020
326
2298
2365
2450
1284
420
2301
1826
1474
136
2079
2256
2750
2342
2154
64
2385
2548
684
1792
1620
908
2234
2286
2404
2139
918
14
1616
1046
2439
1306
2500
884
2168
838
820
1846
972
1761
2038
14
2214
552
140
1944
1518
1836
16
2387
268
1242
680
532
1960
510
534
34
404
2337
506
2154
550
2445
2094
2486
1470
2461
2180
2437
2559
2467
2606
1090
84
738
1922
2096
1794
2782
250
106
1592
938
1360
244
2671
1252
1884
1830
1118
260
1322
2334
2129
2162
494
2648
1971
1000
34
2787
1927
1344
2225
1348
2358
104
28
882
200
642
1876
1590
184
168
1642
290
676
2043
80
1382
1144
2059
912
1858
1404
1666
2255
850
2443
316
1456
1716
328
2311
2429
2245
904
2283
190
1468
2484
1088
1178
2594
2284
1650
2064
1092
1934
1502
2094
1344
946
1232
1518
4
294
2067
2290
2248
2258
256
2487
1046
972
1118
1860
2477
1214
50
1902
324
118
2764
398
2169
910
72
456
2611
2352
30
2416
238
208
1580
1862
2031
38
198
1272
452
2060
672
1010
1528
1310
232
600
2339
1198
1776
1530
460
1841
2308
1156
2420
2004
362
206
2321
2127
96
1705
1928
278
2556
2060
356
2076
60
1930
76
120
2012
68
946
2301
2212
294
1020
608
744
2414
648
644
636
1936
2400
1947
2637
2595
1254
144
2269
1908
2356
2657
878
2153
2693
2459
302
544
2630
566
1354
248
2316
1926
232
2424
2619
488
1446
852
1228
1620
222
430
2159
456
2674
2068
1972
482
2419
2214
2130
1168
2095
778
900
398
336
282
992
1472
1122
2083
2567
30
2391
534
1838
188
934
2456
210
2496
2279
1732
570
260
2178
1430
494
2658
1980
2312
636
496
136
1648
576
404
80
466
178
708
786
1778
1947
2174
2336
2362
1560
1242
586
376
2312
250
1566
358
1376
2319
2256
2108
2138
2535
1254
2500
430
2400
1212
256
2136
2627
616
968
1086
2104
1028
2538
1120
2154
228
888
1146
414
250
2098
1738
1896
2318
444
1054
1044
280
1082
438
2183
2167
328
74
2066
630
2138
8
336
2311
1040
1164
1192
1668
1052
722
692
74
560
264
552
1666
2382
2107
2370
244
1340
2592
2044
2398
388
2224
2051
658
2417
1777
732
2379
2371
840
1288
1624
1156
264
38
2376
2181
80
2714
280
2586
2241
980
2194
1100
172
1732
1292
2449
2436
134
2207
8
2356
2514
1494
480
550
564
2130
1504
2296
346
2382
2319
2541
2523
1586
316
1350
1936
2326
1346
1518
116
140
1734
368
22
1550
252
614
1044
2576
2266
2708
1785
2514
2226
1518
452
22
2327
162
1386
1350
520
106
1250
1768
128
40
106
2508
2252
1292
642
738
510
532
1452
2057
1947
2216
1856
2323
2264
2476
106
2279
240
858
2092
1472
1438
2021
2036
274
474
2185
86
1526
2123
1840
1859
584
1402
240
900
2561
1909
1230
1178
332
360
464
2232
2696
662
28
246
318
40
1595
1754
1274
1582
1624
2040
886
2657
1446
512
854
2161
1752
1082
1924
2322
142
298
2004
2339
1232
1062
1874
816
642
1688
580
672
234
230
2230
2026
728
678
268
2343
1226
1942
2076
2130
1286
1944
1959
622
2455
380
276
1720
118
1696
242
614
30
26
2330
734
410
2078
986
248
1426
1542
744
1618
458
808
504
192
794
1372
1899
1408
2601
292
1220
918
1662
332
1992
1544
708
1570
1582
60
540
2355
2323
1936
1900
2302
1302
2301
2
540
846
1482
86
1064
2242
1772
154
664
2461
2227
1128
2174
450
618
788
1138
2772
316
304
2316
1072
1874
2217
482
2094
2143
2210
1610
2512
2362
576
2404
1286
330
2732
2392
380
1528
930
440
560
686
296
2448
956
310
2216
892
42
166
132
1394
2444
712
456
730
472
1650
284
636
124
84
1839
2061
2402
688
1824
2180
808
114
142
348
246
2353
1895
1302
736
2146
132
172
76
2529
2696
852
196
2420
282
1180
194
2101
2650
1186
312
2527
2431
78
2332
952
530
1050
140
286
460
878
924
1110
2674
156
1990
1504
2610
1254
1014
1108
454
862
1756
2101
1280
170
36
2297
2172
2241
262
2411
718
2024
2338
544
2217
1372
1198
420
142
1660
958
86
1216
2386
346
1904
1716
562
46
2493
228
478
144
2506
2543
538
352
2030
788
1720
2380
1944
266
2447
582
300
464
1198
1800
1250
594
176
240
2048
1664
728
2041
1742
2248
344
450
1945
2535
40
1056
126
732
628
334
2391
2738
876
432
2226
448
36
2519
48
1008
1494
2119
2338
78
1268
1130
1268
1356
358
2110
2630
276
1046
292
1540
836
1400
2607
1150
206
2368
2360
260
412
1758
2479
124
690
684
1843
2233
150
1402
192
628
1080
2600
948
1556
586
1794
2385
1724
390
2139
2472
180
2080
350
108
40
878
952
2120
2371
4
1953
1036
2190
2028
364
1994
230
2267
30
426
1704
1832
1332
2307
2225
436
914
482
1092
2244
1858
1642
2451
1748
2455
896
832
684
1032
1284
66
2728
1874
158
2051
2298
358
2652
2580
1987
2723
1630
1074
1564
282
1280
1536
88
68
2129
2479
1456
914
1276
1414
2127
364
2567
42
2472
1758
250
428
258
2564
186
1476
1832
2270
962
20
232
1944
2199
600
2228
26
28
2343
2685
32
2569
2172
552
44
730
368
1492
1328
2433
1326
88
2174
100
2437
2090
2598
2287
474
2266
2312
2173
668
118
2016
1943
2328
1010
2020
452
1646
1242
2188
508
2689
312
1088
1654
20
758
2405
1980
2126
430
130
2085
2298
1004
848
440
62
2151
902
2291
546
1962
784
2042
60
704
1212
1388
2480
448
2158
758
1056
666
2243
1454
2440
1096
2309
2053
816
2026
662
776
1987
2162
1846
2585
2258
10
1582
688
1736
2492
2030
1870
364
920
2400
1716
2368
2201
32
532
2374
68
1993
2168
832
2632
2053
1306
1732
2775
1624
822
330
192
596
1996
2269
856
2270
1582
2361
1630
2480
418
104
18
1716
540
1018
166
2
2114
42
2501
1146
372
1184
228
1726
1042
2597
2312
2776
228
1128
942
70
1787
282
200
342
2350
2471
1622
2800
348
284
408
786
2328
102
700
2090
2333
2515
974
958
2263
2166
2418
1881
1456
2542
2212
884
1468
680
2156
2358
168
2028
1160
670
2367
2333
228
1562
172
384
2484
2312
444
2225
2490
1570
256
2236
300
1518
224
398
1104
90
2071
2148
888
490
174
90
2439
2386
938
312
2133
990
1736
236
68
1921
158
2206
1070
1847
1658
1799
108
110
610
412
2365
1504
2360
764
2079
736
188
60
1120
522
2073
76
2291
642
2136
2700
538
2526
66
1798
2100
1734
1352
1272
2256
1344
658
2465
2264
224
2090
458
568
152
506
1158
228
418
140
666
348
838
802
1736
604
2418
1980
1122
2206
1170
1814
1774
696
552
366
1862
1070
2542
2220
2692
732
1890
2024
158
360
12
96
1840
2204
1030
988
822
736
1636
2349
2358
1864
1612
1146
84
1940
1726
814
758
130
1516
2408
2580
858
2414
728
1871
918
1144
460
316
1270
240
2497
1350
194
1014
2786
2426
2133
1106
8
2187
2147
1144
1108
1881
2463
212
2301
2174
778
2484
2133
2626
1708
1596
2483
1072
1814
854
1492
1198
1999
986
1704
112
598
60
1064
2503
238
2384
454
994
20
812
2349
2192
960
1524
1290
2326
24
876
416
1216
6
1496
354
200
1292
78
852
1933
2507
982
540
866
418
2206
1724
2151
1704
578
708
2210
1552
2111
318
438
318
1872
2192
1708
624
610
28
1118
110
2807
488
1872
1282
2155
2045
2457
158
2446
2098
2210
440
422
108
106
1048
1076
730
802
64
456
2585
250
2224
80
2140
1214
2416
2539
1312
228
1016
454
2384
1640
628
2112
1310
2169
2556
852
2511
522
2268
2268
1182
2138
18
998
96
160
1220
2210
818
2485
1374
2593
2605
368
1144
2468
2496
2300
412
2132
146
160
800
2152
796
644
830
1854
2500
2475
1346
66
598
300
798
472
568
128
1264
1752
994
2369
120
2127
372
1594
858
550
1080
1590
100
1330
2373
2310
2008
2110
2222
114
958
908
1694
2220
410
1234
962
2267
506
970
762
944
1872
180
914
1210
292
2159
1272
2107
2461
348
604
160
2374
530
2047
2088
1830
98
542
598
514
1548
708
228
1700
1438
198
2332
122
96
224
2218
686
2085
2221
62
148
482
126
1686
2204
2317
976
1050
764
2422
1024
2318
1398
182
770
1184
1348
1698
2719
2072
1312
2265
2368
2562
172
2058
522
310
2543
656
1218
1750
2472
2214
390
688
664
2254
734
2308
246
2352
812
1204
1856
2292
712
1944
380
22
2388
372
2312
1276
2262
1896
556
972
1538
94
542
460
132
50
2353
2496
1402
2674
312
906
1998
766
1674
626
2589
1090
2596
2284
2136
2240
246
1344
750
214
750
2076
2440
388
692
204
2338
2294
258
2443
2998
1566
2823
310
2543
1592
2831
564
1428
1971
2239
306
2563
2444
310
2335
1544
308
2010
100
2341
1290
142
162
2306
282
2290
2002
290
2895
2202
850
2008
596
986
808
2836
2362
362
148
482
2135
2704
2749
1006
2302
284
278
2292
2620
2232
1726
2115
174
2306
402
1388
682
174
2392
2213
2178
2374
120
1806
530
1366
1448
1841
180
404
1738
178
524
2554
298
862
1886
694
2148
1160
498
420
362
608
1732
1944
1588
2538
1684
2465
1878
2021
952
2521
114
190
2785
444
2373
2194
1974
2272
2609
2431
2539
276
1374
2304
384
766
2071
1768
1460
2383
1198
150
2542
2600
2584
2120
2252
2550
1578
668
2403
2360
906
2135
1010
650
2067
36
1758
2157
1108
720
2195
218
414
698
2168
52
416
270
1256
2604
730
864
590
2076
78
1768
914
2611
116
2425
2768
2512
2350
2353
398
2173
1912
2326
2321
420
2458
2345
1468
2606
2888
2188
1414
1618
1860
1076
64
130
100
2668
2464
2407
332
1688
170
2145
46
724
2436
1956
436
1346
2472
1843
334
1430
1866
50
92
90
100
1596
234
922
2128
322
2440
1022
546
1730
2727
2427
220
86
1186
2145
48
1726
2493
320
2320
1640
616
1220
2539
1886
868
730
2264
2176
92
628
2153
1954
1016
580
2320
806
1648
314
658
948
1266
2601
898
132
824
2101
840
464
2359
616
2385
2244
2416
1722
2313
1382
1350
2388
2183
1947
1332
1394
2566
2148
2226
2022
2453
326
2229
2215
640
764
1758
94
2092
114
134
1973
2324
4
836
2114
2144
444
622
2338
2248
522
406
2344
2736
2532
368
120
1504
182
372
1426
2499
450
2036
1364
278
2103
2360
728
2117
1038
1040
1950
836
1518
82
44
2480
808
1126
230
2580
840
1720
2115
2340
758
1072
1094
44
1686
2532
2685
2712
436
658
2080
626
8
36
2070
1738
660
2213
2382
198
302
1758
1156
938
126
2324
598
2542
2613
584
2046
554
2016
2306
1132
1916
848
284
392
216
438
756
1890
2257
2687
2579
14
2633
2308
644
680
1000
1164
1892
396
1020
524
570
1963
190
380
1752
340
2422
1664
1714
100
2608
486
1446
1508
1738
2
2300
1686
184
2510
1018
2238
1252
70
2524
1336
1849
2399
26
1154
746
2052
1974
2292
1152
90
6
1484
1978
2299
938
664
2605
1914
484
48
2383
1594
2302
1216
666
908
1934
1320
316
1430
1494
988
722
922
1408
714
374
2013
364
776
612
2026
2057
2101
422
80
728
1222
1735
2159
1998
2202
2216
146
672
2555
1350
2387
224
2024
2362
2366
404
102
2180
2182
928
2490
452
1820
482
82
280
912
2175
198
478
2390
982
372
420
2636
2046
2077
732
2268
948
1834
456
2358
686
2198
814
410
2511
770
1502
2670
440
1930
1426
162
2519
964
128
190
2236
1622
2084
3158
1374
908
1272
1694
2322
70
372
1986
2583
800
708
558
92
1400
722
552
798
186
312
658
2354
1698
2764
1676
156
1574
2179
2500
492
184
342
2148
1128
430
1952
1260
1086
2140
2884
2512
438
924
2092
98
2474
1956
1234
2254
2166
1280
134
1444
1949
512
198
1200
34
1494
1468
592
2443
1018
60
374
2273
72
1588
404
746
2235
2501
394
1134
1020
1966
2179
1262
36
946
166
1580
64
2192
374
930
178
1756
1032
428
2810
504
666
2006
1296
624
782
80
178
1020
716
2052
128
302
2024
600
2442
994
2227
72
30
742
2583
512
2306
584
1340
780
2279
2222
2290
394
2586
2272
2018
1922
2436
810
606
2462
2083
2371
68
732
2044
112
2359
338
2174
1620
2328
850
1702
142
2240
1546
286
1886
648
942
562
190
72
476
768
1412
2431
264
1963
1364
506
128
2196
958
2195
298
2207
1028
2078
44
198
612
2178
346
1034
836
238
1400
236
86
68
1924
2668
1716
2019
518
1906
402
618
2012
1118
602
1828
1883
1308
642
256
488
1979
2363
2096
360
2025
274
2253
56
478
2680
426
2042
1178
1548
1987
2148
542
2156
170
146
398
152
938
390
2228
2601
122
1843
672
920
2024
2275
78
386
1358
2431
56
236
1316
1991
172
2540
484
626
2132
2154
1128
2905
2130
2190
554
1170
690
1944
694
772
1428
2456
1218
2140
2049
1970
422
2492
674
324
948
2651
648
306
314
1168
116
2173
1516
1352
414
1791
480
936
2062
1860
528
500
268
2064
490
1036
1204
1154
12
1282
198
2521
2270
1826
58
434
40
2487
714
2
2066
1953
76
2300
538
2289
2723
2488
1500
336
2314
2169
1104
2092
2459
1414
428
34
84
2092
304
2462
2374
178
706
1990
1970
1372
762
1430
2099
582
2133
1124
248
1308
1218
920
2457
304
2060
1078
802
410
94
922
512
578
1468
44
616
1332
552
2489
52
2637
1518
1358
176
1656
2132
1186
1662
104
366
30
104
1726
74
554
2334
2248
712
2373
2310
1372
2230
720
598
1740
314
1438
282
1924
500
2531
320
1190
1730
1412
1062
1040
1428
454
1824
1746
2346
1500
1244
1116
1150
1232
1790
576
1178
1971
486
2393
2378
96
318
2366
512
1278
2105
852
704
1594
2179
1550
346
692
308
178
990
1740
2328
194
2249
490
2468
2309
1226
1982
2529
406
2317
164
384
42
2743
2248
2367
2547
42
572
440
200
274
1156
1706
132
232
1040
302
2057
2385
2478
1712
1678
446
2159
252
66
1542
1316
142
1294
324
708
2457
52
2742
572
2302
1736
920
1774
1298
2719
1890
182
1038
1406
2199
2533
762
1230
1178
1236
2228
2323
8
2183
2070
1240
2380
2418
1710
1734
954
1474
182
1658
1102
2300
534
2048
892
568
198
2119
1104
1634
1168
106
2424
1294
2248
2040
2207
2288
2114
1904
2253
2324
958
504
2226
1520
2363
852
474
832
1892
1618
64
2400
2055
550
1114
2325
1990
354
2030
2238
2180
2356
346
2354
2385
66
46
1330
910
1688
476
1890
1482
398
1562
342
1070
154
314
980
2440
2512
106
2128
1720
1086
384
1116
94
2311
2038
2080
2621
1022
1096
438
76
732
1479
1564
556
2082
790
398
320
1368
1624
1792
2862
262
2326
2281
2030
1602
2236
2125
378
244
2
2065
46
178
108
1888
2257
1932
1662
1136
2255
270
2082
2131
1662
776
2267
360
1800
2233
2734
446
708
2382
2362
726
432
1462
2096
630
1104
1850
302
304
2191
1532
46
916
2016
862
884
2151
354
1746
58
2504
2628
1154
14
2315
1826
2358
1746
968
2062
22
1620
1222
1953
936
1802
166
10
922
1638
330
1124
1144
64
2543
1130
2012
594
1472
1696
1178
2474
102
2673
2160
790
1638
610
2530
1966
782
2075
226
2533
2275
1220
2689
2388
378
1062
984
1204
2211
2371
1426
2423
2124
2564
362
640
850
1338
1266
500
302
1264
88
1874
1870
1644
2561
44
308
2343
1971
1562
2574
2757
2355
1584
2482
2405
2216
966
2076
2531
1864
2154
656
26
510
2263
190
86
1226
1895
2024
1572
2584
702
2235
1226
1928
1412
184
904
2277
66
914
1991
388
124
56
2364
2122
2159
2350
452
434
176
878
2274
138
416
1862
2265
1168
2144
2113
188
180
790
2124
1290
2455
198
994
2109
228
126
380
514
1802
2022
754
224
952
46
2001
2502
1606
1000
2353
2332
1138
1096
710
356
2092
812
2348
630
340
2367
2184
904
152
2187
594
2136
2261
2160
382
1282
2289
2232
836
2393
726
2472
1508
2173
662
2745
2269
2252
1852
422
2244
1238
2680
518
882
2238
36
776
400
2038
2818
2203
210
306
224
2588
76
204
214
1950
170
1502
1874
430
1394
990
2588
786
2452
2284
2741
2225
1194
438
2127
988
2447
516
214
1226
1354
390
54
672
2628
102
2293
648
2606
556
502
2208
2479
1506
1951
2403
2613
936
2071
682
1256
2736
130
2494
750
1790
2272
562
282
1344
2112
392
2006
824
2002
294
376
796
2372
1212
2184
1902
314
2436
484
2283
262
2117
2455
1272
1066
728
790
1414
1308
2416
1164
1116
2029
1738
2729
1840
1020
962
342
1218
2264
2473
1396
326
1758
1828
1192
1038
2120
216
2009
1364
1492
2052
1490
1892
208
410
1932
2326
2503
92
2586
1356
1837
348
1730
2200
2190
2361
1434
2150
290
2386
28
306
1048
2298
1302
242
2318
96
2462
490
2541
2727
1360
2714
364
748
234
720
1794
114
1674
934
1778
1883
2310
2122
2305
360
2055
838
1152
32
834
2200
2065
2163
1020
2042
1828
2465
920
1066
2251
1574
150
2425
1486
2745
1380
1044
58
680
916
2222
434
2377
2526
1006
2039
1218
2274
2390
984
1710
2400
642
814
1474
2154
1054
2410
742
762
346
1861
1068
2140
406
1212
618
4
1760
2237
1654
696
140
2320
682
1392
1550
1174
2034
2382
608
354
110
188
1392
538
2737
2048
700
304
1750
224
92
2374
2027
2503
2363
576
1300
2108
2065
1332
300
1766
338
2260
2050
1386
1738
1286
74
1096
342
48
1100
698
1878
2142
518
32
1244
80
2084
2132
1996
2302
1741
2244
368
924
2158
2341
956
90
2319
2333
596
1218
2330
492
2000
312
228
600
310
1966
664
2451
664
376
2175
1168
1470
402
2257
860
1830
6
2233
2034
2518
1674
2618
92
2810
434
490
764
1540
2777
692
1520
2035
882
160
310
2511
2133
1300
1090
2353
2662
2254
2158
262
144
838
214
1805
2342
1856
1194
1700
1104
2470
2499
798
2050
354
2315
438
2111
2247
2176
134
294
806
446
758
196
1010
464
2674
2307
316
2316
438
736
1656
2362
2102
302
2356
248
1948
992
104
406
1316
96
400
1687
1976
2568
1070
2190
2344
118
776
2216
1834
714
1308
502
510
1420
864
1808
860
2237
2158
2358
2628
2174
2345
12
66
1290
2614
998
572
2405
1678
706
2002
356
2044
344
534
2113
2197
2193
852
152
1818
84
1298
1050
70
780
2156
92
1936
524
1198
1980
1546
714
382
2296
2344
1612
416
2518
2166
1666
1562
620
2087
2000
2275
1466
1166
2409
1476
2282
2290
2409
2119
1296
2161
338
2274
1026
2314
2458
1736
2672
896
1664
648
660
2640
1120
1990
2157
384
2710
224
722
1700
1382
438
328
2220
326
1748
138
2576
2304
2822
2631
394
2092
1558
2366
2700
2417
1754
2112
1906
1338
400
38
1512
2369
2094
344
1358
26
1861
2806
194
2288
152
2127
390
148
2214
1468
2121
1612
1975
496
608
2210
1734
2155
2164
18
2339
82
2069
1936
174
570
2716
1030
2428
210
1322
2278
1640
126
638
2395
2224
34
68
1500
1608
1294
2038
2150
2178
1290
1848
2036
2420
2253
840
30
2426
1514
2573
272
2669
366
522
408
216
572
354
490
1440
208
1830
32
2505
1602
118
1880
778
126
1504
2272
344
1939
190
1662
792
2257
2056
2655
64
1212
1068
2345
1770
2137
2235
458
1716
236
910
798
2152
2130
1678
2168
1084
116
2675
946
104
1272
2002
1966
2252
272
2591
1551
860
738
2410
2246
984
806
1598
500
400
1834
1324
2528
2446
934
2074
1687
892
138
614
1426
330
2406
2217
1230
2229
1696
2312
1830
276
1902
2125
1706
2244
20
908
188
1054
170
394
2523
1514
2506
1768
2550
2115
2387
438
1174
1502
2112
1746
1906
1460
2386
1820
60
758
474
454
1358
2424
2182
1226
470
252
2450
1202
2395
2458
1178
1826
2000
1502
1018
1186
1742
1264
1472
2464
140
408
438
2421
356
996
2308
62
1877
2511
208
2133
992
580
2148
482
710
1576
2357
770
2749
1430
2281
2240
2376
1696
1682
2630
2
104
222
476
60
2428
750
1566
714
2737
2292
2586
304
670
946
330
1048
294
2538
454
2514
2346
2312
2474
1966
1252
2612
2703
778
1946
1396
2478
842
1802
1834
2366
2158
2039
38
1718
1920
2159
208
1316
2181
1472
2117
1212
2047
1228
586
2027
394
2494
772
1838
466
2000
886
1314
2397
2556
2479
316
536
738
114
378
1162
1120
920
180
406
1666
642
2318
2296
798
1118
674
682
542
600
478
894
264
2772
1534
1322
2522
2481
1266
2302
2324
76
2734
748
236
1898
76
2228
502
2189
2695
240
2245
2648
802
616
2019
1582
1800
2764
846
1284
294
2838
2268
2152
18
60
818
1724
440
2030
212
1584
214
2376
734
1070
2075
980
2351
2618
1848
2529
2401
612
1830
42
1434
2078
2462
62
922
196
884
368
456
366
2165
2326
1946
88
332
2354
1174
1720
2454
58
38
2498
820
1714
2159
834
1608
528
264
1224
150
2583
2762
1698
2394
6
728
1278
2092
2166
1356
560
2167
1760
722
298
292
1922
118
2311
532
2478
1210
2360
104
2171
10
2258
2213
1374
690
1280
1708
152
236
2351
1827
962
440
1462
2492
1642
844
94
150
2146
2695
592
1478
2650
1412
1520
1927
2332
610
2258
178
166
2673
652
830
2096
2016
952
2176
558
1150
994
194
970
642
578
2045
2220
2334
2591
1424
2052
2069
726
2363
1958
2120
88
2235
260
998
1710
2152
552
1148
1160
1662
1328
2456
366
528
1796
1608
2382
180
808
466
472
526
532
2345
740
1396
2473
164
360
798
1442
2416
1488
2131
1078
86
166
100
414
1740
1978
88
2022
22
2024
2219
2323
2204
24
354
2359
410
2233
68
2156
2236
902
2324
728
1124
162
2058
2614
1018
742
188
472
2222
550
752
904
1406
430
474
982
2439
1768
782
904
1100
1742
2355
1660
266
884
2
2492
2044
306
2427
1000
228
1172
838
2210
2433
2693
2354
2075
1898
114
1954
1104
194
974
126
104
1888
2240
16
2120
1322
1728
2491
1060
790
2407
2306
92
2518
2550
96
522
2156
1002
338
2393
1852
264
338
2181
590
2405
148
1062
84
2378
1058
300
100
1962
384
1204
1436
1708
3112
564
2322
1666
296
2376
1010
684
1698
730
2019
526
2223
2554
2283
2286
472
870
2459
1320
818
148
2088
932
26
1830
2416
82
1646
404
1614
20
1412
2182
374
2219
2627
2177
2077
1860
2492
228
2350
2593
1808
2460
2384
1164
38
1762
2251
1500
2202
644
2443
952
198
696
2286
638
980
940
950
22
158
1096
2273
910
96
960
668
2454
2351
1374
1122
2073
836
1192
1408
2365
1922
92
2128
982
2030
858
1792
368
2124
2226
2557
2370
1732
348
1838
398
2327
1306
994
1134
1726
2347
58
2233
232
2190
568
838
2451
2307
1054
42
1288
2341
1586
422
1742
6
2022
446
804
342
1254
832
30
1907
100
2244
900
2225
2435
1048
906
160
346
256
2530
828
1272
2016
436
1282
836
2184
1856
174
248
1746
2214
1196
1242
2166
1302
2422
602
824
1642
794
2267
1955
76
34
1646
2023
934
322
2540
352
284
2661
704
1148
2668
812
1030
2426
388
1216
1720
2516
2634
2435
1972
2519
1602
808
178
2496
700
1694
908
1796
916
2370
420
618
2396
2375
856
2240
510
464
834
616
4
272
778
280
212
2390
738
2343
56
2281
2603
1064
456
2520
1596
916
656
810
2292
676
1881
980
6
964
2749
24
2142
2223
246
832
328
910
1154
96
2119
2156
2607
420
366
1470
2560
956
2579
340
894
2606
2134
934
2322
186
170
2331
424
2282
2553
1971
1830
1442
2050
1426
154
186
570
2506
2251
2357
2639
284
1144
2096
1676
1528
1206
2116
2308
552
1990
432
2774
562
2660
1941
1122
1138
2767
952
670
992
960
558
400
434
336
1608
1973
866
2111
2003
712
1280
1256
1450
502
2507
1134
296
2389
1110
1414
680
908
894
2470
166
964
604
846
1418
600
118
2483
1734
2348
2482
1072
322
1666
1140
2355
1768
660
2595
700
794
402
2596
728
2345
1074
2256
1788
2154
1394
188
1808
2131
1998
2424
208
2345
1056
2368
2011
1392
968
2304
2253
1640
1710
224
1444
1444
2117
2341
558
1500
144
2369
2306
64
2509
2048
2251
212
1412
1076
2349
1620
2208
2624
1428
2344
1728
1846
2040
952
2387
114
1935
2024
1248
232
302
810
1426
414
2398
1556
1824
710
1662
2536
1046
608
2161
234
160
216
2077
1848
666
978
2538
414
1336
1678
160
1024
1376
1250
2260
38
1020
1062
78
2086
1034
1264
24
108
1258
2416
1374
1838
2131
2390
1746
310
558
2274
682
1110
76
1008
372
2371
2448
2003
2275
524
1440
1280
1098
1010
2017
1446
2073
2413
2005
988
1512
592
1406
1076
2608
244
830
686
982
800
226
2290
2190
598
1889
2384
2166
308
1040
2374
1352
28
50
880
1068
1630
1998
2350
1164
210
1742
2365
852
2586
1865
134
1910
2432
678
2387
584
2096
430
1478
784
1888
2318
2472
110
2658
1890
2531
548
1900
1394
2131
2124
812
662
640
794
2173
2553
2284
592
880
1162
2422
1938
186
2357
2524
2064
2118
2286
1508
1482
122
392
322
2234
682
2096
764
368
1668
2106
2086
1850
2048
1026
2040
374
1656
2136
1852
2231
2566
2406
2181
774
994
1904
1318
274
2227
1074
1198
2405
2569
2233
2036
2274
178
886
1088
2248
2359
1154
336
2260
1846
2340
2493
2174
2304
178
2054
220
472
1882
1104
412
1694
2575
632
336
2406
1348
2282
1126
24
2173
2111
1950
26
1776
2038
1286
1068
2328
1524
2551
2427
2447
1792
126
2620
1142
2025
1690
346
2230
2337
1326
2140
2034
1636
1500
1768
2251
1614
2175
116
38
1824
1050
2176
360
610
668
576
1712
300
1618
1936
488
124
2392
1238
886
308
1714
2480
1592
976
1122
1898
214
718
2329
702
114
3394
2627
1676
420
874
2349
1142
696
2279
1452
2762
2466
2310
352
1234
2564
1296
218
1164
236
1076
1811
2140
1796
1690
400
2448
922
1968
2155
882
2695
350
160
62
662
1620
2364
2776
1372
2351
2454
278
2393
2534
2609
1084
50
2373
580
1512
1098
494
2183
2519
476
142
2202
202
576
2400
848
654
1825
512
1282
1118
2723
2106
942
2221
260
1384
566
926
1062
682
834
2456
996
404
40
464
1100
238
2270
2468
1544
30
2391
712
232
1960
1004
782
100
2720
2441
2426
1898
2277
2433
2238
1276
2016
362
452
1594
1804
902
100
726
2125
936
2166
556
160
1788
1654
1785
2709
230
2598
1908
2537
2163
2610
2494
2330
832
1977
228
2264
1903
2201
2091
52
1002
2454
166
1210
2513
744
1882
1058
300
1016
926
1062
506
1796
1386
2060
2177
1744
98
2318
622
1428
674
2329
782
2434
212
2839
2375
1476
1218
2315
208
2207
2278
238
108
534
2369
636
2319
134
760
2028
710
356
868
1354
382
2461
176
1542
716
328
806
1074
1930
2351
1788
1688
2088
2855
2274
1784
2281
204
1494
2172
860
2038
558
114
2433
2249
384
292
652
1152
2311
1854
400
1472
2137
224
2525
96
1256
2160
568
1356
1154
704
2519
2267
450
2616
2094
424
2134
502
1812
2221
2389
2192
2048
546
326
2102
2072
282
264
2144
2029
400
2308
1502
1060
1907
1990
2394
320
1482
1908
1192
1190
1156
2333
1520
1104
1916
1844
1765
1588
1546
152
8
696
124
2245
2582
2693
56
700
404
2528
524
2135
250
2056
2335
1256
1948
262
2337
962
324
368
88
2209
1654
2328
1348
6
142
1887
2508
998
1148
954
1234
678
388
894
886
132
462
274
2426
866
1602
1710
2178
946
774
1944
1158
2442
392
698
2440
1508
2018
2066
1492
2442
2440
2026
1188
2146
950
2335
434
2552
1392
1949
2114
872
2007
1610
184
2375
14
1804
1580
54
238
1520
62
1132
1752
2194
2518
626
2699
2135
1927
364
1346
2494
122
2513
792
2633
746
128
2124
296
428
1902
1042
92
2290
688
1939
646
838
496
1832
226
34
1824
2554
2166
1114
2154
2270
2296
190
832
2072
1832
1798
1092
1776
2757
2336
2064
1962
100
2654
2108
2052
2637
184
2287
838
2160
596
2360
2515
422
1428
1476
148
2206
2448
2195
2478
1014
478
432
1072
1334
478
362
2322
48
902
1210
1644
694
2294
400
1836
2625
1628
2501
254
2658
38
2407
1728
1740
138
2491
2652
1200
2320
2224
1714
344
32
1124
1816
670
1752
2148
70
720
1748
2340
2064
2193
992
1858
574
2222
1536
872
2194
2312
2240
2412
236
2283
2158
198
1746
2598
2482
2258
1636
626
2473
188
18
2392
174
792
198
228
494
338
1646
958
1376
2599
1140
1028
622
106
1750
516
2960
600
2447
2422
2190
8
2334
2120
1840
2648
1184
2359
332
2635
2080
2347
2164
304
1800
2204
1830
1592
746
1674
2372
2576
2177
2028
586
1000
2037
544
870
996
904
2014
278
1860
2254
2156
142
1820
2445
1574
186
364
2657
1738
1672
1008
168
1218
1338
514
1872
1156
2082
2534
1172
1116
1902
1604
712
564
1336
500
2120
590
230
2272
1330
2086
852
304
2249
966
506
484
1076
1922
658
760
70
1162
2147
1154
16
2676
2465
1192
2329
1420
428
2024
1734
2361
214
986
528
146
108
912
2393
266
2076
1584
1276
732
98
1180
696
1970
1548
138
316
646
140
2565
1630
712
2154
904
360
510
2488
616
454
1724
990
1220
2459
2366
2122
2234
1678
1989
2216
700
736
908
1536
2428
2244
666
1444
1697
696
96
2452
2570
1650
464
354
460
1648
52
2158
1928
2114
14
1324
2795
2137
914
30
108
2265
626
410
958
300
2123
624
50
724
2637
866
1588
186
1392
1456
132
2113
154
432
2281
2374
1556
802
2255
2026
856
214
2482
616
2228
890
772
2463
2570
2184
278
1286
1168
2045
1946
2419
692
686
10
1862
178
2396
2169
1422
2113
2026
2062
472
1970
2426
206
2137
2432
2017
666
1154
2236
2448
148
2402
2091
250
1386
1200
88
228
2474
1080
2145
2610
126
2639
936
2396
2222
1584
1140
2341
668
142
2261
772
530
262
1784
2295
2299
986
692
1488
2387
840
426
100
116
2583
1066
2202
1946
2103
2498
1130
2341
2545
2216
2503
472
1050
1736
690
408
2121
294
2363
2210
1988
1744
2568
1244
228
174
2336
2477
2024
2109
742
102
2398
166
2345
2710
814
2614
1022
2509
1258
2384
1702
1404
906
2164
1176
2018
2294
834
2435
2513
1156
2531
1126
1166
1154
698
2044
1522
50
58
420
1774
2018
2369
2822
2267
174
2430
1182
2304
1016
2661
2067
1162
700
1256
874
1923
246
2139
662
2108
676
2454
546
2431
2658
2103
88
2242
1564
292
1514
1868
884
48
1442
42
2568
800
690
870
398
1621
124
236
1494
2524
2268
2331
2234
2168
2310
1446
648
2512
696
868
1294
1310
2122
334
938
888
2464
1468
848
2479
2489
1158
500
1120
1050
2484
252
346
52
2238
2356
1692
2379
928
1104
2148
326
1246
2064
2496
332
2172
1612
2761
396
832
20
652
708
2272
1922
2259
2042
2160
178
260
1964
2563
1394
2449
1220
1150
1634
124
850
2440
1596
2718
718
2084
2536
570
918
22
2236
418
46
2151
1230
1134
250
468
2290
2276
586
496
906
2146
2408
1790
44
1707
1660
2306
2510
1968
8
2335
1060
398
2016
2184
1120
1020
2509
664
2894
1958
1754
2721
1214
468
1308
288
736
514
2485
1660
144
566
2777
2379
2387
2007
1997
2230
750
60
40
738
1991
2293
914
2076
1424
2205
2270
1985
2435
328
2147
2147
356
648
1048
612
1861
2178
1056
480
1832
1700
2523
180
1404
2758
1933
1438
766
1990
784
2094
2503
1180
2163
2524
176
344
362
24
582
1986
1248
2572
1014
730
2252
242
620
1082
16
142
1636
2166
96
412
1084
1686
2425
544
1993
1516
1876
148
2123
2325
2337
2425
2288
436
1724
2041
2146
1306
190
2310
1042
1966
752
758
660
2309
1416
2100
1012
2341
2241
2597
1396
690
2110
3988
1406
2437
1056
366
998
1250
880
2528
1940
208
1786
2697
1518
2253
266
830
2072
2358
2638
2367
566
2124
328
936
1688
1166
2784
1432
2247
2822
2164
2255
1952
932
256
1416
2145
158
858
2384
2323
2558
2636
92
1040
118
54
428
2381
358
1654
2283
2085
1630
526
2231
2276
1561
420
692
444
2427
902
1970
1326
1316
1078
120
1056
2113
338
2231
2628
758
22
2013
1172
2015
1390
486
1522
604
1954
1733
272
2407
510
1776
2739
2260
1524
206
2073
2095
2902
208
34
1694
420
1666
1816
2331
14
2158
1344
2102
1600
140
1848
152
2344
2654
496
2416
2244
2170
2442
1012
2173
150
1770
2087
1652
686
168
916
2084
2040
2276
412
2071
2656
1844
1826
2144
668
2137
42
1380
2191
418
222
208
2447
2414
28
268
284
2174
344
182
2379
2502
1060
1766
1076
1644
2750
122
1898
2364
2604
2416
1006
1792
2454
1680
616
2007
200
2410
2044
634
2432
992
2242
2062
2565
2114
2238
1800
178
2168
1546
1382
1730
1010
252
714
1000
2084
706
2180
442
2289
2305
1716
272
502
2400
1469
374
858
766
60
1082
2363
2051
348
2243
46
2649
862
128
570
292
1898
618
686
1204
1556
2345
750
2464
564
2747
742
1476
362
32
1474
430
2268
636
382
2321
288
390
1978
598
1918
826
624
816
218
1930
2553
2518
2702
1954
1420
2555
522
2396
1910
1250
2233
2059
92
2022
2121
2371
1898
1576
2026
6
248
10
1965
596
328
520
2604
1328
2213
540
314
2162
736
312
556
2209
2355
1968
1432
1846
2174
626
2596
1278
42
118
116
444
1106
516
288
2335
2206
1384
1474
1680
2504
2517
570
670
2304
2377
2690
1288
1192
2190
2229
1376
1544
870
50
470
1956
28
434
2281
342
266
2233
142
2530
2401
266
2210
810
356
268
2232
888
1120
922
412
1290
2755
906
6
1957
1504
1866
1060
1360
2530
2484
2587
246
2140
628
2677
2219
2559
2115
690
1614
2353
1532
2590
1962
2140
1182
2235
2409
2286
2310
1860
1288
2693
1899
334
28
848
2310
96
2246
448
1368
806
228
250
108
2205
1550
250
568
478
2304
1408
2854
918
1770
28
1534
2291
774
2779
1240
580
1052
1686
1892
2248
2352
1050
2204
2420
1994
192
2359
68
1740
2210
2773
1552
826
140
282
42
2360
1444
2510
1352
2225
120
106
2094
8
466
1874
1668
768
1748
2278
2599
2184
248
1260
612
2308
1981
1408
2208
584
598
1886
2420
2482
2158
122
2231
212
400
96
926
916
100
2586
2310
2379
2466
574
904
1210
1396
1192
136
1542
608
1632
2486
1804
1210
2503
1552
1090
2462
2066
1726
568
470
2371
2508
762
1102
2174
298
2489
844
2339
1288
1764
450
2031
2462
2330
552
2099
2309
1891
452
2148
1895
144
2203
844
2372
164
724
392
770
892
2778
1394
694
2660
218
2010
2184
2410
1254
1610
2762
1754
2521
2138
1892
88
1168
2491
1776
2432
1722
338
1336
1512
2468
1078
1240
2419
796
1126
2691
1026
200
2438
256
1776
1770
504
488
2522
2635
2080
1894
1748
1680
844
444
1264
808
168
908
576
256
2330
714
2581
398
12
2451
1226
342
1942
720
1888
1374
2572
244
718
1896
1904
2388
1270
300
1364
1458
70
2094
1530
230
1791
10
282
40
1328
1068
294
1232
1670
2066
2116
1558
2116
554
298
1912
2615
900
1776
2107
464
1672
108
2625
1028
98
316
1142
1206
1996
558
360
310
1104
348
714
132
598
668
156
800
342
2593
2034
642
192
1402
452
96
2207
210
1754
784
644
222
2399
2186
756
390
1488
2915
70
332
1130
1832
108
1974
1484
2420
612
202
1632
82
1476
126
88
1156
2108
1290
856
1878
2526
620
30
86
2143
530
2514
2186
2591
1560
2234
828
436
2027
1234
2616
90
170
2184
1396
2344
792
152
412
504
302
2545
2098
1920
1250
478
426
100
2681
590
166
1980
1364
1324
22
594
746
658
420
1192
358
1738
1118
28
2335
568
390
904
2227
2444
2324
1522
438
2381
2280
1188
2311
90
588
894
780
544
2491
1400
86
138
898
2054
104
36
590
1150
920
910
330
396
2257
576
2171
2204
2096
230
342
1038
462
318
2369
204
2446
1450
1182
474
72
1970
212
1030
104
1925
1562
416
654
1418
2460
2694
2719
56
2126
80
1858
2321
1304
1310
1997
130
806
2586
468
744
1588
278
2410
1066
116
1176
712
2395
1614
744
864
650
1154
592
2268
798
938
2222
2415
2342
1834
2674
2687
1484
2066
2657
36
842
480
684
2259
1638
2026
534
304
1962
2370
2361
2281
2221
2247
334
1650
420
602
900
166
730
332
2289
608
676
668
1632
492
74
1344
1728
1004
2215
350
2113
598
556
2030
14
1648
1834
1902
684
52
232
164
770
30
492
1400
112
1030
516
1698
790
210
2721
314
2383
1922
1999
728
2320
450
1772
2013
1828
1666
2454
1882
1006
682
708
1272
2667
754
2636
1660
2206
252
22
2154
2112
1862
586
380
2318
246
164
1090
384
666
2192
2151
384
442
1854
802
1472
1370
2044
710
1704
792
2030
2052
2211
42
1502
2222
230
570
2341
2260
2335
2354
2086
474
2615
1872
472
2609
2442
802
46
110
1722
162
792
2268
1712
108
1596
590
2616
2304
956
2225
54
2067
2275
2378
1294
932
1748
276
2382
2075
100
494
2087
122
772
1877
1688
2144
2674
1976
1682
818
766
2068
2594
1238
56
2228
2601
2270
430
2613
116
2370
1130
248
2090
1714
660
52
2233
2223
2536
2056
348
1096
1638
2037
60
1708
464
800
274
232
186
1932
2326
2493
1076
2364
450
1886
1654
678
788
2445
2678
756
1486
2277
566
940
1800
420
2190
2158
202
46
1342
650
1802
1400
2155
2441
1370
612
656
2624
2253
1006
2022
2403
1612
842
2481
2227
66
1072
830
900
352
820
1710
802
396
646
1944
1766
2370
2041
2098
106
1144
1180
2228
2083
2239
312
2322
58
2334
774
2226
1514
2024
1096
2070
1963
1352
586
2020
452
1270
2377
1874
2164
