2526
882
1736
1994
42
2605
1892
538
1180
724
1482
1948
1983
2
618
1979
1582
724
550
2040
154
2417
1964
1098
1036
44
696
2142
1330
1240
622
2002
2378
1768
2718
2161
2658
2483
12
2091
1192
2347
2195
2334
610
862
918
1240
1356
310
2088
48
438
1590
324
1722
1818
2082
652
380
2256
1106
2169
2012
556
1806
1970
224
1066
982
64
146
2182
2537
2330
1184
2564
1866
434
1132
1370
1532
2088
2238
980
884
1838
52
1886
1074
2331
2326
72
1332
200
102
90
2703
1408
2423
2209
268
1580
772
1556
2032
338
292
1046
1560
2360
132
2334
996
1938
2078
1418
498
2422
2467
2104
1104
1366
226
20
112
968
84
1260
736
1974
2052
154
2343
2060
1586
232
962
766
2437
568
1078
920
1506
496
110
2298
2402
328
56
2096
1522
166
1918
1995
2223
2349
2544
906
1636
1857
386
604
926
1980
2188
1402
646
1991
2212
370
1780
2605
278
2457
400
2570
440
2132
2688
236
1968
1260
338
1324
2554
2669
212
206
2496
1204
1532
298
2355
1822
1520
2148
2278
1334
1456
2326
1384
402
2228
848
14
2670
2115
1594
916
850
1300
2266
1244
2201
2625
2053
2329
2342
1574
864
2538
1754
314
1784
1955
444
370
2516
2471
1122
1928
1282
428
1272
60
928
2506
472
122
994
1918
1348
2336
2164
66
1640
2054
2622
376
20
578
2329
360
1400
1794
1990
1432
902
2176
2222
2219
2721
1954
944
124
344
1644
1046
1278
588
2324
2055
462
636
2186
198
2255
1158
388
2499
950
634
2119
2436
2425
292
2550
384
688
2207
2617
872
72
1690
774
422
116
1630
576
2293
1126
868
2214
2271
132
622
2254
1666
1980
368
2366
2188
2341
1898
1106
1946
650
2195
1416
2426
2284
898
2140
1620
2504
634
2221
558
2503
2351
1404
14
2245
726
1698
166
44
2494
260
172
1132
272
46
130
2113
1120
102
858
1608
548
318
2673
784
478
2552
228
2226
374
2544
992
666
456
412
2318
2710
828
1352
184
338
452
796
1086
2054
1771
2413
1422
1034
1030
2306
1254
682
2437
356
2637
2181
2110
862
1600
1008
2509
1624
1178
832
2365
896
36
2159
412
112
466
408
2410
2225
2376
456
364
2462
24
2322
992
2307
2215
1930
1982
2264
298
512
64
1268
1918
860
2276
654
46
1112
2273
1882
930
2632
2024
1300
2369
2224
524
804
2461
1214
282
2179
4
1474
404
1170
254
600
2469
2277
2523
2251
2124
1916
2024
1000
2148
142
344
2407
574
808
1922
612
2215
764
2461
1234
548
2018
2204
1434
656
1952
2651
2000
2012
2423
312
554
640
1226
2520
2064
98
380
198
224
1672
510
1767
2128
186
1588
678
438
126
894
760
2328
74
1228
196
2187
2467
1534
356
208
100
1728
884
2
2695
244
1390
2067
2371
532
1574
234
582
1856
1472
1927
1814
2247
862
748
1434
12
458
2194
844
2128
344
1394
132
2717
408
414
1974
50
1570
978
2358
1076
2607
582
56
308
132
2358
294
284
1586
2350
736
2123
1586
190
210
2180
146
542
1012
2056
1738
1522
580
568
1544
2341
442
226
2307
2459
2264
2208
2591
1242
854
2772
868
2371
580
1236
1842
624
2206
728
2319
992
2411
750
1436
1811
2318
428
2128
1312
582
178
2418
92
990
152
126
570
1876
2243
2498
924
748
2398
2522
198
598
1066
510
1176
2280
862
1204
84
638
564
1931
2308
884
140
36
1490
860
1082
82
1732
2359
734
60
12
2120
2571
2198
1222
1178
252
1224
108
1272
698
652
232
2407
2654
864
524
1938
1730
1812
2114
2191
2360
280
620
612
2188
1270
820
60
754
1873
2352
232
1998
2366
116
374
604
70
62
502
1700
2437
2374
408
204
2542
1168
204
336
1160
1512
252
1340
1634
244
10
2238
2522
416
44
260
310
582
1370
94
1945
2021
2305
262
1250
2486
2076
194
2125
2058
22
1690
1796
1680
2308
1272
816
1012
2438
1948
1420
1946
2329
220
1362
2480
1634
384
1082
1068
832
1814
2212
824
182
1144
278
478
112
2100
1174
1208
2253
716
1852
2074
2368
826
2296
1742
474
2488
6
1892
2015
2296
18
64
208
298
34
2028
1250
2264
1709
96
554
790
1990
662
958
48
2506
154
774
1270
714
2209
1188
1364
180
2009
840
1748
2153
2500
2412
1999
2650
1772
1716
20
310
234
644
2338
1548
8
20
818
2280
1610
1452
712
1232
1582
2347
1854
2404
28
1948
1382
154
2848
408
1558
1926
2636
380
200
1024
2281
36
2182
2372
2333
2122
2132
664
68
1580
202
1130
2371
656
138
78
150
2250
576
2342
1819
968
698
2424
1640
1694
1524
184
2391
664
1194
1634
508
1826
2570
674
434
2016
2092
2743
1378
2509
2308
1963
1290
46
1394
164
1278
1994
520
1574
2604
180
2578
1752
1476
2257
1452
1332
742
138
1284
90
2405
932
1352
322
2423
2556
2317
482
2442
608
2467
2278
2110
520
330
446
2458
2445
536
1078
1284
2167
2726
2462
1336
1785
1024
50
1814
1708
88
2358
388
1578
666
406
2261
972
1332
46
2207
1184
2304
186
1322
1136
736
2300
1934
20
1323
728
2180
884
1910
848
1338
2228
488
1126
1878
186
2259
1508
2425
492
270
868
1462
60
2488
1302
1040
862
218
434
1468
1576
2464
792
2348
2487
1436
2062
638
146
2225
304
2678
930
2137
778
378
204
452
2
2381
1564
2157
894
1438
1716
1222
2267
2392
956
2455
2299
1574
598
2619
2253
1106
1588
890
1844
2727
288
2583
1983
54
2652
2413
1284
316
490
494
730
2540
2852
968
1346
2334
714
2427
2068
2369
2308
1186
56
1900
1242
546
2519
730
994
1204
732
844
2350
314
134
2403
2161
2074
652
2090
1692
436
2136
1540
1602
342
34
62
440
2380
1836
938
2007
20
486
2469
940
532
94
2396
60
1160
556
1068
2194
2298
1438
1742
352
414
2148
570
2324
2063
406
1056
60
668
434
2515
2415
1990
2444
2611
2
1374
2278
2138
2330
1586
1656
32
672
1354
1644
2239
226
1616
1290
1076
2342
2151
1276
2008
2481
308
2457
2182
2245
1492
248
2478
88
2462
1392
1294
2338
1226
1026
300
484
1736
1502
26
1066
2643
1662
776
2442
2376
2640
2218
34
2378
1488
1560
2160
1230
2457
2350
1922
394
100
36
670
1220
764
1646
1648
432
2425
332
412
2496
1464
2364
904
152
1078
830
506
92
230
2090
1300
984
2387
536
1012
790
120
1976
90
1510
188
2272
926
2608
276
2279
2025
2177
762
2190
2625
1498
2812
2445
1088
312
94
1668
200
2274
2091
1636
2164
2083
1408
94
2392
1316
560
30
2268
1498
708
2269
1898
2232
938
2285
2357
990
2641
2196
2100
1756
2164
2282
562
2443
600
1154
1804
266
2245
944
2528
2419
1746
2357
1878
2372
2206
2641
2485
518
2457
24
542
2182
2312
62
190
2830
788
1062
2008
2251
2140
392
2308
314
1820
1722
1176
2613
90
2482
148
2437
1860
24
1506
1988
2334
1558
578
1044
2492
2134
2179
2270
1162
646
874
2446
1168
2109
2147
2216
2232
422
2319
1954
1786
210
1144
2340
2101
2550
2378
1136
66
2256
2212
1116
814
1931
1984
2183
248
1868
2379
572
2612
1350
2458
2455
938
1694
2077
1208
1828
1350
1178
1080
2323
2503
2247
1784
1814
2492
748
2382
1078
2332
572
1916
1092
966
260
2399
2026
2429
360
832
2529
672
812
1996
1090
2420
2423
330
2330
272
86
1168
1184
426
2458
1394
1006
2391
2460
1616
218
386
566
1110
1867
2088
1554
2591
994
2366
188
2573
770
2112
1368
282
1276
2220
300
312
460
2085
1680
2312
2462
2004
26
364
1114
1086
1436
914
556
396
844
1724
1668
102
1156
1538
1889
216
1192
1906
96
764
2352
1154
500
2449
1298
2206
854
2137
222
590
1378
342
188
1146
1583
1204
454
2260
2015
570
2355
2198
1854
1208
1072
364
886
1426
344
680
2546
810
1404
124
94
602
144
926
2421
74
2634
2322
1280
1294
2431
2443
396
788
496
460
2316
596
524
308
492
2585
2072
1970
1915
2096
2595
966
2663
1366
492
2390
2254
1668
98
694
942
698
240
332
798
2474
348
2529
2266
322
552
2096
780
342
1000
114
316
2100
1122
6
2264
1778
1616
1776
798
622
84
844
1404
1694
2333
782
874
898
2477
2551
1350
2079
610
444
878
2756
2345
386
1408
2253
2115
84
2245
1218
690
488
2552
2132
704
2308
262
1274
216
114
2095
776
2006
864
418
344
2691
1292
2034
210
2614
802
2288
2430
338
2384
2197
1984
2531
932
1620
2237
16
2493
786
1894
2232
914
2205
1536
542
2226
276
1418
226
200
1983
482
1172
2679
1986
1156
924
690
2261
140
480
2050
614
14
274
1386
1768
2458
1716
2256
2423
1416
152
2229
2348
822
2378
804
2452
2151
2726
2232
166
648
2121
1368
2308
950
166
2165
388
2366
352
1476
2385
2040
2185
2734
2025
604
2222
2502
1750
2241
2188
682
1694
2691
1550
2019
2350
1442
746
2566
1212
76
202
218
2372
2222
2408
352
1540
350
484
2318
2606
2658
2447
2353
1396
922
422
226
2296
2389
2373
12
1134
1214
1718
2119
70
656
1860
460
2254
718
2244
2200
1606
1160
2238
96
1838
368
1154
944
1706
2518
186
428
730
962
2443
2446
630
1578
2112
22
2291
1326
2190
2453
758
2090
58
520
2037
2392
798
2486
994
1942
708
2516
808
2334
1884
2487
1590
2557
2409
2160
1670
2327
2471
1960
542
2014
1690
1893
2062
2313
246
2637
1080
1983
1600
2220
240
2304
712
278
1360
832
446
294
1600
1306
2174
124
428
2085
156
860
584
832
2023
440
1930
1636
302
736
464
2286
576
2055
2393
674
1676
232
2320
168
2674
1620
2282
350
2010
1148
128
644
376
1818
2279
690
482
950
2210
80
1855
2339
2200
2619
2225
2308
1952
2200
1190
2176
652
44
1222
636
442
1020
62
2287
1878
790
426
2320
74
718
2261
2210
78
2320
2324
2121
262
2168
2350
460
536
2246
506
352
1582
26
534
2243
2364
444
1440
2068
678
1976
1996
1284
2514
6
2413
8
574
546
136
632
316
2031
1904
1660
2301
2572
2438
2306
2431
2662
280
1002
2115
2393
1554
1802
1496
648
1752
1304
74
174
1188
156
136
312
2348
630
630
284
2240
946
14
1422
346
2279
1886
2448
420
1881
344
1504
1564
62
134
2372
678
1410
376
2154
2040
508
2179
150
2178
1206
332
812
1476
1686
2263
2529
2432
2673
100
1820
924
332
786
2423
1786
2218
2795
376
600
2078
2032
2513
1718
504
2179
1616
278
298
176
336
940
1942
188
1270
2304
2748
708
184
2288
2203
1548
2057
774
358
2570
860
2459
2589
1955
2110
2613
2556
1879
598
1380
620
626
1362
192
1863
264
1624
830
2592
2454
1086
2319
602
14
754
1782
2482
1322
954
1774
2126
1032
2200
692
968
1268
622
2166
2415
170
770
664
350
230
576
2120
2062
206
1814
232
1872
500
2294
708
356
1508
1984
538
458
634
2696
2319
1656
704
650
1126
2100
98
2093
74
882
2289
2505
542
618
1376
276
2368
190
218
1264
1594
2155
212
2305
462
2247
570
2069
50
2040
1634
1130
22
2326
1444
2070
2361
1702
454
1804
1464
2336
1966
978
2018
2232
1052
264
870
294
2692
2216
2233
2805
1394
2235
2398
936
550
2198
2363
1680
1662
2700
2257
2424
1316
2538
768
822
822
1166
2583
2239
1835
324
318
2276
1542
1742
1506
494
196
2568
1958
796
934
1806
2512
1604
550
1060
2712
1162
132
400
1826
236
2396
1698
54
582
124
50
674
2273
542
1270
1568
136
1482
716
2008
1836
2135
586
480
1926
974
248
2443
832
920
2243
170
2269
1138
2299
2319
2416
324
682
692
2506
2328
2693
2524
1956
350
2395
1018
1336
328
1004
2375
352
222
44
88
1276
1152
2654
1044
296
1691
8
560
242
50
2529
1747
2464
916
2190
2198
1108
2083
198
84
554
816
1884
608
586
1676
716
1980
2500
620
624
904
2351
992
642
376
2601
2179
1964
244
1654
50
798
2382
2402
2091
2268
316
628
2146
676
44
206
60
1256
474
60
1088
2437
2002
2257
674
1244
852
2576
1220
810
626
2113
680
632
2096
1508
1232
2183
2542
2202
662
92
1917
282
1510
28
638
1108
250
222
106
2070
622
2281
242
1736
2697
2244
2240
586
1354
562
1094
766
760
1912
1274
730
490
2166
2324
1130
230
2198
232
672
1840
488
516
1218
1354
1366
2407
1708
1917
416
2105
962
1660
1494
298
990
1292
228
1520
2607
802
1850
1773
2382
2591
630
1124
2432
1406
394
2461
2090
2451
2702
818
2476
2089
150
1494
952
500
2488
912
2171
964
1598
2479
2088
2247
630
524
18
1785
1522
2167
90
348
2499
1430
392
52
254
296
1368
2380
2595
1915
306
2357
2401
1371
1346
240
2230
168
1724
2130
1436
144
2470
1740
1916
146
818
1146
1724
1942
2236
324
2170
2507
58
214
648
1936
268
60
2313
568
1932
952
1326
1120
178
2218
2118
2106
1132
2374
908
554
42
192
1694
812
2217
906
1888
598
1630
1977
1364
1830
1841
1016
2415
178
1202
2209
1696
2064
598
2171
886
2524
2388
1170
2288
1158
732
2195
1868
200
1404
2102
1882
682
704
2188
938
802
2346
2476
636
894
988
2096
196
2056
2076
2087
1532
2047
724
864
2194
448
84
222
78
2460
1957
2034
1252
1684
2130
984
1084
2703
114
1404
2193
1791
458
144
2269
140
2145
2062
2482
76
14
1730
1954
2162
1412
2348
1280
830
722
2549
2275
2103
2462
294
1192
1884
2212
1883
2076
2258
1374
2368
2674
2323
968
2263
96
20
2414
796
2558
362
222
2644
1140
408
2180
492
2630
1256
300
20
396
2582
1304
2664
2532
2079
816
1329
760
706
256
2431
2074
158
2219
130
1216
1570
2536
126
1312
82
814
760
2452
2419
1810
984
1628
2296
1940
854
2730
54
798
770
712
2381
1980
116
570
2614
2418
326
1776
452
2531
20
1220
2329
506
1308
606
2525
1122
260
2298
998
2470
324
1990
2004
2747
420
2074
1784
2335
2032
2166
316
402
376
2333
2145
1540
1156
828
1134
1777
2455
2268
450
2629
2040
1076
2468
2243
754
1410
2530
2244
220
354
46
1194
2109
1746
2212
1990
1046
1038
278
2436
198
2672
2325
80
1268
866
2243
1394
1806
1008
2479
182
2608
2318
2385
708
1934
1706
1046
1990
652
2436
1893
1388
1992
1232
690
780
2232
1172
2511
154
906
2742
2290
866
2272
2691
302
316
202
2432
44
1302
2158
2018
1884
1972
1004
244
1726
1050
234
554
946
1326
2399
464
1394
2642
700
848
2060
342
1130
1060
2217
176
2388
1434
2372
1626
1088
2403
1216
2412
2546
1568
2407
1182
2347
2237
1855
1764
2312
1734
1568
2502
324
2522
8
2145
2321
2290
2448
2149
514
2586
2120
2238
1334
2071
1270
2138
166
1830
2603
26
266
960
842
2004
482
818
606
314
2256
1958
852
2313
2374
2040
1474
592
798
108
580
2483
2370
2377
2370
670
2360
2314
608
1420
2162
568
2391
1120
2175
2517
1462
938
1998
874
1210
998
94
146
270
2279
2358
2174
154
712
2623
304
128
2546
2433
480
820
2670
116
2037
1230
1940
144
1634
2378
2285
372
2592
2733
810
2230
80
530
2162
320
618
2586
2237
364
502
410
116
690
14
134
2182
504
48
2113
2176
2014
1296
1612
2407
480
2488
2272
2124
662
2674
428
364
112
2307
1178
1416
2579
2323
2174
1428
106
2180
2206
2324
964
24
420
2493
2146
776
1856
1484
478
2587
2176
2273
1560
2162
1376
2250
2412
1502
22
260
1376
1330
1164
2074
544
706
1464
2546
2231
918
2520
990
1694
1022
1908
616
86
1088
590
1684
2266
1052
1330
2285
1947
444
1472
660
1444
562
576
934
2287
700
2176
2146
2475
1090
1032
690
2517
374
2133
2185
1162
2457
134
428
172
728
64
1178
604
224
52
2295
434
1784
622
528
2077
2412
600
484
2733
1120
902
44
2946
398
650
1942
1012
1584
2578
2537
2510
682
646
2623
586
1092
2606
378
2083
2304
1966
170
2254
450
2046
924
2892
2295
1920
570
166
2524
1857
2372
2300
2204
82
1108
2252
1624
2161
1554
1236
6
868
246
210
2247
470
2222
2372
1500
2432
2274
2506
1108
808
2184
312
152
334
2287
356
1874
1816
2297
126
1148
1616
2036
212
1158
1784
372
1872
1010
410
948
1218
1326
1480
2137
1686
2836
2532
2304
1828
28
2513
1344
1040
2335
1574
540
738
2239
2705
1870
578
2609
1850
176
756
1538
2422
2620
806
390
2363
2042
88
996
514
2421
1056
376
264
1174
2346
1362
18
2424
1312
318
2320
356
256
2653
2512
412
2068
2287
908
1938
2366
2456
1904
162
378
2690
1412
90
1942
1822
552
48
1790
1534
668
2606
1460
2187
1982
94
2071
680
2080
2475
820
2165
1434
2325
274
2209
12
406
740
2296
1110
2326
1832
866
226
2338
198
2224
1665
2214
158
1224
2019
2871
302
1208
2035
2658
996
1010
1662
2677
1964
2132
800
1925
788
2692
240
1460
2421
312
2346
2244
224
2011
1130
218
2583
76
612
2295
1050
296
298
1734
2517
2247
1977
50
650
396
2755
2341
2246
1965
1574
2130
142
2252
1556
2261
222
570
28
1012
494
2330
792
822
26
2612
2300
1674
2535
174
468
2564
776
2562
172
2492
698
2703
1880
1448
2080
44
2393
1420
616
546
940
466
2067
4
620
2049
546
2815
1944
2392
1954
1598
974
2347
1536
940
514
1206
2462
2164
1920
430
2338
2340
622
360
2244
2578
228
108
2745
2350
2180
2475
1850
790
2551
338
2104
1816
1552
2309
2303
2570
2470
144
1474
772
70
1888
346
2088
1646
2576
242
294
2099
762
2522
2164
2508
1476
2175
1470
2249
500
74
638
2093
2014
2473
2568
796
146
22
1234
726
134
936
1274
2134
1324
1146
2525
392
2421
2408
546
512
214
302
1052
1138
2158
266
2489
720
1836
1947
1834
2502
914
1360
2508
1530
2282
2550
426
2062
534
28
498
1530
808
1146
2460
2477
1418
1626
2410
2072
2272
2248
1106
2260
32
184
426
1973
266
2250
462
986
2582
1202
2291
374
2224
3111
2479
528
2198
2095
2795
300
2052
1392
560
1132
2227
1202
1853
700
378
1092
382
1070
182
500
1880
808
2319
1636
896
380
2291
2084
2673
2483
2328
688
808
606
2228
1318
224
1012
2639
2237
702
1600
2512
2577
508
1030
2032
532
1176
2300
1040
672
2199
2513
480
910
1672
1288
1690
2197
1458
1728
2062
2524
1564
614
558
2564
2374
1126
2159
994
1778
1490
2161
2385
72
724
168
280
458
2164
2613
2583
350
50
640
2953
344
1468
156
2425
1812
1534
2183
574
1930
1720
2405
2268
52
2148
2403
2297
2337
434
314
430
916
1744
1642
810
232
252
2653
2128
82
836
1554
2409
140
22
1494
2139
68
900
2517
1140
248
1408
1950
2475
652
576
1632
974
1780
1570
1080
1382
900
1286
2775
324
2152
1815
664
746
2
2673
336
600
2250
2448
542
204
694
54
1056
662
966
2074
842
786
58
612
2194
392
552
168
2812
630
626
2695
1476
1932
1072
1870
2187
400
1548
206
2
1886
930
1098
1680
548
2385
120
108
2115
2476
2517
214
324
1741
1815
1856
388
232
1496
1960
278
46
2004
1166
962
2316
1016
2492
2509
1788
2196
2656
2348
1903
1170
1878
494
2568
1016
2351
2252
1338
346
830
676
596
2364
2261
2575
2529
304
2412
948
2316
1418
934
332
728
998
2453
1772
1466
1440
702
430
742
1054
1706
1014
1202
2318
42
390
2292
920
1088
960
400
798
2485
2012
428
2716
2169
2192
1943
2759
2258
1994
760
150
1282
1760
2356
2452
2427
180
260
2182
246
2278
1280
1218
140
2353
2452
2535
134
1888
80
1622
1124
2709
2559
2236
1396
2053
2614
2458
2569
2106
950
2080
2190
2462
448
1978
2423
1236
666
1256
948
1740
1376
354
1410
2049
578
2512
1935
968
2351
1536
134
1994
2366
538
1354
2377
1286
2039
2274
2335
2390
954
2379
454
1424
556
420
1238
408
544
474
1476
2167
2379
1626
2004
2336
886
2322
554
1496
1492
2938
228
696
1985
170
844
990
1978
2328
946
1138
726
356
172
2384
610
2644
724
2421
2289
528
400
808
2402
680
480
132
1662
1642
514
2448
1688
428
1654
230
42
24
2182
2229
934
2285
950
1876
2230
2022
2487
2185
234
252
922
820
2173
618
1544
678
1336
2026
2873
1802
1100
810
800
1420
314
1618
1962
240
1654
198
1994
2435
174
172
596
2023
252
980
424
1536
490
1620
2224
404
772
1666
654
1486
924
2075
2435
2526
922
1186
968
2473
2106
388
2483
1312
1006
2629
1942
2251
100
1878
952
1902
1660
1666
494
878
282
162
1186
80
2596
1182
338
1450
1703
330
2217
468
308
970
2429
2204
1432
2136
1486
654
2192
62
2012
1246
2102
2087
2328
2337
234
74
2008
2049
100
942
2354
220
1662
2454
2275
10
1494
2103
2290
2194
274
502
2234
40
2026
470
690
360
876
1572
304
1604
2130
416
746
2246
270
1831
876
484
1044
2254
1992
2310
960
2505
1494
1820
640
1927
1266
2352
2021
2104
2478
990
36
1402
2648
1224
586
1274
294
1316
664
44
2
2291
1510
1952
802
2040
272
1496
414
92
978
1790
1998
2341
1590
2481
1208
2790
2475
294
2121
1943
462
2224
202
656
2617
880
54
564
868
696
774
2574
2611
2226
1114
888
1460
1906
78
174
1524
2230
2014
1346
2102
1904
72
500
590
2179
2500
2513
2059
360
2248
2363
2232
2275
2077
2746
2828
872
128
588
458
188
1840
426
632
2257
2798
700
816
484
2277
2357
212
502
2447
1893
1356
822
360
858
48
770
998
686
858
212
2235
2045
324
2398
2361
276
814
772
2005
198
114
700
1630
1802
572
1054
1274
314
2416
2338
54
2525
918
1126
1316
1118
312
1366
2322
1642
2294
2764
2068
502
2155
1340
1328
1672
770
372
2371
908
2141
2286
694
1670
1598
2419
782
442
694
200
654
850
668
880
2416
1954
46
862
2566
420
316
510
2316
2592
2601
224
2625
32
1658
2533
436
1962
2297
176
1180
268
1506
2226
958
1386
1166
1162
184
758
1072
2183
2441
1899
1152
1712
384
554
2093
488
2852
2772
76
1530
326
818
764
1895
830
616
1816
1943
2315
1514
2958
1460
1174
968
604
726
1066
626
1440
2386
448
894
92
2518
2254
494
68
2621
1178
2558
2460
710
514
2123
2104
2468
1828
992
742
1858
624
634
1058
518
542
204
1180
2160
726
1038
1066
2020
2368
2327
468
176
1776
2545
696
2341
1640
2616
658
2094
524
2201
2272
200
2201
2200
1887
394
1856
1546
274
2263
2310
1134
998
2672
2243
1018
2618
2303
774
1350
382
408
1556
1932
42
982
1464
468
2226
1424
1991
8
1876
928
1148
2156
1872
548
2281
1410
2140
96
612
370
2648
1198
12
2342
2397
1308
2197
2486
2425
138
200
1432
2065
220
1812
1330
1612
2497
1128
1522
1566
2389
2184
686
2328
1290
2519
1973
1760
426
2229
2341
1256
2000
2060
462
1962
1566
942
1046
884
1902
2038
2304
1724
538
3030
1394
2136
260
1764
816
542
1080
1624
908
418
2197
966
212
460
542
2623
116
1886
2442
918
652
772
1674
2060
1652
2082
2224
1158
2616
2006
1296
698
2142
128
580
152
2086
2062
1452
200
2010
2404
374
2744
268
2103
110
2598
2036
2628
1132
2687
726
2396
204
1136
2556
2034
14
1146
1942
1714
2474
824
2038
590
2004
1546
1264
2512
692
14
2050
2421
672
2500
2501
998
1426
112
82
370
2353
2562
800
570
110
1264
1326
432
2634
770
2691
1024
92
702
1088
2012
1192
192
528
1000
738
776
2303
2610
522
2127
960
1272
316
328
1950
1422
2112
1326
1852
1986
1774
136
2549
656
2342
1396
2123
458
1340
1542
1654
2464
336
2624
1949
1124
2337
2630
2382
180
2316
256
1804
2505
2202
1816
776
310
320
2251
2876
1146
522
866
1820
2518
2657
124
2270
2687
740
538
1504
2126
324
2045
1294
2016
114
458
2013
1984
678
1708
408
190
790
932
2619
2549
810
1724
1622
312
1488
1344
2306
2186
1410
240
1828
218
230
2141
2283
24
1762
2047
2404
2507
2123
1566
2401
2573
622
288
1098
704
772
406
1368
876
2097
428
2251
76
1967
1920
1938
426
1204
912
1290
1112
2144
1556
738
460
2254
1194
438
2338
2220
70
1314
344
2086
646
2090
1514
1372
1016
2441
1208
2408
768
2249
302
220
1514
2498
1738
1940
2382
2231
2425
3037
354
1298
114
2495
548
2018
1192
1240
34
222
2350
370
2141
2722
1032
1780
770
780
82
2000
124
2358
616
280
122
1010
1534
258
2557
1796
506
54
92
500
876
1296
636
130
2369
654
602
430
1140
146
6
394
2030
94
2457
2425
658
382
1666
2733
56
36
1422
2498
2318
268
748
226
2349
2211
2336
2346
384
1502
2354
470
222
2388
1886
1574
2193
2274
1360
1900
566
2137
2072
2004
2600
338
474
182
2514
2401
792
2105
1536
56
2294
1476
50
1664
2438
316
62
2407
402
2338
2358
2263
1616
368
2019
972
2382
2569
2458
86
130
2612
2147
1918
784
1312
1408
1572
468
2142
1598
802
924
1222
1432
212
2130
170
2404
1853
1210
1780
2718
582
1100
2242
2262
814
2040
1040
1462
2575
2183
66
1046
2617
562
414
836
834
106
88
572
1346
402
110
58
1886
52
584
4
2058
616
1628
1294
2310
258
130
102
194
226
2101
1790
2533
1386
610
1866
2326
284
1112
1388
2466
46
2388
2006
2510
18
1104
3080
2018
192
828
418
756
2224
2308
8
2520
138
2186
1204
2300
648
1258
1360
2180
434
2566
2238
1508
1580
740
1973
2422
2462
1806
364
2119
14
374
342
302
382
296
64
310
1825
2134
1742
2347
1366
2432
1576
1739
1380
78
2408
1632
2150
2094
226
916
2096
1268
2474
290
550
1802
172
1010
2365
2221
1408
446
870
1982
1390
362
2013
98
42
2296
568
2083
1350
758
2304
2577
450
444
686
2198
592
1608
828
2181
2461
1022
118
1148
1648
2507
1200
98
2081
2354
1302
348
2066
2088
2478
1120
686
328
360
2275
1210
536
772
104
2225
1552
730
2206
1730
792
564
112
692
2327
630
862
44
2033
1468
1590
2765
726
1604
2355
2472
1308
2058
1392
26
480
2256
1932
2552
1542
868
704
124
1976
2014
328
2417
2342
270
66
1813
2543
2272
2377
942
2072
532
1969
286
2078
134
104
2426
1822
782
584
2306
74
250
1694
2407
22
1076
1202
560
2429
1982
614
2199
1248
1076
2368
2522
784
1014
2607
1368
2278
1726
1086
332
954
246
840
416
292
1370
2179
304
434
1288
1430
188
1742
252
532
2458
1288
1820
448
1050
684
2303
1458
1302
588
2298
68
856
1498
488
1664
910
1660
2085
530
2399
684
998
1928
1610
2109
2219
2256
492
132
2622
2588
1770
1402
2562
1266
1904
776
2595
212
1900
74
1026
2148
1648
1930
1004
1490
1310
1470
98
1312
676
1696
4
2431
522
2428
670
2440
1612
876
2037
2293
466
2310
2006
420
290
2609
2350
420
2480
554
28
642
1080
2238
2397
256
302
2442
2003
1696
2383
1488
236
2511
998
2105
12
2199
1810
1044
426
1838
830
1126
2558
2498
2273
634
1436
1496
430
846
2781
226
20
1030
2354
2513
796
1006
430
2313
884
2162
26
1932
508
1693
2386
1160
40
1472
878
1372
1944
2172
1214
1566
2610
1524
42
1236
566
1648
2402
854
1266
698
894
2238
174
2340
972
2382
478
682
1422
2149
2386
2148
566
114
1320
1938
430
2669
224
1880
2215
118
2613
1056
1086
2796
460
666
1818
344
232
2288
2050
1644
348
2407
1138
2114
1802
2072
1958
130
2670
268
1946
2408
2284
1130
2476
170
800
502
2261
882
660
1306
2535
106
628
2268
570
1758
524
1778
1504
1735
528
884
1944
2396
2544
1078
1172
746
2588
2537
1616
298
2462
2496
2439
1708
2370
20
1578
2513
2400
2122
1368
2128
2130
700
1782
1020
2031
2443
678
898
1298
1084
1892
2708
126
1892
140
2400
758
346
580
2145
2187
204
682
2177
1448
108
630
246
2081
1616
120
2340
432
74
1876
988
1124
1805
2068
2237
546
2368
496
2317
1768
2707
2108
622
712
2253
2369
472
2094
1268
2117
2594
2193
2267
2126
1946
780
2502
572
2784
752
1510
2212
2434
344
220
1936
10
2405
1708
128
532
2338
2670
772
668
1220
1604
2457
1884
2382
2597
1492
2328
1756
2398
1977
646
168
1276
1606
754
2343
784
340
2249
2030
284
1938
752
2311
884
1924
498
506
530
450
1994
768
1400
1434
386
2342
2529
2340
1964
182
2230
52
2565
1997
2690
1550
1706
2674
2061
218
2318
1450
2175
2547
220
110
220
2509
2222
126
1276
2377
2062
2540
1652
184
1538
2618
2267
578
1046
832
2127
580
1905
908
582
280
1188
1626
2235
84
2229
908
642
2137
2619
536
3426
2151
1120
1238
2074
1080
128
1650
2086
1106
48
440
154
2084
2262
854
226
608
1568
512
1980
1188
336
86
1558
322
746
662
226
666
2470
588
924
2467
2462
702
682
1776
2212
1622
1546
1180
344
2874
1956
1985
984
1646
16
450
2319
2640
2044
2230
1042
2436
996
548
70
2292
2252
1326
984
790
2245
282
344
1958
2745
2570
278
2386
2088
2288
2064
966
622
1654
2712
40
2239
2198
340
848
1972
96
448
1586
2510
1534
1480
2294
1570
2215
96
458
2021
1104
2485
632
2180
728
694
2508
2434
2353
2076
488
928
2784
224
2528
1216
1788
1102
348
1036
2266
2256
2144
720
112
636
1554
218
1346
1996
2285
1658
1908
1272
728
2640
2267
1812
2195
32
2547
2612
2069
2208
1108
2336
2036
724
1732
1646
1198
582
1442
2479
438
536
620
2345
1530
324
1206
40
2310
366
1080
474
20
2037
1756
2647
224
572
548
2305
1226
532
1380
2472
444
2001
1586
2198
1874
720
2254
2497
76
332
704
2360
1998
2485
344
1988
1950
1990
1454
1088
8
2586
1184
2646
1084
2288
38
1996
420
1890
2422
64
2483
828
1776
1560
648
2274
374
2143
1502
2339
208
204
472
2401
2260
2130
44
2460
872
2142
408
2594
70
984
2469
476
2026
1998
1440
646
972
1966
1412
560
546
890
2117
1394
1963
1894
2142
486
2599
1124
1106
2362
2924
110
1825
158
268
1770
286
42
2480
154
1536
508
2008
786
758
382
1546
2519
1080
1252
1460
1935
1822
2259
84
352
1584
80
1046
1849
1614
2698
1598
2429
2288
204
784
944
302
2452
100
772
2098
2491
424
2182
1402
2487
1330
1382
1384
224
946
20
140
2219
2398
900
166
816
306
654
1874
2308
1684
2266
984
2086
2018
1826
2592
958
4
1931
590
64
592
1584
1928
1402
1132
290
372
2485
1531
1034
1492
1518
862
1360
1130
2227
2060
2334
2171
2218
2655
1152
2508
3067
1979
1700
2430
2390
2437
1204
758
2174
910
258
284
2124
686
1170
2038
1718
1246
2300
2344
1848
896
1220
2522
686
134
1964
2344
908
2707
1156
522
2240
514
914
804
1018
160
2675
2308
1378
782
1614
686
2098
904
2466
92
1458
2422
1890
344
414
2165
666
732
1722
2658
294
518
2477
2718
582
1210
2531
820
1513
1746
1951
2272
596
1056
2536
598
684
186
1798
2322
738
2027
2390
676
2295
504
1690
2612
1774
1290
32
382
2532
2491
2257
2252
50
1728
706
306
1012
1146
2459
1860
2328
2651
388
130
372
2575
524
2061
2054
1760
1340
14
1322
2299
158
1988
324
1668
2506
808
424
302
908
2113
608
2524
342
1108
2193
596
2278
596
2185
2379
2335
1634
2539
124
224
2459
384
2089
1032
1140
2230
1897
2556
2557
1284
314
2078
1296
2651
490
2155
730
176
2246
1522
2174
2056
1198
1216
2383
464
1212
94
2557
1186
880
20
1572
1726
1960
2172
1904
112
2458
724
1526
488
1192
1794
2764
3591
1824
2592
242
2210
1080
1586
760
2536
800
478
690
2548
1448
584
370
1142
2418
2307
228
474
2437
2422
800
20
1996
316
778
2033
1168
874
458
2438
608
2422
2290
1430
1914
2226
2506
2002
2350
74
474
370
1472
2078
864
248
2428
424
2174
880
722
1890
2474
170
1624
1532
2194
2398
322
202
2174
2528
238
160
2518
712
2371
2252
1937
2125
724
1222
914
828
2164
330
90
2370
700
430
1644
2490
350
304
2409
1492
2706
1418
612
2044
320
444
1841
1921
2249
2669
172
1444
2227
1094
2189
4
846
862
28
1920
2576
130
428
1492
110
70
410
654
2429
1278
1710
1196
832
2552
1016
748
2362
50
318
882
1364
2598
1967
2171
142
2258
1888
2652
1478
2432
110
2376
2215
1494
2229
52
2321
1132
2024
2138
920
1508
2224
370
1348
174
1680
1108
2671
336
1374
538
1728
2380
1262
504
14
610
1192
310
2060
1936
1562
2389
3078
922
2448
2036
2127
2054
2065
2396
30
2475
1112
2065
20
368
2251
1094
2105
2517
2178
2430
1490
2086
684
1476
2067
1154
272
936
1326
3151
842
400
958
1742
1232
1704
932
368
1992
12
718
82
710
2398
1827
1970
1904
542
1544
474
1786
2133
1558
264
2268
1848
86
2300
2703
2344
2508
282
1780
1546
482
2444
674
2542
266
1728
2751
1969
1967
686
2201
1100
2106
1698
830
1656
132
2419
1873
1050
1968
2434
588
1458
1640
1638
2337
2020
72
2294
1832
126
2687
612
1248
2443
2177
1138
1572
396
2363
2490
2010
822
344
1284
888
1048
1222
320
410
1120
2497
38
156
206
1516
1056
540
608
1816
2364
2262
1154
2729
1338
638
1370
10
16
2441
808
1526
2462
210
148
296
376
1314
2547
1264
2177
674
2259
406
982
2346
1962
2088
654
60
2348
562
2108
426
106
1120
584
556
1014
592
848
578
2356
1634
1456
1238
1036
1578
2088
1881
826
1726
1044
1988
210
550
2305
692
1949
2162
2140
2641
378
840
432
826
454
1168
2653
2415
2340
34
1984
936
1242
124
820
2490
930
2210
1032
80
2030
2199
2420
2292
1518
2362
240
2270
1432
1731
1444
1174
2514
1316
42
1772
2663
1770
1184
674
1414
640
2220
1916
26
1598
856
668
952
1506
2441
2249
1132
704
1374
2327
108
1902
304
424
614
440
1726
1214
1812
242
2611
1516
212
798
1024
470
2189
770
2480
1782
1422
2493
156
1638
2346
698
2124
798
1970
2145
940
590
912
1910
692
468
2562
462
2601
474
2063
1022
2307
1292
2301
424
930
1994
2020
994
624
1932
120
494
292
2418
1416
1026
1874
1148
1772
800
2138
1222
2346
2633
2307
62
1620
168
376
970
1370
186
156
8
1552
2157
2108
698
2382
2298
1620
1482
2144
38
2394
1928
2093
2332
2050
2278
14
318
64
1258
2426
1146
1054
58
868
1710
2720
438
388
268
198
2312
2503
2151
2554
2104
66
2779
828
386
2192
1178
2458
508
2745
830
1754
2357
1578
162
2256
1186
1410
1056
1320
658
2202
2066
1086
106
130
88
1548
866
2104
322
2757
68
438
2569
2378
2103
2517
1672
272
2311
910
1082
408
62
2054
740
24
268
2196
2287
1430
1980
1158
850
220
2443
2072
550
1512
548
682
668
2408
910
438
2245
282
1644
2300
2551
2158
2794
52
266
564
1060
2146
1194
2570
602
1052
2083
2266
1756
1510
2126
292
952
400
2280
2434
1100
934
2727
238
384
1462
30
958
550
2322
2320
2453
1560
1358
2261
1292
2586
2390
2423
2305
104
692
2102
12
2119
2085
322
142
352
2200
338
890
2370
2062
3194
754
1160
2442
2434
552
2563
2712
852
1448
1906
1974
872
1652
1170
1620
1592
2281
628
84
456
2090
2597
988
800
2046
2250
134
122
146
1106
984
698
346
608
644
2293
602
56
746
1304
2293
488
278
2574
912
54
2108
2026
972
2529
2387
2442
820
1064
1738
2496
1886
526
1684
334
2180
740
360
500
456
1960
1360
1292
1264
276
958
624
380
4
882
1664
682
1322
708
2667
1947
1198
584
2066
1880
1320
2388
2559
156
568
296
772
522
1826
1030
2474
140
582
1100
2174
1330
2470
410
844
682
2262
2228
2392
2204
1762
2118
126
1962
52
548
1016
2604
1212
2188
426
916
742
1772
2655
656
1918
438
718
184
532
180
2252
2522
566
2422
464
2128
2256
2139
2164
720
120
380
320
702
2087
120
38
238
1896
1654
848
1406
768
562
154
1010
16
1340
914
200
2098
2500
2302
2156
2086
392
1278
1648
794
2342
1526
672
2020
680
84
2246
1572
2767
964
1298
2477
108
134
120
2169
850
282
1588
1664
942
1288
2479
1456
1520
2569
280
1953
118
1988
752
2474
2949
782
1596
2037
1784
110
2
608
1658
1190
830
2180
1354
1906
406
2530
2628
1266
1854
2624
236
2700
1188
2262
1920
92
1038
1140
66
1798
1764
2604
256
348
2525
1226
1755
148
308
684
1544
316
42
1868
2102
696
2245
2585
1236
1296
1976
2199
2468
2928
1854
1524
256
536
2346
572
174
306
2252
1833
802
2565
2310
600
68
88
1046
838
724
2592
2403
842
1380
534
2539
1862
1830
1756
738
174
1090
1500
2087
2198
462
1930
1628
770
2434
2419
1264
1404
850
748
68
2009
552
606
1084
568
2334
2551
2795
42
64
70
1316
2359
1582
2263
518
1304
1672
2436
62
642
1560
102
1008
614
2012
2297
2233
1208
2038
2050
2279
2381
2066
1422
2490
1644
2734
1548
1454
442
1730
258
1760
2204
1382
1330
834
1894
250
843
2136
1564
928
2313
1462
518
2276
88
1562
736
1588
130
1714
600
2543
1032
2092
2096
308
2270
2439
1126
1592
2263
630
400
2354
2338
2296
2253
900
2459
1588
218
1526
1270
276
2747
1494
1112
1631
602
2679
1374
1128
2346
576
754
1572
624
2194
2476
1930
714
974
772
1849
2391
1114
696
2516
1902
176
2048
528
1832
326
176
1948
2480
2044
1774
116
1010
172
2207
216
1976
1040
1762
198
36
2372
2492
66
904
2359
830
160
2311
1006
248
28
466
676
1862
2070
442
2248
1933
22
1334
24
274
46
2603
34
2277
8
462
1592
1092
1924
70
2565
868
1456
1092
776
2027
66
988
738
2205
472
266
192
244
2222
796
2374
194
2285
1883
196
122
1416
2121
2316
702
2121
2355
2325
1290
1408
68
90
1294
336
2007
288
598
102
1120
1118
230
242
1070
2250
468
916
46
188
638
602
1694
1944
472
662
2277
2168
2364
278
64
1736
308
2444
1378
1896
546
1490
1058
2070
176
30
164
2347
1368
2271
1292
610
828
2501
1878
2515
1918
2662
1394
794
38
802
1850
1654
1302
236
1949
360
2313
1028
716
2371
310
2535
1718
1226
142
1974
2088
1618
1038
968
1330
2063
2438
1660
360
2442
1600
1494
374
108
30
2158
278
474
582
32
2296
2160
606
136
2
94
1482
2269
342
1524
2658
2489
250
2442
954
354
1162
2690
2036
2278
196
1052
414
868
720
820
1126
2536
1538
2203
1464
2757
1949
2027
2441
1844
90
772
398
962
1126
2640
450
2075
1586
2442
2187
1074
282
724
1044
320
2263
266
2455
2412
2370
720
1054
212
552
2660
744
290
1574
400
292
1284
2079
2687
186
166
1670
196
2419
1576
2209
896
2427
2643
368
876
1878
52
2305
184
1724
176
338
4
742
1768
2239
1144
1951
1232
1446
202
1744
692
20
1146
1832
336
910
1732
1980
2479
1098
1462
2356
1010
1960
948
692
2362
484
1864
2022
662
134
1822
828
334
2151
1622
1072
2393
1880
26
1879
810
1928
950
404
1542
2078
1941
2157
522
950
234
864
2365
1468
1582
82
1356
294
350
1550
2444
2203
830
80
2261
1348
550
574
1786
2194
852
1750
416
110
2190
2334
674
1114
2435
630
1308
1166
1058
1450
1754
2198
2102
1058
1036
2013
1946
1702
1400
1086
876
162
900
2218
1150
908
726
2246
40
260
106
978
2682
648
3029
2515
1646
214
1594
1807
2449
2569
1940
548
2308
1206
2119
1692
1172
746
1243
2509
730
1938
370
322
398
2204
1184
2290
1462
2108
1614
1994
2603
2270
1268
970
1688
228
1056
1318
674
2125
902
844
1098
1118
460
2162
96
364
2279
284
1648
128
294
2377
592
44
304
2281
2334
622
920
1882
156
2056
2346
1446
966
386
1200
2305
126
2183
354
2082
2352
638
1002
130
1962
412
376
986
2322
656
2523
1270
1642
2230
526
340
2518
2101
2346
2418
2397
2554
1760
2215
310
1158
574
2285
1710
1698
394
786
1522
2212
2483
712
1338
2773
2486
208
348
2732
2118
2246
670
284
218
2171
642
256
2226
2122
1574
2459
2425
2208
2104
220
2774
274
788
738
368
1846
2372
338
620
1780
194
886
534
326
526
680
1394
2214
2679
2637
1110
366
2453
588
418
432
1042
760
2247
2414
2702
2380
2014
2765
2159
364
1064
1316
674
932
2008
2314
544
1820
16
1851
1854
1260
138
2068
2507
1834
1965
1324
430
182
354
2870
718
2132
2026
350
318
1920
488
2052
540
1916
586
160
674
2520
2123
256
1096
574
826
2071
1360
646
1330
2064
168
2014
106
2337
1154
696
348
1990
2479
1652
2794
1446
1536
1468
1644
276
544
74
1961
1654
914
2043
2324
1402
208
2130
606
2460
672
1686
268
404
1396
92
1540
626
1526
432
110
528
1238
2268
1024
1158
1226
548
398
606
2096
36
1102
760
2264
1622
704
1394
1752
1152
2562
1382
558
1328
2201
2697
512
2464
2026
1358
1346
1774
2611
492
2318
2126
2332
2181
2187
2142
1282
2617
2180
194
712
922
1904
2498
2132
298
2524
2042
2031
2397
2199
292
418
192
236
2676
1010
2471
2056
1182
2429
2055
2506
2068
324
1314
76
1338
178
554
1822
2080
2097
2068
2173
882
2538
482
436
2132
1588
2392
772
2636
2631
366
2238
1258
140
20
1670
2042
226
2426
2110
2230
784
928
2451
892
624
1314
130
1380
2375
66
2494
2614
492
84
40
1600
2249
2424
1084
570
1870
906
1338
2486
2049
2457
1444
1600
590
256
414
728
1702
1608
1742
880
2626
2312
906
1702
1246
1914
104
2255
786
1464
1676
1216
2131
808
1901
1714
2250
2396
30
1782
422
2156
210
704
10
1386
2054
2619
278
418
772
2567
368
362
2218
1236
2096
1224
244
1742
2096
1370
1384
66
1948
2517
1060
2026
2283
38
2567
472
32
2590
1362
786
294
1232
2520
1194
2288
1952
1751
2100
1730
2507
2313
2080
502
538
228
2291
1418
628
522
454
1052
206
24
922
1440
2166
2069
126
954
2348
240
260
1804
1390
1418
258
648
758
158
480
2265
1934
134
526
2650
2660
1718
2235
878
2299
756
2331
678
1586
2154
2090
1866
960
252
646
2264
486
664
2604
1724
956
2063
2159
1548
1072
974
2208
2427
238
1286
2339
898
1056
558
322
1404
1816
2226
2272
1446
2513
1190
2209
148
2200
1620
1452
272
2461
1122
384
760
1950
1190
2606
1514
976
1544
2066
1720
1886
2634
1658
2458
798
2146
1970
514
1376
146
518
1876
932
1440
2010
2298
1234
2638
2734
2654
1226
1470
1574
26
2612
2379
1392
198
1264
416
1304
2567
30
1964
1860
250
2258
1638
976
2522
1852
2510
1520
1938
1194
2416
176
1640
2223
980
552
764
1322
2046
18
2494
1404
1492
2053
176
1044
1284
984
2263
470
2649
566
514
2550
1884
690
878
638
1558
122
1036
2601
738
672
498
2701
2432
568
164
2421
2467
1778
2257
2006
646
2500
478
2181
302
2038
340
1406
754
1574
2210
98
1080
2350
2490
1030
70
1218
2036
342
2417
732
2690
2008
186
710
1424
1346
508
2271
1424
120
408
932
996
212
506
2203
1542
162
1248
2550
2207
790
1762
164
2327
648
2209
2086
566
1552
2393
454
2010
2306
898
644
308
428
2671
1801
980
2534
2431
2705
2048
1288
720
386
366
1798
1782
1686
1318
2330
1450
828
2125
1478
2085
530
2311
2432
1282
1998
452
1820
498
2169
2156
2283
2088
244
194
232
2268
2726
750
2184
282
1494
2428
2632
1414
1682
132
2118
1886
2604
2000
1600
706
1474
2298
1350
776
90
2237
2120
1094
842
520
458
1536
2377
2540
136
578
2188
82
2074
678
660
1224
162
2004
1908
276
2121
586
2321
1010
2611
1934
1890
70
678
1450
1774
2256
2066
194
808
636
2383
942
2123
2244
1352
1058
10
222
2360
2731
1240
1174
2477
532
70
846
2347
278
2165
114
1550
2198
286
20
230
1428
220
864
1538
276
2079
438
1532
540
1508
1586
1946
2096
1730
316
52
734
2207
242
626
1766
538
234
690
2299
2388
2364
354
1736
892
512
522
60
2082
1374
36
468
2220
2121
2051
230
782
72
766
232
266
1582
2156
2343
228
1134
390
1026
1514
2561
1226
654
224
1058
1865
1576
1814
502
2177
2444
704
1856
1941
452
462
2564
456
2140
790
2042
142
2210
1240
1262
1670
976
280
258
2150
2254
40
1991
1975
2098
2379
1288
2325
228
2234
694
1404
50
542
928
1000
1484
2267
570
2735
812
2133
662
1348
2354
640
2048
1941
2422
1872
458
100
2000
1626
1642
590
22
310
2241
2483
1076
70
1750
162
1426
2433
2206
1148
1432
1510
2284
2361
36
496
1614
390
834
2194
1668
56
802
2196
622
74
2107
2226
984
2013
32
90
2383
14
878
220
2218
1874
70
1748
2322
754
1476
982
86
1090
1786
1438
208
940
348
2471
618
1472
1296
558
2254
1598
744
1943
2533
116
278
2246
440
2387
26
200
360
2220
2178
582
202
2381
770
1923
170
700
2190
2246
1756
868
454
2174
2532
30
2232
694
486
154
888
1134
32
2022
680
242
1996
2236
2078
718
60
820
500
164
1516
1758
932
2225
304
148
2034
116
2537
2543
1048
2059
2939
2041
2246
324
2415
200
2287
2203
340
1220
2349
710
1372
50
2030
2379
1202
2246
2350
2287
1218
2282
1876
1867
282
218
2010
144
102
776
2635
2328
2037
546
1986
1464
2477
1114
2410
2322
152
916
2553
1485
676
172
1284
1554
734
132
682
1928
2189
230
1602
642
2013
2076
2558
1806
454
664
2050
1859
2318
2352
2422
434
366
2111
916
174
2654
686
134
2275
668
324
594
872
382
334
2704
2396
2219
2591
2071
2140
2412
2514
2037
2672
1538
2311
2246
560
2235
844
2239
1616
1921
622
566
36
1788
2138
1308
2024
2260
2495
466
2099
672
2703
998
134
6
2093
2198
324
184
1056
1774
196
270
1082
2130
1714
798
2232
382
1168
60
2701
126
2365
2169
2120
2296
850
586
2006
846
2617
848
2127
1214
2186
2148
2772
208
1914
2402
1658
678
2382
2172
2086
1074
78
2322
2406
1008
302
216
1638
4
528
1946
670
2466
568
1034
2927
660
1596
126
438
796
1090
758
2362
2492
642
18
918
62
2269
2264
2520
164
568
1771
270
2431
2548
1636
2277
1152
658
2034
2301
930
762
410
642
2090
2288
2134
1724
388
2169
1248
794
712
2231
314
2164
304
216
2217
1196
2094
1579
168
2084
1927
638
472
544
2392
266
2036
2289
2348
206
2058
1348
1340
136
724
922
2304
460
880
534
2454
918
882
300
2200
1766
136
620
2062
18
430
2340
822
1484
420
2309
1914
1902
978
588
2610
1060
2392
2111
1268
2569
2307
1094
1104
1768
2074
1048
2544
510
2408
2096
1602
472
492
10
2043
2137
1458
828
2150
410
10
2379
1214
2246
1790
874
2096
1514
476
2649
2610
474
596
506
1780
1214
218
402
1016
850
2283
992
2257
1776
2208
300
902
2345
2130
2267
2071
320
918
2693
536
1338
1748
176
268
296
1460
2559
584
2266
218
1682
1080
2289
2365
1050
1550
2401
2466
2116
1344
204
326
1672
1358
1016
2097
2131
918
46
902
2151
520
1702
2137
2458
258
2594
1286
1646
2410
2658
1966
2123
672
2236
2627
1454
2157
274
1188
218
1666
372
2410
22
2196
22
712
1502
1116
126
1421
482
1382
2277
924
640
2659
100
880
1114
604
832
168
2398
306
178
2136
1955
1885
2268
332
598
1100
2505
806
360
2357
330
8
1874
728
356
1698
2180
1296
226
2082
2140
788
2686
956
114
2206
2140
1176
2074
2240
1520
1839
1746
28
2262
2448
1062
884
2201
1907
1582
2610
556
1256
76
1200
1954
2126
652
2168
2768
2389
2650
1796
350
992
186
58
590
216
1176
1086
70
2377
2109
60
1308
2490
770
1934
122
16
1422
2389
2016
494
1458
336
1762
132
2036
2263
2413
2286
1378
2236
2650
1624
1114
2043
822
1488
268
884
1020
2306
550
26
2439
1981
2334
1812
314
1194
2302
1024
252
2055
522
638
2309
2255
2309
2708
1586
482
2106
1576
2228
96
400
886
744
2124
144
2171
1996
2264
2062
328
2090
704
420
2235
272
2098
1146
928
2106
238
548
2179
128
1234
500
2372
434
1594
808
444
2297
2181
60
2349
1385
120
998
1468
312
2603
528
72
982
2330
1100
1422
50
2264
2007
2587
2234
2509
984
64
672
2287
16
1900
4
2344
1324
1170
1290
658
304
658
600
2008
496
986
1402
740
1646
2189
238
2239
932
1952
2228
714
2058
746
1432
2688
180
474
252
1248
278
1467
2737
2538
2153
474
356
2344
1638
80
2134
2430
2255
2565
1236
562
1224
116
1066
190
1452
36
2189
2040
20
1402
116
1891
438
736
2519
2293
634
406
806
372
1444
1024
932
1674
270
1980
1470
96
22
474
1316
30
284
2087
2656
1178
580
2662
2434
1538
294
376
1860
534
2161
2344
2443
2479
1620
1814
928
664
6
2590
1516
340
236
980
2566
96
398
2587
274
2156
1972
88
2415
2302
1952
682
866
1883
2684
2236
138
1158
2010
2200
310
2721
816
824
1422
2016
2244
232
2602
2054
1086
2074
1979
2193
2122
2706
82
2474
1032
2311
926
1042
712
2463
1698
684
1838
2439
306
706
60
2227
1488
1847
1942
2366
1004
1536
720
862
126
2317
472
918
2202
2339
404
2491
1156
234
912
1960
2343
1362
1290
1298
906
1380
2690
2079
2034
300
1214
2501
1060
818
1044
1032
166
70
732
1840
592
198
2210
1909
2044
2301
1550
862
1300
2232
2166
2461
1384
322
452
310
2276
680
1200
2067
2310
2343
122
460
1286
742
2328
1494
2342
72
2650
2911
2199
2782
990
2581
2282
2219
2298
816
1292
2117
1732
1954
2618
58
1036
2665
1366
2311
1900
2677
1128
276
2480
1302
622
1324
2202
2701
394
802
142
34
994
590
1882
132
1814
814
1066
2408
98
1984
2532
2022
34
1993
1036
1956
316
1282
690
26
2429
970
2608
814
2074
2486
102
1866
842
2055
2017
864
1912
2270
2488
2591
1510
1846
20
620
1316
1026
1068
2625
680
262
584
2008
2220
2270
2384
2178
1168
88
544
1028
2652
2105
2295
2646
2660
1722
596
1650
1264
236
488
1868
174
344
286
1988
2621
2047
2502
940
2044
516
2326
2174
1884
70
692
2301
2116
570
278
1090
2660
1094
1670
2528
2104
2591
2463
246
682
2514
2314
2400
630
424
1856
2020
1870
2142
848
1702
2104
772
1290
464
1950
794
882
2748
872
2200
682
506
212
1826
730
2435
506
2312
2453
2010
1652
976
110
1820
2220
2740
752
824
2467
1120
2384
2275
1156
930
1336
2215
596
576
1510
614
1660
2188
2049
2598
2175
30
2341
538
1490
512
1078
2496
2477
906
2367
1040
292
1078
566
2104
860
1096
208
2567
52
2479
1390
2497
2629
1754
1975
1952
1790
686
2281
914
2305
2549
2327
780
2454
998
196
780
2296
672
2572
2178
2104
1914
478
1846
1818
440
2372
1240
2386
2472
1887
1860
260
1382
2298
1114
2216
8
1694
2094
1424
1062
980
876
862
2268
118
1104
1847
1732
1446
56
670
1460
236
1072
758
492
2429
762
2502
1356
1728
2021
2352
400
186
2752
1154
746
386
1326
472
582
1480
130
2169
2409
2133
1818
1414
1644
2233
1204
212
1196
2641
12
398
1648
2213
2221
1618
478
1977
1426
2265
2090
1566
28
2171
1968
688
254
328
2487
1056
2116
1918
1324
2346
1966
1558
2307
2043
418
2020
726
2490
892
242
992
832
1664
824
710
2279
1108
2383
1296
836
2210
388
680
2121
2298
1404
288
2445
1238
2070
2099
128
668
1562
1788
2363
916
70
862
246
614
1100
778
656
1564
1360
888
2330
42
1192
2413
1624
2698
2291
588
1886
388
1594
2187
564
2044
1978
2620
1298
1020
1240
274
1824
338
140
2056
684
300
1342
1732
456
592
964
308
1856
1352
1060
2263
70
2651
1624
86
390
2563
432
2609
1258
686
2492
138
1450
2005
1825
1682
1046
388
770
874
188
2139
350
2116
2329
1212
430
1566
918
44
24
2364
2078
26
726
2420
322
60
332
1086
380
1434
700
2123
2052
838
252
750
70
2555
1226
864
1284
2395
1452
1306
1776
812
48
700
620
1306
938
1490
344
232
72
1304
1506
1596
486
2554
330
504
8
66
406
2548
2154
496
280
1350
1508
802
2321
2249
2829
386
522
134
2649
1730
2336
2616
1694
1350
2618
848
2428
42
2624
1841
1980
306
102
204
1170
2832
1152
2148
2147
80
2469
2696
2613
2623
652
2200
140
2102
174
2440
2672
928
874
742
2082
128
482
590
1050
1955
68
666
312
2435
1408
1360
176
2084
2370
294
854
2689
712
562
2516
1912
2207
2193
1506
1188
440
658
722
308
1424
2584
1831
2244
674
2303
1736
368
802
76
2609
260
44
1020
1248
2372
1940
752
2098
2502
986
2682
756
2219
720
1370
904
2431
1924
526
764
1366
202
2396
284
2206
1464
2258
806
4
932
920
2511
1798
2402
1674
2186
1524
1346
2099
2172
2616
252
1737
2804
876
1968
1995
316
2101
24
108
2456
1622
2216
1392
38
2286
2778
210
166
1016
1936
1138
2277
726
1780
588
2398
2125
3158
116
358
464
2485
704
2298
2505
2393
2087
60
1234
1342
392
438
1416
366
2294
1994
2747
2431
2379
196
564
918
2018
142
1506
2288
2222
268
2509
666
2648
1462
2498
922
538
388
1842
1772
434
820
784
2081
658
2440
2066
1436
1660
434
2032
1316
604
134
1384
508
2086
2578
320
1962
790
352
2422
1014
1192
1294
2218
2266
1002
2270
2294
1684
1094
1622
484
920
434
1632
1962
446
2043
638
2710
718
40
1264
2282
2207
1478
2279
1710
542
1798
260
834
368
230
2050
424
1388
564
1922
420
850
1886
658
1544
794
2385
894
1376
686
764
1960
2591
350
2315
2505
34
1948
236
2606
2282
182
2250
2098
2583
250
750
1953
1718
740
76
1088
2534
26
2239
1400
2401
2389
2409
266
1210
50
270
626
622
1206
2489
2434
830
2130
678
998
1658
264
1142
1752
1530
788
2261
1186
2464
878
60
358
98
704
918
2753
2018
194
2249
262
2304
308
2499
832
2257
2050
2391
2457
194
1994
786
632
268
174
674
440
2305
2078
2121
2280
784
920
2547
1658
1916
2090
78
2574
380
744
484
1826
2433
80
1126
1504
2178
1746
2316
10
2414
802
2130
1819
758
824
492
236
2144
528
1238
880
2136
330
2022
1288
1752
2362
2611
2741
194
482
992
2231
2392
450
2277
1020
2208
490
52
1306
2193
18
214
2210
2743
2210
2661
778
2290
2587
1070
426
2345
2693
244
160
2146
1846
364
2018
1972
2063
1764
176
2668
2839
1841
2318
2209
974
1658
670
2518
768
314
1438
2323
138
342
1290
36
1712
1715
466
312
594
2744
2343
2070
2524
896
1951
1816
2400
302
2076
2482
606
1068
1424
1930
614
2408
240
1632
1040
310
356
1368
1164
2040
436
2574
1744
2374
292
378
444
378
192
2445
2104
1578
150
544
2117
1432
2616
2486
2045
120
1080
302
2207
1228
448
306
36
2171
776
1506
106
194
320
918
272
2532
932
2371
1236
284
44
2244
1130
208
514
278
452
372
1976
1885
2552
582
2246
2266
2238
734
674
760
1102
2276
962
1402
134
1366
2318
1518
2742
442
2367
2557
1302
1426
680
362
344
114
258
846
1680
864
506
2110
134
1204
1780
1542
2426
2336
232
220
2301
2166
2014
1984
6
2126
2555
2554
648
2419
6
2597
2269
2267
2301
1678
876
2435
2249
54
1460
2434
254
218
896
208
2136
1234
2462
214
38
1026
898
1056
1200
2421
1822
2382
966
198
662
336
2177
728
30
2213
2435
2153
1470
908
292
628
2340
1816
904
1792
1762
1140
1088
2663
2100
2578
402
236
1640
2370
1248
828
1030
522
2228
870
2281
2185
2128
2095
1582
386
2208
2336
806
600
1602
460
2362
494
1532
412
634
1016
2043
60
932
1748
1692
2158
1998
366
2134
364
1969
1838
2490
704
2210
580
2131
762
60
168
54
1786
2439
2787
980
1300
2119
342
2204
766
1988
100
2342
2260
206
768
46
428
1516
668
430
2475
448
1146
1422
572
2472
2482
2210
566
512
848
66
1480
1644
2697
1020
316
832
1856
2074
1678
146
20
2002
1166
2074
284
1064
1330
1118
1982
480
1953
2444
1660
1168
2032
420
90
1210
2466
2668
2324
442
1068
148
1580
448
2300
2118
1642
70
616
2474
2156
2238
2294
2444
224
178
2108
286
550
16
128
906
2370
186
462
2088
2080
444
2353
1548
1078
372
1102
2495
2434
448
2247
2291
2440
2216
2426
344
2565
560
1006
588
2121
2131
2137
1760
206
1652
312
2192
902
1046
2067
988
2371
1935
2224
476
1941
992
346
2301
2156
2119
2158
2227
2558
2305
416
2107
774
2145
428
2149
1658
1906
298
1866
562
2459
2624
604
636
88
2133
324
1060
1520
2602
296
1080
146
1496
2278
526
2506
2369
1402
1858
528
62
170
312
330
1026
120
2550
2633
466
1578
308
400
2000
2444
714
932
2267
1582
942
318
1286
630
1276
522
2541
1024
10
2455
322
114
1486
238
180
122
2284
2378
294
636
1252
702
2019
558
728
1316
388
1600
510
622
476
2466
2102
2579
2076
2501
540
1214
2391
168
2599
2239
2221
394
2193
274
1998
578
1802
2239
1772
762
1987
1444
1768
1188
1808
1128
2505
1560
2302
2479
1120
1028
608
2320
854
1992
980
834
538
254
1804
2228
1530
2435
296
1937
2206
1178
304
1512
1912
372
1846
1616
2385
404
810
1016
202
2388
1184
736
2093
2412
1880
1698
2397
2448
948
2088
2879
864
2482
328
2571
2374
2274
1368
1760
1324
2122
322
2566
1774
1420
2578
2251
2126
1104
674
2172
2291
1810
2467
1872
2363
510
1354
798
1713
2704
696
2487
1842
1606
2354
2334
1026
2260
294
94
2704
1554
2202
1100
2620
1850
1110
2060
1676
174
104
1896
90
2281
2476
568
1760
2373
1074
1812
1852
2540
2087
846
2381
1670
1420
1668
2480
416
2472
946
2365
2080
2418
2354
1378
746
1796
760
1178
2294
2426
804
2170
1092
1674
2559
206
1604
682
54
1676
286
1068
2179
1802
610
2380
2222
1842
1914
2146
916
2391
520
916
932
560
2497
2584
1186
78
1260
1206
866
2672
838
284
2094
558
2220
1374
1654
2261
1326
834
392
2587
510
2524
384
238
894
200
2078
182
2444
1126
2315
770
2145
732
1072
2297
370
1582
2146
518
2834
900
1388
2061
2404
2094
2225
20
200
1956
146
1140
534
2124
814
1230
1068
2255
2480
2226
1594
454
486
328
2578
2005
996
862
506
256
504
366
260
2162
2215
698
86
828
966
2157
2258
718
1038
76
804
2181
1426
2342
1894
830
1070
2211
758
1786
2400
2419
470
1354
1362
2049
2051
2218
450
1540
2106
472
2454
848
2201
424
1575
2491
464
1124
1872
2377
2308
966
1614
682
2635
636
2334
48
672
2448
2279
2377
2231
1058
1928
594
2738
2288
1974
1212
46
2354
892
1372
2480
1829
2402
978
106
2474
792
2027
294
656
32
1132
506
2356
1492
1827
766
2116
880
1226
854
1120
2740
150
360
4
278
380
936
1298
436
42
1492
216
798
2326
492
910
1814
196
2144
690
552
326
398
2420
2032
1420
2278
1936
1886
154
720
2329
144
2176
2280
266
212
2326
2206
670
108
728
2292
796
2215
1472
258
2462
138
2080
2434
696
590
72
1148
684
2247
228
342
2093
2055
2536
1240
744
426
1286
1358
1960
2456
2102
1250
678
2647
372
424
2227
246
1731
56
2283
150
2487
2233
2406
2279
250
2578
2708
1446
494
2086
792
2683
2299
2652
2666
1660
2332
2387
2717
2359
154
932
2124
1384
652
2073
1742
2322
2252
1962
1862
746
1762
902
198
1862
2190
414
56
2367
654
206
1370
956
2608
2698
1958
1508
2310
2021
2367
232
2104
2160
1346
2129
2365
684
2068
2185
80
118
2179
1897
816
976
1940
2258
2001
2387
164
1986
86
2232
1460
1768
782
1210
1212
1158
2032
114
340
470
650
2641
2203
194
1142
386
1954
2392
402
114
2662
2481
1450
1869
202
194
2432
186
2059
2126
2002
1929
172
252
1246
96
204
582
184
1154
2887
1060
1222
1144
890
2137
360
356
1176
536
2306
2052
1702
2252
1632
846
1848
1684
1675
1516
2116
434
3315
2461
302
1600
1212
560
2451
942
1434
2428
10
164
2491
1458
1026
2368
2377
344
1118
464
300
2325
2357
2102
2340
322
780
1750
2497
2519
136
380
2383
1880
980
1770
1332
2474
2119
548
2356
2553
64
164
2350
1778
188
2241
226
1180
2910
2952
482
2222
100
2865
1686
542
2539
2048
2292
2472
2336
1356
2200
1264
348
2438
476
2584
2603
134
2098
2028
2515
826
2103
186
2260
1526
1626
1932
124
1965
1290
2279
2445
442
2292
1226
1140
2644
848
64
2561
1356
2070
680
2375
470
488
1382
1326
2192
2148
2408
994
1674
2277
140
910
2240
2515
1318
1208
1662
814
858
120
1650
500
1924
670
1594
356
402
2479
468
2456
362
112
2018
858
452
2108
2153
946
2221
672
2520
1484
2165
2222
264
2109
1612
140
2488
1306
2088
562
2235
2383
878
786
558
2456
2613
1386
580
978
350
1935
140
2406
3254
198
2404
548
2563
2272
1902
32
2102
298
1612
1530
1092
1154
1144
414
1959
1216
1284
2212
1076
1697
168
2088
352
1922
512
804
834
882
1098
420
2056
1092
1156
1322
1670
1608
1242
1070
2323
1590
1686
1870
444
2215
448
1008
2188
1874
1248
2520
982
2564
2230
1036
2210
202
1250
1070
712
400
2321
344
2232
2218
2200
1787
236
234
1230
2189
1774
2312
1838
1626
36
2449
2034
2501
132
270
440
2632
182
276
2032
674
2004
634
962
422
2340
200
2221
2150
414
1060
1824
394
54
352
1132
2481
1352
554
2022
852
2348
2361
436
1986
186
2153
2223
2182
330
316
370
1895
1184
698
994
1823
2444
906
2561
924
148
1240
2404
468
380
340
80
500
2156
1818
1256
1128
1508
22
2176
1060
1600
2361
912
594
2538
1106
2267
2200
2812
2655
282
2166
2403
2418
256
2515
680
2318
2252
1818
2720
904
144
188
282
408
1408
2352
1458
580
1350
74
532
2561
986
1702
446
1006
692
2338
670
1242
2380
2302
2149
550
512
972
2174
2136
2382
1975
2218
2565
2388
446
808
942
1074
788
1604
118
2410
368
2544
1382
2419
1686
2208
1952
908
2071
412
1050
960
14
2349
1190
1108
336
2389
2373
1370
2387
2267
1993
2710
556
416
1962
2524
2420
1568
1620
2160
1404
774
1350
156
526
1558
538
2436
176
2367
1234
130
82
2127
270
2558
2238
976
1190
886
2524
2076
1931
308
2093
2060
1590
2133
1816
1870
1354
1969
1596
1994
910
2399
2216
2102
96
2228
1126
640
28
414
762
1492
2584
2244
2284
1718
2289
2511
1360
2307
232
448
778
944
140
426
736
680
408
850
724
2292
2805
238
740
652
74
2619
2561
2324
1446
254
1240
2076
2200
70
1740
576
308
2373
2442
2137
2515
1936
2486
2002
1066
2140
2709
1542
2153
158
748
2460
388
2188
840
380
1264
1568
2243
2530
142
138
2378
1736
1662
562
1618
182
2576
430
158
1736
2390
2456
2671
2671
596
2542
278
780
2380
2049
62
370
534
1960
936
506
388
2421
606
950
348
164
572
2106
68
1588
2059
134
1492
2176
320
230
2474
1520
744
1136
760
2175
2315
1810
886
2740
1788
1986
1814
1116
1178
2241
2046
1328
1378
602
344
292
1688
2631
1630
1522
546
126
1705
1194
204
160
652
884
704
888
1908
1846
2472
2435
112
2176
1410
820
614
2377
2448
954
260
1624
700
224
2156
1252
776
2162
1786
1594
628
1090
2602
392
2634
1813
2038
1042
1644
188
1292
2036
106
778
122
2194
2194
1908
1864
2263
152
1444
1070
968
1174
342
342
420
2044
1256
1246
44
2010
728
294
1308
2715
1690
434
2692
2151
16
1768
872
1354
1344
684
774
354
2154
2010
1982
710
668
1990
1382
130
2352
2140
72
40
226
464
2293
1918
298
2788
2890
2291
1466
270
2107
578
2338
2374
1170
8
522
1202
2075
1404
1862
450
58
450
2242
500
2206
962
680
718
870
1248
1280
1959
34
2695
1130
522
1746
2042
36
336
2516
1142
932
1850
430
1752
2481
900
106
2382
518
216
520
2440
2312
462
150
348
1841
2718
2768
2149
1606
146
276
1914
1938
158
222
1404
1918
2295
104
1044
478
2671
2206
1748
1656
468
2089
292
1546
2436
802
706
2325
76
2514
802
296
2678
1914
1296
630
1432
2404
2445
834
1927
1438
1364
750
2219
2401
212
38
2150
1930
1124
846
1686
354
806
690
310
1276
236
2381
1528
2245
940
116
1936
768
1296
382
2354
1710
2710
708
2415
38
112
1288
444
1500
816
2334
14
2330
150
1598
1870
2111
734
2384
1566
2337
2669
2129
1962
214
2446
428
2686
108
540
930
1552
706
404
1552
1674
1018
2612
370
2751
1106
438
2077
2173
1868
130
2104
1584
400
1660
2523
494
2126
158
252
1448
24
2496
2116
658
1560
2732
2264
2048
1937
1905
1226
2006
616
98
774
2444
630
2315
2199
282
2428
2410
2124
810
2308
350
2263
2341
2168
1072
2418
1432
2292
2490
852
2259
2184
294
38
1968
1064
2133
2235
196
2805
930
2409
2064
2231
1046
2210
1230
2692
1124
564
2506
1700
1838
1761
302
1626
1094
168
2070
64
1980
2504
900
876
822
536
1840
2414
2574
1288
2344
1602
958
2247
68
2002
2556
2329
790
2200
1678
1495
1076
1098
2106
96
2217
16
748
2546
2405
1924
932
2176
1260
1830
2321
278
276
2175
1210
1394
542
68
2717
1176
1804
972
2578
32
2594
804
104
2276
762
2704
526
578
336
2404
2205
330
1702
1993
454
2281
2425
2690
20
120
1776
410
2392
1998
1048
1966
2538
2436
2276
628
54
2132
1956
1270
1568
1910
630
842
1855
2716
2566
350
2133
2426
1306
2448
2483
2340
756
468
546
56
328
1030
2205
540
124
1302
1622
1032
862
468
2595
1662
1384
304
942
418
2216
2439
962
1154
670
1036
2470
2410
410
946
2171
2442
1450
308
2312
2038
2321
1040
514
2366
2686
2264
22
746
288
1896
1356
432
1508
1486
368
2302
398
1108
1516
2261
2205
1610
212
2023
1352
2099
2058
126
1678
1162
2004
478
482
2684
2412
2556
2056
1042
2459
2291
2773
2170
860
194
2454
100
2356
846
798
832
1172
1778
390
98
2686
2243
2383
952
2305
2793
2454
1220
2342
2744
652
2758
2461
2380
2403
2376
2460
540
2224
400
1454
980
1512
2185
2239
818
540
2573
1368
408
1298
520
1306
1400
4
334
2114
2260
420
1368
538
2375
646
1120
2465
2695
1208
624
1708
1717
1928
2250
352
1072
2775
2595
1082
1640
2277
978
1428
1530
372
2408
2556
2457
802
1990
2620
2297
2376
824
2366
2269
658
182
2368
498
1861
2030
2017
2080
158
2180
2259
240
120
2479
1798
2134
12
132
1768
426
592
20
2396
250
104
1808
2340
856
130
2349
1476
424
808
962
44
756
622
212
2020
2444
2249
490
2218
2640
1108
926
68
2499
2261
2390
78
2038
102
800
674
1792
1998
2077
314
1008
254
72
298
424
2559
2057
312
2366
1520
2481
1592
2272
2546
1630
2111
1988
582
90
2001
962
278
696
494
2491
1680
496
2398
408
1210
2137
2551
394
1888
1634
1078
2239
842
464
220
2595
2327
1696
2231
424
2736
414
1654
2313
2154
594
2234
812
1066
600
1120
2332
2378
2295
1146
66
1656
1506
244
1096
2086
2318
1746
2485
350
1983
2178
846
524
1983
310
98
2468
1328
712
2280
2191
38
1378
2357
2520
2427
1524
1010
914
2139
1498
572
2334
1932
2431
558
458
180
2228
314
2528
1314
570
518
984
408
1132
1510
1458
2051
2672
2526
148
1282
396
640
2289
2372
2386
1912
72
786
1750
1270
342
2340
84
30
474
2503
1634
1224
454
2680
2257
2197
2340
2391
162
2446
2450
2348
2110
1652
220
422
440
2373
234
154
2500
1772
2277
424
2450
1310
1306
1624
1672
1254
2020
2486
550
1932
394
904
866
104
1610
586
1684
522
620
1508
182
450
2058
1204
916
502
994
2290
1010
1400
1380
2596
596
2735
2023
404
1558
2283
388
726
996
846
1080
1612
406
1624
1664
2636
2206
122
1676
124
2038
2044
2310
770
188
1324
1912
1074
2396
176
980
1906
182
802
2480
1358
2098
2330
2510
1902
2323
2020
124
330
2
1622
848
752
2314
768
2387
2108
754
16
770
1232
2430
50
558
196
2619
1098
1094
2426
422
400
1080
1836
2126
1926
2656
6
1216
460
874
2418
1758
1614
354
2247
820
1864
92
326
872
1454
1140
468
2010
2525
176
398
2464
994
1852
2446
2045
1098
1226
458
1044
1590
1026
1190
894
1392
482
2372
1080
1996
2608
1967
238
560
30
1434
2340
482
304
156
154
40
1088
2359
1360
146
1354
1156
644
282
2190
2036
698
2687
286
1550
1238
1120
1278
2587
1890
1468
254
1274
1220
2148
152
2656
562
2019
2536
1088
944
608
2
2178
2500
1010
2616
1400
72
2341
964
2704
2062
1046
682
1104
900
456
1986
320
1886
358
2226
2555
2122
2502
2213
826
2092
1762
2227
2221
1146
30
670
2381
2170
2324
2301
2155
2513
1320
2250
856
484
1212
712
2294
2216
1018
594
448
800
2271
848
2645
1444
2162
1292
2180
1276
2297
118
1606
2410
912
1708
668
2528
1414
1046
2035
732
2513
948
334
2687
226
1548
1968
2183
42
1330
1774
1258
1998
2227
1422
164
828
1690
1102
2129
424
2522
2380
2159
1388
92
1660
1618
1376
2342
2031
974
1580
2425
258
2560
52
1210
2296
2140
2148
164
1566
2149
2659
2782
402
884
404
368
1322
2084
2157
1870
2638
2295
2379
108
2015
176
1348
1970
1282
1874
2397
328
2554
492
492
2072
398
248
4
2393
2186
2651
2626
122
2398
2048
1854
436
214
668
150
2477
1955
246
230
620
778
