494
2425
1548
1004
2152
2566
1778
102
802
256
698
2288
1724
1084
28
2172
294
2198
192
1022
1260
2675
2361
2210
2381
1428
2116
2282
140
2498
2554
62
1596
338
114
1194
924
2342
1062
2002
1896
1608
246
78
2298
136
40
2287
1116
782
1262
362
452
1996
610
838
1008
522
2602
2037
2339
2273
214
2441
1278
2640
586
832
1640
1978
910
2018
466
48
662
2319
232
2237
124
2048
1136
2167
2150
2244
846
1984
826
476
2272
2718
1266
2111
252
1270
338
348
664
876
1300
1678
390
172
2321
1902
2136
820
2028
2180
1196
2293
2104
504
1252
692
2641
1028
2505
14
2289
1128
2353
712
2297
1264
672
246
912
472
6
2518
1706
2541
2736
448
2440
528
1472
316
546
152
284
2698
72
2326
918
202
2026
2296
2163
1488
1546
1812
2087
190
922
2189
2116
624
2337
782
346
2262
534
1834
84
1342
54
262
124
826
116
212
1750
2490
378
496
1728
728
880
2398
2431
1748
1396
2138
2591
576
644
2346
170
98
1376
2799
2455
1950
1994
522
1680
208
692
268
730
1708
130
2280
664
208
2650
1984
240
378
1494
1326
188
1684
2248
722
80
2082
2490
2874
2463
906
148
1606
2042
2187
1908
890
830
432
2048
110
238
560
1695
1938
234
2516
694
1953
308
300
1346
222
564
2288
2261
640
2559
1500
2011
162
1484
1660
802
66
2091
88
2433
2008
198
996
1674
1056
2269
230
422
388
386
240
860
2144
2277
818
2454
1398
660
2287
1858
2673
2416
2067
2491
240
440
1511
718
1242
424
1314
2356
214
2686
480
574
1962
782
406
1756
840
32
456
2396
4
1314
780
856
534
2239
2270
2254
474
2187
2074
342
2234
2339
2086
2721
1140
2612
1000
874
2100
1986
1944
2051
1386
1396
908
2524
480
2490
1168
14
570
488
928
2326
1160
2171
1766
1360
392
576
1194
2453
1930
1070
1806
1688
2310
2102
88
704
2412
80
2222
2457
2931
1732
2151
472
2312
2019
2258
880
2197
2777
2258
2206
214
802
1244
2098
528
132
1004
1750
100
1006
2114
1750
1911
2275
604
2457
2793
2369
1993
2745
538
190
2016
28
144
2114
2426
2248
306
308
2336
146
1518
1626
2200
2234
752
2435
1008
1456
218
908
734
604
104
2322
1756
2134
2666
1730
1444
1160
2286
60
1922
242
900
656
130
18
2351
916
966
602
2168
1632
1966
2312
1234
566
650
122
176
1792
716
2534
2458
1670
2176
518
1382
1628
1807
1028
698
2126
2348
238
1612
1368
1902
2596
1452
684
378
2411
212
2190
18
2460
470
2257
2037
1764
2612
598
1978
1492
1957
184
2396
510
2077
886
2273
194
640
1938
2030
2630
1938
2088
418
2778
1400
2224
2289
2559
742
2205
96
1188
1350
140
698
866
2051
80
2324
2402
284
570
1572
24
2353
320
2438
2094
424
1642
864
870
2700
40
2081
1630
216
28
2124
2302
16
824
1506
268
2529
2085
984
1312
2327
1132
2415
612
1828
358
1188
486
2414
1756
1282
192
64
2607
1568
2733
1198
2496
1370
126
2366
2401
106
1232
2384
2526
1178
124
2531
422
840
1228
964
1190
1950
2326
320
2146
2174
1580
566
386
1696
2340
1170
1897
1022
2406
486
278
372
1444
118
2319
896
722
1548
136
2218
1088
846
2043
1414
2296
838
2489
2632
622
640
932
2478
556
2505
1104
746
2177
736
1470
2520
1372
942
244
1562
684
2321
1412
1811
1508
910
1882
2188
2394
1510
406
646
162
2123
684
446
664
810
286
2368
32
700
154
442
26
2656
146
2461
264
2379
1080
314
398
2528
114
570
622
226
1834
2261
2424
2370
1830
662
1776
56
2317
1947
480
1154
2160
646
2343
2242
2040
328
2776
554
740
242
1921
1046
1608
1910
164
1912
1376
540
2215
120
1090
222
1038
2346
2086
492
558
56
406
1978
10
2328
1150
1776
1348
1462
74
2210
2106
2411
1076
608
2132
2441
1908
1558
1508
1070
300
172
102
2420
1112
146
2554
1886
588
2703
2195
1872
1590
2188
2504
558
904
1980
192
1944
244
1929
2070
378
1888
2523
1588
2582
2628
2024
2129
1756
578
2376
2550
2302
2627
10
224
1008
302
2460
326
2308
1026
2645
600
1816
630
2387
1600
1924
484
2750
134
40
738
1358
224
428
2426
2440
2603
36
1722
1931
2320
1338
756
2532
2050
2016
96
168
590
2532
1548
1736
2144
2598
586
24
1848
328
658
972
126
648
744
174
802
1112
524
2538
1474
1156
160
104
1758
264
2698
1950
1768
2318
1068
1612
348
2205
1020
756
144
2325
620
2102
1266
338
2269
234
162
806
294
742
578
1108
2268
2430
2143
2230
2349
1586
2411
1448
436
2170
2180
440
2416
386
760
730
1056
1832
1044
346
2546
2622
1658
396
2480
122
2458
1992
2148
2050
940
392
1350
2162
188
400
2130
2224
1470
936
2556
564
1162
2388
2604
148
332
816
598
700
2172
2374
1048
2136
564
1064
160
2220
1400
118
270
1894
1516
42
314
2656
2490
1142
2211
1672
1914
24
856
908
2152
538
1400
2304
1308
1130
636
1386
220
712
4
454
2653
850
2187
322
1244
2662
2710
1372
268
2042
346
1046
1658
874
2489
1402
1996
2128
2262
2410
254
1678
2215
2227
474
2162
2322
2401
236
2002
2188
1630
2242
1948
118
1346
346
2220
1312
2280
2015
1400
2186
2248
2399
2190
1902
416
2087
1698
1334
2506
264
840
2304
1614
974
394
502
512
2212
2150
2405
496
2204
2132
312
2197
320
136
2902
2408
2394
2238
2001
2066
1746
2536
1080
576
2529
790
916
1188
2254
110
1334
2312
3077
450
1162
1834
2298
1092
2532
1272
1524
1600
184
1762
1916
940
314
2245
1264
1226
742
2128
100
2272
2180
1224
776
2554
2250
540
2384
602
2551
174
176
1706
2124
2423
998
196
2274
240
726
2019
2268
2278
600
2050
2053
1168
2090
848
1380
1258
134
1416
1104
840
1262
44
476
882
2399
1534
1596
514
1878
2872
2244
2338
1892
488
950
132
1196
1614
1570
2310
530
1974
344
580
2370
2220
2228
1877
2200
2485
2252
2294
704
2298
2372
1268
178
282
1176
2068
1799
976
2150
2214
2233
202
464
242
352
858
132
1032
1072
2358
1918
884
88
1986
1674
892
2475
286
460
1900
2
334
300
978
1788
666
1184
2019
952
2418
286
1978
1974
1912
1962
1876
1028
1056
1488
2411
1310
2597
184
2473
1498
1806
2182
1282
2259
1687
42
84
2351
144
2664
650
1872
1110
2084
1592
584
2583
468
184
2212
2030
1574
1976
2428
2424
1704
598
2465
1812
1764
2348
432
2236
2
58
2318
2229
1652
294
990
682
364
2163
2712
790
2118
360
2493
904
138
1814
2452
2136
1420
932
1690
1442
1498
50
424
72
218
2489
222
244
2152
1014
1908
664
2122
826
142
2707
2452
402
732
394
854
2151
786
2
2284
2315
534
2301
2102
308
1480
178
1192
890
1080
1172
2269
2404
2079
226
78
2051
2240
2432
2284
2158
2232
2242
1116
264
220
1710
1034
240
208
356
1022
366
1110
68
2500
1120
704
1986
1694
2599
1442
1136
2354
606
566
282
2422
402
916
2615
512
2114
2003
608
1108
1358
376
2727
396
108
2130
2508
476
2189
948
846
2138
2240
1506
2174
166
1929
258
1208
1598
1482
366
172
2230
1328
1440
716
1738
1680
212
1590
660
64
2504
728
1230
2544
596
2090
768
2338
2218
212
174
2196
1126
1382
592
2215
2271
1959
1098
150
1814
2145
2322
2177
452
640
724
2274
368
2456
2062
252
1690
2264
200
144
2062
42
2377
530
666
2116
1642
1480
776
2539
2257
1772
1770
1054
1942
1450
2762
2152
882
1626
1236
850
1248
1638
2213
186
256
436
406
224
874
74
1220
1280
1512
1774
2439
264
316
2230
2264
1326
1726
496
1760
1138
546
2224
2474
2304
300
680
656
2296
1044
2455
620
2227
1558
64
730
120
2377
1052
2220
920
2670
266
928
1094
1880
2236
522
2147
1652
2478
1384
2605
2136
904
2271
1864
2458
2591
472
2296
804
2149
364
1940
586
1967
1800
2167
2148
290
366
2391
356
2773
640
1304
1320
1630
670
510
268
2260
946
2058
1370
728
2458
592
2483
26
2292
348
622
2192
172
2257
984
1224
292
876
2231
2224
1170
746
2307
2051
224
1052
448
1062
2500
858
2163
2315
538
2284
1090
986
194
2182
1991
2339
1358
2449
2501
1368
1104
1014
440
2140
1848
2642
1020
2072
1416
2240
2695
2038
2393
126
82
2658
2165
1550
794
1064
840
146
2333
2874
564
350
2487
1030
2302
544
520
96
618
872
2382
1612
502
704
840
1168
164
208
2121
796
34
28
1302
1304
1874
594
1030
1262
2000
1084
1320
1962
56
198
2050
756
920
216
1332
1826
2177
1038
1852
528
2276
2611
2112
2203
1224
414
234
832
1018
1022
1196
338
2471
2451
1566
1348
1420
812
1938
2233
2216
1394
1812
2698
2308
10
210
1770
1030
1834
2251
144
2270
1080
332
1490
1956
1464
1954
2166
1862
378
2261
632
2
2743
928
1300
980
46
2085
2296
2174
1510
2727
2078
1450
1192
152
712
1108
2359
352
320
2067
1452
2312
1212
632
2064
178
540
1670
2202
540
1622
2685
1244
970
698
2033
1448
80
2589
630
2171
798
1006
1228
220
116
2237
2067
2388
2717
2587
716
1844
76
1995
1188
1340
894
2467
1104
182
1142
182
466
2046
2106
2204
2397
2740
2523
1378
2188
2124
1594
676
358
170
2123
2659
2075
1854
2266
154
1538
1128
2561
2156
1560
2539
2354
2655
18
2465
2430
598
1480
2164
2538
2195
1666
730
100
2598
1538
1190
2469
40
2213
2417
596
1552
248
264
492
2382
2652
2289
1462
2038
314
756
358
1392
2659
694
1124
2285
240
2092
1296
1404
218
2762
654
2199
472
1056
942
1774
1030
1398
854
2278
452
2472
2112
304
794
2321
718
836
1958
242
326
1096
2172
2230
1918
170
1668
290
2247
1548
2288
242
788
1072
820
596
1674
2326
394
444
2557
678
1062
2012
434
2518
1950
1014
352
164
2396
144
2759
2711
1002
2466
1568
818
2129
2564
2544
330
404
164
1448
2101
2549
2436
738
88
466
2098
2475
910
572
798
852
612
222
448
196
2174
266
124
90
1656
1524
2566
428
2429
814
1054
1999
1258
400
2169
964
1976
2556
1718
1344
2035
2140
2390
2590
1906
224
2227
1854
8
2582
2480
810
1828
764
916
1742
1042
2390
654
1444
716
1943
1830
52
904
2252
1822
596
2124
2124
2696
566
2297
1444
2523
2293
3003
2
2042
820
462
258
1836
2108
1930
508
2054
2452
618
1216
2444
88
2002
566
904
1122
360
622
2416
756
960
1982
628
2024
2346
2600
1562
564
2423
438
2237
726
706
2267
18
1086
1941
2179
240
1958
2148
2038
480
2190
2234
760
2691
1918
2339
2486
474
2225
42
2700
2470
240
2121
2243
18
40
984
1610
120
1961
210
1092
1036
82
2270
1324
780
1476
1798
1612
1146
1756
384
730
2322
94
2662
2189
2476
2124
1568
670
320
176
2543
2364
222
2128
858
1550
708
1060
416
2104
968
2183
72
2498
1114
906
536
1868
1196
1010
1538
202
1348
508
226
1956
72
2335
858
326
1418
140
1420
1404
1934
2812
538
1100
2239
2360
2369
198
1856
2208
740
472
1921
1504
2118
2341
1042
8
2066
696
18
620
858
1919
754
12
2094
804
994
850
1730
786
262
2087
1530
2290
1184
2157
2197
1280
430
132
2670
2267
964
568
158
298
1826
2244
758
2214
2009
2417
504
58
426
362
200
322
1570
444
1716
436
356
2092
724
34
642
1270
2314
1960
2504
2803
2261
286
668
72
586
2569
1042
54
2006
454
2312
2457
534
1562
580
1682
2431
2323
1240
2138
436
1518
2492
48
292
1260
1134
2365
1314
1588
2725
76
2462
326
456
1502
916
408
2219
1730
2360
464
2443
1252
2489
724
2385
2129
1896
406
414
2155
340
1502
2492
80
554
390
1988
1986
216
2644
2393
1366
2403
2526
18
2204
2064
452
16
1352
904
2341
1412
1770
2431
2542
1498
2548
2502
892
62
1554
324
1452
2687
2378
2432
546
2832
2139
1380
2098
2812
66
2705
1546
334
2390
454
802
2048
1044
2169
2437
978
938
1552
554
2082
2307
1094
1786
176
1646
2050
280
884
200
224
658
140
242
2762
2337
1030
168
1972
958
1754
2160
1536
526
2159
1492
2515
1246
50
866
328
1304
1218
6
2266
2058
2594
780
1492
1072
2270
2097
2202
2619
196
2332
36
1760
1328
1360
164
1800
2265
592
192
1322
1768
478
326
2392
1088
1332
1522
1128
1612
1054
1416
2578
828
50
2528
1768
914
1616
1938
1458
2278
2602
722
2357
1990
498
2208
2155
282
1204
1460
2312
2146
1078
482
2515
324
162
618
530
1050
2716
314
1062
1040
122
1984
38
2408
2316
612
1348
2498
2676
902
138
142
470
598
344
1512
600
830
2173
1658
2305
2521
1989
64
2121
2154
256
2542
1434
2128
1118
654
2509
2194
946
1790
2424
2421
2084
2486
1048
1644
2096
426
288
178
2598
2139
736
584
2500
790
868
1256
650
132
1820
2336
1070
2180
1667
2415
170
896
752
254
2237
2056
2726
1486
2750
2161
2356
82
2580
410
1696
416
2423
6
526
1214
1356
840
2409
154
150
1466
2071
1875
96
1968
2194
2473
906
2412
1982
140
2167
858
704
1951
924
656
20
2566
730
904
2188
1482
1626
966
1006
788
1830
2236
2140
2433
2305
2612
2403
1104
736
646
2002
190
354
2219
1254
1502
830
2204
2160
206
1870
220
8
2390
2410
2098
2165
262
666
2377
532
1022
874
2464
2060
326
74
2658
2552
16
38
672
254
82
2320
1674
1792
1396
344
2578
294
598
2108
398
2416
586
1644
262
1990
2264
2256
942
644
2415
1722
1044
400
2210
494
1722
512
562
1018
980
1416
746
1920
1080
2414
504
14
936
1754
430
2192
1476
2226
6
326
2504
2086
608
1718
2228
30
238
1940
280
2133
114
390
424
558
2138
264
2589
2696
676
2424
1414
234
1332
926
1288
2287
1636
1818
2599
2313
992
1872
2148
154
1240
1876
626
2724
2212
1488
2398
362
2152
2728
2693
458
624
1864
2004
44
2314
880
2433
212
16
632
22
2423
1102
1788
1198
68
1276
2680
2737
316
264
2098
742
1356
1800
436
2243
780
56
2492
700
622
942
14
56
2074
318
2503
124
2393
30
1190
2562
406
2114
896
2496
2490
1590
348
464
1925
2386
408
52
456
2194
2262
2360
102
2405
1196
1158
264
1950
2441
1174
2285
1262
2537
2204
1188
304
820
1908
12
1586
640
668
2471
2193
1664
2376
2122
802
2114
736
310
1704
1370
1272
2120
1446
1758
600
2216
502
408
132
2422
814
2330
1810
1714
2028
942
2343
2501
432
156
1782
802
676
2356
1686
1122
872
2205
540
2635
2419
1609
1326
116
1646
906
2354
2343
44
1312
2185
2534
748
652
1442
2498
1478
1530
314
1426
2265
594
1704
2442
2460
398
990
1398
2596
52
692
1900
1888
1354
1372
1052
2275
174
2271
1034
2306
2149
2279
482
170
2210
1613
662
2432
10
1942
148
2781
116
2113
160
2430
1698
2451
850
12
240
510
1652
2163
888
160
2019
224
84
782
2249
1344
1687
2036
88
948
382
1476
1810
228
1708
2112
2413
670
202
1971
1546
766
1292
1278
738
2054
2616
2318
1140
2688
364
910
2691
2443
1936
2582
1999
116
1808
2328
936
64
2150
496
1788
2309
402
2074
1218
1644
642
1706
280
2482
1768
2096
534
844
2264
108
100
848
1744
1052
140
512
2571
1570
586
360
1631
656
1336
2103
948
314
56
920
2453
106
2191
1516
264
746
812
926
2310
2520
1726
2118
122
1346
2475
988
190
2760
1048
334
2168
1864
1833
1304
2265
1707
2298
2149
2117
306
1504
2308
2248
2162
2040
1580
2326
1624
2296
2662
740
1792
2533
600
1058
1704
678
554
2483
172
16
2044
190
2100
704
2445
2275
2624
2261
2125
496
1544
2696
326
1866
2287
2266
284
526
894
1350
440
740
2074
58
2408
2273
1348
2311
630
2085
2530
2835
1374
1650
2048
842
2470
400
580
470
844
1600
2642
1028
3258
2261
1126
532
1122
1115
2310
2331
358
2086
1689
2295
274
1566
2794
2353
492
1192
610
282
2383
2488
1914
1074
2162
2431
2210
2153
2330
2204
304
1052
1110
2397
1524
462
912
258
1990
2564
22
2375
282
2052
1948
550
2310
2230
1794
416
1790
2336
1020
2649
2386
424
2217
1908
104
2401
2354
1410
466
2348
1811
884
602
80
1472
2066
2120
2361
2205
676
90
1438
1036
652
2362
2488
98
1172
498
610
278
1630
448
46
1040
2265
1064
1392
524
1620
1072
1328
248
1612
248
2259
462
1948
544
92
2265
2247
2948
616
346
1662
602
440
1880
2425
2368
1806
704
2022
1056
70
324
280
2456
1210
2582
2236
2004
780
1010
522
1438
2156
2013
888
2712
2341
2195
102
1674
828
1324
2396
1680
2501
2265
2487
1234
156
1434
44
2184
2680
1730
1140
342
270
2533
670
396
2283
2166
1862
182
814
2189
1628
2736
1985
1344
1224
2582
2090
2236
1528
1586
424
1248
1845
764
2227
2569
708
1196
194
964
2306
422
2237
1706
1012
2321
362
852
1734
2052
2083
2198
2225
2176
130
638
2035
2331
588
996
196
758
1931
1044
372
1408
2326
554
134
2485
104
48
1718
2634
20
1066
2114
146
148
352
1964
562
162
2400
1274
2546
2264
2388
684
536
1454
850
414
722
806
966
340
1176
462
2677
1742
328
2126
2425
2787
162
296
548
2594
552
838
1886
1684
2250
884
710
868
76
2429
1988
1990
372
1976
2345
1652
2249
126
1966
1380
1098
2393
98
1018
2112
2412
94
2364
2208
2454
114
46
1526
1250
282
356
1994
1404
102
1308
2380
1670
2267
2144
76
904
1860
2317
1999
2250
2161
718
1306
2367
1888
1322
340
528
164
2398
50
2078
2068
2446
2362
2493
2294
2260
1040
508
440
2076
1240
202
264
2349
510
1310
2148
1968
132
1596
516
2578
1028
3077
2396
634
1992
2235
952
2481
1949
120
2237
2088
2111
2200
1380
2156
828
2596
2357
2556
2462
2376
1992
566
190
2066
2330
362
78
2113
2840
720
710
1028
2069
1802
2450
316
634
2042
2419
2721
192
1976
1348
1118
1046
1550
844
1550
1032
364
1860
2312
1640
1594
786
806
2102
186
1680
2880
2253
398
998
274
524
2497
2079
796
1062
1436
10
1903
2119
260
66
100
706
426
120
550
2440
2546
2383
1488
388
2252
1262
1896
2271
1012
2452
510
2258
448
620
2652
108
2600
220
608
688
26
2366
664
162
732
42
152
2476
2519
882
858
34
2166
1912
1224
1244
998
2550
2390
2562
2157
2590
1342
2388
2034
1522
694
1920
2245
1304
2738
1944
618
1426
1260
66
1645
872
636
1842
2316
2243
1320
784
2397
2117
454
480
2004
688
352
350
310
2377
1603
252
2315
276
826
2693
392
2282
464
996
2104
1508
504
700
2190
1184
2163
2316
872
706
2230
2380
1770
1738
2578
2425
638
2783
2400
2197
312
2638
72
2072
668
410
338
788
2102
1386
238
2274
1942
1024
360
762
2317
172
386
2457
342
446
2118
1982
1478
2035
2779
2393
158
1138
2466
1686
978
62
2082
824
274
748
292
722
2680
1018
2564
314
1214
2587
1344
1948
2061
2186
2449
128
1618
710
756
1478
592
328
1758
2128
990
2100
570
1074
516
2531
1106
476
2004
2722
2340
260
2338
1890
874
1906
2038
2142
582
1240
40
706
1244
1256
1090
1122
1690
2290
184
1320
634
2719
170
158
754
2108
734
1766
2383
1074
2347
208
1778
1214
2082
416
1456
292
1372
2039
878
1322
2271
1612
2491
1526
378
2140
2300
1238
2253
1502
826
454
1000
1986
764
764
1542
1026
300
792
2349
2432
238
956
1274
108
2151
238
2490
2290
2183
1100
884
1016
2084
2210
38
462
166
660
1642
2693
2388
2555
986
2647
110
984
2052
2671
2561
752
918
1556
2276
1150
454
406
1822
314
1500
866
436
2502
620
464
1932
2202
1022
1386
1918
1954
2090
2633
494
1100
844
1476
2414
2275
22
1548
1032
1282
832
134
1956
2423
468
184
302
2736
2232
1870
970
2339
1166
266
1826
940
414
834
2150
414
90
2948
2447
2223
1728
758
3018
1270
546
1076
306
1556
1929
94
854
210
482
492
1010
112
2471
340
520
1152
1992
546
2426
2246
2350
644
1968
2374
2262
1610
1490
318
2110
1046
2263
1072
284
1280
2473
1466
1406
860
2642
1252
732
870
1080
1462
736
1028
2303
2475
926
2323
1198
2215
1978
2108
730
2222
1656
1188
1280
320
2231
1428
114
2028
734
1692
2620
1910
1892
178
2409
930
450
638
142
404
80
1028
1448
1730
1914
256
738
2216
964
2092
2514
2291
1971
2442
30
1634
1074
72
1896
1066
888
2694
2208
1802
846
2041
644
1078
628
2294
1642
2548
892
2176
144
1474
490
508
158
984
616
2407
1308
1140
756
104
1988
2326
1754
1246
644
2297
712
2262
2881
2403
224
1542
1056
526
1922
436
2490
1018
1606
840
552
128
120
2402
2105
2620
1632
2123
1130
578
42
2562
542
1388
336
992
532
1114
492
982
332
412
488
1120
2144
400
460
126
56
28
2162
2240
834
2498
1616
1168
660
2686
2376
2403
842
528
494
2378
2030
1068
1698
1906
1944
322
2437
2758
316
1284
1548
1874
400
2295
2538
2010
2537
878
1790
2440
1196
1973
842
1946
2090
1792
1678
564
752
2237
1548
568
768
1730
2092
538
2010
106
256
2476
1877
340
312
2250
772
1702
2651
1628
330
994
166
1486
2632
2496
1608
778
54
2254
72
1986
478
2042
636
2621
2318
2412
618
1994
354
2176
496
1670
2543
470
2204
2366
1934
602
236
610
834
2018
220
660
668
754
358
1258
1574
822
1654
2252
1122
2582
1190
950
1108
250
2044
2528
1232
338
1424
2182
2382
170
1810
364
224
2
1306
58
1432
1860
2288
1520
2009
1932
240
1266
1366
710
396
2045
1164
2007
1394
1048
138
2397
2231
1920
2166
2613
2342
1296
2626
914
518
822
154
2502
908
2332
2345
1892
1262
1678
1212
1280
2329
710
260
2350
1558
1983
166
2103
798
3104
1160
2616
1672
2212
2084
2292
2153
1222
78
2323
1456
332
986
202
1292
102
246
136
608
284
2744
2296
1734
286
2024
1410
1116
26
430
2012
478
2658
2333
2471
1915
2088
1808
2588
1820
1276
1912
702
720
1845
2465
464
1948
24
1828
2606
1016
1998
122
204
510
1996
2543
1006
288
850
2375
2088
2149
630
1726
390
2170
2268
614
1940
1640
566
362
2387
644
596
2263
2660
1196
44
272
2117
30
786
814
660
750
526
2592
2036
1326
2001
1042
150
2606
428
2092
1832
2672
356
2452
558
546
1700
2570
270
2192
1278
356
2025
2335
880
86
2376
488
1402
384
452
2576
2052
1820
2055
374
360
1020
1194
722
122
2443
2151
2375
2813
372
2192
2181
48
2282
842
1348
164
1776
2272
996
2270
596
1504
2695
2095
132
748
1786
422
2282
2146
1858
354
290
1274
2706
2669
1044
2327
2301
2124
1674
1678
1846
254
86
646
2269
2549
2017
2169
74
684
1310
2023
2012
1644
2379
2004
666
2340
736
2064
504
8
1676
2237
684
1242
2341
2186
2024
1278
1092
2136
54
1680
2235
176
312
620
536
1770
406
1756
1754
2152
688
1892
1794
1290
1294
1536
2284
1820
600
2623
2054
500
2322
570
1108
2243
92
1548
584
1582
1142
2557
134
2310
2350
638
1100
2170
1917
1864
2278
804
1664
652
934
1492
524
2660
2193
1212
2388
2507
2493
2272
20
2499
594
152
1134
2162
664
264
1084
518
330
2156
284
1326
72
2130
1462
892
590
848
1282
2171
1484
990
650
1832
502
94
134
2370
1720
1314
290
2021
888
2618
98
424
2317
2542
706
2398
2642
1876
2148
2377
616
2258
2697
1702
1450
2314
44
2611
2391
2517
784
1292
1765
220
298
36
324
1036
2364
2347
228
556
2460
680
2045
1030
618
1260
396
1424
750
754
102
762
932
1262
2659
2042
752
612
2311
1452
2154
2241
498
940
2576
1412
520
404
1152
1822
2390
1564
2458
464
882
590
1784
2108
2129
730
98
2112
566
1074
1937
2256
1186
2285
122
126
2386
542
1780
608
2390
662
1440
210
2281
932
2002
2191
516
2267
52
2172
2352
2068
1946
2246
284
518
440
154
2128
1150
2150
1366
2186
1968
440
2071
640
2178
2239
2278
2272
1598
84
1320
2026
730
320
1916
1264
1844
460
1574
578
600
2299
84
2029
310
2234
2637
880
2554
2256
2134
666
2375
934
1048
1394
2322
2262
2272
720
2415
2331
2268
2276
2381
754
332
2388
808
346
2464
140
2640
2382
640
1996
662
522
1202
1756
534
2106
1500
318
1294
372
2584
1608
30
1992
554
1020
942
148
2212
2171
68
690
122
2477
2078
1270
2483
56
2230
578
502
2181
88
2474
2470
592
2373
182
342
1999
2261
2041
770
2568
436
20
758
2242
334
2422
1734
2979
2358
2193
1352
2537
2495
2349
332
2117
872
2200
486
414
1700
668
2034
532
1328
2438
2549
2413
1260
2586
216
2138
914
90
2112
1868
646
236
486
258
1084
402
212
2413
138
2
1232
2011
1977
490
1388
2625
70
364
1522
2267
2337
2353
2029
790
746
362
182
254
2368
894
820
3008
2018
2050
1808
2690
760
656
368
1608
2135
116
412
2013
506
1446
2319
2073
102
2202
308
2262
2041
2285
2754
2252
118
100
2608
2214
496
866
2511
704
222
1346
2345
1442
2304
346
120
1512
592
1006
342
862
2833
504
2205
98
1014
1564
2154
846
862
320
850
674
2407
688
704
1260
1990
2549
456
1770
100
286
2654
694
1212
526
954
562
2746
2050
1062
2350
238
820
2577
428
1540
194
2288
1870
1408
3018
2180
2048
780
374
272
2019
2333
1228
1064
1620
1390
1908
2022
138
42
666
218
1750
82
1730
286
1426
2336
106
1761
226
296
670
1582
1420
300
372
766
2489
30
1870
190
354
2508
2442
1700
1100
262
386
2497
2357
2387
916
2061
2237
2325
2595
1910
2474
1056
2008
544
2080
212
1955
2575
642
1796
1518
2458
2143
556
140
136
2488
2395
2701
2423
570
2281
954
204
1886
100
1114
2385
1442
2655
510
2472
2052
1168
2453
528
2312
910
2205
704
878
2092
2594
2104
1568
1168
386
2467
2343
1616
1756
162
1782
2510
30
2298
176
1362
2122
1044
414
2094
330
2315
2186
700
2544
1598
2230
1036
962
2029
262
744
1942
2523
1602
1918
2293
72
2144
1178
2088
494
338
2049
2
276
86
1458
1402
2411
1994
68
942
764
1210
1246
2132
278
1873
806
962
868
2638
98
2276
2418
1006
154
2148
1620
2309
1152
1296
354
1442
1236
610
1122
1987
2177
2592
620
1476
998
1034
14
666
234
2594
2312
2158
1188
2357
2532
1836
1634
2377
744
2355
2288
2086
918
906
2269
488
180
1432
1512
336
1690
2161
1110
1702
1250
2667
2308
594
1750
1850
2058
2125
216
878
790
1788
180
2508
2243
1118
2455
2532
314
870
1626
2356
1338
2140
1748
1354
2138
1668
1520
1832
2190
2170
2145
1038
726
572
2314
638
2334
448
2116
1929
632
96
44
2084
1078
2286
1312
2509
2586
390
700
544
2328
2177
568
86
1491
1582
48
2469
2376
828
2677
182
1202
80
256
668
804
2062
728
2148
470
1432
94
1611
256
2566
2430
470
894
1040
288
820
972
952
464
2592
508
850
2008
356
1246
2189
220
2442
1832
2720
1222
1084
614
1808
2049
2534
2689
2355
310
2624
754
14
872
856
630
114
2416
2414
12
896
322
392
1946
2357
1674
2105
256
796
80
1120
1044
672
460
354
2184
2118
140
340
1616
784
248
512
2008
1456
896
64
268
2299
1286
2740
1350
2716
1000
1484
2525
2662
210
2328
1288
96
836
1960
506
1942
1564
682
1142
2070
494
2354
2101
2561
646
550
1038
2281
1424
626
2581
576
2104
232
1474
1104
2613
2385
2535
2281
88
2353
100
1294
510
1208
2186
554
2068
652
2366
1712
2619
1106
2422
954
1282
2384
1588
318
1082
2440
1845
1930
642
2383
554
890
2065
320
496
4
2148
172
874
2283
1414
52
2477
2325
1304
2064
588
1774
2
2318
800
1112
1262
1570
22
254
370
2601
2432
1999
752
990
880
232
2593
1400
150
1476
856
366
1456
2613
1012
1524
1488
574
2360
118
2082
748
748
166
6
2278
2196
2168
1815
1806
2333
246
1368
2664
794
2400
434
2362
1827
2221
990
2382
1004
2652
306
84
1709
2238
1082
828
844
1730
412
374
2645
2440
2219
1064
2429
1636
44
60
370
342
2470
1014
268
314
2121
1532
64
678
2095
2460
30
524
446
424
2560
178
2609
1556
1314
62
1434
728
2799
586
2281
2390
196
1814
2323
2640
758
2405
2121
1060
2149
604
2551
808
1438
2243
1947
108
1134
386
2304
1492
2562
2371
1098
484
2199
1538
964
1492
612
1870
798
446
396
600
1564
2750
2224
928
2102
1218
1500
2413
216
2402
548
2766
242
28
902
1648
1962
1348
178
2077
8
1730
308
50
2262
682
1460
2574
444
674
1272
2307
1134
2397
2295
434
838
2169
1142
182
1651
514
2190
1100
1994
2562
2524
378
562
2614
524
1202
718
994
524
2562
166
1755
556
732
1318
1258
2236
2193
1014
2548
1054
1434
614
20
342
2307
2262
2197
374
12
2590
738
1971
1352
348
2321
1004
956
904
1926
824
2780
118
432
2154
218
352
404
1346
2036
1982
2358
2490
1906
1460
2468
2141
1504
1534
1778
1632
276
190
370
1596
856
948
2181
736
2391
2252
594
1892
1082
958
2302
2498
92
858
644
158
2310
254
1512
2014
2405
1414
234
1464
2342
2289
518
858
594
84
2012
1636
2049
634
1939
852
2224
2254
1694
2210
760
40
478
2438
116
688
1338
476
424
1062
2341
12
1692
10
2131
2010
1402
412
740
666
1222
576
176
18
930
326
726
2272
2308
84
436
2499
1252
1190
2282
302
1358
1038
812
1900
2032
1456
416
390
520
2878
354
2034
240
290
2227
1482
1440
2310
2271
1284
324
1644
162
236
2226
1540
190
2064
898
488
2240
1440
2659
1778
716
2254
1729
938
38
940
66
154
1422
1628
2044
960
236
38
436
372
194
666
1282
1862
1432
442
2599
2369
76
804
1540
106
978
130
124
2074
2530
1944
1356
1334
1693
438
206
672
2930
524
2171
574
294
808
1662
432
2024
158
1214
864
1064
84
1376
956
2168
2228
1952
2332
108
1634
240
152
784
652
506
1978
1100
2434
2015
1304
2712
2461
2276
2086
180
2236
2380
2149
1430
2392
814
542
450
1598
2538
2081
2394
278
2287
80
1448
206
1194
1766
1650
1002
1192
1944
1138
2709
804
348
2485
218
2346
792
1428
1494
1864
548
764
332
146
652
960
2520
236
2469
2334
2371
582
198
740
1758
1172
480
472
2614
2257
2548
1350
1376
1702
2208
1156
1252
1426
2320
202
2276
180
2284
1862
2
2338
1150
2442
1020
2685
2779
2186
1244
318
2315
1094
1508
1544
470
124
998
678
170
2632
500
88
674
1846
1224
608
2297
1732
2425
2629
152
1446
790
1650
2700
1080
2030
2360
58
48
2510
1226
2974
158
2292
1878
2014
150
2643
2500
2662
534
706
2123
264
1452
938
1386
1835
1736
1763
2177
1134
2312
2351
2456
1853
1224
1924
1842
2180
2306
1888
506
2234
486
586
2513
2342
2343
2692
1949
2234
1056
1782
2247
1474
2261
756
504
196
220
1576
1599
426
1900
1134
1526
1630
946
1910
2305
82
2274
980
264
1988
344
1882
1188
2566
1078
1316
1052
482
1934
456
246
2383
2553
728
590
2635
1096
1038
2323
780
2625
2497
2239
550
1880
1120
2028
1986
2278
1702
1824
2354
2141
2085
1400
880
2826
856
1582
2138
412
184
2367
2428
2270
2254
2016
862
106
1324
1578
276
2454
2407
1264
686
320
630
40
866
1128
1556
2333
740
532
2122
1176
634
2192
2542
122
2439
2442
1672
2517
1816
2275
280
766
570
1628
2399
1132
2450
440
1610
2327
488
1402
732
1740
1174
1936
1602
1732
226
1862
766
1364
720
1993
82
2312
2218
2629
2392
1947
2733
2335
964
560
1092
2602
566
346
1794
462
1969
2155
634
662
120
2252
104
2028
514
2292
1862
1372
608
1162
2194
2062
1990
1682
2385
26
1872
1110
2077
2160
2419
690
808
834
1246
702
1686
1130
720
500
2424
816
416
1510
2216
2075
1740
2048
874
2664
2327
1062
2271
1226
2118
2187
434
2170
960
1890
2297
158
2278
2277
678
1344
1080
940
1070
8
820
2054
204
268
2559
264
152
1893
314
556
1564
2306
814
1384
174
1872
1769
784
70
2172
2220
2275
948
1286
1860
928
392
1792
2685
376
2427
2211
1550
2582
974
350
2318
330
2375
1492
2123
916
2270
364
1876
2328
1002
2445
1538
1036
478
1566
380
2442
784
152
1960
1592
2046
1530
802
156
1076
74
194
1440
2054
1556
2018
560
2293
410
938
1646
2456
906
988
2303
174
728
1186
328
192
2159
2453
564
1936
2181
2240
1752
2317
2475
1972
496
2480
998
1150
1256
838
2302
972
2132
600
264
2617
1144
1090
472
382
2175
2160
1788
2100
250
2311
740
1634
2589
1022
2348
528
530
558
804
952
1132
490
2601
1544
2570
1968
1118
2282
450
1434
1873
2100
798
1290
2351
2050
1919
2066
638
2192
2270
944
132
1494
2467
2098
284
200
670
1764
1624
1708
278
376
1026
1462
198
1548
436
202
1284
2121
1112
348
1532
2276
2353
1888
676
2200
760
2585
2517
1372
36
1144
1182
2567
1628
2610
2012
2263
2397
1993
2368
970
378
468
2492
1368
410
2356
2102
1102
1756
1994
2239
486
2345
2334
2276
2616
1604
976
682
564
2077
718
192
2415
2055
2445
2396
2229
172
1994
792
938
2013
786
844
2072
56
146
1468
1512
668
2332
2399
268
2273
2008
2228
154
34
1796
1792
1770
856
2071
1916
982
1650
640
794
2835
2098
604
1790
764
2342
2408
2100
228
1950
2443
710
1278
802
2361
198
1999
1966
532
2000
2527
232
1504
480
246
2186
2516
914
56
246
1000
2180
890
540
576
2024
844
752
420
624
942
150
2147
1372
1346
1108
122
2072
1128
770
718
960
2453
270
212
2386
812
2686
920
2439
918
2226
1414
898
2620
1880
2339
164
234
2544
426
2294
1226
1694
2259
2226
2133
486
1813
2570
1762
1790
644
2357
150
966
1880
2655
1390
1806
2709
1788
1008
552
1060
670
2118
104
2220
24
1002
26
2400
2439
438
634
2150
342
456
2202
1432
662
930
2783
90
742
2320
218
200
186
1804
782
694
1748
578
340
1676
84
2432
530
2455
1032
18
452
966
1786
334
1510
1583
702
2242
2198
1156
1188
1144
298
2444
606
1248
1784
536
372
760
2309
654
112
542
684
2093
2045
800
1788
2664
2328
24
2593
56
2399
1604
1968
976
2338
2588
2501
2296
2383
438
598
2014
2214
116
2004
2722
2024
1026
1650
772
1981
102
2508
736
1958
458
2452
430
1736
78
1758
658
2446
2021
1646
2253
1889
1274
1626
148
1360
1986
1132
1508
2585
294
2273
508
206
2201
470
1626
2221
1536
668
1725
1202
176
1886
1766
2389
142
1951
408
1306
2284
798
870
2109
832
296
90
762
1214
632
2151
2249
2623
58
1890
70
222
58
1674
88
2328
110
1444
2911
2059
250
2642
1032
2570
2670
1308
2056
2193
1992
2486
2024
742
1522
96
70
2293
434
1590
616
1326
2950
238
2248
2462
1812
1987
436
1938
2577
1937
2075
522
108
248
140
2548
866
2341
336
1382
688
610
1894
240
1754
782
2130
1298
206
1965
70
1484
1954
2371
430
2068
2219
510
514
1498
2222
1720
1394
24
132
90
2191
1578
1580
1600
714
2128
614
336
290
1642
774
1438
1694
858
2069
1044
2480
56
1951
644
620
280
2282
826
1292
898
184
92
16
2254
168
118
1836
996
980
1704
668
80
544
2162
104
1064
1064
922
924
1108
2779
1836
318
1708
1012
2152
1490
1848
646
1066
272
2235
1962
1080
2240
2184
2218
1430
436
2346
684
1312
2122
2683
456
1044
1322
596
2355
1268
564
2090
430
226
1124
510
260
138
2040
702
1026
2138
140
86
1932
366
2132
1094
2346
122
1306
1232
1300
314
2066
866
738
2666
84
2284
188
120
260
1148
558
84
2161
2041
474
2795
1096
2050
2110
2501
292
2009
2410
2001
184
2235
2175
2173
268
1698
24
1664
328
1686
1082
206
2246
976
1216
2140
220
546
96
2140
2459
1300
1598
356
1894
2208
2564
64
710
710
2418
2621
610
1962
242
158
1859
284
2482
844
2228
2208
990
24
486
2105
1028
2614
1118
2565
974
2394
2201
492
914
336
1937
226
1912
2144
2584
1550
722
2247
1606
2464
824
2234
2276
430
1778
60
2034
1340
2171
1794
1853
448
2572
830
1508
2072
634
2253
2614
1174
2148
260
2411
1979
1892
328
368
1802
1156
2026
1054
642
2212
1170
2452
936
140
96
344
2504
1012
2670
808
926
122
2162
86
1636
2150
2100
2055
1684
680
2118
296
538
1999
2302
852
496
802
392
10
24
2144
518
164
1148
1144
1951
2566
536
1408
2463
1208
2396
474
2512
104
1136
430
1632
1198
324
1910
852
58
1054
1918
890
1900
2210
1959
1974
28
2173
1020
2324
2755
334
116
1988
2482
666
392
436
482
684
2436
1188
1652
574
668
1442
426
316
2548
1476
698
2340
42
472
2314
1472
1526
2182
30
2334
580
640
2141
586
2295
1466
400
1860
2559
444
2113
440
2625
1034
1911
2080
2076
1394
1366
1366
766
178
408
146
2473
1404
630
1418
294
2171
2335
786
1922
160
1818
1720
2436
2289
1278
2244
174
1404
966
620
1914
2318
2646
2795
2356
2782
1626
2319
10
518
2039
532
458
2287
2530
2530
1046
1048
706
2247
2719
546
600
834
1302
268
402
2285
2223
770
1514
1602
1862
1182
634
860
274
2157
12
2010
2253
1404
342
2244
1168
1938
294
1974
644
1036
1040
1548
2368
676
500
1258
1936
2243
634
2115
158
178
342
1602
154
2240
910
994
1070
2523
2447
1394
1664
2207
1186
2297
640
436
2655
2581
2478
2448
2376
48
142
1506
2335
1138
1424
384
530
824
798
2343
1846
2142
1570
732
1936
414
408
2038
2098
1150
442
1236
78
458
3003
826
1056
572
1110
2131
1144
2488
1238
22
806
2446
2279
494
2648
1372
2141
2695
2020
382
1766
2193
2446
146
2715
2034
1018
1540
2067
2284
1264
774
1808
2533
1512
2430
454
1720
1438
2423
970
1304
1958
1226
2336
1964
204
1402
2155
1308
230
2057
2622
648
400
386
518
1248
206
1268
1882
2496
280
822
176
1010
2296
938
2653
784
2299
842
2478
2165
2162
2738
2492
2994
2026
548
1568
2552
388
1386
992
1412
1826
774
2402
1258
1208
2512
2451
2560
1534
248
1818
2124
2532
2676
778
376
2253
1006
510
478
540
1498
384
2319
2494
898
228
1766
402
1964
382
1940
2352
2685
1424
1826
72
1096
2030
2162
492
2470
2309
1276
1476
458
1154
2291
112
2471
690
1714
2259
696
2693
1228
2186
2120
1569
1260
2102
1056
828
2262
2534
756
2344
928
594
566
2475
2073
680
2328
680
2230
1186
32
2249
1846
1154
2435
2248
2117
2558
1794
1272
200
2044
1964
898
700
82
1866
1412
2464
2554
60
1224
662
796
2509
2212
318
372
2052
1986
2654
230
2302
32
1540
1516
1092
2364
2158
1314
2244
1164
1132
2451
2108
2240
1977
844
492
2035
2245
2357
218
14
2705
2168
2252
118
400
2563
2070
1820
238
2121
466
412
644
152
1727
1618
844
1318
2416
2509
1506
998
2432
2558
1536
508
730
62
2361
2492
2340
1894
204
2503
968
516
2124
2212
952
1764
2355
260
1430
1370
468
634
958
2441
1118
1750
1908
2075
2097
218
2105
262
510
1400
1140
2405
536
2240
2046
630
132
226
6
3003
374
724
1510
918
2533
1845
748
2155
342
2178
2661
2315
18
330
2022
1198
1224
1172
218
1098
376
130
1941
1436
1042
474
130
2340
1064
1800
748
1380
1752
512
6
824
1272
1336
2356
22
718
1022
2140
614
1304
2385
220
142
464
354
306
694
834
1300
2267
2258
428
2324
1188
1230
1136
2432
570
2461
2185
1900
2160
1244
2519
988
1438
2165
1938
424
2351
54
466
608
946
2313
504
2310
1826
852
1432
676
1264
648
34
920
796
2503
2622
1408
374
2113
472
2249
2403
568
258
2104
2015
1816
2335
446
2279
2422
1910
2224
1294
2410
2101
1736
378
2354
306
2296
14
2466
284
1440
318
286
1810
728
2568
2125
1382
1884
922
1632
2679
2156
90
2142
2363
746
1808
266
1032
664
890
990
2514
1160
1888
1654
996
896
218
1044
172
1522
2250
1852
2395
1926
2290
600
2627
114
2374
1126
2173
242
2659
2152
144
536
884
2316
614
1220
408
486
80
2208
2758
60
1234
1116
2487
2146
2521
378
126
2362
328
1866
1662
2464
960
412
2330
1744
1828
1932
2731
1470
1838
1792
334
240
382
508
308
142
884
330
1462
2602
636
744
1210
270
2296
1865
914
660
1480
604
2279
820
1822
1492
1666
2728
2366
2142
548
2791
2500
1676
672
2374
14
2587
316
2629
1652
1268
700
38
224
1020
2352
754
412
48
924
2443
200
376
1076
1861
2151
452
2431
596
1000
2370
2610
1710
1162
1991
1908
140
2280
2091
2509
340
2334
320
884
1170
1006
1486
838
2025
2187
216
2495
348
2459
360
1128
1834
1058
2485
506
406
2224
1362
944
2275
1364
2232
1034
2604
1764
992
976
408
130
1720
10
2611
1998
2034
2153
562
2290
498
1596
1957
2769
1987
680
2300
2637
1090
2607
4
930
1316
2482
342
1352
1258
1872
880
2208
2282
2386
2150
552
774
1048
832
1542
1730
264
802
2549
2357
1670
2520
2285
196
22
2047
376
2020
12
674
86
824
280
2662
2207
946
2300
732
356
674
2255
508
272
2036
2742
1728
2339
2597
2443
2252
1370
292
1138
2188
1044
2348
1888
454
1146
768
2164
2161
1252
2298
1596
2607
1958
1482
2323
2465
2502
662
398
1946
332
362
520
2609
1798
1516
2186
28
288
2511
2078
66
2468
998
788
2377
1390
1240
1120
2299
88
1384
2077
2602
120
2255
1494
1516
988
112
288
976
2828
652
14
262
2419
486
2496
728
2048
1074
1660
672
2592
2206
2336
2170
2001
1522
732
168
2328
54
278
2140
638
1970
290
2244
2565
1644
2690
1510
448
506
1854
330
2630
2020
2195
2206
662
2363
1995
1284
2035
186
14
1940
2289
1296
2155
2074
1968
1852
868
556
204
508
2050
1122
424
1158
752
1218
1476
2265
208
2195
720
80
2540
212
2206
612
78
84
1180
1734
292
512
2263
2432
2197
1638
222
186
556
2072
460
2277
1006
266
1118
1306
1068
1850
908
2406
42
1126
16
2260
2366
1562
1970
1891
2232
1010
1230
1324
1694
2728
1816
222
540
2243
710
16
2391
2433
1744
206
558
1496
2185
2278
896
260
270
2015
68
2323
1756
2251
2239
2609
898
4
1164
2221
432
2276
1022
2165
1396
842
34
2224
990
164
2268
1156
280
1436
2606
1386
2498
1026
2594
2328
412
2623
722
2467
744
806
186
2542
2019
1150
1134
802
2708
560
606
1474
2692
36
2124
2380
2310
2094
316
1268
996
2276
1919
2107
2254
142
558
540
2313
2516
2174
918
2444
2324
2419
270
1694
2316
2798
1034
1250
72
2146
358
2195
1518
584
2566
448
2172
1068
244
468
1012
502
1128
1108
2234
1648
2408
2483
722
1800
1072
2365
180
2401
474
210
850
92
2457
2132
1402
926
1652
1680
2450
580
1144
78
6
754
236
2625
1246
112
2379
2203
1970
320
2319
2167
868
334
2192
508
2262
594
1188
2590
798
2497
330
18
2693
1946
2510
184
36
1262
1486
1688
962
402
12
882
1252
2225
2355
1618
82
1208
2227
2334
842
1172
86
838
368
798
2465
2532
2194
2771
1654
1812
2497
996
736
2477
1263
2515
2546
264
2034
720
2
1786
988
1308
610
2410
374
2881
594
112
154
178
1724
532
60
1722
492
528
2074
2084
840
2342
2138
2432
1780
298
106
48
934
1296
626
2732
1004
884
1348
2589
420
1016
352
1748
2514
1861
1914
1762
10
1772
1628
2411
1438
950
104
2024
860
292
112
2109
2493
1340
770
66
2139
2381
28
2395
1042
770
1178
1116
370
2347
432
654
986
2320
1976
2119
704
444
2123
2490
2313
1470
920
382
2190
338
122
1088
1338
1426
4
2295
2530
2266
262
2510
2470
2195
1074
2314
2164
768
736
1362
576
1948
1264
1951
2780
526
1280
2228
378
412
1820
1426
2198
630
834
2010
2262
2526
1520
2028
798
2050
2013
374
1742
1694
1648
2413
418
2327
2456
1807
324
184
2652
1636
478
1254
2547
2676
286
228
1414
410
274
1090
1800
280
2594
366
2128
294
1480
2587
1818
416
1923
926
1348
1350
818
724
872
2410
1340
2307
1756
2311
2341
172
684
1202
2146
356
792
80
2469
2551
296
2411
832
2029
1240
1006
114
138
488
764
2375
2455
2485
1048
1944
2121
114
2302
2335
884
1474
2077
4
206
1046
904
820
502
698
1394
44
1148
2286
2605
1811
2070
1466
1933
1222
2132
1000
2266
442
2167
1194
1260
2568
588
436
1006
1148
1614
1498
2443
664
2417
1380
2128
2074
2587
1692
1897
1534
1226
850
1452
622
2329
2231
1130
1362
2350
326
2542
1308
1134
1968
2278
1666
686
1648
746
2104
446
764
1901
96
92
12
2012
1392
2228
2119
778
1886
570
2444
596
828
1008
706
390
1932
2041
1264
912
2011
54
842
1196
2683
2146
798
942
2411
2070
1800
1230
2208
984
762
394
2372
2987
708
354
230
294
748
346
1548
700
1906
2218
616
2588
2378
1486
2612
82
188
252
1238
816
316
316
334
1637
640
2224
736
2964
1764
680
272
2198
312
2017
286
1718
2349
2212
1458
1262
1660
818
2370
2104
2030
1738
816
1448
2603
440
498
2285
2360
658
462
172
1478
1752
46
108
866
1538
1082
2801
2237
1796
2142
2300
570
2497
1012
1726
1748
2223
102
776
190
2149
582
940
2284
654
1406
1290
1973
22
824
1930
312
2233
1180
118
822
342
1104
1226
612
2022
2457
84
62
696
334
74
2215
520
2298
2095
1863
2396
804
1408
1586
1796
2118
1432
730
2364
610
210
366
84
1970
376
632
1984
926
2481
2640
2128
1060
1532
1712
2055
870
858
428
2382
436
2331
3142
2264
2799
2609
274
4
2150
2038
2633
522
2658
1834
1636
318
832
1944
2700
148
1828
1112
2455
544
2080
926
2207
1826
984
1028
2543
26
2509
192
96
2032
2166
320
2230
1428
2085
2502
1034
932
2184
1852
538
610
266
1728
2171
2284
2432
1256
1416
108
692
2038
604
2417
224
248
2526
2597
1930
1814
2200
1989
838
2208
14
950
758
2088
178
244
714
2668
760
2145
478
266
2800
996
180
2458
2421
1708
588
2327
780
204
1844
220
1368
1296
500
88
2098
2401
2414
306
2148
790
2468
1106
656
2724
2131
132
2476
2443
2380
1879
1364
1188
1858
464
2184
844
2363
306
2556
614
2258
1978
402
506
1580
80
204
1534
2583
806
570
288
1917
2356
144
310
1276
718
2060
914
156
1292
1164
2470
96
2334
714
1392
2490
1462
280
2192
1118
1720
2548
2737
1080
2470
1563
2694
710
2162
2288
82
2286
1904
864
1996
2300
1356
1454
2497
526
450
434
2190
1212
486
2085
1968
2270
474
2189
694
1622
2234
1856
578
1938
512
1794
716
262
20
976
2098
1390
1884
182
1858
1048
1760
868
962
404
1926
1842
1398
1688
1446
40
2148
1486
1854
802
1488
314
1082
1666
310
1242
448
1064
2329
752
1208
1118
384
570
2644
68
1658
2032
2070
690
978
1168
2184
1066
1176
274
1874
2541
2026
1966
12
2513
450
1938
1804
386
828
1946
1836
84
136
186
2310
638
526
2057
22
2206
2054
594
862
1878
2286
1990
2245
1532
18
502
728
1272
1392
978
724
326
1422
1812
2243
696
2486
1168
834
574
278
200
58
2023
2007
2416
810
806
748
624
2559
372
2330
1502
36
2155
364
884
1917
430
1526
1974
1410
2700
2564
2074
1915
840
342
1918
2656
2103
404
1706
812
2078
72
1974
2498
2079
1200
2117
886
1042
2485
2150
616
408
922
508
788
1748
2680
186
198
2174
2295
2386
2542
1286
1976
230
420
502
1516
1018
862
1152
2358
178
928
1722
258
420
2264
2331
174
354
1144
906
1916
622
776
2123
418
1250
2696
810
32
1534
1966
1074
832
274
2407
2312
2347
784
798
1164
1220
1634
2097
1380
2517
848
2118
2358
1610
980
596
1876
1020
2050
1491
22
586
836
1765
1708
2294
2322
68
518
2162
564
2389
1278
2207
370
830
388
710
1072
1408
1422
524
118
2313
1751
598
140
932
946
308
1642
2503
1890
506
36
334
1006
326
140
992
640
10
812
406
172
618
1280
2650
1390
614
2607
798
2048
1408
1254
786
380
1132
2542
930
1876
264
1112
142
578
2099
318
622
1785
2209
1376
2119
1758
426
420
378
2576
2147
2459
90
666
308
2114
2326
2180
1980
888
2207
436
498
2344
1454
1516
1740
2670
1430
2381
424
2638
914
2310
2069
632
2214
2758
2208
524
554
84
1296
2292
294
2369
2505
142
1562
2503
1002
744
544
256
1510
2279
1266
1082
2298
2482
1152
2668
678
2166
2684
2090
1752
308
1818
2337
642
1346
2301
2051
1580
2488
2032
458
2416
206
2226
2448
382
688
1902
1813
2142
518
2232
1748
1236
872
938
1370
748
1582
1506
2371
2299
76
406
330
202
706
278
1436
154
2404
762
2180
74
2238
940
2530
960
254
496
96
2238
338
1328
2567
2270
1654
1176
2047
1340
2100
278
2216
448
2499
436
616
1838
274
1426
1084
2121
2088
2463
1002
496
2379
1634
1044
6
1192
4
1184
2260
2308
2164
568
818
1659
300
1626
1288
2329
228
650
386
746
490
822
2406
32
2315
842
2251
2384
2331
342
1466
2600
2189
2108
1967
1356
1468
380
2054
228
346
1650
2232
824
788
2307
1070
702
1560
1894
2548
1396
576
1796
2172
626
2455
2300
910
1004
270
2015
940
186
2997
288
2601
1548
812
204
2274
2158
2489
98
638
176
2260
2685
2264
1112
28
1066
1674
2337
62
2325
2203
752
2419
2156
2319
816
2456
2566
364
2249
1806
586
2522
62
386
1088
802
418
1204
1688
2358
1070
2335
638
384
38
2114
20
744
1660
1178
1867
2086
2280
2208
370
1572
2348
2091
792
386
1276
1322
670
1836
428
252
2445
1152
2377
330
1392
1020
1110
464
880
2135
166
1000
750
306
344
2206
1414
596
2420
1940
1636
674
2600
1054
526
1810
1440
390
2333
2236
2236
1862
1038
2108
2145
1726
2330
1074
2450
1306
358
2332
1798
204
12
960
2126
2148
1856
1392
456
1674
2300
912
960
2006
728
2220
760
2462
1884
1720
2351
306
2182
2341
2241
1468
450
14
488
1100
840
2265
328
780
74
1312
2290
914
2515
76
2169
2134
2279
1470
532
1847
1132
546
1818
882
2381
2004
2100
1194
1890
1610
396
538
1210
1978
616
1292
310
2372
1984
1082
104
1980
1696
2078
1148
2372
368
2383
1985
2203
2413
2463
464
2208
3002
564
380
474
2073
270
1252
1454
1274
1174
2
1384
2494
910
2316
888
574
2052
2116
886
306
1224
2492
2314
640
594
344
672
2083
2092
1110
1670
2265
156
2268
1787
2035
2158
376
2194
912
1730
1986
452
1146
2401
1470
2456
2323
1926
2574
1540
2320
674
2237
1836
1600
1928
414
1264
2336
2455
154
2067
2468
970
2823
192
336
1986
744
520
1910
384
2294
26
2006
994
878
1883
1316
2484
1738
1254
904
2196
2174
1152
746
310
2094
1070
740
2270
2324
22
2092
556
654
2059
592
264
2679
2299
134
874
2410
2068
218
2054
120
1044
1010
552
1864
456
2710
2556
888
292
2217
940
354
1396
1404
2328
566
824
1004
248
670
1846
1882
674
634
2609
2646
2036
772
1586
2428
2399
2338
2548
104
798
2185
176
2393
2407
1356
1074
214
256
2264
704
1970
2531
808
2224
2051
1452
890
2266
1070
994
2406
1976
2259
2202
1416
976
682
1202
446
2081
2070
2354
86
2291
2096
1991
1018
674
2776
2414
406
1806
734
2115
1526
1424
750
358
132
404
2147
1816
142
2162
1162
846
798
710
196
322
434
264
2246
1616
2205
2024
1160
1658
2199
496
1136
428
2268
2156
358
2410
1230
1927
2384
2534
964
544
6
884
2514
512
2302
2530
1500
362
696
2588
2508
356
1252
836
652
1250
58
60
212
2700
2525
2082
1262
1292
626
2264
1334
26
148
434
526
516
2304
100
606
2292
2524
1140
1408
2157
48
678
6
2432
352
1682
694
2244
454
1690
534
2174
126
86
716
2179
566
308
1024
288
1812
710
2291
808
1450
2519
420
854
140
810
2402
1234
750
2592
2366
2299
2324
1498
354
2244
2420
242
68
2311
20
994
2096
290
850
1811
270
830
1222
1124
384
2488
1366
502
226
1078
772
450
1196
90
1226
1398
2060
2498
1292
60
524
2337
388
1134
2240
2880
2328
2480
1724
1852
180
2258
1554
236
1422
1816
412
2394
2177
2208
1202
990
92
360
1556
242
2784
688
50
1310
2648
2362
2799
2235
718
1402
772
2653
488
1802
1340
2352
2499
2147
2278
2118
264
2606
1510
806
432
996
1298
508
2287
294
2288
2844
2022
584
2283
1114
840
2363
2534
2182
1993
796
2099
2312
1596
1760
2657
188
1446
1894
1624
480
2093
1778
1885
1474
2338
1903
2710
782
2339
2719
142
334
506
572
2192
1342
2282
18
1912
2323
382
256
796
550
2550
2402
490
2237
1554
150
320
46
298
1830
2376
1224
2028
1390
2933
902
1874
978
874
1520
1002
2469
834
2258
2222
674
260
772
2345
2589
2135
1114
2596
164
274
1076
344
680
2506
1950
1890
296
950
1844
2022
1008
2002
332
1216
780
2681
2062
2341
2436
1792
840
262
702
2537
2574
906
314
2430
1332
72
1430
2452
1124
2150
2698
92
2084
2072
2087
1798
2140
2414
200
1336
902
2204
1234
2171
1480
1242
2416
2075
54
2072
544
2088
532
440
1819
900
1000
2649
2258
2310
1620
1518
2374
2336
646
2223
1604
794
2058
906
1732
82
366
1552
838
1990
46
1052
1548
1978
950
834
554
2618
1444
1022
2046
2122
472
40
796
1018
62
244
2352
462
1130
180
2474
692
2180
144
832
286
2271
2302
262
732
336
2268
630
480
2617
1766
1700
2699
552
2695
1000
1800
1070
484
2135
2490
2198
1204
1056
2029
90
2455
2524
152
150
630
686
1492
1474
2233
74
2328
594
2024
448
1416
420
826
1648
1106
206
778
2183
1450
2268
1768
1072
1722
196
2834
2304
2661
1120
2443
508
902
1945
430
168
520
2271
2439
1686
670
2269
2288
1024
146
72
66
1202
1354
1430
1338
2240
588
462
2380
1428
1336
2490
1982
646
70
914
1638
506
510
2112
918
1825
1894
2176
2245
914
434
2334
312
1778
462
2146
322
2219
2312
1698
232
2268
1100
1308
2350
1454
1994
1078
544
124
1096
566
2384
2283
2146
1926
642
2557
1792
1950
2104
1930
86
654
636
2540
796
2145
260
1110
2276
748
1634
254
158
544
2698
1848
1502
872
346
2040
34
2072
2761
426
1861
748
2448
914
804
2503
1582
1674
2118
2304
854
2582
180
1736
1913
2741
1978
126
2757
2092
142
2570
766
792
1124
920
96
320
2385
480
1892
102
2141
34
1875
1450
444
1886
680
2195
1706
2170
1881
2313
2382
276
236
2491
2474
672
502
378
172
1256
2419
628
1058
148
542
1768
1870
2413
254
8
44
602
2645
2465
1672
602
1586
2030
1056
874
2273
2497
582
1100
2309
88
1602
2779
766
2558
2389
988
1074
640
1482
436
2422
584
2167
624
168
136
254
394
1420
1696
336
2054
1084
188
44
2471
1252
292
2444
516
1922
1212
1580
872
2137
2091
2363
1402
836
1444
1250
722
1294
1158
592
2358
2480
2263
964
2369
772
280
948
2293
2451
1991
838
1152
820
1698
1603
1122
2085
480
2332
1668
764
2638
1142
2339
1692
2567
1240
1664
1908
1318
136
2228
2092
660
1570
1512
52
2263
3210
196
624
724
298
1999
774
1974
2460
382
168
2118
2103
2177
1380
904
1212
2316
2255
184
50
2162
2208
2220
414
910
62
1948
378
1402
1270
2257
798
1624
34
2183
2110
308
1018
670
1008
2701
1992
236
1542
608
638
2374
2671
2245
2376
1390
1711
2437
1406
456
1724
106
1556
154
2472
2042
2204
1222
132
704
2544
2138
124
130
2755
1384
2024
2780
1558
2472
2207
2478
752
2242
498
872
10
440
2318
328
2224
2453
340
2059
762
102
14
2301
702
1052
766
690
2438
1614
1530
832
2135
282
78
2065
2211
32
2589
2161
2446
888
520
750
798
166
1472
2554
780
1262
124
808
1962
958
706
854
2417
104
1620
2024
48
1200
1048
2204
816
532
2338
908
2163
306
792
1038
2621
1318
2691
2364
1522
44
2194
2477
1526
196
2295
416
2430
382
2705
2189
2110
990
20
120
868
1834
2338
676
1164
634
616
474
2217
24
2170
666
720
2086
2672
920
1574
1496
2504
1670
8
2359
702
618
2071
1836
52
274
1488
1912
2303
2276
2036
1392
2169
548
1778
2363
144
238
1084
310
1366
2343
1162
2494
1526
254
1334
44
1066
2376
76
2603
402
66
1754
1602
2160
674
218
2174
2126
1494
1024
1666
556
230
1866
514
2554
2397
2091
2244
608
204
2304
1382
232
516
1775
52
1781
1791
986
2081
2592
516
2403
1898
2339
1066
208
164
1316
1798
236
1118
696
2097
1400
2588
2332
1116
1040
2322
1428
328
1466
350
1894
1994
778
2046
1844
2421
2266
2047
1224
2346
1222
426
2103
64
1496
1538
756
1126
1620
2250
174
2223
386
150
2174
850
2540
2299
2264
2298
1806
1936
672
2067
2092
88
2579
190
2547
2197
1318
1858
822
1292
1940
116
2312
2244
90
1232
894
2346
724
2712
2414
946
1424
370
550
1686
168
1258
1036
2442
252
1806
230
160
842
2107
204
882
716
1494
1988
192
924
390
2140
1408
496
886
2185
2022
1660
2343
1136
660
8
68
1346
2194
492
2016
1028
1172
2102
880
2218
2727
2396
2844
2078
762
2268
2822
98
1426
1116
880
248
806
514
2109
286
56
2773
36
220
1014
1962
2304
2586
658
1128
964
846
2181
2185
1238
2318
900
2096
814
142
882
2118
1796
2074
3154
1650
2140
256
1752
936
2394
580
2066
2646
1048
1906
2413
378
2280
2084
1232
1982
1270
1904
602
1732
2318
272
1328
1220
1802
2174
2056
1596
1010
2145
614
152
110
1578
2144
206
1518
246
2363
536
270
68
2385
2171
910
1126
1526
2287
1871
1888
412
1080
312
2333
784
226
176
1228
402
144
1058
412
2309
588
1642
660
2296
2208
2325
1634
1683
114
84
418
312
1154
222
172
140
208
1256
1436
1896
1264
2539
758
632
618
738
1244
1942
2174
448
2192
462
1060
480
694
1931
1130
1991
1568
1090
2634
496
796
2148
2074
838
656
967
412
1726
754
1254
1694
42
1854
1192
226
2615
2080
2119
806
2377
2276
2373
2248
794
58
2156
1332
2170
2073
574
2584
2192
176
28
1306
1955
1118
322
1964
2278
488
2651
2057
676
2434
1072
2178
1624
1514
934
662
1134
334
2546
304
2197
916
918
140
752
1006
1018
2514
1340
2656
474
1893
2048
2056
784
1811
1656
202
2308
2116
314
1226
350
298
2082
2504
2624
2037
2373
1294
1736
1949
1634
2252
2032
1064
312
176
1090
2624
2007
148
2308
2072
920
166
2128
56
2107
2381
2159
784
356
2515
1386
378
2312
412
2689
1334
398
268
1548
1276
736
74
1670
168
584
1936
1492
2586
852
1396
2625
410
582
2134
2554
424
2746
1686
2060
608
104
2386
886
316
1340
486
2171
358
1546
1404
392
490
616
708
720
1078
184
1756
74
2381
1764
38
1604
946
334
932
596
1390
2688
118
68
1851
1042
2386
2406
2479
226
1454
2030
2088
1336
92
1516
78
2301
374
94
932
610
880
880
1842
1146
1957
2493
2869
1474
958
234
2071
2287
680
2022
2064
1362
1018
374
260
1960
2105
2302
2431
780
2314
2626
2116
526
2708
2308
572
50
14
586
2475
112
2284
1650
388
2193
1252
2783
980
1258
2290
600
2221
2245
1056
1542
1540
90
2690
254
2645
2423
2526
2173
840
40
132
2058
244
2203
74
1512
1885
162
2629
504
272
1210
160
2056
2428
2428
2222
916
2440
540
616
2283
250
1112
2399
1478
10
876
2492
2426
970
380
1982
2106
614
1346
2076
2466
1068
2041
1398
1334
2310
1722
234
2098
1574
2030
2195
2426
2182
2206
1198
670
2358
468
2656
1762
1020
1582
620
1472
1852
1780
2076
2356
62
1610
348
570
2092
2652
2671
848
2153
2574
2167
2276
2263
1082
1414
2247
302
482
2554
2164
2540
1024
2220
2754
2219
26
2485
2123
470
2235
10
566
1470
934
1264
1302
2850
2464
112
610
1212
36
2757
780
1986
2398
2192
1999
2634
1768
1306
646
2513
1804
2431
2462
466
2514
2050
2466
2220
2388
752
824
1714
1144
1672
152
290
1436
2101
2108
496
878
2436
776
448
226
914
648
1794
106
758
2732
2016
148
2582
1734
1743
2220
2053
1370
700
158
324
2062
2042
8
1230
968
780
376
50
856
2030
2222
418
1640
1164
2240
2637
1927
1206
2161
58
1412
2434
1764
2596
2362
384
1796
2631
2026
2230
1010
1934
2345
108
54
1990
1610
1832
1766
392
272
2201
600
912
716
2226
292
968
1250
2508
562
84
376
2573
2299
550
2138
136
1468
2517
1869
1978
2548
1256
2176
2190
70
264
2465
1910
2280
1754
2210
1540
1646
1266
412
594
826
2305
1350
2110
512
726
712
728
850
660
824
2188
1402
1364
2393
1036
2282
2614
1146
538
3719
982
478
222
120
2236
180
2396
2280
166
670
1072
1310
806
1334
2064
2412
1496
836
2336
462
2001
12
642
1838
1738
2339
864
316
1616
2326
1206
1410
1426
1977
2221
98
1859
68
1368
378
1330
1256
1088
2470
670
2480
1072
2661
484
1858
478
2425
634
2231
2733
2475
1778
1218
2212
858
2308
1140
2457
1382
828
2371
1638
1218
1258
42
76
2234
1420
8
2507
1434
2397
2041
28
1172
94
730
2524
2270
2314
2148
2444
1074
1934
2038
662
260
1370
2353
2347
62
2102
2674
1904
1768
452
40
438
2319
2201
680
2219
1446
2103
1694
1717
2460
878
26
26
1594
246
2442
1246
2270
58
500
1054
460
1916
2210
414
232
284
220
1078
1854
714
2132
808
2313
2046
1138
740
1730
624
2215
56
2504
1966
1598
2284
32
2557
556
340
2795
1398
2259
1360
778
348
152
2639
976
1554
276
2188
1072
560
2369
820
140
434
876
1088
1066
1116
2411
2156
2153
2697
986
2437
2018
218
2541
2286
1006
424
2112
792
142
70
1800
2465
2138
1422
2566
2464
2407
186
2431
806
2441
1372
130
226
384
616
144
2114
2450
2130
380
1446
2642
1620
1518
2187
1822
108
2110
62
1188
2396
1068
516
2821
1810
58
2431
2061
760
1326
982
754
1234
246
396
124
1628
2170
1528
2199
388
684
2517
2445
2447
1184
390
1390
596
542
2201
694
2618
2522
2013
2019
2272
2537
2210
2676
438
2520
740
2588
310
2101
1532
1864
522
2394
1972
1950
2402
878
276
1084
2761
2607
1662
2215
2356
2327
948
346
2926
250
2362
872
2406
778
1358
176
60
2309
1184
810
2390
2004
762
1488
268
2196
958
604
1740
1568
2146
2326
682
110
128
322
2238
1198
1486
570
1072
162
2411
1270
2337
2012
1536
1716
2626
678
2228
1144
1740
984
2008
248
2252
1252
1708
1124
902
2510
764
2420
1300
2470
1862
430
412
1498
332
2101
1764
1096
1546
1176
2635
398
1756
2566
1540
2128
1862
2254
1656
228
1935
600
1938
2351
2383
1072
1960
2423
2306
4
326
100
174
874
534
308
1642
2220
1866
2036
298
222
1270
1412
1808
1864
198
2480
730
286
2343
492
858
890
1164
2640
782
692
934
2272
2454
602
2031
2760
2597
980
1594
38
2852
754
1070
2528
1518
1386
2191
490
2168
488
914
1682
2282
28
2253
1264
864
2384
2332
282
1404
2083
424
604
356
1772
198
736
466
1130
378
112
184
2317
2542
126
378
1820
1550
2546
306
492
124
1528
792
134
714
250
1152
920
494
2354
2188
1464
40
1896
390
2556
1590
1636
2583
822
1162
1128
608
754
2545
1288
2182
92
254
2303
258
324
328
2250
2516
2605
1870
1942
188
1490
918
2341
2058
1150
668
138
1204
1980
1738
1582
596
802
2172
2448
1054
1762
998
1000
512
192
1464
2060
338
1408
2118
586
1846
2071
1188
1058
2248
1954
904
2306
2068
252
1727
1948
1444
494
1144
326
202
2212
2466
1432
2278
640
648
2182
226
2593
466
290
990
2837
468
2602
1164
2779
254
1348
1926
862
678
64
2281
90
2720
2120
1136
2206
2019
290
126
2162
370
2537
810
1647
2301
1516
2117
2821
2253
338
1948
684
2380
2502
634
2260
2519
1190
2113
2462
1920
898
1302
80
1020
2337
150
440
1212
972
418
2558
1792
2476
1724
1915
414
2727
2239
1206
278
1256
2277
176
2386
2637
2113
2436
1436
2605
32
1512
986
596
132
2539
562
2263
1750
1138
504
300
1288
2137
2038
986
2352
450
1096
2286
2662
2127
1012
2681
1766
880
2183
858
2338
2506
1064
2518
482
1462
1554
1214
2293
1372
2402
898
2634
1628
2501
1050
2374
1162
2580
1234
2271
2045
1168
1642
274
1286
956
1904
750
226
128
1116
2214
544
930
2332
314
624
50
124
90
2206
976
800
358
944
2693
2390
16
352
584
760
2870
1438
1770
2353
954
2260
406
2006
52
618
398
106
2304
1048
904
40
730
2474
1144
670
2198
2283
2373
1620
2393
970
2647
2
734
1290
260
456
1398
2706
1904
214
2782
728
2165
2334
2005
2246
2334
82
2156
2398
1674
1512
78
526
424
2271
778
1828
2290
680
984
2305
990
2140
1132
1628
2350
1578
414
304
10
116
320
628
656
1628
1076
2109
1070
294
820
34
2740
1574
1847
2043
2180
338
2546
430
1198
1916
342
2465
1198
1810
296
1228
1728
60
1084
2253
90
624
1092
2286
1164
20
798
744
2628
2146
352
474
660
416
238
2544
2234
32
1628
1478
2122
1970
1268
4
670
666
2576
1714
1154
480
1480
2216
348
2602
2311
290
818
2310
2346
1982
948
1304
732
952
1766
2213
1106
2264
2149
528
1844
1686
1406
1816
526
586
616
912
2232
962
2236
562
2079
368
1000
846
1370
1758
2420
982
48
508
2070
426
2131
2306
2636
1548
522
408
2137
390
1270
1836
284
126
1092
2528
1474
2796
2365
1244
2522
2268
1212
1848
1852
2176
2227
1789
1682
1360
2292
192
2182
2771
296
1002
220
2386
618
246
2122
804
1350
2344
1110
1348
2714
1458
570
1654
680
702
2266
926
992
892
2788
886
186
906
2233
374
1140
504
1038
678
2248
444
1050
306
2709
2557
1878
2427
2118
2292
762
2436
902
1849
1284
538
1600
2046
762
2153
1044
476
2529
2702
2121
1568
118
974
444
2165
1762
716
1616
254
2417
1790
2308
512
2522
2415
2625
1060
432
2431
234
1990
2118
2182
2421
1656
52
1064
2346
2094
800
396
410
2366
2407
268
2120
642
920
246
1036
770
128
932
114
108
2324
1162
1342
1618
1210
668
1760
280
284
2368
1638
1388
1058
482
406
2427
2034
62
944
2088
2046
310
1230
1286
2634
578
1834
838
2460
638
1092
2308
2343
108
2114
1120
2130
612
730
2234
618
1318
1936
2288
74
552
574
124
1979
406
2227
1204
1352
1416
2398
1619
362
1680
650
1250
2171
1656
1324
1006
2130
504
938
2048
2812
552
2575
1974
2717
2155
362
2107
1964
2144
196
430
1184
2399
686
318
2165
1018
634
1408
384
1897
2473
1190
1658
138
414
2364
998
2000
1504
1134
1386
80
944
1978
2296
286
2180
1058
2441
954
2336
1224
2109
2170
696
1258
1951
78
1156
594
1218
2306
20
822
2624
2457
102
716
2415
1446
2544
2503
1050
246
1332
576
42
180
1562
1736
936
678
488
1993
696
2133
1042
2505
632
2124
1432
360
332
1526
2438
840
2380
2212
908
486
1619
734
2228
952
116
1138
396
28
2690
654
1382
204
2262
2106
1760
1384
1794
270
934
1958
198
2499
1254
302
1138
152
1440
2228
338
774
698
2100
1130
14
2188
86
1814
240
2384
2255
2064
838
428
172
2078
2380
1410
1012
1124
2432
2094
446
2058
2416
274
2600
1190
1174
2188
136
2080
2140
2390
144
944
478
196
2128
192
212
2146
1814
1980
202
2438
2778
2341
2391
2401
1108
1406
304
2478
1048
2582
798
2296
822
242
1584
146
792
736
366
62
1676
234
220
628
2252
112
2563
2439
126
2143
2092
2210
1928
156
476
2216
1751
2450
2567
84
1732
802
102
1044
558
1780
344
1018
398
660
1034
1996
2064
896
1382
2636
2054
1034
1418
1570
2218
1612
46
2702
2529
26
138
336
252
268
588
1160
586
1690
820
254
348
1204
1738
2654
1196
982
1300
2651
2229
2000
1930
978
304
124
1948
372
1776
2034
26
2114
2727
1408
2203
158
4
1820
2441
326
118
1654
2438
2327
2132
1920
2059
526
1566
2328
472
146
578
784
2732
1971
1700
98
508
1661
920
138
2048
2362
808
2225
2396
166
618
850
678
34
2410
2622
346
1774
1904
588
1516
436
908
794
304
802
2199
3216
32
2328
2267
1996
1232
514
830
2419
2274
1998
2406
1522
962
466
914
2226
1967
1036
2453
2056
2131
136
1513
870
2242
2864
1002
2467
1036
1934
742
826
942
2270
1614
2222
38
222
1078
1046
796
414
384
1008
466
2354
404
2527
2363
1040
966
1794
2283
428
310
1514
588
2094
2567
1989
206
742
1957
1416
2433
2156
178
346
258
1998
2494
632
406
2512
2202
2718
2062
90
772
2708
2495
1424
1762
2279
2284
1770
306
2
2046
2159
2577
2344
810
1486
1788
2247
512
2022
86
2536
2275
648
2080
560
462
2613
516
612
874
2062
2305
1402
2191
2016
124
814
2616
1804
2140
1628
762
388
1292
858
2648
1883
38
1130
96
2378
640
186
1360
906
544
2072
1522
2356
1898
400
2199
1930
614
2337
684
2033
1574
1596
1312
1630
1322
534
232
1850
1164
1212
2530
1904
2599
244
1470
2110
1720
762
2088
184
1892
2249
2730
1218
1512
2369
960
658
1378
1510
432
2034
2398
2338
620
2058
1310
798
800
716
2328
1918
698
542
2391
592
1990
