1502
2419
2264
2452
692
100
2106
2156
544
2244
1596
1438
2383
1997
2489
374
2221
1898
2176
308
2040
2651
168
414
1204
1612
772
2239
1937
212
2348
58
6
1168
2504
932
1793
662
1278
862
1462
2168
1644
2374
1036
2690
1008
176
1970
740
242
920
808
842
2430
312
582
404
848
2063
2098
884
1262
492
478
2210
634
2236
78
2447
2145
632
518
1146
1150
1878
2179
2309
2094
114
188
1024
2240
726
222
832
826
2061
232
814
1018
688
2019
1792
210
140
96
2427
786
1688
1730
108
58
514
2447
2372
64
1608
2272
2572
2108
994
582
2517
1944
108
1392
356
320
1290
908
2300
26
658
1654
2495
2189
348
1342
2547
514
2183
758
1040
2025
1176
1646
2278
274
2370
1930
684
536
2485
2602
288
1072
1882
852
1416
808
2385
1586
2476
368
394
1478
680
490
36
710
1398
2214
532
1004
618
2474
1256
2317
2003
1784
1230
2208
802
854
1058
258
534
2332
328
1961
120
1216
706
1304
920
1848
954
1874
1296
2522
558
1216
1912
2152
1983
350
1290
1300
648
1286
2239
1426
2591
2251
2264
70
744
2747
2280
1618
600
1364
784
1314
2082
1956
2298
322
2790
2466
280
2400
2092
968
2257
2305
1744
328
1911
646
2165
2443
326
1028
392
1338
2310
1288
1926
1438
400
474
92
2353
672
2493
854
602
2268
2118
2174
1486
1622
1270
1818
570
1586
2608
2133
1674
186
418
1974
612
202
376
2166
468
2305
2523
1754
380
86
2603
1332
1718
1228
2101
1214
120
2029
2556
164
2571
60
664
2546
2121
632
1070
2118
2795
1318
2380
760
2422
92
1794
240
2096
2236
218
516
960
1374
2524
618
2259
1166
980
1832
2068
1180
2467
2507
1588
914
1436
628
2148
686
1044
902
1824
948
2397
74
2792
978
1150
2380
2089
2135
2111
2435
524
2608
108
1362
2100
2630
916
1756
262
1482
2024
242
470
2496
502
1492
2588
1960
954
690
2505
1342
1710
406
792
2449
414
2360
2260
162
2114
1138
994
2571
2210
2586
290
508
1699
90
336
808
2494
2045
2271
2486
1106
426
554
2096
2124
1680
980
2313
110
2267
2861
2029
1430
842
2123
2234
1816
1088
1198
768
2098
1470
2131
1384
434
240
286
2356
2302
758
1078
1160
1400
1756
2210
1766
2608
570
692
1554
2757
1586
432
2296
1096
1798
50
236
1036
622
2557
1072
2447
2405
536
190
598
398
2463
1864
482
224
2134
1938
2534
274
496
2402
216
342
1740
1470
222
508
184
2107
2038
1908
362
2227
2626
2600
2100
2394
2278
62
1482
518
940
714
338
2514
2099
116
2058
1872
1692
2116
60
1284
2078
356
1056
2223
428
34
1194
1724
2413
1066
214
748
2854
1930
1632
2551
776
34
2356
604
1290
2513
1362
2419
2322
2516
2724
2436
636
1612
236
224
576
2178
2376
1882
126
2110
1834
1853
1088
2191
1688
2420
2247
2440
466
1540
2213
2529
1727
2402
472
644
496
1190
1432
140
94
1078
70
2375
1766
2375
706
2166
1394
2544
168
332
2494
1956
1176
454
2194
510
2201
2270
22
1480
2520
874
1112
1674
1965
2504
1921
328
282
888
1602
1466
2396
1120
2310
104
1632
726
1400
524
2190
2344
2328
2007
696
2086
1020
1396
1258
2308
2
1296
2265
2079
1930
208
1432
2246
2256
474
1324
2601
828
1690
596
2314
2181
424
296
404
2340
2404
2572
1024
2341
1628
2285
852
2121
1070
276
24
618
1788
214
2226
140
2219
1206
762
326
76
1959
2246
306
568
2072
244
2084
1856
2427
2269
350
830
186
2415
216
2338
2286
2586
1262
2301
860
2044
2104
1921
2462
1178
296
290
1904
266
2044
444
1522
18
1932
2051
1512
768
1100
950
2187
1496
140
2326
2548
2403
2002
2769
280
86
2286
530
1042
240
2393
2266
2178
884
170
2298
1048
2300
1220
1602
2242
460
100
1848
550
2256
454
2270
1740
2072
786
2565
2504
2490
72
2548
752
280
392
1840
290
1828
2410
364
264
2436
166
2332
156
2114
828
996
410
2639
2143
2106
462
2318
1592
2143
1864
1794
2257
1464
148
1356
2853
1352
1014
538
2473
2310
2460
1853
1564
1628
1082
382
2646
2229
1166
1646
846
2642
846
736
1080
662
1478
306
2016
1688
2632
578
1530
204
2649
922
2531
82
1522
64
172
1302
176
880
2336
1426
372
448
920
1400
1356
290
752
752
234
188
2590
86
824
1950
882
2290
538
162
324
2221
1194
308
216
938
132
114
446
2489
2076
2522
1748
258
1974
2402
2001
1890
1158
126
2474
2487
914
2306
2368
2359
1132
702
2028
626
1478
740
482
1734
1064
344
592
1006
1054
2090
792
2378
566
532
1528
1052
1638
1646
328
314
2044
2382
2513
2890
1416
1892
1354
2184
2035
2708
2217
2538
1518
1824
2375
600
2594
1836
2437
60
92
2313
34
1724
2236
134
1642
194
2307
2083
6
498
2231
2032
462
2145
136
2059
538
414
1448
2043
252
118
128
1356
1842
238
1412
1304
88
2386
672
1238
2159
136
1066
786
2597
494
204
2276
1350
214
1258
2520
540
2478
1744
618
1270
736
2253
1926
702
2700
2964
2285
512
2234
1582
612
2300
2453
1214
148
1122
2332
2195
126
2235
704
2417
986
2149
2228
250
1718
240
1820
50
348
2608
1922
1150
2245
2222
382
94
918
2509
332
2461
2330
1174
1008
260
2017
2614
1958
2232
666
2098
2200
956
1810
1564
468
204
178
242
544
2390
2062
2196
2229
2216
672
2564
858
1768
1428
2098
916
1816
2216
2335
2016
1834
1166
2037
1364
84
1638
814
396
1930
1234
90
2108
2599
2051
1284
2238
936
1030
2337
1932
1216
2188
1484
186
2472
394
2336
786
2529
1586
2396
246
2300
498
2334
1940
2397
1312
914
106
340
2300
2549
1486
1994
2336
954
1828
2348
2668
124
1078
2542
1284
864
812
1448
2077
2157
2214
572
530
70
244
1246
970
128
1588
642
2135
1516
636
1950
2246
1922
2089
370
174
1584
642
2501
570
194
1644
64
602
2317
2595
1602
2121
390
1920
2486
724
2654
270
122
308
44
2051
2206
1312
2244
566
2267
2078
1894
2384
2611
1862
2194
1916
340
1870
510
1632
2849
2192
832
2496
656
298
2302
2097
2203
382
938
2343
442
2423
924
2644
1032
2091
896
514
638
2225
418
1094
2096
668
446
98
1610
2188
370
1354
2724
784
1938
1566
996
242
1150
128
1941
1560
2349
1126
1907
2062
276
1662
2072
2122
342
1302
624
48
2258
2585
2094
460
130
298
644
1308
2500
674
2117
2014
546
696
908
140
390
924
156
206
50
2217
178
2450
102
1942
1050
2242
1356
2762
310
468
2520
956
2540
392
840
772
370
976
696
1254
2352
654
2606
1380
688
1762
690
2387
404
140
2226
2438
1898
1980
48
62
284
270
2270
76
1566
478
2194
2553
984
2562
948
2076
1228
2227
2166
1382
1516
206
2499
126
224
616
2519
2369
332
2557
1440
2304
182
1514
538
40
1250
2244
2426
2368
2442
1292
1010
2064
2326
2114
62
1812
456
2130
844
644
290
1324
146
1909
510
858
630
2272
1702
94
1158
2551
2239
2079
2584
2359
2032
2200
584
2126
808
2393
2306
2148
8
658
610
1864
2446
150
2260
702
2206
2275
932
218
2339
2135
1160
2134
1224
1456
632
2085
340
2600
390
2027
1068
462
570
636
348
2330
810
1312
2128
832
2384
2302
1826
1912
752
880
1975
1644
1454
1348
1064
298
2243
292
282
34
450
924
388
348
2200
738
1068
2118
1706
1896
1208
2195
1104
2532
784
1931
762
2638
34
2518
1698
1800
2299
2586
2512
698
224
2404
2364
160
1166
2821
398
2125
2200
1720
2084
156
2567
1665
2692
2041
2322
2603
2268
860
2238
2522
1184
374
2237
282
2118
1846
1878
2626
2541
676
552
966
2339
2672
2210
1992
1312
1392
2123
396
498
1748
306
1106
392
1556
2783
2187
1104
1940
640
948
436
592
2407
72
26
2371
2188
2250
646
1921
1330
1861
536
120
2457
1476
884
1887
1246
2413
802
2360
2319
324
2628
1470
1388
2097
708
386
1246
382
2319
990
794
350
1930
508
240
2995
2044
2424
2271
2590
92
1807
2350
138
982
2242
1086
842
2440
2558
234
1692
1548
2004
356
1254
352
810
954
1774
1230
2024
592
2414
1158
1824
218
2333
1190
308
624
224
1816
2066
446
2216
482
1112
140
2463
588
1226
256
14
1118
3064
34
232
278
1292
1683
356
2388
2039
282
1934
2354
1868
1840
318
2101
48
1230
1414
786
954
62
476
2500
86
576
1024
2324
2125
320
134
1014
1502
1666
2275
1899
2209
2275
308
1224
1598
2058
976
1094
460
916
1508
1632
1088
978
1216
1066
920
2263
2549
2174
2685
1978
214
286
2219
1278
488
1240
2178
2283
2221
738
222
156
980
20
2106
2897
2449
1836
2711
2347
20
1866
1614
2422
2561
702
738
2514
450
2069
868
826
140
272
358
2005
864
2429
1546
474
976
552
2462
376
64
746
714
1924
662
2462
2396
2478
2119
2402
634
1882
94
20
94
2522
1106
60
1342
2476
1646
2455
1340
2624
1800
1008
558
1672
2261
1920
92
440
846
790
112
2849
1570
2647
2386
380
908
244
2484
210
968
2567
2465
176
612
2253
2325
240
2128
1226
1106
190
2659
126
1186
1228
422
2492
1892
488
2241
2290
586
684
2064
66
672
202
1290
1960
2382
1602
2048
402
2220
1246
2090
2210
2176
2106
1648
1730
886
2359
2427
262
1710
182
790
2132
1272
2252
2097
3159
1384
22
946
2165
530
2014
1756
2730
2375
862
366
1770
966
496
2269
1702
1058
2315
2346
742
2028
2018
2524
1864
1854
2327
868
300
1770
296
1380
2380
640
2194
1488
22
2571
2395
950
2159
522
244
1422
2363
906
278
348
36
424
280
710
324
428
1802
1220
1806
1594
1786
82
2471
678
1088
356
1270
578
1578
4
1770
2452
2202
578
2271
636
1878
1018
698
2666
2
828
2026
2100
1742
2526
1630
1072
2051
1072
1320
768
1692
1836
52
2554
2042
722
306
56
308
1320
272
36
492
2634
2696
1470
2221
26
1358
2450
1038
962
1336
1814
1804
2130
1400
992
1186
800
578
1632
2454
2315
1060
452
72
836
2568
2300
2330
620
32
1686
2322
1938
2424
92
2453
234
1496
426
2149
228
2270
2086
984
2129
2673
1324
2028
2046
1648
1974
1934
2423
660
722
1568
318
292
4
876
2086
2184
636
700
1444
298
82
104
1742
1564
2533
2440
1432
2068
964
2617
2047
86
882
2124
2298
1828
2802
2082
2218
988
522
2023
2378
2334
2263
2745
1160
902
180
1854
2486
2750
2107
2371
1818
2267
1288
448
1458
2466
164
1164
1770
1254
1258
1054
2421
2412
632
2129
1806
282
1248
2316
1004
44
2388
1646
938
2128
2557
2407
2554
24
2400
1432
1758
24
2177
526
1508
2211
898
2421
2443
2318
6
874
922
862
2360
998
1994
612
756
2470
392
2326
1762
1130
1540
2299
2077
2002
544
1362
1662
2355
370
1566
2335
2207
1728
2004
1520
2274
2272
212
1982
214
648
2477
154
388
1926
166
344
298
580
1134
2404
158
88
432
194
2435
830
1472
2223
1798
1144
2119
2399
2624
566
942
904
664
2312
2331
710
1590
2178
904
1856
2408
40
954
796
986
432
1978
1152
1108
238
1948
250
1440
1386
1310
2246
1908
48
216
1026
832
1298
2072
24
566
152
2174
26
2066
690
2038
2573
2737
1672
8
262
2440
506
582
580
1448
1384
88
2361
1570
238
1702
674
2197
2195
176
1862
2162
2341
52
474
1436
310
1592
1414
434
1800
132
818
2349
700
2611
2245
302
2448
6
2210
1306
2488
730
2416
2500
2316
1172
2189
2267
1943
948
2537
1454
2154
326
130
2265
740
2829
1100
1174
290
1174
1961
870
718
2170
1859
2152
398
1844
822
510
262
434
1748
1184
802
770
58
958
1120
2203
2680
1728
2093
2046
1999
54
2624
2698
1718
8
1872
1922
1140
658
752
2572
530
818
2423
1428
1690
2302
796
698
1676
288
1492
348
1968
802
2019
2325
214
964
2299
624
2447
2714
1352
1720
360
2303
2706
2024
2571
1924
1702
2641
2066
1314
2453
2420
24
1936
2273
72
2685
1970
3439
182
584
288
2846
1883
2667
1744
2296
700
1836
2157
1470
2136
284
558
2042
2318
1870
138
510
2229
2085
2293
1970
544
792
2265
2278
1714
92
102
2196
2369
862
958
1608
2432
2373
1706
2584
952
1216
2161
798
2453
494
2376
770
2526
2036
1174
750
2588
2160
2341
1014
356
302
298
2296
208
2278
1622
466
2118
2361
1914
786
2469
284
2537
1348
1825
2278
2343
124
788
2428
2146
1814
312
1400
2070
2179
588
2202
512
2489
2399
2571
2180
1704
1982
2140
2634
256
1186
2742
1170
598
2404
2440
1626
1144
1074
2242
2580
2265
10
144
2434
192
2396
1160
2789
1614
156
2176
1112
2454
122
834
760
260
72
2300
1170
1416
1044
526
600
2104
1924
1214
990
2803
622
388
420
160
2846
536
2190
96
784
1664
1958
1080
812
14
1658
2337
306
2198
286
552
1882
2188
266
2
186
2190
2561
408
1928
362
2038
244
1511
1354
2229
2042
466
256
238
2150
1927
770
730
514
2062
76
2130
1776
308
1936
2230
1764
152
2512
110
1976
1052
2008
2344
160
356
2154
2040
2159
1102
2306
2362
1932
1506
1192
1422
818
2303
2429
2402
486
1913
2342
2446
1792
2166
342
982
2175
882
1660
2334
2441
1092
594
2446
1682
136
2440
1824
32
304
1598
552
2297
1916
170
858
1602
1526
2286
164
1876
570
2410
2339
2160
2598
596
488
2367
1162
1354
2137
2328
346
2080
1556
488
1742
722
2222
2453
706
122
1346
2397
1636
230
172
1768
1578
158
1412
208
808
894
1086
102
1334
290
304
14
1020
356
64
2262
2130
606
172
2193
2574
1162
466
2399
640
442
26
968
858
166
1396
2073
724
6
2292
2098
802
506
2456
2498
12
2361
686
2768
2554
230
2378
2245
1970
538
1196
1054
640
2379
944
942
2562
218
2024
392
836
2444
1938
2612
604
2559
762
300
2269
138
2698
1830
2100
984
2103
2260
1592
160
960
1464
2386
964
1022
574
2386
274
40
934
1120
432
1150
368
68
2342
1868
1162
1734
506
926
1024
1418
38
678
2873
2113
1096
1966
1070
120
140
436
1748
2194
1038
2455
648
2315
556
2554
2365
212
2365
1494
548
1934
1316
2059
1544
1120
840
588
2133
1246
1931
980
468
2057
1414
2127
2060
1030
12
1932
252
406
1364
4
164
2108
2261
1894
1364
984
204
212
644
418
98
1773
2197
2522
1692
742
100
508
2162
2419
2164
802
2274
668
2540
2778
2040
1004
1360
1600
2793
2343
2225
2492
330
2206
1496
1776
564
2639
864
196
644
2299
2678
2616
916
1909
1990
524
2256
560
542
2083
340
8
4
576
2280
1732
2573
606
122
2028
970
2138
2175
2389
1146
2704
822
1758
2170
1278
1590
1258
1226
1184
878
24
2192
604
1444
2093
222
2481
372
1200
2760
1528
2308
1837
2161
2136
2232
546
2324
970
298
2311
2391
2172
1170
124
494
776
280
1484
48
366
2656
128
2603
1686
400
978
932
2278
618
2611
1586
2576
812
736
804
1246
242
384
52
1032
2299
2193
2063
1070
2472
478
2559
130
2179
280
2600
2026
78
174
2270
1934
658
1428
608
830
412
280
1994
2150
286
356
2065
2164
408
90
638
2689
1298
178
2337
490
914
1356
1176
2230
2231
1570
2014
916
2385
2446
1070
2542
2507
1238
1616
1638
2403
1524
1408
2594
666
2192
2103
732
2054
1308
22
1604
1146
22
732
2216
1136
814
2330
1124
2446
2472
146
2494
2246
610
348
796
2144
2097
1820
2229
2248
1372
2035
306
2479
244
1126
1606
2597
1530
1962
86
2616
2227
1866
1036
1026
2432
1520
2282
2482
1586
2340
304
1088
1220
140
194
228
1462
2197
2284
1020
236
1058
160
792
1638
270
60
1210
2114
370
2476
270
1538
1120
1980
2266
2247
618
2224
2784
2614
50
448
1376
2395
2248
792
210
396
1274
642
2249
1790
1306
2742
2539
1628
1058
336
244
2056
1680
658
554
2033
1130
842
2667
34
1602
2384
284
924
704
204
1791
1352
1074
116
1598
2135
962
2801
1856
990
2916
352
2234
848
1710
2471
518
324
16
1370
164
2132
1982
2214
1166
312
2409
512
2190
2321
1667
244
2503
1788
1172
2588
2731
1404
338
140
636
2296
2244
1536
702
1134
2151
1044
2603
2164
92
2078
1104
1771
2040
2363
38
2660
390
876
632
1226
888
1752
1364
710
1970
254
738
290
2238
194
138
366
804
1258
544
1854
2693
674
2604
256
1166
546
1458
1180
2437
320
2008
106
2118
2633
998
978
2473
2122
686
944
272
2297
216
1362
2721
654
2437
1776
1954
584
1468
730
236
1266
2508
2374
1736
2540
1302
2237
2454
378
1458
1714
148
926
312
2476
264
1218
824
192
2474
980
2462
2570
1937
1612
2295
2226
2169
2546
844
1472
202
2344
376
1156
1782
982
1678
2474
1580
2060
1388
1394
1378
832
464
1962
646
526
190
1768
162
996
1858
2069
666
2533
2242
1552
1624
2216
784
2306
414
2340
1122
368
2379
2119
254
1682
874
116
2524
2742
410
726
1458
2386
2566
2046
110
500
2436
1962
2402
846
2534
738
128
56
1898
1160
2023
234
674
354
2218
1192
1960
752
628
158
206
1920
142
2464
2367
462
1564
496
1154
2536
2797
1706
286
1722
2007
1736
2223
2801
2189
124
962
1907
1638
1266
1606
1354
2159
2024
220
884
938
1992
2020
1338
496
968
2602
582
2326
2663
698
1718
228
2093
390
2106
2191
1898
2259
2119
1993
538
1912
4
2044
1842
2610
2421
90
2401
428
292
1804
68
318
1742
1214
2451
612
1366
398
2229
978
2274
816
2500
1018
146
1432
2425
956
862
190
2335
738
468
2589
2478
46
1754
356
2099
1122
1194
1004
270
608
350
2472
1918
858
108
2427
2165
2459
2083
2707
976
2333
1428
1952
2022
2511
366
2072
504
390
734
2374
810
1782
34
676
1596
46
2608
2508
204
206
2278
744
2427
1952
966
2183
1336
2200
2116
2098
2474
2052
2280
2110
2642
766
1084
926
558
2617
2591
8
2241
1384
748
2441
2327
2484
2382
2325
192
2176
2211
1422
230
1088
692
1594
182
1650
2242
72
2114
1799
336
2636
1782
1472
2525
458
1478
688
2476
2250
928
1276
1214
230
2680
1844
2497
2010
2088
306
2181
2389
1807
2130
1652
248
938
962
748
230
304
102
270
2596
264
302
958
1570
2124
1986
98
900
854
2557
2270
942
2466
1798
200
1190
618
204
2299
42
2650
2502
2573
520
492
1164
2285
1566
2377
1882
2120
1708
900
2724
1078
382
820
990
84
984
258
2336
1198
572
2165
682
604
1758
1958
260
2384
2306
2614
438
2645
2349
2402
2032
470
618
2575
2397
32
602
1368
2122
2152
510
782
1726
236
1768
1842
62
1058
2738
874
304
1740
706
1474
1126
328
2383
1974
2305
1770
430
1090
932
792
158
120
1848
1890
2238
2012
2093
102
2348
638
2649
2040
1414
1082
2120
1160
1780
390
2384
458
1560
2375
1938
170
1744
136
2228
282
1983
48
760
1084
2250
1710
2002
16
1208
26
1440
766
626
1140
208
162
1875
396
2099
242
1958
1106
76
2064
610
2122
892
946
2378
14
2320
832
2099
1038
340
886
982
1550
1456
2637
2191
1678
1302
1800
1076
1810
2415
1362
1574
1913
1860
744
1904
1875
2741
2363
1738
1204
2325
2406
1420
1414
2511
2627
2504
20
2262
964
2390
574
1356
1632
344
30
54
98
2682
2612
418
2515
1358
138
152
2412
602
2101
2350
2387
66
822
70
348
1973
244
1182
2404
240
384
2352
42
2122
2616
2281
2044
1682
2378
2294
2437
2353
1260
1266
382
1614
1730
2427
2351
630
2209
490
2295
592
2400
2353
1060
1248
924
2187
2156
36
862
810
2093
990
538
382
2470
1990
682
432
2360
2539
2001
22
1628
708
2142
2190
2275
1192
2256
408
780
1346
1755
476
2425
510
436
510
1862
2393
386
2290
2113
2306
502
346
1928
1744
1252
1578
556
304
862
2199
2136
862
1800
626
1008
2465
244
2027
1506
1160
118
2442
1888
2788
2304
1314
1494
498
22
2248
186
2516
1178
2342
1180
1773
1806
1174
520
68
470
2136
2144
1696
2398
548
1506
728
2402
628
2354
1732
1958
682
400
2304
390
2046
758
2100
2074
492
1310
1014
1276
2277
2607
948
2000
2121
2261
2020
1344
1172
262
182
492
2675
2260
776
2292
2378
200
2364
2199
166
2054
132
758
364
1538
2336
2382
1516
794
332
62
1538
1618
2371
742
260
1168
644
2365
774
2402
2283
1484
40
398
14
2388
220
2300
76
2334
16
646
244
106
76
1602
2435
1784
240
238
184
1128
2361
2068
2118
1408
2308
1188
1730
2222
26
302
2240
1906
676
2288
1855
1676
690
2460
1842
1230
772
608
2530
2596
2513
2252
1528
2237
248
2220
888
2445
1396
2148
2740
1564
974
2577
1582
1544
1566
434
686
996
452
362
2756
2695
2155
508
716
384
266
2334
868
356
2173
1668
134
1074
1806
2606
2471
48
1978
998
2218
2613
1226
1194
704
2282
348
894
2228
1146
648
72
2732
2574
1714
2212
2324
838
1540
1916
2391
8
624
966
2203
190
1308
2430
2166
58
256
2725
98
2400
2625
786
112
202
1032
738
2480
748
794
316
2190
1266
326
520
2446
328
780
58
918
1146
644
1984
306
218
1044
2241
2313
986
558
150
764
892
2202
1916
2201
2128
2391
846
644
1900
1158
134
346
2881
528
914
520
70
184
2172
2407
1658
518
590
1010
2
2150
790
1464
1650
714
2501
688
1914
906
2230
214
58
2722
674
2224
1542
956
886
1436
2530
1878
2917
728
250
2157
340
404
2173
584
1380
1334
922
904
412
2285
516
2049
2372
2531
2336
2433
896
1668
948
762
1400
712
1824
1058
1934
1716
592
1096
2130
912
1352
224
1054
1436
714
2186
1384
2302
1272
1680
728
2166
18
2145
1631
944
1138
1262
538
140
1908
1980
2262
2127
2503
2188
2282
2347
1858
1838
116
2378
216
1172
62
108
40
1172
2054
294
2157
1076
2085
2343
2144
2207
900
2707
2181
2102
898
2279
1780
2313
1406
2855
2362
2192
2435
952
2072
2394
498
1290
86
172
264
532
270
2182
1206
2342
2006
1336
984
1252
2789
2875
2422
606
1490
318
1104
2736
2121
782
1498
1420
1332
1464
274
276
278
182
1206
2261
2906
1694
118
550
726
838
2446
2214
594
72
240
358
1150
1220
1678
2294
576
2547
1742
2711
866
378
210
78
1602
2508
336
1998
2141
2
2552
900
1624
1704
184
2322
2722
726
1150
1512
2540
138
2239
422
156
400
156
30
2580
1206
562
2206
1977
118
40
2298
2138
1526
2114
72
2174
216
1178
2057
354
80
2070
2081
1801
1966
1146
2507
1984
2314
1030
22
1552
2174
2144
1032
2284
874
88
854
734
2168
854
668
2692
2022
816
1198
1570
1168
2122
2442
150
1224
506
312
1982
458
2394
2553
2343
2464
2398
516
1956
2529
1768
430
732
2072
1888
608
2839
334
1902
1176
2212
368
910
696
1580
814
634
2169
530
1644
1102
1336
1987
552
866
138
258
56
180
2593
856
166
844
2005
750
244
206
1390
1376
32
1794
1824
976
672
1722
2554
1944
2493
190
16
266
300
56
1722
1300
1938
1098
304
1838
526
448
1434
1590
1824
2004
2254
1564
1244
550
950
202
2234
2336
1478
1674
1016
2436
1935
2462
2146
1944
194
714
1150
2468
1670
2503
2022
2160
262
534
2346
1612
310
804
28
2371
2000
1662
1356
848
1424
2587
2259
2530
2060
2735
216
1450
346
958
2412
2078
2763
1952
922
350
188
238
636
226
698
514
2219
2198
496
324
1348
2241
178
2574
282
2433
842
298
586
168
1368
98
2513
1024
1838
2392
958
1546
2489
98
398
572
376
422
932
2473
514
2286
90
898
232
214
2125
574
62
216
1750
2278
2413
2395
194
2338
846
252
1981
1942
562
646
2468
2772
962
66
292
988
2372
2205
2379
1212
1048
118
876
2056
396
1608
714
1600
1806
6
22
154
1198
2153
2428
1674
1940
2204
2589
1982
1746
1392
2037
580
1620
2170
1930
2294
458
2187
120
1416
370
96
1544
1012
2414
2122
1758
2615
496
2683
2339
972
866
1810
2225
2024
1730
672
1874
2235
2189
2038
1120
854
2102
884
1392
2251
2406
2341
1068
56
1312
2359
500
2275
2465
2248
806
1162
1308
270
2426
2155
1960
2130
1766
124
830
2116
882
630
2408
1866
332
2588
1080
2199
1022
1466
2222
484
964
2155
2273
1722
714
2291
2555
2470
36
878
2433
2850
1564
246
1334
1212
2072
1480
2108
2620
2679
1294
2580
150
122
1468
1940
234
1893
2314
878
1904
454
910
1254
1398
1116
2741
1040
590
344
740
2180
2275
2078
416
1936
318
1674
966
1560
1450
124
2388
2194
1542
492
2155
180
192
358
26
1986
1560
2690
1725
426
1090
454
186
2331
624
2100
582
2607
1884
1184
350
2223
1126
604
2361
2492
2102
1038
2603
96
1546
2432
364
1006
1084
478
2422
702
1324
746
120
1182
1506
1046
1728
2201
2424
2125
2200
1074
274
1784
2253
2424
202
432
2479
868
124
2195
2151
2495
2512
2051
2176
1412
728
302
1548
2458
230
2189
278
2167
2409
2436
544
2664
2225
2346
1546
484
2389
132
114
1752
532
2291
204
94
812
2750
2187
2268
194
644
2563
2231
2541
1756
624
446
590
2383
2684
340
1390
1766
1156
1694
2176
774
1956
620
38
2550
1074
2156
902
1118
1950
646
2409
804
14
2341
1084
2506
328
2447
162
780
1923
296
402
1462
762
1244
2042
2680
660
492
2400
1160
802
368
2259
1960
218
84
902
922
1080
2330
324
2421
676
2445
384
566
138
146
2395
244
870
1430
422
2611
276
2202
198
734
580
228
560
2448
2070
776
1174
2087
352
188
2088
700
694
1232
2231
1832
1312
860
226
532
360
2316
2137
1256
1580
1260
2491
1190
1540
956
308
1826
680
2353
2655
1798
1936
882
2554
1198
2002
2098
1440
2252
1590
844
2185
308
172
266
2415
1863
1152
1482
6
1356
944
776
18
2468
52
2311
1090
2286
2269
614
1334
2105
2257
136
1328
956
1644
1482
1636
1088
1801
470
1968
1242
2096
1242
262
528
1727
1076
836
890
512
674
270
216
1920
2710
2734
980
2613
1968
558
410
1096
362
1446
456
314
420
282
1548
2324
300
1801
690
176
244
78
1096
1558
2045
2265
122
230
1328
802
228
2513
2199
2276
2136
1940
2629
800
530
2125
2385
2160
2112
12
376
384
238
686
160
816
2110
782
2728
598
818
1296
2549
210
360
1000
704
2310
2112
584
2239
2496
830
836
488
218
372
1314
2347
2458
510
2308
1102
1240
2491
2010
664
1716
2615
372
2484
486
1332
452
2569
2194
1034
1332
896
376
794
216
214
1988
1128
1272
1707
930
84
288
16
452
1198
22
2517
512
2466
726
178
92
64
880
2456
104
2138
804
2323
2394
590
900
2468
164
36
1156
958
192
1152
1762
1388
22
2602
780
1474
948
946
1376
2288
1532
540
2186
1386
1496
1196
1778
2450
2440
184
416
2152
1316
2813
2166
2389
2134
1644
852
2399
2404
730
1218
484
2391
526
2392
2368
486
1812
214
1474
2614
2283
2423
400
2318
1928
2180
1282
2141
2116
2122
2117
1296
812
1290
1530
1330
568
1956
1588
402
134
34
2342
1092
934
250
880
422
1240
290
414
810
946
762
42
1904
270
150
1444
2574
1654
2288
304
1410
2434
1160
1202
2585
1110
2306
1266
408
226
580
2421
1691
2227
1700
938
1432
2437
430
2128
782
280
1900
2411
2449
692
18
314
454
28
2135
1216
934
1818
328
1012
2407
228
662
788
2669
1610
2391
2288
2685
406
232
152
432
608
2487
2267
2498
900
2534
798
392
2314
742
2298
1156
408
2278
2143
794
2752
98
2034
788
2062
1208
128
312
2239
1306
970
1656
664
1184
26
2611
514
2091
194
182
26
194
1961
1830
640
1254
2184
1380
1198
2373
1944
2343
1176
2269
30
2369
400
2458
2073
2103
1872
1632
414
402
2036
1904
696
14
1130
1518
918
518
608
42
1730
2213
1982
514
2447
456
754
214
2644
2239
2610
1870
502
522
1108
2332
26
2053
2500
596
536
2320
372
328
940
1166
2137
2229
1016
1864
2503
452
1448
1902
40
770
2235
346
904
2241
2204
2127
554
1466
784
1038
1820
1328
568
2422
54
58
678
2096
484
270
2808
1162
1394
1134
766
186
1326
1444
2145
696
1406
2638
804
1740
1778
2
2517
80
2154
470
32
70
2460
2363
2676
1418
2270
888
690
74
208
108
236
2047
958
2359
172
1076
710
704
712
1288
468
2007
2182
2511
168
1952
750
448
2532
2136
2310
2128
1652
550
1831
54
468
1234
2316
32
2433
2212
2452
2153
1522
1858
1568
614
2137
2578
2454
1884
1448
2238
308
500
2392
840
1833
2650
958
1538
2033
1074
2262
1038
2064
2030
60
2458
406
928
2396
2152
1358
1252
1514
1738
676
22
156
2382
2259
730
2333
804
2076
426
616
824
2412
1102
902
2062
914
2092
204
934
1028
710
622
2298
1774
660
1965
2407
2218
2402
298
2701
292
180
342
78
1646
592
748
720
2751
1140
1296
1298
2447
1856
92
686
492
2583
2413
254
2654
1044
332
122
1480
772
1312
1102
2226
360
2511
860
2164
846
2673
312
1838
1324
452
1892
2389
2510
750
220
2174
274
2450
1016
1112
2244
346
638
202
542
310
1945
2273
1700
542
2414
2457
1192
800
1246
1977
118
2213
2394
844
1018
1148
1424
148
1422
386
620
1518
2872
2248
1398
2401
2152
498
284
1098
2226
122
2897
1999
958
1054
2304
142
2070
2058
1292
10
2504
574
1004
90
2377
108
1156
908
264
348
2242
94
1244
1816
682
2333
1168
66
2300
2397
1278
14
162
1322
734
1170
2268
1334
2478
436
1494
2218
1392
90
270
480
2207
1978
1388
262
2300
1088
2493
2461
144
856
1160
2620
1138
464
2232
2429
2295
204
730
2509
2054
1076
1068
1040
2142
926
428
2180
486
2348
1920
162
90
914
2177
2399
2367
46
2366
300
130
2013
1652
2202
1306
274
2075
2435
1378
1344
2020
858
1472
2079
1718
1352
774
182
1908
1028
1926
2181
52
644
1760
740
76
1234
1168
542
1348
2151
650
2260
284
2734
2306
346
456
2180
74
1508
2640
1396
2129
2484
2270
506
1134
2270
2183
1270
496
572
920
2313
504
2306
216
1568
1626
28
2460
506
416
2347
1604
1144
2115
2038
314
326
2335
560
1646
808
2222
1865
640
2285
2006
1324
2344
480
2305
2414
432
624
930
1770
514
2225
592
2408
1538
2426
80
1506
2284
2464
2002
626
1610
2351
1054
16
2209
1058
126
326
892
2364
2106
2424
1524
160
2281
414
2170
802
124
362
2112
1062
1624
350
1604
96
2434
1564
78
332
2304
2628
336
2427
254
216
1904
658
574
702
272
946
90
2770
244
2112
3016
1412
154
2408
2126
554
2056
2716
174
2578
1194
542
2284
1940
1412
688
1280
2148
2280
962
630
2146
1324
754
1718
2169
156
804
2521
1750
2240
2136
1032
2381
1658
462
1897
436
2408
2086
76
2363
902
554
742
2488
2270
1558
1786
1942
426
1288
1386
1800
500
2226
1000
276
1776
818
2211
2457
2344
410
922
1845
1184
1430
556
212
96
1068
1390
670
310
1996
2448
616
2050
1575
222
240
682
1890
2228
1988
2554
74
2116
1106
1164
22
2223
896
2078
2362
46
1650
64
272
742
106
1436
2014
820
236
1594
804
366
760
404
474
1044
252
2163
638
248
1956
2393
176
2320
674
768
66
416
918
1968
208
2251
780
142
1370
106
1932
2130
2292
2650
2330
2236
928
1774
202
1496
26
2525
2120
1280
1740
2016
2321
2295
2655
386
1959
2199
1512
836
2342
2400
1432
710
1898
2145
1780
1068
2282
2747
980
1118
78
2124
310
2676
408
2349
2140
4
2461
28
2391
1560
1888
2446
702
1612
2562
2072
618
2016
1096
2427
1102
962
2407
1900
876
2397
1016
1570
234
434
2082
500
326
474
318
516
1280
286
290
2258
2048
2040
576
2034
396
2504
470
56
1118
1952
2401
348
1931
2126
628
8
2651
2515
702
388
48
2713
2462
2076
900
804
2418
46
950
410
448
540
596
702
2272
534
1136
2401
1289
2474
1490
1428
2418
2373
2179
838
580
2538
2260
726
1844
2559
2267
2231
1030
204
1170
1120
2550
2080
1020
1996
1755
2640
1776
2321
450
1878
694
2370
2317
616
2498
2485
652
1866
984
390
2628
2486
1390
334
2368
1846
2308
2382
470
188
2409
1090
1560
396
1276
1138
1816
80
1404
2045
2367
918
2209
1238
1486
2230
556
2272
1718
1298
570
2454
1798
2630
2468
1880
1060
140
64
2202
1218
130
1298
1248
1696
1152
1740
1056
1768
1630
456
2716
866
1452
430
2451
14
1934
1292
1398
1734
614
2498
2174
1242
130
1934
282
48
1576
138
2446
344
246
456
2709
2391
710
970
430
1960
26
326
2248
2586
2012
684
2397
2192
8
1404
32
2428
30
2139
1898
2218
2
50
712
2110
2188
362
2487
96
8
1254
1158
934
250
316
2069
2167
1861
260
800
354
790
856
114
722
872
1562
2320
2630
2312
2374
2120
440
1710
1242
1110
2075
594
1516
1486
886
368
2192
2435
1112
2098
252
702
1298
1934
2072
2668
2044
654
2626
430
2868
1646
1915
254
538
2419
984
2108
922
1106
464
2055
2411
1762
1737
1372
1216
880
2130
2263
736
1492
1344
254
276
1058
1949
1900
2414
160
1554
1840
1344
554
1916
882
554
2401
600
428
2206
158
2555
788
2429
166
1932
518
1996
2296
1282
38
2412
538
2347
1200
650
2240
1656
460
1138
964
2109
748
2747
2570
2289
242
198
978
1400
78
94
376
386
2206
2048
2198
1240
882
394
316
1712
736
554
640
2847
2326
2366
404
248
1482
1250
2214
2428
2194
2067
650
226
964
2256
490
1424
284
1300
350
1972
2377
144
1790
162
884
1696
2188
262
910
650
2300
1290
1000
128
1520
2350
24
1006
1454
1552
248
2063
688
712
170
2305
968
166
1200
2285
2257
148
150
2480
2619
2119
690
1416
2171
1574
1520
2437
2396
1088
2398
1240
2161
1586
1844
1972
320
1178
2110
2384
2163
1452
1500
2058
170
2459
868
356
2210
346
1116
314
2139
162
286
1962
576
2345
798
2072
2560
2172
2255
196
2093
56
644
2278
712
2262
2309
278
218
1662
2578
2671
638
2438
50
90
2469
2008
296
238
2446
980
130
778
166
150
650
1620
1718
2274
2183
176
582
260
2078
2446
1908
472
614
2180
1324
932
1658
1602
1490
2108
550
862
1046
2332
2290
1248
190
92
2064
916
1460
370
420
2363
1188
2047
2008
2238
1312
2292
1254
1994
1966
2136
2548
68
2071
770
1356
1024
566
2272
332
2158
1288
2080
2380
962
2316
1646
2324
2378
634
892
74
2768
1366
854
2322
1192
860
2294
280
1286
1540
290
2338
2454
1810
2150
1586
1582
688
2602
160
16
896
2458
950
2481
1298
138
1054
1006
2663
992
428
2044
2260
528
1769
2479
2395
1676
694
2001
1056
2237
1434
2255
1786
686
2645
2618
712
2488
76
288
470
1564
718
2087
2284
1184
1474
522
700
2197
1916
2288
2584
370
2374
1422
1570
2184
2344
400
1815
904
2449
2111
1268
1752
410
100
598
1002
590
312
834
1670
352
564
310
2328
2246
1700
1154
1186
2101
150
840
1434
2504
1124
270
1942
1494
2228
2367
1880
2305
358
2090
520
666
546
514
232
636
1298
42
556
280
1232
378
2094
392
1022
398
2527
2634
752
2553
1322
146
2310
152
986
860
392
1098
2056
2194
1450
954
2299
768
1000
776
2208
2497
528
790
198
1110
254
1957
38
1994
1506
1912
1162
1488
2476
1298
2372
572
2338
2409
1886
2016
2299
2512
2354
2308
950
1972
750
2112
820
138
1224
586
2412
2413
740
486
810
166
478
456
2994
1660
1340
2218
2645
1766
68
2182
6
2387
388
2654
362
262
1929
1700
2042
576
1750
138
2122
2271
490
946
2282
2114
2591
538
216
2482
1946
498
2456
1414
2302
2177
576
2406
1042
2448
756
204
214
2274
2508
420
1446
450
282
158
40
106
824
2710
2405
1194
1014
2499
2591
276
80
388
2158
516
2612
350
1906
302
132
322
1224
372
1356
378
2402
2509
1904
180
962
844
1134
470
2202
1366
2459
752
2694
1460
864
1850
242
1766
2061
1850
1260
2468
716
2132
2046
2128
612
2062
250
632
1448
2440
1330
364
2486
994
1504
396
1002
448
2286
2744
416
2002
922
2065
2256
2199
2954
2562
1236
92
2294
538
862
1656
428
1816
948
2393
118
490
2581
2210
1010
672
876
2189
658
102
460
2377
388
442
2050
1738
1298
2162
1650
572
820
532
2679
2114
2056
734
2335
1314
1422
2402
474
726
1586
2464
2219
1782
2638
90
626
1922
234
1686
1124
612
2220
912
792
768
1104
2434
140
152
340
2494
1040
2260
1840
38
2321
1504
204
546
1618
2069
200
312
2212
38
2334
1392
354
1434
1902
746
740
942
2002
496
1068
132
182
244
2547
328
2116
376
750
494
2411
2349
2063
2089
2307
1886
1680
2383
2460
708
236
2064
1348
2478
328
2386
1428
958
2941
1650
2349
1638
276
786
882
2585
1810
2646
1064
312
2222
838
806
1716
110
1738
842
748
2605
364
538
822
1866
1266
2720
274
976
2030
2625
2418
122
42
2226
108
2215
2151
1756
970
1943
1266
86
2499
2753
2540
852
2072
480
2166
766
248
272
2216
988
906
2955
26
2433
754
1942
602
2330
1984
16
80
1850
162
252
1452
2061
1108
62
838
596
1650
180
2063
1972
454
2348
726
2535
1730
16
2000
1414
1606
2321
1270
2397
1480
2220
2063
1998
1118
2243
140
666
1886
370
156
2541
280
2598
2477
638
276
2378
638
2445
1390
514
2246
404
1366
2261
32
474
1176
2226
2192
38
1348
1702
2156
2350
1112
184
218
2249
804
2175
2044
2465
1662
1120
2340
932
1488
1816
424
672
354
2471
2406
1490
2049
2633
334
2535
2156
2154
2302
2602
2178
2452
344
2471
6
2105
1534
1056
1606
232
562
564
586
1920
476
1234
660
42
2116
744
724
1852
1216
1592
998
118
6
1654
1224
1640
226
486
96
1260
2402
1098
1466
530
222
2715
844
2106
1108
1376
130
292
294
1963
1964
1236
636
2294
634
2484
2387
1168
392
1462
1260
2397
2414
2274
2046
2128
244
156
1374
1566
720
1138
1566
694
1172
2704
258
1266
626
2437
2054
2339
2526
2590
1988
2477
618
1178
2090
40
2364
918
2478
484
1978
536
2089
2103
1968
842
2196
2354
1972
1342
108
342
664
2526
2536
2407
326
1912
2594
2045
524
2408
2149
656
2300
1867
1476
1280
2133
1104
2188
586
2268
1760
2294
692
722
2298
2694
762
1944
848
1102
1710
1596
2140
292
254
382
470
92
2173
796
2242
2222
1128
1829
2519
1034
224
2287
1744
384
2118
1380
2353
2028
162
786
1910
1278
2352
930
2116
762
78
532
658
1862
2136
870
2353
1902
2264
1632
282
2404
928
2682
1088
2636
2724
142
418
1968
2335
2699
1424
232
198
2258
34
752
480
212
184
906
1953
2378
2711
2188
434
2525
2225
2313
454
2637
656
2651
150
1174
60
1244
692
1062
2202
1684
476
680
828
2054
2608
1192
428
892
752
1158
2214
1552
1022
462
2096
1936
430
1172
2861
2325
304
258
992
440
2322
146
1050
212
334
1666
2185
532
2312
2431
140
152
52
1872
258
1382
2256
1408
2811
1488
688
2298
2435
450
20
98
212
80
1996
1130
930
708
28
2592
2320
1396
226
984
2123
2624
1814
628
2208
30
862
866
1960
2251
2346
2268
1044
2100
560
2605
2339
2228
2430
232
1926
2057
2093
2685
864
2126
1120
608
154
640
866
892
2274
1288
820
970
1908
2141
1935
2060
2162
130
2362
956
2444
110
2228
1230
788
782
1939
436
2028
872
2002
2088
2198
2494
516
754
2427
2158
1242
1020
2566
1298
2454
324
2072
2253
1628
2000
168
2388
1904
638
922
2292
972
2146
1706
1666
1916
124
1266
1484
2416
2314
678
590
1154
1006
2233
406
706
72
594
2690
722
2248
1134
2425
194
2671
640
362
88
68
902
2093
474
1464
2381
778
2258
2184
1780
2259
2401
1496
1766
1832
652
626
1666
1662
230
486
468
1532
114
354
2334
266
12
1212
1566
154
918
2111
1825
2296
1814
396
2079
2305
406
2322
1744
1813
2643
2058
1668
1176
868
2853
610
2094
1622
1886
536
408
2298
1142
1028
2066
1262
2237
2248
416
1084
2171
1488
2119
2642
2375
2458
2247
1664
664
1650
988
650
2258
2398
2313
600
2396
134
94
576
230
2257
2769
1198
394
722
114
2665
2392
2062
2249
982
1518
2294
1867
2431
1146
1340
18
518
944
2351
1931
1036
2334
1936
2695
542
1184
2178
478
534
2212
2070
386
82
880
1530
2128
1138
4
1090
1118
1626
2853
2340
926
200
2290
2408
2068
738
96
454
296
210
666
896
56
480
1374
2340
2213
14
2577
2712
2310
294
2319
220
6
1522
638
2279
198
1730
422
2467
3256
2391
586
2416
658
2488
2107
2253
1935
1686
2352
24
2276
2241
1929
98
2544
424
426
276
1390
2255
2070
334
46
2495
572
2382
2604
730
34
850
1344
760
590
786
2340
590
2307
34
2429
978
1674
2144
2705
330
1986
1010
2088
1258
86
864
682
2150
1488
2630
1638
954
1380
1990
2134
2161
390
132
1806
1740
1746
2374
720
358
518
1524
988
1882
2171
1380
1336
1806
1436
112
1202
2111
2645
2330
1054
400
806
2185
570
78
712
920
2178
2631
910
2433
2064
2102
1766
308
724
294
2552
2248
1574
532
688
698
1416
1118
612
1628
2683
892
1290
724
2132
1204
2636
2283
344
2476
224
2654
2370
2523
2388
1184
244
1542
2095
2180
530
732
2473
710
2048
390
308
1370
2291
880
20
298
358
1646
2388
52
588
2316
1458
1038
1602
780
1904
2310
602
2390
1905
1432
930
2188
52
2505
2404
1078
286
2354
860
1508
880
470
968
1426
86
2361
2101
1544
462
2263
950
2070
150
1638
1460
1082
2186
2497
990
2224
904
840
1636
896
48
2468
12
1532
2428
1648
2416
472
2266
1444
2256
2179
638
908
1528
462
1564
50
290
2308
1396
2729
2166
2549
1550
1158
120
2627
332
2237
1342
152
1222
706
1718
2695
704
82
860
168
2396
870
2223
1370
26
1342
2304
148
716
2346
1788
2399
1530
2321
1764
714
1132
522
1250
1222
822
1184
2292
2212
1994
2298
1318
1276
864
2133
304
216
2308
2132
504
2192
2510
170
1102
984
968
2622
1774
2309
2367
2119
772
2639
2333
1860
1176
182
808
1086
1342
2357
1050
754
1206
22
876
2218
2445
748
246
150
1396
632
2274
2113
2234
1648
1822
870
960
1518
824
750
86
2176
1372
1408
1930
266
316
530
866
2451
2132
296
1012
2226
566
1598
8
338
182
2306
1994
140
2741
244
1096
494
738
78
200
772
138
2144
636
2390
102
2443
2401
256
1946
1020
104
2620
256
2055
806
484
552
2325
2052
2370
2013
604
498
2244
670
1284
640
1808
1660
492
684
2154
154
2389
2074
2358
1952
904
2632
108
2353
2145
2284
2219
102
2389
1088
2818
884
1440
18
2620
94
2301
1954
416
658
790
604
2348
958
1056
118
2279
2520
588
2086
2386
504
1582
302
2025
1266
650
2279
1352
2389
2123
2158
232
98
2178
938
1476
1104
1352
520
1292
298
2577
1500
1510
2351
2242
1038
2338
1568
2581
2152
1008
36
1842
2408
1939
1132
1926
1032
2430
2093
1316
382
578
1056
582
2174
1222
356
1828
734
2328
2356
204
2716
2334
668
1634
644
2425
2502
1708
2520
2254
1396
2326
326
238
126
1840
1188
2574
1890
1698
1062
148
1992
1620
584
906
536
2137
614
372
2174
1993
1584
78
2057
784
2243
474
74
42
2208
674
386
116
2415
2487
2477
2368
668
140
114
52
1428
142
106
536
1252
270
310
288
12
1090
230
2653
2350
1348
2066
476
2639
164
1994
186
2344
2476
2396
644
1916
1338
1482
1282
1710
2108
262
642
140
2120
356
288
10
2527
1944
1092
2362
2379
422
606
1554
2429
1402
1854
722
796
2187
2411
498
788
432
2410
2341
428
2156
186
544
68
2200
1890
442
728
16
1188
1580
174
1276
2348
2368
2222
2340
2863
2320
2698
232
2059
956
1334
2022
1218
994
2807
2594
752
1148
2100
1899
2141
186
2208
2439
2489
184
1776
840
418
526
1272
1170
2171
114
2308
2133
120
896
728
308
2555
1724
1406
288
1750
276
376
504
1106
2057
560
844
1074
20
2088
1294
2202
1296
1708
1078
144
1958
2187
2478
960
2214
2328
1835
968
540
2454
1414
1080
1276
966
710
2298
1464
134
834
1070
2273
2243
584
1196
992
1930
1424
332
1424
1454
3075
2356
1428
1120
426
142
666
1606
1168
1026
1046
1920
1406
184
2470
1546
2102
698
2406
1586
1524
584
558
1636
844
902
654
2204
2362
1708
2147
2564
1120
2254
172
984
2130
2152
1352
368
542
2255
2212
198
450
2339
1754
1262
334
468
664
152
1238
194
680
1526
2124
946
108
98
1542
2530
2034
506
172
254
2556
2026
306
2467
2410
2126
644
2265
1260
2386
2573
2113
786
1370
2406
256
310
294
1126
1006
748
2520
776
2066
404
66
1856
2509
50
628
562
48
950
2704
1321
2511
984
2872
1684
960
532
760
2405
2559
1492
366
1694
46
1532
842
152
2645
160
1804
634
282
1884
586
850
2745
2534
2311
2026
1304
2324
74
2003
2166
1218
646
236
2096
2660
2064
454
1344
1194
2096
740
1858
1844
1164
1937
2375
1600
820
332
1670
1920
2128
404
392
1747
610
482
756
984
1230
480
2584
2515
1576
2
1814
1168
1940
1352
1126
1918
212
732
572
818
1472
2294
1846
468
976
1931
2244
2270
574
2100
1480
376
398
170
2348
2088
124
672
542
2152
1178
786
494
216
2505
1730
2176
128
396
68
2595
1180
196
2452
2
12
1980
1210
2323
1620
298
246
2178
872
1358
100
334
582
690
2134
2183
2052
174
142
674
338
1930
464
1954
2559
1160
1548
152
1766
2449
12
1838
206
1118
1338
336
1674
1997
1652
286
2618
450
2227
2529
2688
806
1682
630
2096
2174
794
2153
1782
1780
1976
2328
422
2529
2471
780
2761
1980
1832
2244
2350
1320
2337
1650
1446
2244
1981
232
434
2100
1212
856
1020
1698
874
2175
2559
1252
382
2210
2309
352
280
2164
2630
326
2025
1226
434
2538
646
1913
1364
2318
34
2098
1444
984
2361
1398
2124
490
2044
718
230
1290
2301
1378
484
1972
464
2391
2139
558
1234
1130
2581
2548
2194
46
2345
2070
2059
884
2706
2545
2519
2004
1256
384
178
2374
2228
2402
418
2209
828
1684
2307
2218
1048
58
2412
2265
1124
278
2309
936
2003
2006
2561
180
2345
904
2126
718
2311
1842
2107
596
2005
940
2268
310
274
2369
318
1574
2045
2436
2358
2088
198
832
2245
1964
2263
432
2227
2138
142
1344
380
2242
278
2242
2642
2649
2531
362
522
2443
2499
312
922
2315
144
2005
2380
800
1280
1984
282
2093
2622
1278
590
1446
756
172
2008
2852
652
852
1514
868
2367
308
1148
2238
1440
2143
2669
2358
1698
2320
2246
238
2175
180
392
2398
1596
108
2269
1752
2703
138
788
1928
2768
2339
1696
176
1638
702
2382
1410
650
2708
178
2391
1846
650
48
2247
2816
958
1448
1042
716
2252
1324
2048
2082
1790
2372
64
296
2652
358
490
812
632
1066
908
1272
1731
936
724
2055
2137
2087
160
694
1630
2090
2352
2448
2102
104
592
658
2487
840
1668
426
1422
240
2176
308
1988
2621
2590
1000
2311
132
1526
1464
2414
1308
2134
2251
950
44
1058
266
1750
1062
1072
1142
94
308
2350
1006
1947
604
2455
1850
2168
1402
1230
1472
726
1060
2002
18
2094
2259
2645
2158
2589
2021
1888
22
920
82
366
2492
1629
2437
718
274
1044
1984
1254
10
2230
102
2428
742
856
2286
2226
280
1540
2393
2806
2229
434
1506
206
522
1044
2106
188
1850
876
1416
2285
2403
2666
842
2146
446
94
280
1926
1318
2243
2746
2312
1674
1814
376
1860
1886
1744
2278
2683
20
394
2341
1178
2352
1340
2148
2377
2376
1530
1454
924
2149
1860
1900
2654
1274
2312
232
1598
2562
510
1094
188
692
1558
1108
234
360
2269
230
2483
1282
2387
722
78
692
1340
2484
2008
2798
1394
1986
2468
1662
1778
1780
2548
2138
2402
640
476
1080
270
1216
644
1130
298
2477
1044
2378
476
1282
128
1967
1668
2257
2418
544
2660
1094
2611
14
1010
526
2353
1444
2249
1574
36
2650
742
2507
1954
2636
62
478
2292
246
896
2603
1170
756
2262
1942
126
484
1104
2334
720
1512
432
830
2347
1690
644
686
618
628
2480
40
1484
2558
438
466
2196
1210
2301
2602
2264
1812
2468
2268
360
1338
368
164
2483
338
1110
2655
2367
404
540
2352
472
2265
956
2394
1124
1522
978
800
936
92
2213
92
2329
2302
996
138
2276
2144
112
1220
2361
1864
418
10
164
1928
2484
2527
236
1971
278
514
44
1084
124
178
220
1092
964
1070
2237
686
714
1022
1028
732
1310
2619
590
2200
1006
1320
22
368
2105
1432
1972
2422
1650
368
248
2066
1366
2272
930
52
2725
772
580
864
616
1200
1782
1885
672
1889
2294
20
2514
294
1162
2307
590
2318
440
1302
2374
2386
2351
1604
2371
296
2237
870
2633
1662
2256
2407
666
2455
1110
1764
110
1680
2596
392
614
496
1318
166
1958
228
2724
2072
50
472
2436
458
96
366
2701
1400
1586
740
696
406
118
224
788
1886
908
1018
268
2098
382
168
2334
378
1262
2068
128
964
2176
426
126
438
1300
92
2344
838
438
1236
248
182
1492
2352
1963
686
382
252
734
1088
2225
2364
2247
2250
2200
488
1868
642
1264
768
1204
2469
2302
2597
1642
228
648
2572
690
110
962
456
710
2379
760
1006
2558
2178
898
2242
2298
278
1680
798
962
1236
1338
1514
1674
1908
2689
2371
956
1882
2506
854
438
2340
152
1538
6
234
1812
2794
2211
668
2494
2280
2134
2314
2361
1654
134
202
1274
2095
828
1540
2144
1742
78
1498
1216
916
1650
774
1630
1887
1692
1102
2086
2431
2622
104
2212
162
2209
68
2134
2284
86
2700
1944
2214
2096
2463
2671
596
1358
436
2282
2223
1488
986
1316
1350
1554
338
1090
2267
514
2204
2456
424
122
1791
2264
186
1108
276
868
2224
2170
2283
1968
178
516
1426
216
1418
1274
662
1818
2620
1874
2724
2471
586
586
1811
1688
2012
680
1472
1828
640
988
246
1630
1472
706
2144
440
1156
2426
10
1140
1618
2440
2188
884
1752
2342
2394
1836
728
756
170
2330
674
646
246
216
1000
708
1116
1602
1929
330
42
2532
534
1072
2428
2320
2263
1726
10
150
208
2429
1280
360
1050
1066
544
2529
1286
2579
1718
1536
630
616
88
892
1976
1784
100
446
1638
46
220
808
842
2437
960
2249
40
370
2648
634
810
664
2032
2120
1318
2374
532
324
2233
1328
2192
450
468
208
2205
1488
2578
2309
2006
516
304
656
2340
762
608
42
1292
1316
696
1868
1964
2642
772
1718
2081
1396
1396
2254
1160
2080
156
906
1272
850
494
180
2323
1226
420
1718
1875
914
1190
136
2264
308
782
584
210
466
2004
2463
280
2504
288
84
1194
2092
1676
744
1886
476
2309
616
254
762
2505
242
666
424
382
2132
192
134
2350
958
2432
1786
2332
232
240
348
1980
596
660
2280
2400
362
786
2278
2766
2174
1170
2507
2182
540
724
202
2546
1350
2179
782
866
2252
694
368
2342
1782
2295
386
2039
1410
166
2710
104
1092
830
162
2018
1400
262
68
152
1940
620
1318
344
2367
206
76
1926
324
100
286
1040
2376
146
1182
2311
2607
576
738
372
314
1642
2762
1526
2391
2421
2412
358
974
564
1656
2101
2100
178
22
570
266
938
2955
1921
934
2581
2292
772
2321
494
1484
2234
2450
2444
956
12
402
1830
876
2088
2113
266
2624
2381
454
2654
420
806
1514
2152
1678
1422
2198
790
34
1342
66
140
690
846
2174
392
648
274
984
2058
116
898
2128
214
2336
2168
2159
2146
1054
1296
684
2442
2150
2180
1804
2479
2690
2554
166
224
2316
844
2386
56
52
2359
1876
1634
70
544
2593
1394
2725
2041
816
2662
142
2205
2672
302
2273
334
192
1997
216
884
358
1472
2400
646
342
104
2645
580
656
514
950
46
2287
1674
2391
1614
1546
1348
1352
2792
310
2527
1226
1978
472
1282
2267
1280
546
1958
716
2047
2673
1510
2379
1780
1770
1258
106
256
1286
806
2521
2075
2240
114
970
2304
1338
546
1016
1922
1270
310
1941
2308
1800
2350
404
2016
2026
1712
258
2484
2581
112
2274
1296
272
2451
482
2118
2580
640
1814
1214
342
522
972
2088
2244
1905
1410
2255
2654
1776
600
176
1168
240
2288
52
514
1418
2005
286
162
686
1982
2238
1480
1528
722
1058
168
2265
2271
350
1194
2412
794
1938
226
2219
1002
1502
966
2277
204
2350
282
2261
366
4
246
2349
2144
2442
1656
274
1834
2509
1624
156
496
362
1376
1602
2272
1666
580
1052
1182
910
1916
40
516
248
358
138
1210
174
1822
118
2022
1412
538
2164
2328
2230
96
1596
710
2634
232
2072
408
974
2354
2689
906
2311
1702
52
2576
254
2459
2232
2307
318
966
1056
286
2461
554
1430
1456
1160
2253
2122
2305
50
136
2562
1974
1518
2328
2254
224
1947
2038
784
1596
346
2164
2868
2422
2131
72
250
2555
2499
936
2263
2529
414
780
70
770
50
66
2546
606
702
594
266
2583
942
1328
2447
2164
2483
2314
1524
2475
240
1664
1382
2314
1558
2445
2327
2699
1386
1804
2306
548
28
2385
2124
1384
2054
2408
2108
2579
362
2655
1182
892
904
1949
1578
600
1698
728
536
696
1030
2544
2022
944
2468
2278
150
2655
1748
986
2390
2318
98
622
2326
2724
1374
2431
1888
1750
152
1094
398
1772
2189
258
944
738
430
2050
1338
626
1718
2
1424
2155
44
66
1092
2870
1778
2868
2164
476
26
944
882
410
928
2372
440
2335
418
234
1658
176
1226
2270
2320
2413
1778
264
2130
2782
350
140
492
1606
2614
1062
2138
2355
2454
68
598
2070
2247
2068
1880
992
252
1498
2122
1846
1106
2298
2466
2270
1398
2198
1282
962
1962
898
782
472
1318
2773
2296
1850
1006
96
1638
236
2318
1956
1112
2133
2597
1238
868
2509
478
2242
2628
1440
2137
2442
66
752
1216
2544
2139
1652
1802
276
864
60
2305
674
620
918
1330
2308
958
816
690
2041
2228
1838
1590
2234
798
416
2449
1422
348
1186
1488
1076
494
1300
2232
926
1722
2578
302
378
426
772
2338
32
446
2129
2724
2434
2439
196
82
708
2430
2322
2497
512
990
544
566
616
1076
46
544
1488
2162
1190
2492
904
896
194
2123
12
76
884
150
170
538
2214
1932
692
1428
1877
1636
1150
2164
1490
2587
912
2288
972
2098
1668
2528
594
740
2237
2771
2559
1404
796
830
1088
694
1150
1240
280
748
986
104
1608
1448
582
2458
196
2466
836
236
2208
260
2288
2290
1915
256
1528
114
2168
830
30
2741
1012
432
2382
1212
646
416
298
370
2186
1850
2357
2083
1202
788
2192
890
670
442
508
2512
1288
2096
2071
2545
2284
2110
396
2301
1416
1390
602
2230
24
908
714
1996
412
2176
2415
42
1528
2615
2272
2287
1978
606
986
104
392
206
988
636
94
2279
1728
480
2318
340
104
152
2332
68
2381
2344
1098
2375
2216
680
454
2294
250
1598
376
2328
2850
16
1202
922
852
1172
860
2042
440
1942
2298
354
1014
1500
720
250
2104
682
2252
1576
2226
2573
936
1096
938
280
2343
2423
1312
2402
1046
2448
2532
1350
380
1368
1534
898
152
1992
2590
2578
398
1899
2708
2591
2118
1330
1713
2309
2530
854
66
1024
378
2234
1134
2243
1810
2488
1878
2745
1222
2664
382
2237
190
678
1898
170
1870
2309
438
378
868
1408
1468
350
22
412
372
1270
1824
738
2055
2199
576
248
550
1440
2056
994
1372
438
2082
2428
1580
530
412
2155
58
2136
2508
498
2471
1897
334
2322
1198
1957
830
2107
2438
40
2284
1264
386
2616
2164
2331
638
2137
2205
1934
818
2524
2227
516
648
2190
1556
1342
1192
504
2293
314
2143
1022
2130
126
2149
534
2468
1674
2176
338
2024
2
2317
1006
1108
1674
2568
44
2538
1260
2527
1264
2436
1878
1366
940
2338
1766
162
2420
272
1098
1074
2409
392
2734
738
154
1770
2185
962
2571
2511
206
8
2232
748
1470
2215
1186
646
1688
1204
2476
1488
2229
1888
1472
136
1969
2399
2204
310
994
1794
870
2463
472
328
2335
2293
98
718
320
1784
2332
456
1168
580
2015
2259
510
898
1989
1500
224
2414
2086
1336
96
2438
918
2380
2439
316
1896
2340
1658
186
2308
806
1362
2446
266
1800
2647
1010
1902
722
1754
1971
2000
2222
910
2638
1260
1500
746
226
2384
262
2316
2320
1814
2446
2029
2296
514
1030
868
668
830
882
570
2109
888
1728
1674
392
94
862
2021
1072
906
1402
2841
2721
124
628
2146
2458
1878
662
2419
2258
1808
2628
652
2332
1410
1184
2162
1396
182
1222
266
1296
2333
1632
1026
2264
886
736
2135
2250
826
1354
124
1982
854
1198
868
1886
402
546
8
1054
2500
82
1860
626
2389
2025
538
496
74
1508
486
58
1574
2002
1248
692
2360
2233
136
1821
672
788
754
1190
236
2105
350
1152
1758
2314
1026
354
1606
2083
696
1962
702
1226
686
1040
488
2128
830
1692
1923
632
796
802
2267
1442
944
2320
226
730
1078
772
2048
1656
2188
350
352
1912
1012
1422
1050
1396
2718
680
2469
2026
1492
1304
886
1694
1861
2731
766
856
2140
450
94
188
2252
1937
466
2350
1628
20
2598
778
854
1258
2020
322
2067
2351
1520
2004
2263
2145
404
1700
2322
112
1290
1856
232
926
2582
2572
2321
1334
998
462
1956
244
1664
2500
2487
280
2272
2217
2307
796
684
2325
2503
548
782
142
1374
2490
2841
38
48
2363
1060
1974
386
526
512
1358
2774
1668
2202
236
2209
2315
2778
1934
2651
1130
1238
308
2266
856
1616
182
2383
2543
1940
2262
810
2512
438
2064
260
922
1004
14
152
1770
168
1951
2657
1290
34
196
1728
2768
2394
116
2325
2450
192
2271
2217
1068
1976
76
24
566
2236
2537
274
2307
2371
2262
1210
984
1020
2396
194
1874
122
2045
1438
1478
1924
492
460
2281
1442
2132
1518
1572
150
2304
1148
2505
256
2574
246
2639
2301
2453
2202
1870
1210
2439
2462
576
1374
688
2105
218
970
70
226
2190
292
1466
692
1494
1590
2052
2540
2705
560
482
1500
16
2365
2201
2307
426
2418
354
108
1152
938
1548
530
2378
2171
2161
1594
804
612
2151
1250
24
944
1016
1840
2046
522
2104
2332
1444
100
2156
1560
2193
224
1438
16
2359
62
1106
2271
12
708
382
102
1102
1204
2181
700
2072
336
1658
2054
376
872
190
2262
2116
2042
198
1977
2371
1434
1104
2148
2034
2562
308
2299
1240
2211
1102
582
1204
224
774
2546
156
2424
1324
2256
1928
824
1472
424
2684
2409
312
1464
1986
1382
2393
20
956
798
962
480
2734
860
412
1102
324
2246
966
2530
2536
1130
2410
808
478
110
54
260
630
2688
2247
2022
1278
2761
384
652
2481
1000
2592
2084
2267
218
1202
1592
2124
2223
2326
564
2085
2120
98
302
612
1893
450
34
2657
2193
2164
1572
1170
156
1070
1098
1564
1918
1322
42
1016
1480
2281
574
166
28
1660
1486
648
2534
40
1420
890
2132
1142
732
546
178
958
456
1778
698
2646
298
1820
1364
126
2102
2841
88
610
1382
352
938
374
2391
1936
2233
1598
1134
1540
2109
128
2037
172
2333
394
1762
1672
1268
546
962
442
2319
294
1928
2118
404
2057
14
2172
2547
420
2560
2208
706
950
350
814
460
2142
1724
1688
2390
1298
22
312
42
78
1134
216
1706
546
1965
180
1968
740
2552
2546
2465
2034
1128
740
2481
1827
1902
2168
328
1934
858
1444
2542
2186
1696
1390
2154
1246
556
22
340
684
256
2189
130
322
2652
2106
714
690
1008
120
2392
262
1816
576
2268
2151
1626
454
1464
694
1052
1926
836
372
1486
594
60
1436
1328
804
2227
1690
1864
1994
1162
1110
948
58
308
1324
64
140
1992
2314
1080
1336
2395
2482
248
1850
570
988
634
472
342
372
700
2869
2272
1930
226
310
2146
2650
1282
502
2389
2094
166
1596
2344
912
524
1624
656
1740
424
2196
140
2240
2478
702
2066
1050
1412
2229
1388
430
2159
2053
790
2317
1888
2417
2410
1935
1944
1116
2595
1980
1058
430
2160
2519
2430
2372
2068
66
302
252
2576
778
302
2198
664
46
2612
2103
834
1925
2487
642
2097
1752
1756
2535
1854
1388
2283
76
28
2278
616
2646
1236
642
1806
474
2156
986
1308
2193
2341
244
1236
1884
458
248
2325
388
2272
2420
1802
1774
1776
492
1048
2641
1124
406
2263
2048
2540
1138
2463
834
624
2391
1852
454
1606
1524
1924
2694
1302
2122
892
1250
1028
702
190
1060
356
288
160
2497
1598
2626
1856
162
482
1120
2644
90
894
934
238
882
1202
318
1404
2424
1256
2184
306
1394
462
1268
1954
790
1983
1358
438
1870
2246
2409
1350
80
920
698
2403
2272
2516
1342
2361
164
1202
1242
2624
1058
2381
978
1583
1032
224
2703
2216
2332
2234
240
884
766
198
2547
278
1540
2630
250
1400
1592
1918
2358
2527
2008
2534
1647
170
2516
1520
946
686
2395
580
1110
300
2335
2146
2580
1970
2423
2230
1096
60
2906
842
912
1494
2
1384
96
2068
1940
1480
2345
152
1036
88
2416
2790
2480
534
1955
1886
2518
484
2283
2108
338
268
406
2260
2478
452
2262
6
1048
1760
2217
1486
58
2412
108
612
1304
1254
302
2244
2157
1230
1054
1334
1928
554
2332
1322
1268
430
1546
1700
412
456
1170
1390
658
2136
2528
206
386
8
1492
1724
460
2233
1886
1750
1126
1662
2047
166
678
1732
220
560
1040
1082
2161
2444
1352
940
1951
994
812
708
2594
234
1072
2464
2293
234
1643
1226
2457
2366
1132
2276
274
368
446
1418
1104
2314
556
606
2197
2280
1906
1002
1082
1764
2708
402
2057
2469
44
642
2104
632
2305
2413
2076
2336
266
876
1462
2079
202
562
870
1686
2307
1118
210
812
78
982
940
2051
856
474
1814
1482
2470
2462
1226
1986
1194
670
1548
2261
782
2236
534
1740
2422
1824
1404
2284
2593
1574
2272
1970
208
2201
464
2144
346
2416
734
564
624
1240
1276
2240
2361
804
1540
1094
1768
704
2426
1664
2150
2276
524
272
1008
972
2261
338
1224
42
2550
44
2093
778
1760
868
2525
32
2
2441
982
624
2289
314
784
616
606
2104
498
530
2280
416
1862
26
2207
258
786
1068
30
1582
1638
78
206
174
2471
2324
40
2329
1868
1166
1194
1032
1690
2280
2520
2471
2055
998
2634
2290
2232
2530
1602
956
2429
2988
702
60
2512
1520
696
1826
2206
2164
2494
772
2378
162
1180
158
164
2362
1728
1638
518
2594
1510
1999
264
2306
1090
1300
596
2593
2151
372
768
2355
412
638
1812
356
1240
350
2474
1980
108
2409
1550
1282
1814
576
370
86
2178
998
2276
2278
446
242
1354
192
80
1938
1838
1622
2323
2307
194
1122
2755
34
98
1824
234
1908
1803
2039
2234
272
2579
164
32
842
1874
650
1572
898
2824
2135
520
2915
2025
830
2250
2472
276
1270
1744
1562
1408
2064
870
610
1874
310
804
1268
1586
404
2154
2390
136
244
2680
1110
3204
1892
102
1522
394
1905
2485
2318
2489
2382
2049
1056
2009
754
140
196
2605
2308
326
2380
736
2328
506
504
1925
92
1536
1514
1288
2619
1440
318
510
1090
1526
1732
2973
2377
868
1482
916
2617
1072
1880
1952
260
2120
2534
2308
2020
1108
544
1638
1638
2032
1346
2042
410
1658
2266
2045
2581
182
360
2191
2094
22
934
706
812
438
68
862
2241
692
804
418
554
280
1790
266
2428
774
2301
2280
88
1158
380
448
1863
2400
2570
734
2522
2008
300
412
1268
94
2537
496
2105
2285
2162
2582
60
1951
760
802
1018
2143
2358
2589
1897
1362
2022
1522
502
490
874
1918
646
924
2343
2318
2144
2341
1302
902
2397
2281
880
1900
814
2064
504
188
226
1206
1074
222
1828
2476
750
606
98
2150
622
1864
518
964
1838
2473
1372
2356
2668
64
1352
2167
2724
1892
1174
2355
2549
2247
80
1860
726
2144
2126
1711
1536
438
1746
2398
2164
2078
830
1712
1799
420
946
382
1002
1100
1612
2207
1924
990
196
694
1332
750
2219
2203
1476
1422
2127
2166
1822
718
2292
688
2192
1920
2373
1702
1788
54
1050
964
2202
532
1742
2685
2158
736
1286
1920
682
2585
2315
1758
162
398
1098
326
374
1506
2738
1876
1941
486
1078
246
1776
642
2344
606
2036
482
294
174
1244
1814
1460
238
304
2052
2456
2220
94
2748
2319
2324
870
2527
2067
50
2086
132
2566
804
1300
2653
2339
1581
2333
2060
240
2164
2286
424
774
1920
442
190
2824
2364
2367
1688
264
1997
376
2230
1118
2089
578
4
1464
376
1066
822
1182
32
2311
1740
1332
64
408
1294
1328
918
216
1634
2057
54
650
2482
370
1791
2268
940
1330
1950
360
586
60
112
1180
2586
780
114
1698
1722
258
1422
1072
2917
846
90
1953
42
1965
2216
2146
2347
356
1306
962
2183
304
2451
592
1360
16
1006
1382
2267
56
468
444
414
1872
278
2441
1132
2020
2433
1596
2774
112
1550
214
2503
1280
642
1954
912
254
794
596
2208
2240
354
1776
1368
2210
906
1934
968
1210
1920
2076
12
2070
1998
728
1826
1876
2157
1694
1302
548
122
1444
1572
392
2413
2407
1330
282
1000
2868
1610
1722
938
518
130
216
8
762
202
2411
1262
2308
1482
32
2700
516
2109
1860
2159
2003
1234
450
94
2698
2097
2447
1626
2447
344
278
1134
936
1226
778
1384
1134
1972
994
1996
346
1156
482
1098
2328
2163
1438
716
2409
1796
272
360
2090
2487
1068
1462
1140
2203
1614
2520
2287
2236
2318
2457
2334
1230
2203
2185
1784
1506
68
1892
1853
2013
2670
2237
1044
2042
1032
2274
1744
262
276
48
2597
738
2283
842
660
534
256
168
2094
2587
2809
192
1688
1564
2380
2156
2104
1532
1004
928
1974
2283
1990
2501
2002
2133
2007
50
124
2095
2035
1410
1306
688
1202
2629
290
1118
2434
2430
2152
418
2728
1462
1815
2256
2448
2141
1462
1991
530
2078
2380
1994
1763
2439
1194
200
1958
34
2407
1742
2375
2449
2197
10
310
1961
2731
202
2234
2117
1274
704
936
228
1925
1830
2426
1526
2819
484
2008
1066
936
740
2166
1490
230
2207
1932
1408
2207
296
1796
290
2051
2590
752
124
306
1550
510
2371
928
2390
1576
2446
572
2476
2547
2232
2482
1270
160
1922
212
2192
2914
1036
226
716
196
746
2395
1622
2532
2445
2120
2579
522
528
284
308
1028
2228
72
2144
650
1826
2385
2065
2055
1784
718
2510
434
2438
2013
294
2808
2386
158
936
2168
1432
884
2560
2165
2002
562
1882
1290
246
1356
1384
2519
18
342
2371
2112
742
834
568
2428
100
1712
2448
2832
156
2077
2463
2716
2239
2093
478
726
2285
1038
1048
2146
2382
2205
2458
172
56
210
268
348
948
206
966
92
178
1870
2241
2219
934
268
2579
1240
2123
2315
508
1224
42
1010
1066
626
1044
2018
2129
552
1756
592
1824
420
1080
2428
340
340
2648
816
1894
526
1478
560
1006
1192
2039
2244
106
892
2540
2248
874
808
2222
324
512
530
2073
238
968
2615
586
468
568
610
498
496
1176
1328
424
2544
2215
892
2440
422
172
1698
890
832
1844
886
100
2618
2779
380
2332
1478
60
1584
2080
2168
1692
160
1458
1274
864
844
1386
758
2233
1100
1436
2128
1422
2078
710
1320
2480
1556
2451
186
1804
2724
1312
440
348
470
892
1458
2650
1070
460
102
602
2192
94
730
110
2239
18
212
838
1916
2011
322
2449
2265
180
1448
120
394
2576
456
2299
920
2502
2350
2405
2018
456
694
1174
18
1660
2007
680
1196
2235
1416
550
2126
402
1092
2362
624
2397
2417
698
782
1270
2479
1890
292
200
1238
1240
1372
1038
790
726
2141
956
1842
212
2287
408
2310
1602
1130
1082
2521
1396
1164
2272
352
1092
690
756
296
156
1700
60
616
456
2335
744
766
2269
820
1574
2131
304
982
1911
1694
1212
2045
942
2386
2317
478
104
232
1302
568
2315
2441
548
82
962
440
2194
1982
2428
2352
68
1652
2496
1724
452
888
662
570
2628
10
2615
406
1928
2387
590
2400
12
1376
2317
502
468
410
2109
2214
1158
1494
2846
1382
684
2023
1054
1986
2302
688
1972
166
2302
898
1884
1470
1982
1880
1208
698
186
554
2248
2360
2150
784
1895
904
400
2118
1664
548
2682
12
1180
692
774
2256
272
1430
2322
1408
302
2230
930
1006
94
2006
106
58
2397
1856
154
2913
604
2283
1924
942
1206
874
1656
1356
808
2462
1346
786
566
1280
896
266
1262
854
118
1298
1762
884
812
206
2479
1070
338
1210
2044
564
2146
2338
2163
1758
1700
1966
1022
1967
2452
1408
1961
2357
722
1822
892
572
330
608
564
2556
968
262
968
860
502
1856
2224
1430
622
72
2466
1816
2281
1698
1716
1456
10
1952
1540
740
1120
484
800
248
2206
278
1846
1971
2412
2596
756
2315
778
812
724
262
2515
256
180
1776
288
1634
1632
2075
126
2301
884
1843
596
1652
2260
326
2437
642
2189
1074
2480
2110
2029
2651
1492
2365
890
768
2493
650
2162
1900
606
1154
628
2624
1144
2354
1972
2400
1996
732
1240
2296
1606
622
376
2560
1074
2366
684
2034
2560
1054
2751
2137
1316
764
652
4
2312
504
368
846
180
2294
2070
560
816
644
990
1486
2721
154
1010
152
2372
1678
2344
1844
1556
2059
410
742
2431
476
636
1466
448
922
924
2018
2447
122
700
2118
2466
56
1086
2225
1412
162
1408
2469
878
744
2198
