48
2580
614
2428
2437
136
2276
2104
162
448
2062
964
390
778
952
1364
2201
836
2562
528
2211
1572
2306
916
1812
2547
2027
1056
204
2693
2404
1474
114
2260
2049
586
1492
130
1890
1576
368
1254
352
628
2259
1150
1964
2118
1578
606
2186
1296
1052
1020
462
1294
272
938
274
2026
1076
2466
2480
2237
896
14
24
2618
442
1950
2193
758
1414
1388
2568
2252
516
2261
712
982
604
2252
2067
1462
228
1684
250
1260
2406
676
698
736
1054
2386
2126
2242
42
2283
1122
2274
366
452
1228
486
2252
1560
498
120
1510
2306
2128
194
2531
1274
234
1212
1180
752
2341
2250
2431
466
2507
352
2484
2122
2308
1186
506
148
2139
2323
428
2209
2538
1718
2551
112
2558
1629
1482
2252
376
2478
2271
564
786
812
1024
2774
616
1946
1980
558
684
2097
2136
1576
848
1860
1818
1312
2135
48
2567
1320
150
1904
860
2292
288
1908
2321
762
1544
88
570
378
1704
2681
2677
898
190
1222
1378
2202
380
322
1704
118
2386
490
330
2270
2252
1953
1800
982
1798
2363
1514
1953
1920
2012
1556
1152
218
318
2474
1510
1274
2522
724
480
424
100
254
2361
2344
2082
580
286
74
500
638
992
2477
884
2626
1970
2042
12
142
1626
836
2207
252
2317
2325
146
1932
386
1980
72
756
2192
304
66
1336
2061
1296
2038
1968
320
1792
1018
1428
256
786
2425
730
2253
2829
2223
658
2144
1142
1836
2126
422
640
814
538
1868
838
346
2425
2543
2027
1000
2745
642
2539
1726
1902
692
1114
308
1562
2563
2324
2151
2591
2346
12
2508
870
62
2485
2141
1474
1120
422
594
114
1290
1556
166
918
1260
2523
68
1416
1240
1759
728
2328
824
1598
536
308
764
1198
288
112
1094
1468
968
804
2108
2268
236
1468
2296
1134
2477
2424
2544
110
2153
1490
1832
784
2410
252
2099
1590
240
1044
2306
1972
2686
524
2416
610
1034
1550
288
2030
22
720
500
974
320
562
196
622
1750
1644
288
2062
574
96
2091
594
374
2153
2348
166
104
50
828
398
1468
2409
2044
4
2340
1210
110
366
1376
396
2534
2364
1640
108
2246
2702
2422
2492
2264
1278
224
578
2208
430
1912
1182
832
1990
578
2185
2250
256
2223
708
320
1034
1776
2181
2557
1218
134
890
1892
366
2545
1444
788
2242
2110
1756
114
386
76
926
26
884
1636
1148
584
1130
2365
1108
252
2484
1654
72
670
2094
1842
734
2570
1454
2488
2092
1244
272
856
1666
1242
2498
86
2289
2472
196
1488
1088
1204
2269
1898
1087
2524
2170
2540
2263
2278
2325
1138
2299
1606
1194
1456
2478
268
680
608
622
2429
342
2204
308
56
506
1028
2392
1840
1492
1534
1238
2278
498
2309
2539
2046
1500
2173
88
2653
856
2313
2654
2443
456
190
2060
2558
1220
154
868
2359
26
2316
2097
624
316
2071
296
84
2044
2339
850
1208
1020
1200
982
1120
550
2281
2551
690
2478
1646
1640
980
1254
2452
858
2442
110
2202
2360
728
2588
1406
2437
2378
1860
2702
1374
66
394
98
1470
2225
390
532
774
1594
1322
272
36
208
262
2311
2632
2076
2443
1452
2233
2367
1114
1592
620
2056
502
1830
344
100
2709
1458
1228
2365
2583
664
2192
2382
718
2318
1318
280
2179
1050
66
2542
372
1408
128
1258
2145
2294
2448
1210
1650
1940
2286
118
2230
2376
2265
472
2449
1088
20
470
990
1446
914
488
652
2442
912
1150
1140
982
94
910
2270
730
574
130
1262
494
2456
52
1216
1660
882
236
42
520
1080
214
862
2440
170
490
260
32
2328
954
2580
2307
2503
844
1763
2605
2154
2181
1264
2329
1932
358
150
482
2178
2290
1688
2466
134
2242
2495
100
2547
354
2434
950
2429
50
192
78
1274
2367
776
138
2515
1900
2160
542
2375
160
308
458
1846
1270
2116
2452
2400
788
1358
2063
1044
220
2387
2550
906
1008
2111
2015
1452
188
1196
2500
1676
28
526
2535
2564
1060
972
650
770
80
2126
2006
2045
1410
2227
2364
2573
312
1590
1526
2088
2086
1066
162
1888
674
2569
1740
1548
2061
1114
2128
1336
214
2034
760
2849
1452
2348
494
112
888
604
2361
2362
1962
2196
1718
520
308
408
790
2719
1921
1192
2455
2272
1176
916
1811
270
466
1839
1268
2244
256
2510
38
2370
2275
2478
168
202
980
64
1772
724
1644
2132
2580
760
2337
874
2325
96
1314
2446
1566
1896
2699
1410
432
1278
1536
2164
2263
2344
1094
604
2054
2356
1688
2142
1214
2024
594
2567
1444
404
406
2528
434
2479
1918
2296
2281
960
122
2461
2026
2686
2286
704
2642
304
1110
1220
1422
266
172
2426
438
2348
2050
688
740
786
1316
62
656
462
2213
274
848
456
922
950
296
616
2381
2030
90
568
1558
456
2202
2153
542
2541
2409
2401
612
556
422
2459
1825
1556
108
720
1098
684
2311
1228
996
2075
950
1100
2112
186
382
1016
336
1978
2837
2357
2325
1210
2401
752
354
860
502
390
2524
1980
2066
2349
2308
1536
2151
362
2391
2756
1388
1676
2103
1818
2522
2125
1937
2174
218
1138
2664
1612
234
2060
2106
1903
928
338
896
566
568
2704
1776
1878
1856
2227
1144
556
1308
648
2046
1916
582
1518
1858
2046
1106
1726
1328
2130
1276
2280
2148
2364
2429
2693
2943
794
40
2394
494
76
1639
162
1914
1980
796
2464
736
2308
864
1308
1899
1969
830
966
314
2347
1018
2098
390
1825
2387
2264
1260
184
576
1866
2238
2420
2294
1622
84
1638
2088
2119
1804
2098
446
2501
1720
946
2590
612
2522
330
1948
930
1798
482
2413
2131
2048
2201
2160
320
1278
2461
1949
1146
298
2344
2235
1414
1420
1422
2025
666
1462
934
1256
2539
608
144
2207
226
2235
1942
1392
2318
1810
346
1160
282
1054
1849
944
2038
1878
2036
1752
758
62
74
1478
812
160
1116
1150
570
196
836
2482
254
292
494
572
2446
1977
2434
2612
2312
404
2315
1384
2375
562
968
2016
2564
1984
2755
1734
682
1146
18
1982
1400
1504
682
744
132
2264
2417
670
2377
1154
2283
30
2560
146
2210
462
2305
426
2419
52
800
2164
2247
2452
2838
1846
2303
186
1802
328
2493
584
552
2006
62
1200
1274
1372
1758
90
2024
1114
2627
850
1846
750
1392
2296
582
2213
932
650
1476
296
728
2410
2168
2174
2224
1754
368
2476
1612
1506
2398
2295
1060
1867
1460
2382
1152
698
390
132
734
1888
570
1046
2086
2350
2407
720
338
680
506
594
880
714
2607
2217
2607
2275
2327
466
1945
230
1926
1224
1220
1310
1182
1850
70
2175
168
350
1818
300
2048
776
1372
2261
2473
2322
2319
542
296
1184
2362
506
2153
2733
2104
1026
840
2590
684
804
2564
110
2586
1488
2207
986
2462
2428
2060
664
56
2202
1192
1848
2172
2454
2780
788
2495
2668
2352
2265
1314
1458
2287
86
2680
2330
2464
2294
1924
104
2276
644
480
2217
88
2112
2088
248
1254
2379
2661
2046
2260
718
66
76
1606
2438
1856
2176
48
1220
2279
604
36
2480
1330
512
2481
1086
2080
2727
592
352
798
342
384
2212
2230
750
2315
2356
22
484
2398
766
2545
860
1148
68
2527
1582
1308
498
88
340
2913
2194
2485
2435
1254
726
180
704
2682
2116
1898
2466
836
2188
1598
1938
2449
2200
2478
404
152
2258
830
1770
1358
2099
2327
2128
100
616
2342
2487
1616
1310
68
2344
878
2034
1978
896
1562
16
2828
1428
2388
2219
166
1803
1716
2326
2032
2431
2317
1888
730
1286
740
624
936
1376
390
1293
1960
1966
1022
762
232
1988
1188
2461
974
4
868
1821
1964
22
2100
2203
1436
1110
2182
2662
2460
2084
510
130
348
2124
2112
296
218
2308
210
774
2230
660
724
796
1972
2050
128
1888
1902
1096
410
30
2139
980
66
1622
2069
1046
776
2449
1034
752
1710
1242
460
1584
2228
416
616
952
2568
1156
2214
2664
2292
1934
2558
202
1933
1910
12
712
1876
1720
146
146
2034
394
2153
452
1158
500
2386
2036
1004
542
2403
1528
40
1678
2398
2072
1960
2050
368
928
1570
674
2234
1052
2314
2457
1786
2485
222
554
1494
1546
1647
1246
460
278
4
1110
2468
752
2058
78
324
2212
2699
2758
132
178
518
348
2318
112
344
442
2194
2399
2379
1014
8
2254
2508
1396
588
86
230
2539
2445
1366
2242
2024
1744
2093
1844
978
218
394
2158
136
584
294
472
2311
2685
838
2118
170
1676
134
2302
112
1529
2010
1996
734
2004
1104
814
2245
778
2484
2648
2279
126
1502
2288
1204
560
726
2410
1528
2461
2382
344
2196
802
130
916
2579
114
242
1424
954
1558
10
760
1866
1350
2171
1432
896
1858
1496
2340
300
1078
446
2286
258
228
2108
1228
968
792
448
1454
176
346
2430
2128
2605
1076
980
2129
824
2514
112
1901
2399
1958
2088
810
438
436
210
1408
1212
1985
1434
2357
2550
2222
152
616
358
962
996
342
790
1148
1008
46
2107
1174
2360
1018
224
2597
2462
1196
108
240
2488
1436
1534
254
1314
22
2774
196
2416
34
546
348
1328
2094
2200
2206
1316
464
136
784
1130
2394
862
496
1850
364
342
94
2643
2121
1746
2002
334
2562
2654
864
610
2448
360
682
2486
1290
1104
484
842
1692
140
1292
570
2392
2364
2214
1252
834
1444
414
212
982
1614
1630
2054
2204
684
462
1000
1912
400
2061
494
2795
424
818
1434
952
862
2284
2031
770
2373
672
2346
768
934
1180
2269
1906
484
884
184
2459
720
2479
2275
1184
1090
318
574
328
1146
880
830
952
542
2067
2030
1996
116
2482
472
586
2140
422
86
524
1274
2694
2787
94
816
240
226
810
2014
2240
2332
2230
34
1616
1714
966
92
1995
1362
366
1892
290
2244
732
2346
366
2082
1380
1036
2388
1678
1768
1666
2629
2116
2402
1054
526
1820
1110
2002
298
820
684
2398
2277
2628
1454
370
846
2288
136
752
1270
378
854
542
2122
92
2524
524
1056
2144
308
302
2103
676
1408
480
1666
2109
2426
1018
1166
2241
2235
2283
316
188
1580
352
1652
370
392
2153
2090
126
852
2112
652
1976
1366
2697
680
1536
2352
2382
1644
958
676
356
678
678
2556
564
2380
266
2710
952
2397
374
218
628
2731
2228
1048
1348
474
2665
2425
2293
2538
172
1996
74
1953
480
1844
372
1724
1746
2438
274
2388
226
2225
32
2368
678
2713
1286
1797
470
1064
2203
1020
48
2260
974
1644
428
496
1170
2004
578
2030
10
1310
150
2360
1058
2020
988
1018
2178
1218
2402
186
2452
1286
2230
1050
738
1214
2202
1218
2237
1772
22
1050
416
2526
504
2123
1200
360
2304
2019
104
90
694
350
2180
694
418
856
1192
2494
2142
2179
446
192
7272
2063
2498
520
22
2242
1658
12
256
616
464
2656
560
1926
312
2346
640
386
544
1472
1506
2178
2563
2479
1552
8
2614
2479
2613
202
1864
1498
1306
460
1765
2206
1822
2224
1762
150
1426
378
2390
910
2038
2450
168
2078
520
1166
54
1378
2430
2179
1989
200
766
696
218
1516
250
2484
1148
604
890
618
604
2349
1723
390
118
1654
2058
232
2022
32
1258
332
2871
1360
2441
1154
350
326
314
1190
2475
142
1078
640
1886
984
2737
1652
516
1706
2278
2005
2476
680
1652
2322
932
2293
702
678
1606
726
1244
482
558
2165
378
304
2086
364
2356
702
696
2357
2090
76
1148
2198
1150
26
1458
1224
246
126
2586
780
454
1410
1578
712
2306
1348
1940
246
1670
462
218
200
884
260
2284
2263
2489
1979
424
634
1538
2670
2408
2308
84
736
2379
298
2466
1608
1887
482
468
2525
1668
2120
2502
2418
1382
2574
910
2274
2322
1736
358
1678
1902
834
2359
2438
902
70
1650
68
940
1254
166
1626
1298
1070
2394
680
2244
2455
268
454
2110
18
54
802
698
650
1058
1308
568
2076
424
1722
2084
2080
318
2214
506
1976
2347
2318
2623
714
412
2004
2666
820
222
1628
352
2462
1982
814
126
2624
560
2614
296
2506
12
80
1910
1586
2274
14
1048
1666
1646
1934
852
1730
1792
900
1500
78
2187
964
240
2494
170
124
2288
1889
2264
336
2370
2010
1624
82
1985
2418
94
2535
1901
1176
754
2029
2309
1818
312
2703
2608
150
2355
2294
242
484
1282
984
652
2050
2371
1394
1028
2506
2623
2014
1848
2489
2391
2238
1804
2260
772
1518
1538
2538
2693
10
500
2247
1838
2130
146
2072
1674
2365
1954
2314
514
266
222
2346
864
888
2474
934
1138
114
274
1418
1761
2022
1922
2541
18
38
1748
1058
1951
2402
1260
2264
758
1092
2568
1638
848
376
462
2067
1112
70
272
1952
2182
1110
1046
1226
122
382
306
2030
2118
862
2320
962
1806
2161
1072
1688
330
2212
1426
790
1464
1064
2563
2047
2412
2136
1696
2201
698
2245
1032
1728
166
184
774
1368
2167
162
400
1546
2146
2879
1708
2214
618
254
2336
1908
2558
2403
514
1840
1904
758
1946
430
2346
2226
2254
106
2176
848
2230
118
658
1242
2510
2290
1302
1064
1881
2505
18
2295
1480
506
50
2453
2102
1782
196
64
28
1014
92
1326
1922
2431
248
16
388
2531
1460
294
708
1342
2608
1038
1464
2479
304
594
2255
594
1654
1342
368
1164
2185
10
2122
1874
82
1650
524
872
2243
1278
78
2287
2214
2053
2339
1458
184
500
1334
406
2288
20
1704
964
638
2194
1674
1840
306
2500
650
1444
1076
1536
2038
1982
1432
588
2658
102
542
594
2197
736
1776
1112
1040
2365
696
2505
476
1000
578
1352
2401
1956
2297
640
106
146
938
2246
262
2361
286
384
950
1860
1998
2342
1222
700
1110
204
172
2010
78
1148
368
872
1986
1948
1940
288
204
828
204
2165
994
960
210
1284
2608
2058
652
34
2002
730
2084
2230
2405
1735
486
250
94
456
654
1274
1674
58
2731
932
2152
696
8
1406
806
2647
384
636
2431
104
2444
2158
2155
1598
466
1933
870
1394
1290
2437
220
1700
470
2252
132
1504
160
1808
1196
2539
1947
2629
1192
182
20
2347
934
264
1208
804
2278
2232
530
204
578
892
1076
2407
482
224
1733
738
1072
2588
908
142
2213
908
2180
104
156
664
2308
820
1068
1606
2682
2165
898
646
2276
2548
2015
454
2104
2228
626
2711
1350
2216
984
554
2063
1819
492
294
2339
26
2115
1566
54
2043
770
2413
954
2354
2342
2410
610
1810
928
772
1912
2585
2013
2313
2286
1870
2109
68
1108
124
1324
2068
1094
198
54
1188
1984
1994
1194
946
946
1756
754
1190
2169
2070
2297
2261
182
1705
58
2229
1886
10
1602
1000
1576
1992
2528
2140
2072
266
2370
2135
1198
312
526
260
490
1686
1512
1622
1434
958
2130
1324
1152
2205
2371
2470
2524
1084
2144
1504
2227
2388
1531
138
1486
376
2141
1114
2634
170
184
712
28
2414
198
314
1962
1814
1634
2170
398
2034
46
2034
1863
1440
2041
342
1362
2266
2436
376
1290
2017
1156
1684
2399
1974
1070
2382
2243
2631
356
996
2137
524
1040
2105
1352
1348
1630
2488
406
74
2147
174
1988
1558
732
1714
2307
564
2454
2199
2295
2140
896
1825
432
2384
164
2159
2156
2338
582
1326
702
2368
1110
802
2512
354
2119
2672
1120
1600
2389
1680
2354
318
1916
2556
2032
1958
250
2245
2260
38
68
1278
450
828
2260
1424
554
864
2353
2210
1650
596
146
156
752
152
44
358
2536
1264
1750
2184
172
948
756
2248
2422
194
2059
1432
882
56
70
778
2427
2300
2485
1112
1220
1218
1536
880
822
1010
280
674
756
1578
124
68
1860
610
1952
228
2001
958
576
2074
1098
2702
938
2433
610
2126
1344
2099
868
86
1058
2238
1084
2161
2372
600
360
2457
2178
448
340
1370
1052
864
2252
2286
876
2225
1342
2289
866
1346
1308
2784
2318
626
1752
2080
1508
2247
2299
484
2286
460
1306
92
2220
2514
2279
388
1172
2606
1692
440
1204
124
968
430
2657
1242
2689
256
2295
1916
192
1092
2136
2172
218
1162
248
2044
1158
478
706
808
2453
2687
1614
828
2137
2196
2570
1512
704
694
2221
1984
2566
158
276
1654
718
1070
2196
1604
1608
86
2089
742
2574
2270
1310
1168
2350
1204
2260
2241
654
4
642
1848
908
1754
626
2144
128
2753
2094
1236
2303
1022
1086
1198
2183
2605
820
824
1970
424
1398
522
1220
910
42
760
484
156
2364
2457
2366
1456
1034
1058
890
392
2387
2915
2330
742
132
114
208
1982
2698
2072
1724
474
982
2222
738
2237
2377
26
620
944
2328
1744
2071
2367
144
2143
92
116
134
306
2389
212
240
160
1412
2203
2621
570
2143
1592
204
2051
1462
512
1604
2267
998
1322
2261
858
326
2181
1592
534
194
1766
360
310
2064
2180
1698
2
2218
2666
1878
2682
300
2769
916
962
1974
1050
422
2453
204
1228
218
2361
660
2213
2525
2406
738
1382
532
142
1024
342
2094
588
472
2748
1204
78
2066
2463
1364
1156
406
2484
134
1186
2272
98
2210
2266
2162
686
2420
1896
766
1216
290
2495
2379
1152
2108
316
2046
974
1048
268
2337
1296
1704
412
2676
1514
492
1314
250
24
20
2121
50
892
2181
1046
2238
2481
2358
1452
2496
322
986
656
2291
1190
2756
1954
2254
188
2454
2087
2224
1382
1887
16
210
2572
2133
2562
1048
1004
2453
1404
2470
978
732
1044
596
2116
78
224
2650
628
1240
136
420
284
2070
648
2102
840
1118
2222
190
1976
2065
1334
1244
2140
1470
1640
106
586
308
2105
2023
2368
2281
2279
816
1122
2424
2550
1674
390
2406
1636
388
322
1380
80
1692
2181
406
2461
896
2238
2162
2546
180
1058
426
2107
588
1857
244
144
212
524
1546
2440
2368
2388
630
856
1366
858
868
14
2676
2357
246
1852
728
52
2518
226
1636
426
2691
2320
1164
414
2611
2797
1883
168
2404
694
2102
268
2343
2227
2139
2076
722
24
1546
162
1126
2082
1444
1412
1562
548
1338
2358
270
1562
2166
224
2404
1342
2370
1206
2328
2084
532
1991
2506
740
2164
1480
928
88
2172
1164
1078
2812
1624
480
1232
1700
722
1388
1692
840
1572
2119
1840
1792
2494
296
2026
358
20
2521
644
108
288
730
90
1320
1786
2404
1318
1790
698
854
2712
2657
2401
1464
2587
80
2540
130
1004
32
1718
402
60
144
2126
2232
2006
1504
560
1118
2658
2704
1034
2553
2239
2529
382
2057
310
1672
1618
1576
2521
752
2554
2380
2259
612
638
960
1916
1280
1190
2499
2564
2203
2595
2119
298
928
392
200
1596
748
2346
424
698
476
1350
836
2306
548
234
2246
152
1923
508
218
736
2175
2034
1254
838
1244
736
754
1736
72
2655
1938
828
606
1396
30
254
1642
522
1060
2186
1332
2459
1998
2175
1206
778
990
360
2243
1470
152
1330
2140
2538
108
2454
830
1700
2588
24
2687
1640
944
302
1740
1674
1768
2621
2127
2402
664
1933
2
1808
592
2144
1577
2063
716
1086
16
400
2367
2056
2099
264
128
1852
1372
2514
582
2644
702
142
1842
2562
986
760
1244
1992
1316
2381
2575
1546
1546
1148
1132
2726
80
2540
1893
2016
2226
2501
2489
2370
180
580
806
232
2094
372
436
764
24
2338
812
2176
2351
682
1128
3162
2250
2263
496
424
1584
1172
450
1625
226
1874
334
2533
904
2611
1971
1892
104
2306
2445
2643
1270
106
2340
528
286
894
1834
1951
30
278
2189
2108
2339
200
148
2188
1916
2662
84
1732
120
2426
2168
66
328
36
318
1386
2413
2419
446
502
674
1812
1490
2068
2607
434
696
454
752
2370
944
1999
2486
2436
444
300
766
2406
2367
2511
1294
1414
1458
732
1688
2198
342
1784
1708
252
344
518
92
184
308
2050
2130
2136
72
2336
1562
1983
2563
254
252
128
1642
2507
392
994
1182
2057
1963
1640
1222
950
574
1460
1600
414
1922
2305
2161
1824
2283
506
2294
1974
326
2525
530
372
626
1270
1348
1440
1506
2323
1963
1970
2344
2477
2484
2128
2365
2706
1428
1922
254
516
2629
1188
492
350
1846
1624
2632
2227
48
1752
82
734
596
14
492
408
2485
520
1562
1436
300
814
62
490
2185
856
158
2356
2166
2339
2531
2440
1955
2465
938
2522
2559
2426
2274
1696
2640
2229
308
578
1146
1444
1996
1032
1864
2292
756
918
552
684
812
946
236
2035
150
74
2390
1288
2640
2280
544
1843
10
1238
1728
1940
102
2506
2120
2301
2485
1942
1360
986
1960
932
144
2132
1058
1791
1034
322
1064
2681
524
162
2407
994
1259
430
2060
1144
824
2309
1854
2679
1416
2635
392
606
1714
1870
2084
1428
38
586
474
518
300
2355
1704
2023
618
136
1018
2396
1578
72
1743
2647
2306
2558
2042
1492
240
2614
1696
2514
1002
2365
1056
1512
1244
1400
134
954
1494
2086
854
1208
2412
1980
18
2059
2686
2605
166
2292
1614
1679
1980
384
964
138
2132
904
1848
2350
1924
1272
2257
1270
2455
916
278
406
368
2137
378
8
736
346
708
1346
2139
2325
2087
1833
818
1536
20
2610
206
616
1238
256
652
2431
1362
2185
270
2462
2437
1090
614
2130
400
1722
336
1942
2186
2343
1550
1856
842
2568
722
1356
6
2809
2489
760
130
1248
754
2536
1450
2610
2742
1818
2345
1446
270
2195
2344
2528
408
1080
1428
2263
86
1364
2150
136
2500
1014
1760
1588
298
1050
1862
1226
1276
396
366
2413
1526
1962
1682
992
1989
1408
1522
112
1684
1421
2086
2080
2503
2630
2261
978
2446
1608
480
920
2201
428
2314
2673
2183
2384
1956
1964
2066
270
2151
2229
2155
1346
1338
1098
316
228
1784
2565
2307
348
2345
718
2228
2351
44
1458
2184
1850
2351
1578
598
420
30
2125
854
1884
386
582
328
184
1120
2166
2102
1558
2094
2513
330
2524
640
2292
2438
2305
2398
2588
1182
1280
2399
674
1778
1382
1164
746
364
2449
2195
1726
1004
2334
1372
70
2469
22
1964
492
2034
528
446
228
146
658
1576
172
2343
108
484
1220
178
1282
2575
1350
716
2205
104
2123
2641
416
744
2404
106
564
156
560
488
2199
72
926
1462
2394
1222
2174
1664
2652
2833
2106
2372
2168
366
896
1050
1160
786
2346
2506
28
1208
2561
1960
822
1871
1680
2311
378
532
116
1022
1410
366
1402
2300
680
576
2595
452
2032
628
2176
704
1242
1996
776
1548
872
2120
2621
2329
1436
494
1915
1976
1334
2318
938
2689
2572
668
904
998
1480
1960
1560
2395
822
2651
1102
292
1844
2519
448
1620
2339
1252
226
1112
678
968
1646
2576
450
948
1652
952
138
2562
1586
968
238
572
756
414
1822
1984
132
2401
40
2576
842
2323
2115
1394
300
1130
2242
278
2483
2313
2324
2100
90
446
904
612
2014
2384
2268
2075
1240
2423
154
644
942
2179
2490
2478
924
546
1410
1494
1084
2058
34
1967
1322
364
2150
674
1868
62
234
1366
2340
2480
1108
1466
2314
1722
1766
346
78
2511
52
564
1278
2449
124
2053
2141
538
926
2272
1850
868
1804
392
576
186
194
1628
1793
254
606
1580
662
2362
290
1070
2458
68
506
480
186
192
1224
2495
2396
170
1418
2396
2683
408
2026
972
2129
612
1997
410
166
2520
204
2572
496
794
70
1084
2537
762
1176
402
1752
316
2274
1080
328
2395
2406
1440
2353
134
2244
2390
1464
1456
986
2226
2065
2474
2242
1256
1926
1148
186
2358
1384
178
1628
2311
2022
1734
1803
2483
140
2689
912
24
1348
2190
1995
2536
2449
2434
20
634
2041
262
2378
2477
1872
602
1983
430
402
56
38
692
1404
2153
742
2370
1276
320
1022
1466
2341
222
1236
2381
2381
1738
584
336
262
1910
2588
210
324
420
2243
1272
168
2200
1048
324
1414
302
2353
2339
1246
320
276
1817
156
1404
2076
2226
812
1776
2288
1064
2434
1680
2789
2
1862
74
1522
2518
568
2618
558
280
2363
1060
2607
1784
2615
70
288
2138
2900
652
1462
196
1888
14
2054
2176
578
2232
1084
2688
2775
300
502
1920
610
2433
2148
1036
760
2611
2592
1454
2479
2311
352
1640
2312
2062
1336
708
892
1880
804
1482
2126
1028
218
1412
136
1876
188
1294
1982
1064
2010
2436
1920
1474
188
1762
2741
528
568
2234
2322
2486
1288
1252
2616
2021
320
1860
884
1458
2255
2560
52
116
760
1516
1366
2188
1674
2603
2499
1378
144
86
2196
486
1883
120
2163
1876
298
772
2320
770
1572
2303
2219
2180
432
2699
1334
1934
1188
1976
126
462
880
1416
2148
2466
726
556
1214
676
614
844
212
2022
1860
72
766
88
2283
726
1120
318
2349
292
2220
2300
892
74
456
54
1927
278
8
2256
588
1556
2615
1470
2030
340
2477
1128
2197
2324
90
708
2014
210
2404
170
1668
2370
2298
2076
1106
2478
460
3802
1430
336
2194
1410
1630
516
128
632
328
2210
2165
1932
2067
2478
2541
2268
2091
170
2681
1946
226
1344
2106
1192
896
992
1388
332
2574
708
2467
2362
2366
162
1720
2313
940
102
1876
2362
294
2498
1572
2245
2538
590
724
212
2024
2538
1656
984
1830
1790
1216
724
956
2154
2224
14
1078
1950
1432
2546
1302
464
2205
242
2994
2329
2090
2113
1558
256
998
1858
1142
1024
486
2321
2398
2337
2439
1496
2462
994
1204
1270
2348
2393
912
2862
2014
340
756
216
1010
870
2307
166
2306
1892
172
1266
2599
2066
2362
2110
658
1180
1742
2265
1044
1642
2374
2220
1338
80
2468
1957
318
1464
1714
576
1708
1402
1612
1568
2054
2156
692
1831
68
2496
6
2368
1774
2556
566
210
2130
2798
1544
246
2245
956
2581
376
72
2334
2579
2184
1860
28
388
1328
458
82
242
2104
2375
1998
816
2359
1708
976
896
2346
2470
264
220
1200
100
2384
38
42
2184
2283
1234
2320
1638
1320
2252
1648
546
400
2227
476
2078
2519
100
606
878
964
2517
1988
1960
1218
762
748
2321
2296
1922
502
1884
1374
70
874
1766
1060
706
1886
2217
152
2350
2088
2398
2276
1244
2609
2249
2372
270
582
2212
1726
1980
2218
2410
1945
274
1768
486
858
2240
2556
616
2483
1254
1770
1250
812
676
2174
2640
62
1532
2030
2568
2400
2616
98
2497
1016
2150
1514
1080
1190
672
2428
502
694
914
2135
2048
1872
1352
1124
2582
758
2425
1989
2671
360
1438
566
2021
2006
2254
2579
2418
2176
1362
642
1926
1612
2012
66
16
2419
2096
2566
2157
2006
588
2192
2293
2331
2197
2429
1688
2426
1894
1146
2318
572
782
458
2794
1744
2052
252
2063
8
1626
2202
272
1364
690
388
616
1796
1326
2135
1726
1754
316
2039
1136
142
2650
334
540
794
798
1540
2216
1994
1020
1976
624
366
1392
2158
420
1534
392
154
1314
2686
2451
150
402
2656
1456
946
1580
1390
2197
656
900
210
1084
416
2347
1362
2526
980
2202
952
442
2330
1054
1556
1444
1732
2285
1758
2566
1546
436
2038
80
1362
1094
300
1164
1128
470
2111
2361
1816
122
2182
2485
662
1074
2661
22
1766
510
1958
1236
2239
2249
2533
2294
214
586
2547
76
562
1531
580
526
1274
2573
1542
802
642
668
124
1032
936
2212
914
1955
1508
2660
1250
1474
58
174
282
2013
2400
2026
1536
1416
2313
1584
2625
82
2205
2571
1222
1983
822
2458
274
250
1386
166
458
2569
1192
1948
1950
2119
2153
1066
268
860
204
2525
1950
2817
1568
1228
756
2246
2354
124
568
1990
58
2421
1524
254
2531
1674
362
294
2634
1008
270
590
1918
84
820
486
2006
578
2163
160
1738
286
1202
2
18
84
170
1002
2558
1098
1724
1686
1862
2338
2579
1973
1656
2649
2716
1772
10
226
2292
2098
1742
2274
2171
1104
1100
1328
2388
2298
894
1866
2267
700
414
1884
1004
424
1412
2106
1935
2116
756
152
1672
2157
2707
1976
136
464
964
1298
2747
2382
1458
150
1972
978
2110
486
660
300
598
1960
642
1484
74
2297
2385
1458
1056
638
1956
536
2199
2189
736
1889
646
1604
1570
188
2457
1050
1990
2460
204
244
966
2434
1388
50
920
2214
2559
2465
796
1978
2189
96
410
840
794
376
358
772
902
1214
440
1318
1134
1450
1628
584
1158
58
52
1318
1146
130
288
648
2163
380
2000
590
2429
2225
160
1776
1436
440
1036
2367
624
1600
764
590
480
2198
2281
840
174
646
2430
818
176
1222
2478
1446
2468
286
152
2550
2279
1212
2497
390
2082
64
1078
882
916
28
492
2054
2178
1120
2213
228
2012
914
2320
2394
534
2060
1500
2726
1536
2100
1350
978
2514
2157
220
2504
338
2298
954
1614
2241
1300
272
574
2394
1456
1828
10
2394
1252
752
1700
1550
2110
464
612
1638
448
516
782
2153
442
2311
2780
2112
522
2182
2096
44
2277
674
1182
824
2272
502
1196
1782
2179
2143
526
2574
1038
2368
2269
1970
848
972
1698
916
738
876
2433
1733
1528
496
2514
516
680
1688
112
2376
590
2141
2129
1050
778
2301
210
1736
482
2614
268
2425
2218
1498
2122
22
2177
2507
500
2451
1356
1833
2272
640
1970
1438
916
396
2277
1554
2402
2063
666
1464
2372
504
162
2010
406
656
1910
1410
1356
146
1278
292
140
2538
2590
2573
1268
612
228
1220
1280
2052
382
296
2393
2370
2161
1480
1933
2000
180
2825
1698
1510
626
1758
2129
2290
2459
940
2528
2826
2271
1910
858
1322
698
2152
2360
2140
1428
1182
1640
780
86
1950
2232
872
286
2334
1512
1468
276
2477
1390
1034
2096
734
1380
2092
76
1868
2394
774
772
348
252
1042
2392
72
2165
2383
194
1778
2471
534
1374
80
1152
574
2463
2117
1022
1910
242
1000
2537
2425
352
548
2052
540
1704
2547
1432
1342
1674
694
2076
2323
28
1698
346
350
322
1212
800
1960
956
2086
2680
716
1278
870
854
1004
64
1286
1120
990
566
960
2150
2532
338
2575
552
500
502
2074
1682
148
2006
2181
1224
88
2393
2157
1116
882
556
1886
288
408
704
1986
1348
1036
2336
186
1896
616
68
306
920
1338
942
1274
1834
1748
1628
1178
716
1600
720
2213
2687
46
2253
1292
508
2161
1378
454
1266
468
2099
1825
1806
2127
2368
1570
324
2047
2527
2398
2043
772
266
3035
1270
1388
716
1927
1892
1914
2616
736
2192
2434
2057
1688
160
2558
388
1909
208
26
2346
104
2161
82
694
94
1022
1847
2232
1712
2758
2403
2166
1044
2834
1410
790
764
2198
2072
446
1586
1326
1454
2082
56
2150
2258
728
1836
2326
2632
2260
1688
706
1174
580
522
2005
450
2395
462
1870
898
1002
2237
1202
1538
1892
432
854
1632
1958
2130
1550
2100
2509
2279
796
2349
2594
2332
2264
820
10
1790
2048
2101
2149
2350
2457
1414
1446
2636
2416
1268
2163
762
1688
2324
420
2313
424
658
492
126
40
2304
1462
1690
780
1002
254
2274
240
178
1214
804
2179
1522
2006
542
1992
992
2102
2032
2680
2499
2418
1248
2627
1686
1938
2490
2396
2577
546
370
588
1258
198
374
2196
2695
612
2292
210
84
1158
2293
1004
2414
2376
2021
984
1466
2520
102
140
582
260
1788
648
1120
1072
2129
606
310
408
60
856
200
930
412
1170
998
1276
2322
810
978
478
1514
1478
1500
532
1000
204
200
268
1923
2380
2340
168
2299
270
2374
894
442
1232
896
220
2432
550
2254
822
792
2126
2414
156
2279
1980
2140
868
200
298
1360
2503
2597
2398
524
934
2524
2098
1276
664
8
2528
1676
2440
1632
1226
468
1316
2461
2142
2324
1921
1576
1712
56
98
2156
8
2176
2449
382
1970
1532
604
1768
1991
474
448
1524
246
802
2355
510
1890
1084
80
2157
10
1294
452
2354
610
382
2401
900
2394
2311
2648
2612
2162
498
2659
434
112
144
812
2138
2423
2632
296
72
386
954
1124
2265
2392
1936
210
2622
1304
1949
2598
1931
1760
2352
1036
1772
190
2719
2030
120
1060
208
1228
2477
2484
2602
2085
1134
320
394
1032
1536
386
146
756
1012
2319
1652
1082
2712
1652
2145
2045
350
4
210
372
2242
2355
2364
2138
1260
966
1920
1324
112
2631
1032
16
2691
852
54
812
1144
1786
902
1242
1892
948
2082
2350
184
656
2731
968
2661
400
2456
542
606
1268
410
542
2199
264
1466
796
2348
1096
510
272
2154
398
220
2656
94
1154
474
2392
2329
1074
2410
2156
2218
1656
368
432
624
2284
548
1938
2040
1124
1772
2320
1652
826
474
2568
214
2419
2631
526
2410
2355
2201
1650
2504
1316
426
2187
1186
1012
2133
796
370
2404
2126
2481
2144
660
1448
1022
2568
168
486
1294
1410
366
2206
130
32
700
698
638
632
376
430
1360
2252
2396
418
2040
886
260
2501
704
1668
1032
146
1486
258
1150
882
1118
2506
2460
1090
2579
1704
560
1820
1522
276
338
2615
574
1744
280
1392
2131
2499
2000
2051
614
2265
298
782
2216
2009
1182
802
2289
2148
2583
558
124
938
466
2033
106
2292
234
240
2133
2110
1646
1078
744
1778
2279
166
56
1996
1072
2492
62
420
294
416
2148
226
1364
1804
2302
2748
260
2587
208
2010
2228
286
2290
1498
334
288
2550
584
2553
2193
2192
3069
2468
398
1326
1512
2106
1740
1780
1102
2438
1544
754
1100
1604
542
2481
2233
242
1536
550
342
1276
70
2634
534
1230
1114
520
322
1006
654
2374
2186
334
1430
168
342
772
338
2297
2005
1664
108
2106
654
2122
1258
1468
1726
1408
606
1630
196
1915
1877
60
938
1260
1978
2114
950
58
62
666
1586
1514
2301
1855
2200
2087
2473
1592
1236
272
2241
724
516
2482
202
326
1396
1098
64
884
2292
604
902
2248
2032
36
1828
2032
172
1973
1650
360
1350
920
1124
2264
1991
2376
2694
2786
898
1759
606
2817
2375
2631
878
2122
712
2147
706
2120
2303
816
1792
388
2522
504
2676
1710
1898
1712
600
694
1364
2315
984
2092
1538
1862
2227
1182
364
2111
2625
322
2213
628
2602
38
308
862
1294
1626
1854
528
1202
688
1198
2540
2364
2213
1204
2462
2478
2046
538
1124
358
2217
1578
2362
826
2339
2050
1366
2185
2439
2242
2216
2616
2364
1598
1340
2158
2398
1820
1656
2120
994
654
76
706
806
1190
726
1486
1016
1172
914
2393
340
138
960
608
2293
1902
1788
824
1716
700
294
2147
1980
742
2475
1202
204
1838
1874
44
48
614
922
1212
646
2232
2152
2292
850
2427
1396
804
2081
1586
166
112
2028
1920
2655
2572
534
634
1842
1918
2632
664
2490
1134
714
528
474
462
118
324
1072
118
298
660
196
952
2279
858
648
2230
2297
2663
1308
566
1032
216
544
1366
880
2158
618
2620
132
2323
2030
376
2024
2606
970
250
2369
2432
2332
180
238
1226
1844
2242
1626
456
2276
624
988
1866
458
24
1977
2300
1186
168
422
2673
468
1870
1234
1923
1262
796
1300
1864
1060
2344
1702
946
2582
884
312
1876
870
2243
200
2252
108
1686
1794
874
1224
190
2588
2277
584
2442
2173
2277
186
1436
2196
1328
1316
2357
2439
1968
1486
4
1300
2477
2126
2406
2233
1948
2517
2343
682
1802
434
922
1537
2466
2366
1872
2620
2597
366
1082
1898
718
2173
644
28
404
278
2046
1722
2201
1168
534
2083
1994
2237
362
2321
166
2316
1904
1803
1780
2132
2766
952
1166
2164
384
2166
696
1262
2481
2547
1406
2
234
1146
1880
650
502
354
2804
742
1194
1258
2182
1186
1724
2267
2264
408
922
2259
2082
2625
622
2164
962
1400
2382
958
150
644
1260
448
38
502
2329
1328
2202
2362
664
2187
2306
2258
2412
1454
2349
174
2454
1814
2440
2526
2276
2136
28
644
1974
2057
1024
408
192
364
1630
346
112
2287
1272
770
1060
1104
940
1972
878
930
428
686
2309
1532
2461
286
480
192
184
1038
78
1956
620
2248
2136
44
180
1166
2274
1062
534
630
74
384
1730
1300
2444
232
2627
316
1274
6
78
2315
1402
2272
440
1950
570
2280
1838
422
2215
2551
2633
2313
232
2483
2424
2016
920
1962
2430
1788
42
1300
532
2084
422
544
1790
416
1608
2519
1660
2695
2397
374
1496
1000
2359
78
2376
1308
206
2040
1094
1240
734
2425
1900
1128
2429
2288
1918
670
10
2653
468
2087
570
1628
1110
44
918
674
208
1826
962
1012
1146
894
904
404
1168
42
2100
126
200
1678
2313
2254
530
598
998
1064
1200
2350
1064
2498
778
2237
1796
1594
2633
136
2298
496
2248
194
2060
1608
1452
2216
1662
704
1883
1230
2219
88
420
2736
2125
1184
1460
2566
2531
974
384
1646
434
2350
738
42
1716
1782
2788
2265
614
1148
2483
1278
314
2294
1506
2339
2198
676
528
772
192
536
2214
584
410
1956
1476
2585
1864
62
1764
2633
1834
8
364
2842
130
2679
2617
448
652
822
830
2364
94
274
2049
428
806
2285
2276
2253
2594
752
1202
288
1192
2002
348
734
850
244
2225
1990
2102
1516
2228
1810
36
284
722
672
1644
2227
554
186
132
2301
1316
70
708
1164
590
1918
514
2583
1402
1821
924
2409
576
1942
1058
1964
1566
1574
2074
1176
608
34
994
2072
1346
2349
38
1612
1588
2546
812
562
1442
1526
2331
2665
2350
1652
1238
584
2819
2268
18
2149
2187
2488
2048
38
1848
2138
2029
1590
2014
754
280
90
976
2074
1684
2264
2451
1238
300
1186
600
2176
1264
2687
12
304
2576
2114
2134
1004
68
2258
2484
1784
956
2001
112
252
486
370
1678
418
1278
608
2297
674
8
1887
224
1596
1414
2479
1502
78
886
1538
816
26
118
570
1082
802
106
1004
1632
1008
890
2502
2263
2366
1258
242
1318
364
56
248
2152
1654
1838
1795
294
2079
900
968
2528
2246
664
2373
2286
864
1598
2541
1278
2010
348
380
304
1968
250
382
1542
616
2140
2256
628
2228
92
2374
2253
568
1248
56
846
2750
134
312
808
166
174
2177
1566
1973
832
494
1950
2182
2148
1386
446
1170
1760
1990
2719
964
2331
2619
2241
2144
1190
1598
2092
1010
2312
1120
1500
2237
2074
2339
428
2530
2315
316
2151
582
2361
1168
1724
2133
1354
104
2913
712
2087
1823
1272
466
208
2226
892
368
1688
472
196
372
1570
2378
414
2498
980
1286
1454
154
2314
2142
160
1988
1006
1224
2310
874
1120
230
2032
830
2071
2671
1430
196
1932
798
1744
1984
846
94
1518
1836
1432
1066
1086
78
486
2333
660
1956
2170
176
2440
1586
2552
1418
1598
118
1286
382
2470
34
688
2428
1032
2137
1968
2381
410
126
756
348
862
238
36
522
2226
2647
2284
504
878
286
538
2384
2347
408
1116
2461
242
984
2341
2586
28
2458
2337
1966
362
2003
2550
1664
342
676
1478
1586
924
544
2288
1040
938
2326
1818
342
46
312
752
614
572
1776
488
1164
2499
2080
1278
2192
2281
220
1924
1452
20
1644
2219
2180
292
954
834
638
1172
982
2594
2167
410
2162
1797
64
382
2378
332
402
2128
1764
654
2205
706
1434
46
268
2604
1346
316
1120
1280
2621
2428
174
2495
1776
980
1472
2286
2402
534
2665
2587
544
1972
1752
2485
126
786
1650
668
380
780
2304
2246
390
974
2445
240
1052
1346
566
270
1542
2167
1358
28
1542
514
2432
2097
2244
2599
1212
2294
856
1979
110
1048
750
352
486
2402
316
222
50
2038
2330
996
654
230
2403
1350
1374
2446
54
246
760
2278
2412
218
2319
1983
1800
1790
108
624
1794
980
572
1218
2095
2520
2290
1574
1272
1016
2375
2455
1770
1864
708
552
2446
984
744
1028
2520
514
76
140
1052
2103
2175
2005
1000
218
152
156
1618
2245
562
684
2349
72
2410
2170
516
2020
480
2687
202
68
382
2226
1660
2252
468
1342
2408
1936
2619
2394
2432
1903
440
1010
112
44
2408
180
674
272
168
362
2304
980
84
110
2181
370
138
2361
316
1580
456
1696
28
2464
2573
8
2350
428
550
2458
1006
2454
2434
2198
786
1768
1516
1102
1876
1030
178
954
1202
36
2170
1742
2340
1648
2463
1440
748
1868
2435
560
1760
1696
590
2480
326
216
2149
1492
1858
186
2574
2100
2452
966
1384
568
436
2016
2406
2281
192
2119
502
1354
2451
2317
1008
480
752
1096
1290
956
796
2601
204
618
510
1188
284
570
960
2270
2242
566
2704
572
330
2101
892
412
2627
1024
1552
104
2487
1522
1064
986
366
500
2255
2225
668
2639
2547
622
756
1746
1870
386
2357
1214
622
1642
2029
668
904
730
144
2289
2289
362
2180
490
1610
834
1712
1186
1310
2566
2424
30
92
2105
1767
262
2327
1870
1754
2165
1870
1566
712
2437
2384
2310
944
1084
1320
2158
2644
786
42
2424
1058
690
104
618
2018
30
2251
1344
42
790
1849
816
214
2020
2061
752
2469
122
970
610
2314
616
2267
1919
2633
58
1724
2429
110
1812
2609
654
2611
858
706
122
50
1942
2010
2450
2463
2194
982
2114
234
44
178
2095
196
2214
2627
550
1518
2475
52
2278
78
776
1808
398
2207
1980
1148
1484
1166
406
48
512
2183
1626
2536
2146
2392
1884
388
2022
2151
1300
72
1030
2470
2757
768
2056
1148
1192
2439
254
1508
2533
492
2288
2076
1860
574
436
84
484
2413
678
870
2464
398
56
236
1534
290
2647
1372
204
1438
182
754
536
496
1018
384
2324
282
1729
36
2185
156
2018
748
1148
92
1292
2005
1666
2210
576
1388
686
1995
1626
2275
660
2444
1260
220
400
478
634
2390
434
606
1768
438
2332
2381
1962
1920
2296
1944
2112
452
2710
2306
2082
384
2166
1984
242
2477
520
730
944
290
2615
1896
586
2454
2456
2404
2112
82
6
2661
2253
2490
2219
2213
1122
186
1204
2466
254
388
974
2323
106
1534
448
2077
342
2044
1406
432
2510
1082
2305
2173
108
1154
1652
1542
2236
1236
148
2234
392
512
700
2661
2390
1953
826
372
876
888
720
1216
1724
746
1590
1468
12
2311
704
1470
2216
2358
52
310
204
2257
924
2312
2194
654
1000
2866
1162
2090
1582
2353
1552
318
752
2358
446
2186
2078
2243
2256
1384
1092
574
88
326
2380
920
1922
318
2063
762
2179
2215
98
2421
1328
2592
1230
1326
502
602
1300
2513
2328
254
1913
1956
1046
664
2495
946
254
674
810
6
1318
422
1216
88
2021
118
1042
2317
2402
1770
578
2366
1906
2517
1554
2300
434
162
1712
2189
1286
1965
2151
2354
414
264
234
802
2099
434
2232
2422
1592
2188
1961
1392
2759
106
2275
1268
1438
756
120
2496
312
1020
226
588
840
694
994
440
2374
2562
446
444
1336
128
1370
2176
10
400
2282
1466
1715
2042
1160
126
2352
20
798
2636
1804
766
2018
1058
2251
718
2198
1716
1066
1548
38
348
1820
1512
2409
1626
2717
936
2601
1970
2078
280
1968
288
532
1028
170
330
976
1070
1138
2309
488
416
1038
154
2376
2414
1328
536
284
1284
950
306
2094
520
1610
2524
1314
556
2118
1590
1596
2491
318
698
676
868
1658
2710
1034
2180
2272
392
420
2034
106
2487
86
926
442
642
2246
1492
38
1096
1844
302
1728
2426
448
664
672
672
1886
146
216
2190
56
674
578
1300
216
1398
750
2179
330
1674
2464
246
660
2254
1050
660
974
132
224
2409
2120
902
762
1892
1894
1822
1384
468
166
1872
2644
2453
672
2087
1186
338
684
1744
1922
804
950
1877
2730
1984
618
538
34
1452
2390
2558
2335
1650
22
2349
2742
412
158
808
348
1586
2553
1018
1870
1816
1680
1222
2120
742
2023
968
2343
2272
256
32
2035
1584
338
1590
2102
266
2394
1080
392
734
2118
2507
2127
300
1912
554
396
982
530
2112
2573
1280
888
1204
1302
1902
1671
1814
2076
532
308
2068
2006
2121
1508
1228
2201
2747
2379
1510
1772
2240
214
132
2383
2030
1821
2071
2489
964
180
380
2180
2125
2490
1638
666
1462
2170
496
140
2069
372
2558
566
1626
320
2609
1650
902
562
1440
1002
2010
6
2301
2135
2246
1874
2591
1876
562
502
64
2532
2392
54
2086
2348
1506
1816
592
82
24
2225
1010
270
1452
258
1804
414
2224
336
1960
262
236
1996
1640
2443
2134
2092
2112
736
1554
2242
132
636
276
1572
1552
1048
2022
1352
1270
1494
458
2397
1296
638
2859
1928
1016
1622
64
2288
680
2416
2592
2604
212
2525
146
834
2653
1970
2322
2437
986
356
368
236
2530
1282
2609
876
1386
1220
2164
1366
262
2298
656
2418
1897
2522
54
2377
1452
1550
1774
1790
752
1632
2006
304
76
1054
2394
312
100
1892
338
132
426
6
216
834
624
2435
2698
2186
524
1490
2188
270
260
600
2586
582
1368
148
2288
2708
2297
38
2021
1906
246
2404
162
984
2307
58
2457
968
126
178
1272
1898
2158
1164
2251
140
1216
542
512
682
1560
1356
2036
2334
950
1943
1796
908
2134
1282
1514
922
898
188
2359
2118
2595
74
146
2766
2157
848
1052
592
190
938
480
2120
12
1680
2156
1714
1956
2034
506
1866
2537
1937
2022
1702
1068
212
1152
608
2472
414
1924
48
266
684
278
270
2574
2298
1280
682
2177
140
1048
1988
756
762
430
1388
1282
992
316
2391
1754
64
2649
1622
136
714
2210
1256
526
2229
2073
858
2144
2440
480
1520
130
734
2094
858
788
928
1134
1817
1724
74
1188
2150
166
288
334
1470
2612
2296
872
64
172
1286
2421
212
2078
514
894
360
1092
2368
68
412
2434
432
12
2085
2008
1538
1060
1794
1324
362
1360
1102
420
26
460
1938
382
2144
1596
1976
862
282
2283
1920
344
672
268
1114
2413
2056
90
342
658
82
596
542
1098
84
1874
376
1752
2208
22
2049
804
854
120
1366
2323
2585
2317
1198
2368
426
780
224
2666
778
360
1528
1000
2245
6
1042
36
1004
2337
1148
2243
1888
2562
570
1922
542
850
2383
2188
1592
108
1922
1864
848
2139
290
1132
132
376
740
2124
314
1174
2587
302
132
2625
872
2336
1320
1566
930
2198
500
2160
1188
2291
524
894
2365
718
2505
2145
908
132
2257
1392
2339
1234
300
1162
2338
30
190
2098
778
856
2366
724
950
2396
1468
1246
2286
2124
478
428
2126
178
870
86
2988
1262
254
1584
1816
2258
2315
1921
2741
2152
364
786
2457
1632
2195
1110
1870
2331
2169
70
2397
2002
320
746
452
72
2578
1172
34
900
1370
206
2673
2024
2408
2227
468
2204
2199
2501
2453
662
2209
2225
1650
2246
1444
290
1730
492
2049
756
228
720
2226
540
334
2181
2084
1488
1666
2404
1002
488
460
2423
2207
482
2324
8
138
1064
830
964
2130
956
940
946
554
344
1928
296
1736
1700
1626
440
2128
1846
1142
2234
42
2054
2215
138
448
236
640
2275
956
2463
2518
938
464
2118
2610
2138
1256
2275
1024
1002
194
2107
840
2640
2066
1182
592
1954
280
340
626
1402
2028
694
50
1324
1466
1028
300
2658
632
1502
104
704
400
54
162
2415
2495
2640
980
1244
1559
1180
262
2478
1166
1836
1116
42
2591
824
1962
912
1006
180
656
2284
2319
2575
1138
238
3021
956
2110
1112
2401
500
1970
2158
216
2107
236
838
1638
1848
1642
996
990
738
2376
628
620
2451
62
2222
1543
760
2544
482
1160
2179
1746
2323
708
2270
944
156
818
1950
86
2225
948
146
1160
1286
890
1182
292
2198
2292
236
2099
804
1030
364
1032
678
1510
2444
1736
2426
2207
162
1926
630
292
2205
744
774
360
2501
906
38
2042
2315
114
102
2403
2344
430
632
538
40
842
46
712
1714
884
958
2355
1254
1204
2323
334
1500
2231
2376
1116
302
1496
984
1016
294
2360
82
1858
732
2415
1010
898
924
128
1980
1928
2116
2273
1332
1322
1108
382
24
1484
294
1900
2670
2679
2201
1022
756
314
138
1070
1682
1306
2252
1929
650
612
248
2756
428
2603
2510
764
138
2172
1584
1844
2051
62
654
846
1394
450
2426
242
1086
566
1468
1174
38
2103
706
2136
562
2189
1320
2118
104
1688
676
980
2523
1464
366
1610
468
528
2256
1724
2169
1264
752
2434
2734
338
656
1044
256
412
74
104
2490
2028
2136
1614
2427
2145
2533
780
2380
982
316
1713
122
328
1080
220
1892
2116
1700
2405
1068
110
144
2315
402
76
10
1100
2394
1976
2193
2492
2474
742
2447
1370
524
2379
952
720
1938
1152
102
2564
1178
1580
1096
1926
592
966
834
1210
2530
1482
2140
292
754
564
290
6
2329
2575
500
264
922
54
1190
1875
2497
596
734
284
2320
2201
478
1020
2260
178
118
592
2025
2272
1078
2645
2174
2809
1282
1980
2564
360
1488
960
60
2579
2513
572
2264
2455
2342
172
2635
868
2178
158
1960
6
2378
2254
2398
1014
862
1396
398
466
2393
1896
2518
2301
1086
1234
836
738
386
2322
182
716
1807
2076
82
2545
2448
1960
616
1916
318
1038
176
2087
2390
2412
2069
1992
2420
2140
2407
2165
2036
1876
742
2629
2484
2095
1955
1012
2178
1926
2454
396
240
2056
674
2076
616
728
1694
958
844
1324
876
2090
822
2686
2404
2719
116
392
1947
2180
1280
622
100
140
1980
1174
1502
1300
2177
2149
1182
326
872
306
88
84
44
1642
1892
1482
2128
2290
2032
1144
2055
1438
2330
2411
1204
1004
426
1984
232
200
288
1728
310
756
1866
420
184
2591
1242
2122
2176
14
488
1791
1512
2241
1927
2249
1290
106
1118
2030
2235
2628
2050
960
180
1266
2618
1042
1662
2510
2722
2346
2514
324
2109
388
2669
148
2014
2031
742
2295
458
2236
172
350
56
1196
1372
2524
2350
198
2472
2252
306
714
2422
2468
334
2088
384
2102
522
452
122
1912
782
274
1304
2233
1280
1170
2119
2389
1812
2291
162
792
2292
316
2256
2112
876
2309
2314
2950
2106
2238
730
2365
2021
1770
1814
1946
774
2070
2075
2236
112
2514
2243
2496
1324
1268
420
1408
2469
2327
76
2
1652
2136
2186
2056
1052
1454
130
414
876
2437
1994
1924
2229
204
288
1288
940
1924
300
2020
2160
2149
1082
1254
2383
252
766
364
2046
2320
1158
1933
2339
1160
2492
2236
162
2250
1410
2194
470
1178
1028
2288
756
2328
1896
2059
256
1248
1780
418
1180
564
1322
2442
46
1850
456
1745
1332
2188
1458
816
1902
1524
188
2199
2390
2353
958
1510
384
776
792
426
1569
388
326
2380
344
1618
398
22
2188
2353
1736
1396
408
2444
310
2681
2444
2090
358
2182
2317
558
2176
488
2495
2271
2180
2289
2408
2
930
2714
2510
2638
1889
2269
210
178
1410
1981
2062
770
1090
2312
432
2737
214
2255
1466
2276
1979
2004
748
534
2288
1194
2072
676
2387
574
516
1164
2580
388
2131
54
34
2116
246
920
312
442
1146
142
1050
2563
1136
2687
2142
2090
1876
528
274
850
1258
1416
1202
1798
356
2
2303
770
2317
596
358
1518
1798
1372
1328
2280
726
2557
1566
2223
26
1038
2354
474
1552
2051
1506
2189
1096
1822
1626
2033
2500
2072
1894
592
446
644
676
2324
684
2377
1717
226
340
360
2340
1564
200
1972
2049
466
2640
2354
376
82
226
612
862
1986
1896
2481
222
940
1130
240
784
630
2123
2046
500
528
2642
2427
2015
1984
1470
1366
2510
124
2321
1322
386
2434
602
294
992
716
1866
1794
2334
1931
552
2112
902
1368
1186
2343
2521
14
706
734
1813
168
1284
1874
2417
2719
2415
2299
2446
2652
1802
94
2199
1712
130
1974
2240
478
678
868
1836
2038
1186
446
832
2249
34
802
1886
2307
1004
728
2482
2255
732
588
214
650
92
2338
952
962
274
2311
720
2292
1262
2574
1278
2577
768
2180
406
1854
498
2146
1822
94
502
1514
1100
272
104
1512
1098
2072
354
788
1952
2062
1002
748
2686
74
362
1410
2332
2744
2535
2088
2288
1312
686
1488
1730
1110
910
1314
1596
66
2434
1358
498
3000
2296
296
362
82
444
2411
2364
2163
292
746
2278
2308
2128
2285
2277
314
288
2063
1448
250
296
2382
2272
2246
2390
1851
2490
2038
2016
600
584
2750
2264
30
590
1360
2799
2537
216
2002
1908
2759
2090
366
198
686
498
2209
1520
2289
2222
2350
944
1344
694
1978
2612
86
1444
776
2553
1114
1480
1146
2366
894
1914
1644
2520
2501
1890
2579
2393
410
504
2329
88
2258
1412
442
1574
28
2503
474
168
60
14
1236
140
1914
1963
438
644
578
694
708
2958
844
568
1622
314
2681
988
518
1900
678
1394
2174
1518
1262
244
568
656
2342
2340
1210
1734
850
2210
1194
430
176
602
1292
2573
2100
1930
2112
904
2444
12
196
1076
56
2566
844
662
782
276
2088
2252
2199
1558
1662
1672
1100
2104
1798
1836
2126
600
1642
2236
668
2062
674
8
856
2203
2374
2465
614
1090
220
338
976
2480
2346
2119
218
1418
2141
744
276
1826
812
748
1120
332
1882
1322
2162
220
2483
1052
474
2487
354
1392
334
1186
2420
1394
2337
2018
42
372
832
2362
1378
330
852
640
1944
1028
2201
2240
16
1762
2023
586
248
2580
1138
266
2343
598
2289
1078
2038
522
2312
634
1016
1282
1622
1064
1936
1826
794
178
1684
2352
1784
2100
2188
668
1442
852
2668
670
832
404
734
1202
2187
920
586
2358
1656
386
772
1210
874
1828
1108
1870
906
2358
290
982
1919
2244
364
704
1786
2512
320
2186
2216
28
2637
1058
1918
54
932
418
2632
82
300
930
1048
104
1888
2151
176
288
122
1664
2239
644
2568
1174
2265
2301
1618
2466
2035
2503
1060
486
2373
1966
2813
380
2316
38
1004
226
1994
248
66
720
836
2293
2713
1022
2327
2834
884
330
2179
534
2232
2070
162
1080
950
2565
384
2159
434
578
976
2425
816
2672
872
2388
1682
356
2128
2001
746
2652
594
2642
2019
1070
720
110
2194
2108
2471
62
2452
556
464
1768
62
1408
322
534
1572
2243
2225
656
2751
2542
2542
2599
2192
1320
244
56
318
1590
810
124
2282
1632
380
1586
2026
2109
2672
286
148
642
2317
2297
2228
1596
2468
1797
1706
2419
162
1584
2506
2402
2354
882
18
1568
1178
652
2593
1170
1118
1940
2072
2237
118
2434
2178
2375
2372
2475
392
2396
2313
2259
944
2310
846
800
2566
934
1146
2484
2600
926
1104
1548
1304
868
326
1058
506
1712
1032
398
1350
114
12
102
2298
1324
2158
2567
18
98
62
40
1370
376
1814
466
2360
2582
2121
574
1448
1408
750
652
1152
1128
2057
1662
460
1746
1532
182
114
490
1052
1897
2346
2250
2160
1002
1941
2227
228
1096
2521
400
1848
2455
2181
790
2127
2394
804
1826
444
2010
488
1340
910
1948
1776
2314
2274
846
2166
518
702
2192
1190
910
654
350
1502
268
1368
1955
234
1700
410
494
564
1696
2041
2563
854
78
1860
762
2408
258
460
662
424
986
856
1974
580
2248
2166
2180
2250
520
2554
526
1931
2226
1000
274
1702
1714
752
1438
1600
2124
774
2707
994
2790
1476
220
506
1904
2203
2401
1896
208
1781
2030
986
446
2585
1326
2352
1758
788
1296
2408
1632
50
432
1974
2217
590
158
598
908
2070
560
2353
240
248
1338
988
326
1808
1956
450
1160
2320
248
1668
2279
2233
170
1904
2556
286
1917
160
2570
660
226
2590
554
420
1038
2509
1851
550
518
2244
2056
2280
2191
776
1944
1440
2040
2501
438
2134
1510
762
884
1794
2339
1994
1070
1160
214
2060
1092
204
1784
1176
2423
2423
1790
28
550
2136
166
390
2290
246
282
792
1194
2050
2446
2611
462
2076
646
2401
1142
154
1634
2584
1987
2284
2283
754
1212
178
1230
1972
186
246
2215
1150
120
2005
162
2825
800
558
242
2393
1961
716
1412
1528
322
2194
2415
2399
2024
1336
380
140
744
1448
388
294
314
2360
2672
2374
1214
988
932
128
1634
1174
1222
150
998
716
1030
2121
2582
2235
2143
2263
378
2350
1498
890
1468
2319
2196
870
2744
2466
2356
962
142
862
30
2173
2593
742
504
1156
2522
2611
2408
818
406
2324
1916
1916
1314
668
2123
1368
1781
1288
1340
1779
1754
2272
90
2356
292
2528
938
1504
1790
46
704
2521
2174
360
2172
1630
2253
1222
1140
1500
2336
1338
2764
2169
1040
1966
1748
1132
340
2078
2764
404
2200
990
1588
2059
288
2323
664
1920
324
2464
1490
2112
2598
1514
2500
262
2072
2610
2316
2237
1868
2046
628
1462
2227
2318
1884
658
222
700
2393
534
518
2562
2221
1856
930
2392
2273
388
2437
612
916
108
608
2582
2049
1640
2244
2372
2093
2295
2045
1564
2117
618
2217
22
1692
366
1660
2778
2316
208
736
2378
1552
112
1354
2150
910
246
2737
1728
130
1182
946
2342
392
1842
330
882
2184
1971
2234
1236
1758
458
2172
2020
2443
184
14
2413
100
1182
450
2383
2294
2238
1788
1766
1884
196
2032
1142
850
90
2006
152
2495
1990
2234
2094
2306
182
1997
610
2732
80
76
158
1478
554
2517
840
66
634
2637
2532
530
2026
120
2328
1528
1278
698
1850
398
1927
72
348
36
1324
2630
1480
212
132
2347
1548
2105
1732
1126
860
266
1404
62
168
980
2254
2543
1304
1314
688
2101
1990
1688
398
1851
244
768
2654
2426
2510
2413
1076
2472
2352
672
1888
2445
2244
1246
2436
918
390
954
48
1862
2544
1270
806
1172
2071
1894
418
394
796
1712
826
898
1470
2202
1218
1266
1404
292
2417
400
282
2044
984
54
756
1846
486
2210
2162
28
1442
938
84
1114
2273
220
410
958
196
508
2326
2167
2317
452
1652
2310
1772
2377
2132
1102
700
536
532
1830
414
642
482
38
630
766
764
602
2165
1114
586
2369
2052
2368
188
2202
2195
616
2278
1376
1952
2371
90
664
1308
2449
1668
1524
1931
154
654
1616
1590
1722
358
710
1654
1206
1176
2039
144
520
2069
1608
2100
518
428
2279
2125
838
764
2481
2397
552
1294
2217
44
138
506
1662
678
2456
1514
300
630
1708
2014
1326
2320
1912
2343
2238
1906
378
2697
1304
1002
1536
308
2160
912
1650
84
2387
592
2246
224
1026
2635
298
2338
1919
2168
1214
452
2299
200
206
534
2122
694
48
474
1556
156
1342
2500
392
2357
2282
438
756
1662
360
2046
618
2296
964
1828
280
686
588
60
1906
2278
1298
2146
794
338
1252
1916
552
2032
296
2408
2397
962
1104
1864
988
644
90
1818
1084
22
272
1326
2372
1598
2466
1188
8
2309
80
418
2761
2257
1824
406
2208
1052
2576
858
52
372
1010
818
2093
1022
260
80
172
1078
1150
2261
1182
2212
210
2655
2348
252
738
604
2069
1790
1572
684
1102
2389
1732
2596
1068
2647
674
384
100
592
2550
2331
1074
2351
2337
2551
102
6
2303
2286
192
276
552
144
64
2112
684
158
936
2216
924
1512
2491
128
1674
2039
2197
572
1196
2420
2258
2445
216
92
2417
2255
2641
138
2180
1454
1456
306
2095
2174
820
1134
1712
1949
2336
112
1304
516
1050
1326
2601
546
1818
1082
108
2393
2324
1912
1078
242
1330
2446
2500
108
2636
96
2656
1268
46
956
2284
2336
396
2348
1006
2726
1084
88
1324
2475
832
1368
1444
120
1098
786
290
2105
702
2598
52
2414
2250
2102
6
2277
1848
336
1652
2457
880
1348
2335
1878
2403
484
2253
1744
2598
1760
1898
220
2076
18
310
2159
2415
1746
104
256
56
2505
1232
1984
1418
1588
6
2228
1094
1342
208
96
2509
2274
974
1076
1304
2514
376
1082
2360
1048
2823
1852
2286
2462
2294
1018
2263
1212
668
784
1140
2468
2594
754
2065
1176
310
1520
2529
1038
2418
222
1324
308
1530
1122
664
2305
10
726
452
2238
682
2396
2185
2362
850
2362
2227
2207
2517
2
50
2078
2312
1622
1542
732
444
806
140
2004
2459
6
2133
2500
2264
2383
590
216
588
2648
2
548
392
2348
454
2322
1468
1258
2422
646
212
2030
2250
426
1334
1026
2260
1634
2115
2383
804
932
296
2570
2396
1982
2258
180
92
782
1854
2235
254
1985
1316
854
1084
226
2016
2417
558
2142
420
882
426
2525
1246
1186
2434
2521
2808
454
2477
2291
2540
1028
1132
182
2276
1966
446
944
2159
1428
1938
534
456
2311
1818
1716
2744
1682
2543
932
1338
1744
138
898
820
26
1866
408
1946
1504
2532
2588
1812
1222
1922
488
360
1770
2292
352
1242
934
1734
1218
46
954
2177
1724
630
526
2225
972
2006
2466
2013
910
2505
34
614
1470
850
764
328
2410
346
366
1448
558
2258
1474
2008
670
488
834
1926
2265
802
2280
1770
280
470
2594
2708
788
2461
1912
240
2482
386
1022
1312
1274
1456
864
2718
810
1549
1314
926
1508
1124
2602
1438
144
2360
464
1344
1244
2426
436
248
1542
982
2276
94
1146
2590
2366
2128
424
1002
2101
2038
400
2362
1900
2644
2592
2471
278
1606
734
1150
78
388
260
524
1850
968
1074
2624
136
2511
122
650
2670
2473
2455
540
24
2277
804
368
1058
1768
1326
338
2472
2347
1374
2300
22
690
1998
1100
2351
1258
2474
420
1786
984
2501
104
940
2008
330
10
804
270
126
1052
1899
1918
2127
1954
182
2485
2158
914
1080
936
1929
2827
34
1146
566
2377
2192
936
136
346
1456
392
1352
1514
1506
2506
1424
236
1166
998
126
1682
380
2289
130
10
1154
1788
384
658
544
950
1986
1384
2750
1810
220
2266
2301
1030
2513
1406
594
2154
1512
1066
1290
454
1338
470
2158
532
1330
818
660
348
2047
2527
410
472
1366
56
2525
1680
2626
2489
258
1300
1844
1380
792
1280
1916
1050
1962
2572
552
434
1522
40
2318
974
1676
994
1406
1670
2318
2549
96
2082
2268
1240
1918
2208
2152
2007
2267
2315
2446
2284
1694
124
2312
176
1188
1776
2449
2388
636
1612
2018
2158
1454
2555
424
946
1222
2816
2184
1931
2366
404
1252
1660
2615
980
1648
1058
1116
194
756
2056
226
368
1292
378
2056
460
1550
916
2008
1670
552
2180
636
1522
2144
1590
1800
1272
2502
326
948
594
356
1216
98
1916
2422
526
1452
94
1214
776
1612
2186
2005
2488
1738
2014
1500
1486
2407
448
2788
2025
1915
838
2140
80
824
168
2512
630
354
426
2228
342
292
1226
1150
1960
28
2561
2066
372
154
1156
922
2079
1928
72
1968
170
1664
1912
2546
2098
496
2060
200
308
766
1384
1784
2214
1276
444
676
792
172
1790
2436
314
804
1590
2604
1242
2446
832
482
886
2673
2391
1908
168
150
2209
16
1412
2202
396
1974
1150
480
204
2078
638
2324
1958
2309
192
1416
1394
2404
730
468
758
2108
2070
868
1260
1474
1906
2064
238
2328
274
412
1384
100
2204
2397
1928
424
988
2399
2547
86
1404
590
2228
4
528
2455
2604
2720
2172
656
520
2592
886
1546
2410
2104
170
2315
88
784
2325
2224
80
1938
242
372
2280
1198
158
1052
846
1254
330
2292
674
1668
10
1664
256
782
396
1806
1856
2084
2084
296
86
340
2414
1340
2558
384
160
2366
2222
220
2488
2344
2207
490
1020
2292
2274
2237
1410
294
2295
1508
1068
868
2014
2124
2098
2581
2808
976
814
1795
880
1802
2195
2619
2535
738
156
1996
1868
2642
2581
2047
1682
174
2264
422
354
2578
304
844
1872
582
672
14
2092
2101
2292
1790
228
2471
2435
1456
1342
790
2385
450
822
2474
2430
628
2155
1700
2492
2795
736
1190
2375
1326
2376
500
678
912
2591
2074
1658
148
1396
996
232
128
418
432
716
326
508
34
1350
176
2384
1903
2116
1464
208
2303
2066
2333
2158
2385
788
2086
2051
664
166
2202
2322
160
180
974
2237
1076
2283
1410
2566
1772
2043
1506
2495
2638
126
1700
1084
1970
1210
2160
672
680
1256
1608
730
452
128
2450
704
230
4
704
2462
1060
2240
2239
1596
2503
486
2475
262
224
538
2361
2067
436
196
2632
150
288
232
138
1818
2087
1026
1708
546
296
1436
170
2115
94
2213
2268
808
2268
1806
2168
654
2671
422
2336
288
1240
2228
192
142
588
2216
2047
2084
474
198
62
2655
882
46
2332
2138
1940
380
2506
2171
622
2017
248
1960
1890
2233
2570
744
2693
1790
694
2440
1376
1776
858
1982
506
1592
2298
842
2312
1642
2257
1016
1740
2137
1082
814
556
156
1961
332
1032
614
552
608
1034
1458
210
2173
2597
1916
2152
2017
34
330
2158
2116
2222
2546
2040
2327
986
276
368
2070
2292
756
1146
2330
538
2284
108
1866
662
178
524
680
1963
1772
1626
952
2425
230
14
766
922
956
688
44
806
2004
1990
76
830
746
2467
2260
962
712
712
2650
992
1800
2333
714
2686
664
1068
2192
2516
156
950
42
450
410
382
1616
1718
1192
2071
2426
2069
2016
1308
2590
870
1354
1954
10
68
1334
518
10
2104
1174
2048
648
348
1901
2296
2054
932
2108
2618
1942
414
256
2093
2178
124
2470
104
2341
416
588
1338
1208
2264
2328
2289
2033
1224
768
1558
504
2015
2635
1142
1048
2007
2454
2216
2178
242
966
90
2237
1174
874
2158
82
756
892
2094
1745
690
2677
1950
1410
2718
2523
616
1528
98
2731
716
542
870
762
964
2536
378
2419
2406
2
2351
1664
2613
2057
1166
892
1822
680
980
1274
134
2526
2502
2389
738
316
136
6
630
276
1702
1899
196
2135
286
716
2011
2112
930
212
124
1837
2351
784
2542
740
2621
38
942
1188
2230
172
230
2255
1874
332
1887
2160
1336
1376
32
2213
1008
2140
1450
72
2387
690
1396
2221
290
210
2176
2223
674
2478
688
772
686
1206
582
174
1120
1294
1234
1950
148
1582
1818
926
1566
2126
856
16
386
2552
456
1284
472
596
1112
2226
1690
2273
2083
1914
226
1824
634
1326
646
1488
608
1144
2914
2648
938
782
2167
820
8
62
1142
2564
96
772
712
2674
388
2495
378
244
484
2529
2157
1528
2116
1506
1214
1192
436
2059
1508
562
990
4
1256
338
1592
2306
524
548
2320
2421
2078
936
338
788
2777
1764
192
1926
170
1772
2008
2249
296
354
2079
602
1867
1440
16
1724
1402
2162
2359
1574
1122
998
2486
226
1144
1679
1458
1050
334
774
336
2713
306
2376
512
1188
1644
932
2438
216
1024
248
1787
2354
934
1136
2506
2610
568
414
2445
2615
1924
682
2436
1336
2498
1338
420
846
168
994
286
1967
2415
886
494
922
2328
1320
1962
2120
658
348
2478
2332
1898
312
2386
2409
2467
2640
372
2066
236
408
646
868
1920
1182
1936
396
402
1028
626
2540
1270
2741
308
680
1984
798
992
616
1987
2205
2064
2165
908
2412
2353
2223
1960
582
1624
534
88
2408
2178
680
1080
1126
2012
352
2182
1098
2160
1582
442
2335
1600
1324
2169
1244
774
176
1656
1981
752
872
808
1146
1966
706
2467
474
1402
2466
2336
2132
1648
1951
2374
2575
2244
2429
2060
2018
472
2297
54
2177
1596
2539
858
1724
522
2288
348
506
2593
156
2
918
1632
848
1540
330
2415
1130
1078
1186
682
1510
280
1274
1014
514
464
2057
2252
934
1952
44
2808
2434
2417
392
2678
2162
2163
874
2240
2350
1852
2016
1962
1264
2167
150
2476
622
1310
706
2238
2596
166
548
1740
2454
296
2425
358
2398
2244
462
2512
2334
122
2232
874
2099
720
2919
270
2476
354
1240
1082
150
120
2216
1854
278
1282
1590
2629
272
738
264
1536
1742
2500
2478
78
394
2071
2219
2536
2479
602
552
1684
1908
602
2350
846
206
2000
1192
582
1896
646
1228
1148
1074
1760
1090
692
446
148
200
2376
1256
1276
2269
954
2074
2130
712
2398
2417
2874
2259
2588
2348
244
106
396
2091
886
210
694
2194
2333
524
2571
60
2641
1108
724
1328
1318
862
60
870
1856
728
368
266
174
1312
568
2254
1198
1350
1132
220
868
704
2204
2580
360
2557
2410
1482
568
2269
972
2239
2430
836
2206
2755
1106
2898
2499
2218
756
2120
2353
1062
322
578
926
2388
2208
1134
1146
246
1790
1518
2191
226
2386
78
366
2449
580
1860
862
1544
2668
2246
1772
126
2606
886
1816
1784
2515
1208
266
86
2551
2518
2211
1804
670
2586
638
888
178
2128
528
382
84
72
1900
908
2858
1390
58
296
938
584
2309
2062
914
2218
90
1224
1702
1758
420
2496
190
2498
1568
760
2211
2226
1978
398
1212
2051
2130
2273
2332
2094
296
1668
1650
90
830
2505
2355
1744
2203
2153
2519
502
1518
2533
1716
694
2146
1168
2174
1286
1900
2102
1248
620
2317
2124
342
2228
2200
138
1780
2245
1931
210
716
2100
340
2020
2357
2039
826
2365
2417
660
1106
958
2588
402
184
2130
1692
1254
1940
1368
2713
78
2239
456
168
2951
52
570
1044
2314
1060
552
42
1836
50
216
438
288
2477
328
486
1250
374
752
10
808
612
74
362
2112
1556
832
2568
392
348
2360
2617
2125
2466
102
2246
622
2556
148
2101
122
2493
1970
2062
212
508
2312
1920
2230
2249
2583
2246
2028
674
1784
2430
2061
2025
1030
286
804
1430
1692
2104
2305
638
1228
970
1564
2551
698
2265
1406
2356
2364
2401
1992
782
612
968
1298
382
2046
2356
2302
562
318
478
2293
2046
170
2440
2275
2138
46
20
18
754
188
484
1903
1584
1536
1532
2405
790
368
12
402
1932
586
2367
644
1818
122
2101
1650
234
1244
2394
56
492
2310
516
252
1934
624
268
1782
612
148
2426
1795
2296
1830
2095
1218
2247
1222
448
2638
2012
100
2200
2093
2132
308
2368
288
1158
2141
1668
572
1346
2068
230
1874
1196
2014
1530
1858
136
60
2529
94
100
802
2351
2332
226
2314
2369
878
1036
1972
906
2535
400
2813
2463
2168
1608
1778
1908
266
132
654
2338
2360
2378
2355
68
2527
918
512
2744
1580
2072
72
788
164
1378
682
22
2302
264
26
60
2166
624
98
970
2296
1464
1776
396
1904
764
2591
2092
1931
720
2455
2478
1410
2221
2354
460
2007
2322
1689
2059
2314
1040
2504
2396
1542
1514
2350
1028
772
1462
362
940
1460
1208
368
1588
1228
1598
2096
750
1826
660
584
2278
1014
550
2200
730
1778
2048
1448
2643
1000
312
1136
272
160
2474
1226
2355
896
298
50
2525
2328
2282
2213
778
202
474
606
1672
334
2230
2194
1120
1386
978
2138
