698
172
1176
1488
746
2509
2519
2332
1144
2431
2375
2272
1716
2006
2290
2249
766
1710
362
126
2034
1452
268
2289
634
1444
586
726
1972
2916
1790
754
556
236
1618
2076
1030
44
386
616
554
2426
1268
1056
200
1975
642
506
2362
832
1687
128
2026
1738
182
2201
2356
682
1270
1646
430
2236
2180
2552
2376
2396
1890
2230
894
46
1330
2562
1180
1961
516
164
1316
514
278
176
1058
500
1532
784
460
1608
1096
2165
128
260
536
2226
232
370
2202
1270
48
868
1480
2305
1432
228
1040
1436
2404
2018
848
1560
1046
732
1958
564
1290
1426
2212
388
746
474
2370
1920
740
2146
2783
2437
2132
728
2425
1909
2218
1062
1824
106
2234
2167
764
1046
2746
1894
1190
866
244
484
1488
2171
1905
426
2347
450
750
2373
668
1990
2389
1326
1904
1860
1122
1298
2531
2133
826
2428
502
406
2363
2039
1996
2683
680
910
476
2272
2324
446
2313
2454
1922
550
1128
398
2102
1967
922
1206
542
1588
2225
952
10
892
2112
2412
2431
578
1328
326
1134
462
2006
2337
56
2394
446
120
166
1010
2186
2377
2593
602
260
1074
2136
1512
2249
1836
150
2150
2493
102
2118
1632
998
2374
48
2557
2221
2172
2264
508
288
1482
2082
30
44
2301
984
2672
1802
868
1728
362
24
920
858
1042
2619
246
2362
2466
1750
1080
2213
1220
2624
474
1468
608
100
2666
324
758
2777
1298
2302
2470
1984
2377
2238
862
522
366
1106
1040
774
2190
566
448
360
2820
204
2469
30
1528
1644
282
602
2053
912
290
780
138
780
1582
2359
2630
704
2064
584
2280
2165
2189
1516
378
2603
192
2806
2337
2448
798
2314
2402
880
1016
1362
1574
422
1750
698
2398
24
1310
2376
1600
1020
1112
914
1188
550
234
516
1132
1208
70
2355
1118
142
2478
750
1100
224
406
212
414
1126
2257
666
798
1392
892
1610
490
372
1264
96
1168
2735
2185
1400
686
2110
1670
982
1669
1540
100
376
726
666
1860
2766
2322
1540
2105
96
170
2235
2284
2449
1986
34
1036
80
364
2522
1326
436
1164
1090
2020
1002
908
1904
984
394
2088
2420
270
2409
338
1214
1953
2375
2124
148
710
2015
2327
670
2560
1970
2237
258
2224
1714
852
682
2406
70
2507
2205
2352
2660
1198
878
2159
1922
1866
314
1234
2064
988
2425
2641
1452
2605
2084
196
2626
150
1774
230
130
248
176
1184
1558
6
770
848
1507
1780
60
2198
2350
2125
2339
1032
2108
1812
2270
2431
2574
1966
38
1178
1946
770
1124
2030
10
784
1724
174
2162
2368
2549
1454
2230
500
1882
2360
514
2131
852
32
1800
1102
2466
1758
2291
102
1787
2277
2649
1890
2657
2474
1132
112
2031
2230
1148
120
2032
46
1448
1146
1382
2034
18
1206
796
1474
32
2052
1998
1060
1694
182
2307
146
932
1768
1562
1532
1834
2385
1454
2125
2212
2596
440
2018
568
1412
1660
412
242
1168
2623
1894
2435
2150
436
1540
144
90
1094
1478
2432
1378
1274
1258
308
486
1588
2447
38
824
2643
192
60
552
786
1166
770
586
16
2097
1178
1198
1780
1674
2190
528
2176
142
296
2673
2636
170
206
1736
2042
800
1898
2390
902
820
248
2547
2179
2592
974
2080
2254
1440
2082
2490
2310
1924
2728
1953
688
984
334
462
200
302
520
2353
154
686
2180
744
2309
2429
1670
706
1576
182
1032
1784
1478
2321
2023
494
792
362
2422
186
2635
2033
1318
1048
1460
586
2332
2539
1480
1640
262
1018
2126
1712
2349
52
908
2124
2256
1386
2120
1174
1278
62
2247
374
2025
2104
288
1534
458
10
1318
2541
826
956
1350
794
2145
2465
1128
1976
502
70
2287
1654
218
508
438
36
640
12
1050
1100
1224
430
1878
1144
2372
1150
1936
232
1992
2208
890
924
866
8
766
2091
2442
2164
1048
34
2188
1782
2550
494
124
1030
2408
1765
164
2465
2214
1026
2119
1762
2232
776
286
2274
2168
1292
40
2188
2458
368
2476
1846
2195
1240
2138
2397
1394
1940
506
856
2281
1845
1544
2293
2718
2308
2170
2156
106
52
2548
1638
2154
62
120
866
2033
1848
1988
654
402
110
396
2467
1138
2657
2444
748
1734
1843
2246
870
1338
1174
54
864
1102
822
2292
2667
36
1096
992
2361
600
1903
414
472
1058
3010
2509
1096
1062
1991
2356
744
90
1000
1186
150
50
864
2206
1714
542
2206
2056
1536
406
624
256
2034
1248
2734
1304
498
1650
374
1428
596
1334
18
226
2165
2473
2541
552
2343
350
2708
2309
2409
1894
2348
346
1966
2395
2388
1288
2182
1048
154
432
2769
2074
1128
1068
116
2297
866
882
1510
2114
410
1732
2111
1846
1330
118
1554
342
1224
232
134
1820
968
1402
1786
1064
378
2012
2638
536
1274
2026
590
294
1032
1548
2411
422
1520
608
904
2687
266
1054
744
1446
656
710
2646
2133
694
922
930
298
876
544
1108
2026
2384
2047
1298
2320
150
2455
2706
20
98
2084
1116
1158
1728
152
1036
2425
1970
750
1452
1956
1462
2352
1995
2140
212
66
2245
380
2166
2890
608
358
2720
380
378
6
2264
38
2173
414
1463
712
24
2623
1072
8
488
986
390
154
1556
2446
560
2193
1914
56
84
2001
2342
1932
2906
210
84
2481
270
52
2278
392
1941
232
1394
1344
726
304
1350
1028
2239
476
2530
864
1956
520
50
2330
228
1888
2380
56
2444
644
1930
2342
2483
344
590
180
1704
2523
450
1926
784
2174
82
604
2125
1226
2709
1773
2538
512
1594
2047
278
524
1824
552
2192
220
2167
2078
500
2392
1526
1086
1712
346
524
2500
320
578
2594
2698
1492
530
460
1336
1208
764
682
754
636
1978
2183
644
2317
170
1152
2345
440
56
160
1390
1260
1854
1460
38
348
2168
568
64
1802
2110
1314
40
1980
2070
1598
1490
2549
272
972
84
2331
1610
964
2066
1204
584
1128
2433
2230
578
1608
1188
334
2451
1354
2492
130
1132
868
2445
990
248
1801
912
1666
462
2546
378
2277
2089
130
2292
672
1500
2247
838
420
300
762
1528
1026
938
2634
2500
1684
1456
1200
2357
64
1880
694
2386
1839
450
284
362
624
1388
2044
2
1202
2141
720
2715
1919
1996
1262
1604
2114
2569
2454
2110
2117
2266
1396
388
2
444
436
2427
852
2247
408
980
674
1618
1702
2239
1908
240
2106
1128
2543
2391
314
184
1326
1670
448
1248
1352
2478
1502
2192
466
2376
2218
1677
844
646
2043
2563
1892
250
312
98
2060
1800
758
2592
1963
516
474
2695
2195
2136
664
1378
2347
118
2599
6
972
634
660
370
434
1940
2314
988
792
1626
400
232
32
1246
2413
1006
2295
1866
1918
2363
1318
1912
2289
2284
240
66
1838
2466
574
2578
170
380
1260
1018
2516
2371
2311
1390
604
2217
1812
2299
260
1038
2239
262
1056
1328
2048
1266
136
558
1930
176
2161
2098
2215
2146
1522
1578
326
2398
2422
1924
2502
2489
1798
782
2137
722
828
2132
1945
678
154
708
788
1350
1076
676
698
2506
2266
2345
1370
2266
1678
1250
1727
2395
1834
862
560
724
1620
476
1102
426
742
2323
832
744
168
1722
86
1935
394
382
2170
2224
1190
640
2692
1952
370
530
896
1262
478
390
1764
296
2088
1436
234
2164
1250
1940
1514
2426
1799
1584
374
2209
954
1044
214
1933
464
2217
1978
208
2600
384
1484
458
2568
2378
2640
1302
662
1240
1264
218
1927
1714
2116
2652
1372
2520
2556
232
2037
714
2499
2049
308
1136
2412
54
932
2281
522
2671
2334
440
1995
216
2278
2330
2062
498
510
440
2427
514
132
1100
1390
272
146
1976
2447
2458
1532
1888
1016
2581
840
770
304
738
292
2124
2663
586
2255
2417
2528
2044
2437
1474
422
2164
1054
2211
1740
86
648
1464
2155
2775
1600
636
232
948
72
2014
1570
1292
786
1194
2102
424
362
2409
2292
1946
132
2100
2222
2404
2447
378
30
2219
912
842
634
566
1693
2640
2375
1982
712
1044
846
834
1676
324
1840
2098
2149
266
2806
1004
2377
2730
2202
798
2555
692
2663
1396
1478
376
1470
2164
614
2281
420
2065
848
1578
856
2654
706
324
454
2246
2408
1302
2356
2347
1450
1838
1706
2266
2386
1874
2606
2452
2482
1416
606
266
448
456
2433
2254
68
102
2011
2277
624
1004
1194
428
2443
392
1708
1036
596
208
2429
1078
1996
52
56
790
2247
1128
634
80
2483
1914
2602
1302
1808
2363
736
404
1058
340
1768
1068
1907
2102
1682
1947
2114
2475
2566
1228
2476
378
1006
1954
1306
2622
1058
120
1086
226
2594
716
1508
654
1624
554
1604
2336
2416
246
130
2548
2238
2289
584
1116
1961
2323
2038
2093
2177
724
536
720
2370
870
2540
770
2066
1370
90
1344
1954
2069
300
732
2082
1414
882
142
2141
2380
2195
1312
1112
14
2103
250
380
2014
2104
1410
1240
142
2753
2318
40
78
1996
796
2432
712
2335
332
2740
2232
1881
1580
1826
2694
722
2343
1740
2445
134
1470
1926
690
498
1941
2054
2058
2024
1548
1304
732
728
2270
1979
78
1752
1963
2354
1700
2690
1106
2251
282
1734
2382
2336
50
1462
2360
610
1310
458
2414
332
474
2068
922
1112
2358
1626
110
1110
430
216
2251
1018
2087
2459
2227
316
342
940
1822
624
814
2468
216
332
2310
2605
346
518
534
2102
2186
72
1182
1164
2365
696
638
22
508
272
552
2309
512
382
196
2549
1422
2568
870
462
26
754
1969
446
2737
2578
948
202
1604
922
1658
316
2342
2914
784
600
118
1096
1953
492
272
374
2597
2000
502
400
356
2376
1734
1888
758
580
516
896
586
178
1234
356
4
1010
1036
938
82
782
2569
1306
384
2389
1456
1060
16
1684
580
2646
2095
2187
238
2026
1826
2251
1942
1134
858
694
1342
2604
2166
978
2181
384
2655
2711
730
2469
2112
386
1834
160
972
404
2272
980
398
252
2523
252
122
1230
1506
886
2172
74
2775
18
2597
130
130
954
738
342
968
628
1542
862
1082
1256
2484
980
1944
1882
346
620
898
2547
1894
492
562
2525
1523
294
2186
54
2592
2137
1464
24
572
552
164
2058
568
310
40
1330
734
560
58
176
662
2227
2018
430
328
2450
564
968
592
286
1714
738
2074
230
286
1336
2192
310
2175
2308
2505
1338
368
822
1920
278
690
2271
2474
520
1304
1522
236
156
666
514
476
30
1662
3352
1490
2348
1632
986
1748
980
596
1662
1444
2171
2640
960
2586
2177
244
1342
2338
706
14
1526
1406
2389
226
2056
1876
110
2195
2418
482
2357
908
668
62
2749
576
2158
32
1812
1544
716
2288
340
1854
466
3044
2565
1306
416
814
1428
2237
2603
1080
264
1290
64
576
798
166
1430
1656
2756
878
2338
2384
1116
892
236
1758
368
1816
1652
2674
1834
186
810
1152
2543
1516
746
10
1776
14
2324
672
2353
1060
534
998
20
1326
2004
196
2456
598
1450
752
634
1768
200
904
2590
522
1973
1262
842
1722
682
1602
492
408
316
2147
1690
2408
488
2184
674
2465
2438
1852
2049
2550
2255
2259
2398
2644
2281
78
1628
1386
606
1830
2542
1684
190
966
532
1938
2458
1829
188
2256
1618
1718
1928
508
222
476
1522
382
1244
88
60
766
1400
2062
1516
1928
1916
2365
426
2124
2393
1982
702
1350
2118
1870
2445
2609
92
384
2432
1046
2235
54
2240
2158
1004
2144
2202
1978
2159
1034
2298
2360
508
790
410
460
292
1768
2060
2147
398
1648
2442
1108
1753
2068
1192
1280
728
2711
2204
330
1895
2069
2223
80
2146
2287
810
2147
1938
1792
1138
2241
2246
618
1286
2306
2336
1064
156
2497
2045
246
870
554
2126
742
2589
298
2484
2132
2312
1826
86
1867
326
134
2664
1308
1004
2156
348
434
1196
2264
264
1472
1344
2198
1686
2191
770
1254
880
1532
1760
330
2095
80
2112
124
2630
490
1306
1420
142
2209
2220
2278
154
1902
770
2024
2434
2402
554
2285
470
1182
2110
2612
140
734
2440
90
2369
2306
2692
478
1266
1272
2548
456
1766
2342
1130
352
2335
2340
108
1977
2407
2210
2773
2088
2274
230
1838
2122
778
376
848
2046
2412
2044
570
1854
2336
252
480
2334
414
1134
2239
2634
1450
94
12
1882
2077
2562
1540
1066
2326
888
944
208
2183
880
424
642
934
2192
2468
1066
890
2467
86
2193
234
1568
336
180
2113
344
2501
270
810
2292
2542
2496
776
2342
1060
576
2380
1654
200
2029
1980
2170
392
2632
472
1216
1995
182
1584
250
1072
2041
426
2395
1160
156
1596
1054
1805
860
798
932
2225
1440
2380
2223
74
346
456
78
1510
868
10
44
74
882
1716
846
490
794
170
1516
1864
128
1578
2127
1658
384
2545
572
2560
1376
352
480
802
662
2382
486
2288
232
2355
406
248
1762
96
554
244
1374
2424
2580
1688
956
506
1162
2137
2263
2097
2211
252
1944
2552
2291
1432
200
2453
2310
928
2367
2238
2126
1954
1266
1700
2316
38
548
2438
2212
142
280
284
2443
1934
2114
1410
2624
176
1048
264
2212
2530
808
2515
1486
660
1852
2404
2195
762
978
856
1106
994
466
1558
82
1616
172
2256
1850
142
926
2033
2582
1842
2581
2056
38
1232
1406
410
2649
2129
888
2509
736
1672
1630
368
2300
484
300
576
2132
2709
1350
2593
1586
2304
320
2230
748
674
450
176
596
1542
2239
2118
292
2321
54
582
2226
758
618
184
984
412
238
26
1626
2375
1160
2251
2110
1230
2630
1805
232
1892
2173
1258
1686
2464
2793
176
2522
640
2498
2026
1360
2451
882
850
2351
2736
506
362
1572
1674
2033
1796
2321
120
2353
454
2531
1812
1334
1348
62
2253
2856
810
1306
280
2544
2552
2221
116
834
542
1204
2213
546
1546
198
1210
800
2427
1923
630
72
612
2244
744
2187
1420
2299
2640
2026
2454
2548
1114
2249
660
2282
1308
674
2452
2392
380
2197
1734
2464
1542
2382
488
2151
970
472
1624
500
2582
2506
2613
2355
1156
2214
2246
454
754
2405
2266
328
2457
478
26
2196
122
2457
2284
1973
1404
244
1310
88
1967
1772
2601
182
2447
480
534
232
166
2295
1578
2212
1894
34
242
1958
84
302
668
926
30
318
896
2570
2265
2029
132
1590
1952
1748
1474
2040
2300
1684
220
622
2413
556
2115
2669
2542
1636
2609
112
1338
798
876
2277
1340
1000
62
2572
2928
2290
1842
1310
1106
796
1508
312
308
2467
1116
2172
660
1576
1634
2146
284
1430
120
2180
2381
1684
2397
46
890
1933
2345
332
956
2260
2461
1796
328
1452
536
1999
1382
1198
2358
2216
1894
262
452
1922
570
2610
638
2687
1772
188
780
2272
634
888
2138
332
2228
622
548
2446
714
554
2214
2152
1684
258
2070
2335
2183
1402
1498
1922
1622
2497
600
2281
594
1504
664
654
2283
324
2378
594
1078
2535
2443
2546
562
1262
2
1100
2091
1244
1100
880
226
696
1346
2510
630
988
2076
1268
64
2604
720
1276
2513
766
302
252
2115
994
2411
732
2403
472
1907
2367
374
1847
1072
1432
1859
2491
1606
272
1878
1404
666
2419
408
1356
2086
1150
1372
2366
830
1080
546
1328
1016
2457
632
1496
2268
624
542
2410
410
2047
348
1372
766
2223
2190
2368
1350
200
1192
698
2046
2394
980
560
734
1096
1040
754
1966
834
734
410
2246
1330
1528
1164
890
2087
42
1268
2270
1724
1358
228
2302
310
2161
2252
702
644
1518
1938
1648
1668
2598
1654
1881
518
2054
2449
82
2164
2456
240
2385
2453
18
2388
256
1558
2138
370
2777
2101
186
58
458
1222
584
314
282
306
2119
1877
2292
682
504
2190
2513
2201
568
2278
2297
2232
422
674
2409
2080
26
1296
2339
136
606
1656
1466
2354
758
844
244
800
2662
2199
100
344
2436
1204
748
2135
166
2193
2623
2747
822
1000
308
596
2311
2507
2497
648
828
1292
1928
1020
2002
2503
2429
2372
1922
2711
612
530
756
2584
1088
2272
2494
1724
2069
1058
2571
1140
2765
464
2149
230
2147
408
1036
1994
928
212
644
2479
1464
1964
2626
2535
438
1290
442
2148
836
546
2204
1698
26
584
1660
350
2321
736
1022
1354
878
16
170
1370
2572
2741
2238
124
1374
2031
28
852
166
656
2876
2114
1152
2070
1942
1104
446
1882
2440
1204
320
1498
2252
1466
2333
1330
2579
1388
2365
2146
368
2149
488
700
1850
2119
882
1900
540
2089
2512
2044
1838
1466
960
794
644
288
1164
544
600
1958
10
428
22
1656
2590
1972
1182
2223
1176
2274
1308
2591
872
386
2359
170
2100
238
820
1164
1186
1640
2082
1642
2076
1586
2068
1616
1278
674
2238
382
1356
524
808
2259
2052
316
2280
848
622
80
342
326
176
366
80
2392
2073
2265
2276
898
1466
774
1076
192
500
1578
2425
2418
2554
2744
792
990
2252
1144
1748
1160
1586
1706
1576
328
182
236
2527
322
730
2452
2081
2130
1766
2598
1550
1314
2416
36
1890
264
876
1366
1709
120
2254
924
798
2454
50
948
2405
1422
2354
1834
64
134
2136
1012
680
2400
1638
1104
102
2062
1728
1162
2116
762
712
2142
1718
1048
2088
2014
740
2518
2018
1873
646
2390
588
2377
1816
2245
510
980
522
1488
1954
2149
2103
300
2032
260
1534
2110
274
2556
2129
1584
1986
1730
2004
1340
664
34
1618
488
2607
70
526
648
2196
80
1586
2172
1114
2278
2030
818
110
1320
532
738
124
654
1552
392
286
1730
482
736
896
570
2262
360
1884
588
88
2511
2156
1997
960
378
1748
2056
1158
716
2
2468
2338
868
1080
1590
374
630
2539
2504
1576
150
2763
1771
206
1284
744
770
168
446
1893
154
2176
200
762
2355
2463
292
2602
1989
412
2288
898
2279
1966
1240
2194
2250
190
1470
772
120
480
2349
2698
1462
520
126
1088
2300
2765
1988
906
2126
1636
1050
1718
526
306
2634
1446
2527
262
2012
1466
678
104
2530
2
2049
1846
1158
144
344
672
1746
2188
744
1786
1154
930
470
2185
1688
524
2464
1846
1144
2532
1988
228
2128
16
1394
1136
620
1796
2038
1566
18
2261
72
2172
2048
2613
1920
752
1586
928
1975
280
146
240
1308
2309
2441
1072
2566
190
182
1802
968
28
2255
2334
790
2505
148
612
2338
364
1944
1166
1724
300
1746
2252
1874
2435
2233
1760
426
2538
2320
2221
1186
580
1988
642
1394
1256
2324
404
52
2100
1612
84
2421
1020
2623
16
2556
562
188
872
962
1854
716
866
2565
2264
2308
1662
1402
2596
400
2487
720
478
1986
2702
2063
2151
1052
256
2475
592
760
276
2244
2344
2531
1514
2738
546
1410
550
806
2467
2682
798
1376
954
2310
1974
680
2504
2771
2807
1718
2323
320
2397
18
2097
1864
154
752
1958
1488
2490
166
310
1654
362
1654
1852
2048
474
500
512
2395
2412
2155
1028
916
1978
300
1618
1776
2089
1968
6
2234
78
2401
526
2456
32
2293
476
1841
1628
2282
1014
142
2326
128
1935
50
604
2052
546
24
184
540
2253
2761
2088
2133
2918
2169
2
70
682
1360
524
712
174
2222
714
1674
68
830
1914
2406
362
2467
1738
2381
798
2271
2404
2126
1190
3266
1136
1340
916
120
2086
2006
1472
1324
2418
2036
2479
1787
538
204
2655
2278
1432
2378
242
14
1971
2583
306
996
2129
2446
2361
340
952
1516
2056
560
1220
1770
1974
838
118
1238
206
2609
2463
612
656
2286
2111
1630
2606
1986
488
710
1920
438
1154
2349
178
2388
2009
1994
2341
2434
2124
932
2198
682
2354
2579
2000
576
158
2756
2594
1122
2445
2529
488
76
2000
190
2250
2556
2486
2122
2451
294
702
1526
926
2270
2148
2226
426
1874
1264
2279
2078
2424
1074
568
2535
2235
546
252
2288
512
2395
672
268
354
400
1534
1562
2757
624
784
1168
1382
2189
2228
46
406
2624
840
956
1114
10
234
376
2006
2360
2487
2201
1728
310
400
682
1676
652
864
180
1290
1394
398
772
1708
90
950
482
2382
764
1870
2250
330
2355
380
790
2262
2122
2276
1584
532
2056
1688
284
1164
574
2258
2243
86
428
586
4
1822
2508
1108
528
382
654
420
1758
54
694
2288
2020
94
634
736
1260
944
956
2511
188
426
1982
1654
990
22
320
2178
538
2262
1658
2498
338
256
2640
836
2588
2155
1256
940
2275
1222
192
1262
986
984
472
14
820
12
1992
1032
2560
1270
2376
1366
540
768
112
2482
2420
366
524
340
450
1459
80
1268
1770
2210
1074
2218
2652
1947
2611
1901
1202
1578
1930
2164
122
2154
1852
474
1044
252
2238
2361
2574
100
1346
926
540
2381
430
1038
554
918
878
2205
1965
584
48
404
1468
1912
2063
2450
680
1462
2808
534
970
2318
192
2217
412
900
360
1855
1086
2327
576
568
2362
1280
1958
432
446
1822
2488
104
2128
1710
1110
1598
46
386
2032
2479
2528
446
1128
2340
2208
1326
1598
184
442
504
742
538
2026
2489
1596
1414
1838
404
2776
2147
2638
36
2194
312
1172
1526
2324
74
2279
1877
286
494
2594
2246
1370
1380
1382
1084
1540
2347
864
1816
2413
640
1676
324
238
160
996
1396
198
592
636
1720
2463
592
1194
1634
150
550
764
2199
330
240
282
226
1220
2244
494
1985
1562
2457
16
2387
1558
158
1010
2084
2250
1010
818
570
2433
794
2243
2436
1070
308
1102
2016
656
2825
846
1006
978
1334
2565
890
1822
118
2209
680
124
1020
454
314
878
1828
2026
718
2152
570
786
766
1536
2059
496
762
2210
242
714
362
2487
192
2088
604
284
1376
58
2276
2284
582
2747
2362
2238
608
494
992
2691
2324
374
456
358
168
2010
2047
2397
2231
1358
2060
766
412
1712
2070
114
182
1556
2237
2629
2180
432
1208
938
1584
394
286
2234
1948
656
392
64
2050
642
1274
2584
1988
2723
394
810
2642
88
2441
2394
2043
142
1098
2295
942
670
182
50
260
2021
272
1438
2516
388
2386
2378
2341
624
660
48
2354
670
504
784
1891
504
606
390
354
106
384
530
1334
632
552
206
396
2430
766
92
738
2290
1272
522
710
2104
2357
1268
1484
528
914
1985
816
2549
2339
1702
496
1640
320
526
1234
344
334
2282
2530
1786
284
2163
1050
856
778
2773
2812
942
2344
1618
1428
2036
760
108
2272
2302
2736
754
1570
2783
1700
1870
484
2783
2309
2547
1582
1765
2068
2006
130
1940
2195
654
1332
462
664
2131
2329
1642
1492
2143
2212
1554
226
100
1026
682
36
294
1218
2062
2470
2382
1006
716
1604
2468
1058
602
2239
2369
1104
2298
2228
2120
2211
708
908
1004
22
920
2514
218
2243
1688
2414
1758
1977
1682
346
1742
1838
2214
294
2155
258
1922
1722
44
396
720
2286
2483
140
482
496
1226
1116
1864
2179
1376
2336
2704
1214
1468
632
2312
2162
982
446
2190
60
2019
1926
58
980
1220
572
2074
102
494
594
1850
1926
302
2011
902
1777
1006
2406
2736
2569
474
1310
526
2632
2276
1526
1983
2069
482
36
1968
1480
2123
2402
346
8
2457
2477
2007
1946
1812
1920
1570
2105
732
204
612
1680
2401
2208
1802
2607
1672
1078
612
434
382
6
2030
2492
2058
1618
384
1038
2012
374
2340
370
398
1763
48
1370
624
1917
2319
74
344
216
820
54
2118
972
2344
1951
1256
616
1074
1168
1084
94
378
342
1190
2004
758
216
2462
1974
548
1256
110
2170
2545
530
2593
340
2037
296
2602
2415
1238
538
38
1356
2390
2024
2184
184
1384
1456
586
2158
1742
44
1786
2779
2361
140
1284
680
2489
62
2812
1302
1748
1762
14
1714
1374
326
2497
2042
52
2414
52
1506
144
2457
384
574
186
2371
86
2371
2139
1066
2025
1122
2148
844
1952
1212
1596
378
2186
160
468
1434
350
58
2410
2987
2024
1238
894
518
774
266
1310
448
258
94
88
348
618
2306
20
2464
416
2689
1104
2258
2035
1088
2752
2298
2090
1770
2170
2259
184
1358
1550
1944
324
2474
2294
2121
1698
2368
1396
2156
506
908
1782
2446
1038
1874
682
2518
2575
1892
2
2016
846
70
1016
324
2573
2831
2465
1358
2161
2626
1182
1078
212
2348
1944
54
2230
2115
2100
110
2624
852
1722
388
694
500
1546
2084
386
1500
2352
1942
2288
1016
122
1334
280
1850
1318
1200
1044
506
1636
1174
1728
1418
554
2259
988
2310
756
2567
1346
2028
900
2464
1782
258
1934
2099
2057
1720
2465
2151
2196
594
2688
1614
1926
2426
1174
2404
180
1278
314
58
1690
2002
156
372
98
32
226
1454
2246
342
1964
2194
270
224
2149
376
1850
904
130
1972
2203
68
742
2131
2489
450
970
2068
1392
2674
2097
1020
328
2658
2139
1248
706
2192
1738
1282
1724
1854
712
736
1874
374
1254
2309
212
2628
96
2036
2261
2193
2307
2307
2631
2415
574
718
2296
2157
978
1602
274
2178
2402
702
2046
2762
106
978
2238
2421
2430
2421
2276
958
1128
2150
1176
930
2401
786
852
740
1876
94
1338
2236
1834
2524
2570
2070
2324
862
890
40
1122
498
2
2475
2145
1376
778
2605
98
1106
1056
1286
2474
2512
2286
2623
2431
1986
322
2158
402
836
1062
1014
1190
98
2481
134
1964
1474
1392
450
302
2494
2581
6
2008
2450
1884
546
2738
634
512
1971
2584
968
2071
778
724
2306
2003
536
2308
1204
110
74
54
1022
864
1274
248
1042
110
2084
298
2006
282
336
2426
2337
1884
1150
2542
2226
1250
380
294
1440
2732
1132
1092
2094
352
2553
2380
1444
570
1370
1720
1520
800
2162
458
2478
1184
74
470
520
808
788
1628
246
1446
2590
558
860
2215
1100
2322
1628
666
1782
502
2223
1322
2130
1322
576
2328
2434
32
358
552
1444
2681
1556
1040
98
2003
332
1052
2284
226
744
1676
2264
746
2313
2245
2248
1000
2569
2277
2489
2312
2336
376
210
2162
2418
2098
2159
648
2661
1642
4
626
1860
264
148
2537
46
428
2592
2580
2185
2017
894
306
1160
938
6278
812
1168
538
2051
724
1920
660
2606
1066
70
516
2095
2122
1516
1460
1324
1336
2682
2698
2124
1562
1596
1596
2211
448
38
1905
804
1000
1016
28
528
2275
1954
2560
1338
1594
2092
2354
258
492
2618
1044
1312
1724
1927
2072
996
2116
672
2693
428
1822
684
1400
2138
1142
132
1808
412
694
550
2248
1925
482
30
2162
446
376
386
44
694
332
38
2114
768
464
2168
2430
148
1198
1694
1692
2506
1666
260
524
202
790
280
2259
2119
2612
752
2062
1646
2058
214
2283
924
784
2825
634
316
2240
1354
2008
644
910
1304
2268
2624
228
1902
892
1148
1904
2022
2359
2292
2141
270
602
2286
974
744
280
2541
1590
376
1124
354
1474
106
2008
2741
484
534
2650
1702
1932
58
2311
2213
160
2444
638
1244
1226
1494
348
1936
834
1854
514
1724
2086
1845
146
2239
902
918
540
2564
1858
2514
2552
786
2312
2238
610
1692
1634
1064
1574
2234
106
964
2275
2232
364
416
194
1200
2354
598
684
196
2305
1190
2843
1028
1156
1004
1072
2626
810
1218
198
2378
718
2728
652
2824
2486
1174
2625
216
1344
2559
2808
1638
1937
266
2232
994
2337
2217
456
2219
1806
2212
46
2424
1116
1560
230
1863
406
126
2638
2317
142
2362
1360
2400
2343
692
6
1906
2055
630
810
1324
2123
2422
368
82
516
1804
2340
308
1074
1874
2642
2693
628
1000
822
2592
1462
940
2040
2310
548
1398
1540
448
198
720
1908
1922
2381
2245
2228
212
2608
1962
1658
2576
100
638
1600
936
2296
2349
2239
46
2443
1352
2372
2548
2310
738
138
2953
2556
1500
1006
162
2248
756
964
2391
2220
1976
414
1796
1002
632
1020
2377
666
622
948
2386
2312
2146
2193
2036
1967
484
862
28
1756
2200
1048
314
2572
2350
496
460
1824
778
1262
744
2756
2691
6
2535
2464
1218
870
456
1024
2185
964
2406
346
808
2116
758
518
1368
1018
736
54
2116
1296
2368
2395
1943
2168
2340
896
2282
482
162
824
2549
34
2946
1448
344
672
212
1866
1498
1622
144
2515
454
2085
330
448
2614
164
2461
920
2651
76
1164
738
2019
766
122
22
2260
968
486
1034
1723
878
1200
1524
1266
2216
408
806
2388
2136
2416
1668
2435
184
2150
290
1786
78
1880
2078
2015
2643
1210
2146
2445
620
930
2235
2599
2437
1850
650
920
568
2529
782
2070
2116
472
1144
212
2385
2561
562
2134
1953
612
644
2552
2119
2692
2569
2202
34
2264
424
1136
18
2300
2724
1142
1096
784
2604
1094
326
2326
1350
30
2240
2416
38
1020
444
252
282
2053
2416
530
2172
910
1920
2358
598
760
2356
2173
270
2188
1236
390
2104
378
240
2153
1474
2353
2554
2436
910
992
1154
786
1292
2720
70
1618
2362
2166
2240
928
2306
150
1736
1966
382
436
502
40
1228
1652
8
1784
2859
948
976
80
830
2424
64
2302
2038
2190
312
758
2422
1738
2317
1380
924
198
2414
714
1078
1078
442
2544
2293
630
2386
2315
1212
298
1090
226
612
328
1080
514
340
70
2690
1538
1716
1835
2089
1566
6
2236
1980
664
398
1622
1844
2204
744
540
544
86
186
1034
2044
1509
2521
2575
1546
44
2020
1892
1152
1274
1907
2327
1594
2197
1358
1803
1588
96
1916
848
1542
2439
864
718
2273
2275
1098
2653
438
1716
1816
1734
328
494
292
1242
1963
634
416
2626
146
712
214
876
2338
754
1666
1176
2519
460
2544
1204
2553
440
2577
276
1120
92
2160
288
1440
2116
2399
2542
2037
2352
342
18
258
2623
1532
554
648
1200
30
2449
1886
262
104
1978
2239
2208
1893
1690
2306
560
1206
296
1682
1214
166
834
32
2147
2276
610
2447
1024
584
1032
2371
1580
84
1862
2294
750
1388
2577
1958
2469
2010
582
594
2135
696
1972
2475
2707
262
2525
1356
918
1580
196
480
112
50
320
2142
418
1440
1386
236
1218
2618
80
712
1886
290
2797
234
508
304
2455
1488
2102
1941
2353
2411
2148
426
340
2143
1352
448
2256
1048
586
68
1308
1032
2331
766
1928
2345
2046
1472
76
2126
2272
2299
164
232
140
36
556
1834
24
76
2121
1722
1800
2838
994
1848
2155
280
522
1234
1824
506
1760
2132
122
2482
804
2392
2211
2606
2193
1278
1912
2174
282
1220
2166
2351
54
1672
2098
534
480
110
1186
1200
14
1006
1532
2676
1016
1890
414
556
174
416
102
1006
2586
1756
2414
1556
1268
2274
1092
1032
2343
2197
432
2295
318
288
2086
446
728
2496
248
2142
894
1948
2455
2636
328
1250
2254
2696
2254
1558
2012
1860
2293
1370
2301
1666
2144
2799
2108
1318
12
1094
2648
2263
168
2557
2363
1014
2304
1898
600
1148
2374
300
550
2741
1016
2290
2255
2309
304
2677
1926
62
2197
1234
114
114
1864
486
1568
2405
2248
2162
980
2381
2337
538
130
2667
2584
1700
2228
2043
1278
1978
940
550
2648
2386
2520
1884
540
166
1902
1186
2010
20
2166
2240
2336
2321
1534
1832
314
1314
486
1064
1562
2199
1168
1294
128
2337
628
2046
484
992
104
2175
1446
978
2082
578
2106
2390
1855
2145
2764
2373
48
738
1718
2502
1178
2527
2848
2008
1374
2321
2189
2348
1170
256
736
748
2589
778
2828
2449
1610
1660
1060
792
2268
1750
660
986
2315
2440
1310
2388
1682
2465
700
960
2503
1958
1670
1820
1038
2240
948
1416
152
2661
1356
1172
2224
1096
1386
256
2567
2227
462
56
1646
2394
2062
816
26
1060
2124
2744
1994
504
836
2480
2440
1938
2526
2153
64
2135
298
2510
2006
1684
1536
160
2184
1516
1870
2370
274
1530
892
966
964
1120
2755
2579
2136
504
2447
72
1955
250
754
1703
1136
68
364
3067
64
2582
1146
202
558
808
816
2587
2205
2294
2266
1834
2631
2346
2321
1000
522
2508
40
1242
1246
2450
1116
1766
848
1318
760
2651
400
922
2361
2137
1898
1172
2299
238
1872
1048
830
508
1800
562
1190
1264
2589
924
240
804
1907
2648
2354
716
1751
2321
2562
444
990
86
388
450
2263
2639
2554
2692
1520
104
1168
2258
138
50
2201
286
350
2311
424
490
2316
2404
2477
2215
790
2064
1682
2153
2222
782
30
2018
918
10
1692
2421
418
1984
2224
748
2517
2378
1756
1078
774
1820
66
2625
2269
2500
358
2227
620
1078
2040
176
638
2562
2427
452
374
298
360
224
868
90
1510
1500
756
1194
2507
2597
2339
2657
162
2114
80
1374
780
1358
1839
2303
2201
520
1198
2188
1819
1990
2184
2046
942
254
264
1676
990
538
2
1440
718
2138
2050
426
2309
834
2303
2456
26
1146
2508
2275
2157
726
2170
690
244
710
1596
2232
2088
1218
1792
2252
1014
1442
2322
2246
1178
602
630
2478
1784
744
298
2036
2350
1938
1124
1810
1922
518
1784
1694
1985
1770
2012
1584
190
2542
628
2151
836
2616
68
2585
198
2374
270
1830
2363
1002
1824
2536
740
1448
2286
2387
2278
1022
1692
2799
2260
2164
2390
432
396
1246
58
1018
1792
774
336
2285
818
1108
1468
1916
2543
1080
962
2204
328
2003
1044
1198
1342
702
694
2253
2225
2085
2982
1172
68
2138
52
1710
2288
240
1242
1424
2557
546
2295
1622
1336
2114
342
2298
446
2066
1052
2907
2522
2756
810
2294
974
1946
878
1608
290
2355
2200
1422
376
844
1448
2118
2537
162
50
2268
570
1082
1188
1862
2214
1496
456
2344
1994
246
880
1882
22
2316
40
160
470
2273
988
1164
76
2302
2610
330
102
1346
1452
180
1953
400
1186
564
1190
1484
998
2239
2269
1974
2420
2748
2116
164
1712
2540
320
1356
2378
56
2330
158
2403
92
466
20
214
830
2065
1874
1916
362
398
2917
2146
2345
62
1860
2241
46
1186
1758
6
2152
2101
2208
492
2363
352
1284
2384
1816
1426
2126
1030
2514
496
1558
160
1070
2504
1072
500
2484
2086
1476
1268
2163
2469
2575
246
1702
740
112
86
430
606
2393
100
16
1202
42
744
2157
660
126
704
726
584
184
2201
632
2407
258
698
2179
2042
190
1360
640
2190
2488
2263
2365
1164
394
1746
180
1428
1971
1588
2650
188
1254
38
2115
2572
486
1466
2653
1772
2167
1274
284
2572
520
418
80
1636
2042
2338
1278
614
1292
2248
366
336
2336
1400
2080
2212
742
1282
1102
2596
1158
34
2386
372
296
1436
18
2321
1120
2232
404
604
862
876
402
966
2498
2373
2627
68
2521
882
1432
170
2112
1866
2167
352
1502
330
1426
574
2672
1380
142
274
830
2053
2311
2969
26
1530
130
178
1796
210
2733
2445
1468
1516
1862
1892
280
2460
2278
2344
190
1476
1701
1678
2157
2600
2177
282
1344
1216
756
2473
160
1426
1010
1358
360
1000
2431
1522
1174
500
1696
982
2210
2108
2215
1360
2462
520
2294
1904
1452
2473
390
1106
828
2310
2786
2079
1910
20
480
482
484
2122
1550
224
180
1660
1678
564
2493
1844
1296
2108
1094
4
320
2688
158
2037
1914
188
2244
2304
168
710
2367
2006
2145
1520
2288
2498
426
1268
206
2028
1184
1402
2485
2357
2328
2599
452
1160
1846
2134
1560
450
110
2730
1536
10
1826
2040
1668
1790
30
1870
1080
1164
2466
884
286
1948
1022
1524
588
1900
402
1694
958
1854
88
1380
794
420
1484
1756
760
216
846
1668
1768
1052
56
2533
244
2096
1939
414
2736
2507
2416
1814
112
1026
1130
98
2079
982
382
22
342
528
1086
2058
20
1082
438
1208
94
1416
1528
804
2242
594
872
358
1856
2070
1038
212
436
2626
28
20
2191
236
122
1294
1588
240
1918
1989
1006
1218
2270
1032
1910
1330
2190
112
2024
2200
2397
2514
124
2681
872
840
568
2001
2376
1020
580
94
276
1304
2210
976
672
2562
2530
478
188
1952
1704
2091
402
1872
2026
2396
2663
1508
82
2221
304
184
146
2392
750
48
96
236
982
1216
1026
2501
2216
1464
114
2322
1821
2658
686
2700
1657
1730
1242
158
2010
1692
1010
142
218
586
2170
734
1166
1896
2141
3104
2343
2238
1538
294
6
2302
2418
2294
1340
818
1514
2457
2528
1814
850
378
1032
46
510
1308
2793
656
2265
860
2220
24
44
1430
294
2598
2429
584
376
270
2368
846
388
640
262
848
2103
2405
270
26
2190
2637
1022
1270
426
152
872
558
900
1476
764
918
1040
854
1545
1226
662
1836
2487
2024
182
506
1992
820
2321
2313
1212
1268
2084
1752
1570
2304
866
2236
536
1730
1584
494
2398
842
838
2448
180
2207
718
1886
172
2321
1158
2094
104
2471
2663
2360
2540
1304
1506
2408
686
2135
8
2177
2034
494
2112
1956
2246
1482
392
622
958
1148
208
2480
1876
1012
418
708
1750
1824
474
548
414
1136
2168
2193
2534
2351
1160
612
602
2268
582
576
958
586
1558
2068
1272
2407
564
618
100
3089
2456
2090
1130
230
1204
128
2362
794
726
2071
496
1012
864
2574
2218
2316
468
1744
184
2415
348
2166
2216
2512
2115
248
328
16
2079
1138
702
58
2036
2075
2238
2041
1064
2477
1434
2109
282
1444
900
246
2268
2461
1206
1846
2349
2577
1096
268
366
1260
1250
756
1864
858
68
2268
54
2391
68
1614
1466
1910
524
468
802
1876
134
2078
2478
904
2195
1910
992
1931
2307
366
122
1356
6
1258
1656
601
2567
1546
1326
2214
2618
1372
208
216
1962
312
1466
758
2228
1888
2229
2702
754
2388
2501
712
512
2088
2023
1218
1594
2471
2093
2435
1364
1842
2489
500
2485
2070
344
1734
2669
1868
148
2056
1820
758
2255
1218
128
704
1010
638
2557
1672
1464
608
1272
604
1070
630
472
584
48
718
1928
2530
1450
292
1110
2400
238
2678
1934
2207
2349
2515
542
1829
2042
1558
2112
1038
78
2310
696
482
182
124
2319
2117
1378
378
346
1596
1188
1210
786
1020
2562
2383
54
42
80
366
484
2102
1000
1438
1580
318
2066
552
1460
2076
550
576
2470
1546
2659
2388
1858
2142
238
2636
2021
662
126
388
1406
1876
2074
2363
1636
2102
174
296
888
2371
352
2078
1666
1396
2344
1128
2361
1700
2034
2234
506
382
2023
2480
2234
78
610
100
400
2031
2598
2078
328
2244
2514
1880
390
2195
1480
14
952
2476
2185
1967
546
458
1376
1320
908
1394
1684
1494
2293
118
2634
2538
1644
398
948
844
92
2046
2274
2753
1184
496
2282
2209
2646
398
306
2079
2137
2367
2319
328
2076
80
2332
2479
632
634
2594
168
914
938
1914
68
554
162
66
482
740
1760
2584
1366
2325
2151
2138
2334
232
614
2344
1926
398
1072
2549
484
2301
2053
2159
2288
2615
108
2544
2312
2416
2082
2233
508
1096
1954
1124
40
2320
574
2469
856
1728
174
2590
2482
2204
180
2268
1512
574
16
2524
2641
824
558
4
1572
2174
162
2320
914
1098
256
16
1278
1996
1088
1048
1198
372
250
2336
1858
1920
1076
2648
968
260
1758
1760
878
848
1394
2012
1186
2434
910
2410
2392
2281
522
642
1306
2403
406
620
964
556
2533
2115
1468
952
366
200
518
2272
248
104
2184
1560
140
1024
630
754
2076
664
2052
500
44
204
1388
1782
1042
2720
1744
1220
1452
2261
2005
842
2503
2339
124
1604
2236
464
1476
146
354
156
2200
332
42
438
260
2242
768
1074
48
522
2606
150
1854
1482
2528
2622
2341
2438
2183
748
2620
1178
86
1413
1796
1986
624
398
2119
2543
1885
8
30
2127
2306
552
1504
162
2645
1160
622
700
252
1038
834
2173
2278
2448
1082
2094
708
2151
2529
358
288
680
470
1894
1590
2334
1952
452
770
1192
196
744
1160
2469
2700
952
2249
1242
1332
428
622
862
1080
1652
1036
2307
842
2052
2236
2303
176
1196
722
2125
2282
1796
2528
1352
144
658
2386
576
1730
910
750
2252
70
722
410
586
766
1314
1771
640
2508
868
492
1542
1932
1478
1410
1032
356
218
1580
1426
1190
2109
2156
356
806
608
1580
560
2169
2403
486
316
2046
1072
38
2395
866
1568
800
2554
606
2310
2540
2106
1344
1920
1034
1046
2686
2415
2366
238
2286
2163
2335
126
1520
152
1886
38
2033
272
948
12
482
918
2483
1775
2063
1977
2421
1068
416
2274
970
1728
90
1754
2370
876
2485
1324
896
110
2112
88
2533
40
1472
2660
636
884
460
1446
2778
2312
420
2188
2182
1744
2538
518
1600
2298
1861
318
750
100
164
2410
1350
632
706
62
2196
560
482
2174
2477
236
2686
518
2523
1066
2452
1901
2458
398
84
424
2004
560
1316
1250
54
56
830
118
388
2465
252
2536
862
194
234
2219
442
994
378
60
2278
992
1682
2655
2266
2562
1698
2473
52
1763
2446
2679
1500
2115
42
12
2472
1906
570
1034
422
544
2092
1406
380
2497
2311
1396
536
682
1620
2263
316
1855
632
1394
4032
2763
2410
714
2405
2457
62
152
754
1984
1162
56
490
1854
478
250
2392
2034
2213
952
1098
448
1734
2464
218
1584
1672
78
1440
1798
2389
668
202
1194
138
308
570
170
1724
1723
236
1968
1662
2365
140
2239
2619
2420
14
634
608
1200
152
1642
964
2533
2339
1694
698
2346
840
1620
680
1176
1845
936
184
2379
250
2529
98
270
2745
1718
1194
2245
550
2371
490
2198
2053
616
2468
1056
1018
1264
852
450
642
1780
418
2359
356
2434
2142
2610
22
1094
2519
852
126
94
1104
230
2160
726
2128
1294
2538
2302
822
2421
476
2398
2431
740
2451
1130
2049
1529
214
886
2477
1870
980
884
2259
2140
978
1328
1522
2325
1878
2486
2331
644
2024
742
598
310
2506
922
2468
658
302
1420
1270
68
2520
368
870
76
2612
1030
866
520
2326
2421
2536
974
2038
1971
984
1909
202
382
2564
1947
894
2410
1910
34
362
1232
1718
846
338
1130
2308
754
1128
1268
748
1879
2264
2078
2260
700
1468
108
1056
2654
1190
96
2229
338
1096
2390
2157
2169
2089
258
1978
1132
1712
332
336
2436
552
476
1362
2614
934
1506
2443
484
2406
1114
2160
2718
922
814
526
626
1170
1918
2424
206
1410
2349
892
442
380
780
1652
586
1993
2653
1562
842
1168
1212
356
2396
260
806
778
1830
1106
64
520
1244
2149
868
1664
584
1690
152
982
140
960
2252
1132
752
2410
716
2682
1939
2664
596
968
2472
2131
2592
2537
972
782
1368
840
1142
1542
1520
372
978
1140
1826
454
108
2572
1894
988
2447
1196
186
280
1656
496
1810
2598
38
12
1542
588
1850
2137
354
344
2079
514
44
1404
2640
286
298
656
582
1124
1800
2413
1042
1848
2260
740
232
708
2515
58
2548
1376
2452
1352
2753
708
2494
854
2473
2101
900
152
1454
834
2186
2282
2102
16
2072
1396
1098
128
2299
1262
1142
422
2112
22
632
1312
2613
244
2034
2489
488
742
1208
1206
2449
2424
62
64
1292
852
2013
916
1572
88
878
1222
488
246
998
2519
2504
1936
1724
1060
1018
624
2744
2339
2696
1278
2191
2571
1850
2390
34
538
1034
28
150
2273
582
1356
218
1832
462
780
2522
974
762
890
430
516
1066
2444
304
1760
2352
646
1752
1564
1076
2118
274
394
1156
1928
1032
1848
602
84
1906
2629
1434
2274
2036
1382
800
2233
1140
1320
1114
1232
338
970
1350
1108
2281
2156
836
2108
562
58
2645
1626
2096
446
508
666
428
1072
300
720
1188
900
1264
708
250
1058
1486
156
1694
1448
830
1738
1034
492
1286
886
162
1580
2112
502
1356
2278
1672
2642
2570
234
1780
1308
346
1374
272
1234
2373
1386
1842
2231
1752
540
2296
422
2294
1826
1580
760
66
2050
806
1776
652
2000
1358
304
2424
2532
894
2058
1022
1462
1316
246
120
2102
2527
926
1666
1164
2198
754
1574
34
1842
684
2586
192
780
1510
24
194
2340
2228
1734
1750
2528
590
2447
2210
2190
830
424
2098
748
40
2404
916
174
1202
1300
420
1582
192
406
1504
46
2114
2406
678
1510
1458
2560
2206
1500
942
2594
456
2307
2202
502
2250
254
1782
1124
2214
2511
1946
264
40
2242
30
2446
1642
2153
2416
148
96
1767
2115
1896
1176
606
1342
2024
2524
114
1994
94
766
1420
1228
2082
1476
816
880
114
2143
734
2223
2454
1430
72
786
2010
2223
1728
2473
2727
1336
80
1980
1660
264
2559
2233
112
1919
1184
258
2370
2256
1700
2776
470
2153
1506
1580
2383
628
1106
386
2617
214
672
1880
2531
570
1932
886
2514
2007
636
2422
456
1548
2198
862
168
2268
798
1904
1356
2488
184
296
2261
716
642
376
628
1436
994
1964
362
2350
998
1408
2375
812
2087
792
496
1502
2428
66
1348
924
1304
2775
1654
2154
2216
2010
2261
1118
1882
366
2226
2499
526
1484
76
2602
1216
2161
566
2400
1074
24
40
534
768
2100
102
394
766
2496
2002
2226
2260
1208
2683
2467
2550
2314
2373
434
2428
1194
2544
2190
2235
242
594
2744
506
396
2046
2467
2200
1140
1288
2233
1552
138
2293
968
2365
1378
1806
2430
1824
2136
1170
1324
2010
1200
514
1296
236
504
390
66
1238
798
2383
210
1672
1588
100
122
2144
2553
2132
50
2022
2492
2431
298
808
2088
506
712
538
154
1506
2105
1426
1810
1958
1598
366
2744
2570
1838
118
132
2043
114
322
944
606
2001
2213
2272
2074
292
170
112
1880
1460
322
2378
102
2419
896
1244
1642
2628
782
2306
1250
98
318
990
2335
1246
2406
36
1824
2653
734
2257
582
568
1382
1698
2310
286
422
1196
1070
630
146
1308
2649
1930
72
304
2385
1502
392
814
1734
318
216
2695
1558
600
516
1264
180
248
230
1108
430
214
1322
2109
206
36
256
2013
1960
2226
1400
1946
2424
322
122
1140
2155
2174
1424
2259
1410
620
1542
2275
1322
1928
1270
2074
902
1314
1074
2666
2548
1248
2126
342
1526
130
1050
2716
1148
1066
244
2167
656
2348
1030
2148
1148
876
2603
2727
2237
900
2132
2621
1404
1040
758
982
2120
1692
2232
2122
386
566
2431
1900
402
348
512
1022
1324
1608
392
2553
210
1324
2028
1446
2390
652
1420
966
2170
2381
2340
2114
2082
1762
210
2060
1284
1604
98
2004
112
1976
82
112
2060
2091
2278
642
2009
1094
1891
394
2005
1948
1354
2
1390
406
1872
1858
2423
762
244
1612
2408
314
1372
1034
392
614
372
502
2475
2471
1953
1116
828
902
56
284
1376
166
1856
190
2222
452
798
226
2518
1410
1612
1092
708
644
492
2384
1482
250
1990
300
794
914
2287
420
130
78
6
1982
1570
1022
1927
686
536
1074
444
2220
2141
48
586
1810
88
456
60
106
2404
2020
2303
1342
712
2417
2349
452
1288
1928
2338
588
122
298
2040
2286
2079
34
592
490
2293
1262
426
450
390
2075
1018
2264
2873
40
652
1702
2066
2440
1780
1026
2145
2360
920
430
2502
120
532
1944
2050
2147
776
1796
1510
1781
2330
690
2278
2451
444
2559
2349
1410
2126
1916
1646
918
1784
284
828
2490
282
466
258
2288
2237
54
2370
2335
348
632
1206
2288
706
2300
2098
18
78
2121
1454
2617
290
2074
488
16
2267
2418
1988
1106
2749
22
1144
814
794
276
2198
1274
1978
1334
1242
658
982
340
1000
1732
2028
2026
494
1292
280
226
946
678
2392
2206
634
1176
2620
2218
716
478
854
2681
154
1508
712
176
250
2326
1808
172
234
458
2306
950
2419
662
1822
2086
2450
686
1694
2198
1910
1584
2515
172
2046
1230
72
2381
396
1836
202
2377
2076
948
1238
162
2471
450
840
2620
2273
1918
106
88
1034
1830
24
1294
470
1212
1296
2008
1988
1194
2620
2254
2022
2197
314
526
2130
1750
728
136
1868
2214
802
1358
1080
390
648
2338
1160
2042
504
814
850
572
2144
60
90
2299
804
964
2648
394
2233
1310
1438
1864
416
178
594
2254
1700
2517
2584
878
1180
758
884
2404
960
660
168
482
1954
1790
266
1496
54
1196
2464
1860
1860
648
1852
458
1302
928
2441
2228
1476
2216
456
2347
634
2217
12
566
142
2084
886
1742
1334
1506
2513
292
2050
482
2075
2538
1054
646
1746
1096
1998
1626
1512
2324
1094
2392
2273
2214
2592
1138
288
1426
428
1877
816
2330
1770
430
34
146
2128
810
1562
118
2155
92
1248
1698
384
1548
2209
2392
114
2207
2482
296
2150
662
96
1118
2056
1950
146
1504
2195
2392
2460
304
2311
2623
2774
2602
984
2476
1578
2018
1456
482
1662
1838
796
110
2346
158
2152
2168
310
1520
68
2313
460
18
236
264
878
1870
824
1262
16
1940
2448
1808
2445
2313
694
1824
764
1328
2566
1644
1824
2451
194
978
230
844
486
638
1776
2370
950
2087
584
932
1232
388
2489
2459
1540
1974
22
2647
672
360
868
674
2096
1006
2575
1708
990
2419
2694
194
608
384
672
1971
2662
1220
1580
1789
2222
1584
532
1937
672
1102
1020
298
352
1386
32
2384
2040
2234
120
346
242
544
2464
598
1158
606
1026
1224
2239
1238
1928
384
1720
758
282
1974
370
2062
1572
326
1446
2122
1294
394
150
734
1032
2497
896
1470
2262
1896
860
1066
1936
1756
252
982
180
138
2228
486
532
2468
1174
2416
564
116
2240
1847
1434
918
2160
42
1564
692
418
856
2004
2448
214
1750
1246
2137
48
92
1856
2502
2462
522
2376
2326
1676
2137
2554
1856
1348
492
1964
2250
250
24
412
1112
1486
174
406
2050
1406
1693
98
2115
534
874
1906
1556
2439
294
2654
284
16
2254
1780
478
2458
450
366
264
1970
304
1882
66
2394
1308
444
1238
2059
2298
1468
542
2362
442
1592
364
1982
1988
1238
1182
152
452
2283
608
862
2538
1844
1048
1476
508
294
2415
2443
2063
608
2122
1668
484
1234
506
2466
1180
348
1376
2348
2838
168
2361
2314
936
940
2035
2070
214
1266
132
1132
824
1528
1982
380
2633
1720
1166
672
548
2204
298
934
138
164
2046
966
1482
2385
956
2300
2152
474
24
770
2327
2030
1306
2331
192
2269
2589
2316
122
1778
132
1414
2369
1006
2676
236
1384
2401
1642
1094
2261
2234
1973
2075
262
126
282
536
1662
430
2136
1296
2256
2015
30
2197
866
2205
1452
2070
2342
448
208
302
620
2358
850
988
768
36
414
50
34
2284
2476
1989
1468
1192
2139
560
446
1874
2534
2598
358
1740
1216
94
2643
1424
592
2566
366
2486
252
740
2224
1182
1936
2334
696
1756
832
2538
1204
2691
2262
1750
1226
2056
2501
42
966
1292
310
340
206
940
1894
1112
1074
2661
2532
1788
1530
1366
1886
2214
448
1882
1840
2030
1016
1052
414
2151
342
594
2220
2114
2396
1702
118
2085
442
1202
788
622
2261
856
744
1520
828
2163
130
2160
2213
2315
616
2406
2018
912
80
1256
1054
1334
1827
1546
2325
2416
504
1871
966
2632
1150
2514
2535
2326
2368
236
2250
40
2552
798
1042
1340
50
2388
608
2719
1824
2187
866
1770
960
1808
1864
1230
2721
2127
1924
972
2140
50
442
2214
136
1300
348
2036
2445
148
1868
972
2388
1398
1448
1838
2354
1819
446
380
272
454
2370
2180
1090
2330
324
1402
992
1708
1628
262
826
1945
1002
2146
1394
396
2472
852
2383
590
1963
2696
2653
1833
184
1316
1971
2527
1712
744
2281
1842
26
402
1108
950
2100
1994
174
2462
2653
954
1849
62
872
1092
2332
2015
2266
2150
1436
2326
444
352
2230
1582
2131
1108
1366
716
2447
882
808
20
2097
580
1154
830
2192
2569
1380
404
2572
966
808
42
1720
2301
624
778
1722
726
2169
328
118
794
2205
2245
760
1898
1244
2658
1618
1849
2560
1204
1602
1850
2089
2185
2451
652
2046
2228
406
2249
2196
1184
2235
1744
2269
362
1806
1446
2310
2217
2203
1634
258
90
992
1735
2252
2360
1230
2435
714
1874
306
290
162
628
96
314
1178
8
1880
2305
1362
962
1054
234
1398
742
522
1544
2381
108
2649
136
792
308
2347
2023
114
1294
234
1324
204
1090
664
1768
2093
1881
342
2255
524
1148
2076
980
1246
20
2829
2294
1168
604
1350
94
898
1546
224
2354
2580
2262
202
72
854
2450
2555
1764
2256
558
2331
648
1646
1070
1878
618
6
1424
138
56
934
2457
650
2470
1986
820
2198
194
2308
1664
1368
2571
2502
114
830
714
848
2480
1642
656
994
154
478
576
1084
1436
2123
1058
576
2281
2059
1935
1576
2040
780
1844
684
2233
2085
68
1116
2471
1532
230
1276
2397
1372
2390
2190
1532
2086
542
1204
1368
102
390
2421
2155
372
1502
2363
670
2018
1128
724
312
1704
174
2752
1814
2232
1512
818
634
98
2112
786
756
1622
2162
2191
1444
2496
2738
104
182
1024
1622
608
2620
1704
2310
2755
1818
2305
1700
102
1997
2596
890
894
988
2043
2557
2478
716
60
604
2089
2129
252
960
160
498
332
1826
680
1328
2282
2364
1970
1390
668
84
1102
2414
2812
2178
2652
2375
638
908
98
1800
304
1794
1550
560
338
650
1170
1484
1920
2279
2427
1770
488
1999
2256
2289
1404
1963
2408
2546
2432
394
2032
1030
28
774
126
682
2495
344
24
2231
86
206
1260
592
2304
1792
222
2077
1804
140
1958
2374
2075
1514
2307
388
102
2354
1880
2265
2100
352
706
644
2253
2034
830
2390
2421
1364
882
2308
292
2529
2408
1724
2510
2129
432
2150
1761
422
1482
1564
2357
1140
1556
2301
136
2125
2686
510
984
2202
344
512
1736
330
1006
458
2499
1890
2245
2266
3114
226
600
132
1392
128
146
1896
1068
2185
102
2158
1868
918
992
1066
2262
1078
140
522
332
1022
2089
98
884
34
2031
874
2024
274
1074
2690
28
810
196
2198
1218
680
322
858
2193
1866
2312
2207
530
1018
2572
2412
1898
38
2374
2179
2221
2820
2408
446
2138
2263
2715
2083
1926
1126
1512
2058
306
598
1124
948
212
1072
736
8
548
452
110
2317
1708
2030
1394
2145
2180
1656
916
2560
1666
2458
1782
578
422
2224
2283
928
2356
2190
2288
70
2336
2016
492
1748
2104
748
296
94
1940
1890
20
210
2422
22
178
2343
2102
1612
730
1818
1267
492
302
282
260
1736
2303
640
2582
1512
2324
1064
2145
18
2684
770
732
2292
1897
1604
2374
568
218
116
1934
2045
998
634
690
1516
2440
34
2407
2335
1132
2635
12
2076
92
2277
1258
2267
284
906
882
630
328
434
262
2259
290
1706
2292
234
610
678
518
2174
1104
924
1997
1758
1975
920
1686
1456
2701
2484
2201
1044
2272
2476
1823
710
790
734
1871
2171
114
1935
20
2423
728
2336
2006
2222
1108
1888
2402
1218
1800
410
804
2196
2560
2001
904
270
2576
1042
686
1772
2485
814
1894
2940
398
2334
334
1316
134
638
168
242
456
1975
1070
182
2318
1024
64
2154
988
1680
2133
2074
2052
1114
1278
2687
232
2212
228
2322
2065
422
358
234
2396
944
1280
944
1488
802
2114
2374
786
1684
2074
294
2135
500
2796
1954
730
126
724
2181
872
2220
2106
212
452
1356
2282
1324
1186
1196
2486
2159
660
1136
2006
1082
226
22
2388
2523
594
348
886
178
2372
736
1832
1652
2722
2256
1292
2518
618
2124
810
424
1934
2208
62
614
108
2371
1274
2502
966
2088
264
186
2128
2144
2098
706
2116
2725
166
2207
16
2190
574
1804
520
2275
1526
2004
556
462
850
2218
30
2596
2179
428
1798
1252
2315
1186
468
2300
2265
1350
2466
1288
2632
944
1388
1312
2152
1320
2646
2443
1964
1386
404
2092
2212
274
936
848
16
212
170
916
1028
2052
2118
2317
2234
52
830
2203
566
2124
842
114
1272
896
1002
2315
1670
772
462
1754
2712
1864
2532
492
2363
1008
726
174
2281
128
970
530
2100
1976
1706
302
1848
1975
2294
86
1130
2406
1930
2477
536
1474
1512
1769
706
1280
1366
2310
306
1528
1626
2683
1836
212
436
1452
760
1594
1468
2368
2163
2257
102
80
1384
38
2487
842
70
2290
1978
736
476
74
12
1642
2239
2458
2636
2009
2158
2252
2387
962
1708
568
2252
2517
1002
2506
1966
168
568
2064
1024
72
816
340
1556
1524
1068
2596
1120
2231
658
286
808
1789
348
876
864
2124
626
2138
1214
1554
578
1418
1116
974
2239
394
1930
2305
2285
674
2346
2328
1866
2410
1072
528
960
414
1624
2156
1846
1996
1106
2279
1614
1696
1368
940
206
2233
572
2311
2372
2491
210
1542
1162
868
616
1884
2432
414
826
672
1740
2158
992
200
2638
150
1986
1040
2144
2292
1666
538
2458
1852
1682
2027
2418
106
246
296
2015
768
1830
2408
2155
2691
370
2470
1700
174
984
1012
1140
1700
2156
240
1834
1360
1232
1158
268
452
68
1416
2715
1214
2344
492
706
152
932
2746
1726
2493
66
1752
688
522
1402
290
2468
768
1032
614
848
974
1974
2071
2150
2232
1674
2036
2107
348
1490
2078
48
1730
2331
290
442
1815
610
2101
2667
154
662
268
1084
50
2453
1608
2295
552
374
1296
1300
636
1658
1212
1418
2411
1244
258
848
940
958
1168
158
2522
1480
338
2327
678
1778
2084
2012
36
2666
512
1855
144
40
2393
96
2163
2610
342
108
518
596
2630
2499
1797
304
1008
2432
2322
138
740
944
2280
2290
2115
40
294
774
2251
2019
876
2362
364
766
2167
1468
2220
1704
2251
928
774
520
882
1622
1328
1816
2576
1456
50
598
290
2209
186
2694
1580
1554
1841
1052
2359
2428
282
592
1044
658
2342
468
2228
38
1872
1160
1664
554
2161
2040
2438
328
2250
498
732
654
106
1681
1044
828
862
318
2383
298
1174
120
496
1186
294
2043
1810
184
128
794
758
1024
2259
1024
1408
930
502
506
412
1286
2250
2445
124
2518
2042
1254
1116
2467
2108
1915
426
692
1250
2136
830
1088
1048
686
1664
96
618
2350
26
2231
1866
86
2518
1352
674
410
62
2432
440
312
1740
2059
2435
2310
148
2436
2213
1340
2596
2190
2373
2212
30
332
776
24
2475
2048
556
1822
526
364
740
860
2937
2281
60
2244
2610
904
784
154
2478
2432
2419
1600
1046
518
866
1589
2581
1824
440
2345
1226
2542
4
1344
2595
1198
2648
998
2356
992
554
1844
2151
864
540
168
2914
626
306
1058
714
1938
1098
1006
980
2118
1230
344
858
2593
2392
2284
160
510
906
2073
42
38
126
1560
2085
766
1470
740
2100
1658
2321
2188
2287
2432
26
36
876
300
2421
1208
1130
104
2656
2435
382
250
1354
2363
1726
812
426
2388
2319
2548
1584
1568
1802
262
24
2602
2460
582
2157
2219
2300
2786
2439
2609
2280
1546
804
1054
600
1538
1216
2418
2252
106
2322
1282
2238
1480
354
2647
1420
1050
2217
2486
1198
2010
2294
1420
694
2424
1808
2623
2052
2621
814
2584
574
614
2198
2016
2863
2232
2180
1490
1484
2020
1320
110
1078
80
2042
342
356
2782
2128
2102
710
96
1336
112
1889
56
2283
1098
2217
2823
416
1116
1524
102
44
2484
388
834
20
2375
2637
4
2303
168
1112
384
1702
2268
118
254
1736
2244
2620
798
576
1140
2561
1194
98
2278
528
58
1254
1510
426
38
2126
2117
2071
1026
2316
248
516
952
266
2292
1900
2346
130
760
2563
886
2025
786
298
2006
1302
1414
912
8
1600
778
730
2146
1854
166
1882
2218
2325
2074
526
1258
1658
806
746
730
2088
2244
2651
1482
98
410
2630
1760
1864
2352
22
2366
1188
2081
2640
690
1276
746
174
1732
1810
2234
2042
1598
2533
2331
340
376
1130
2832
1294
624
2500
2345
1276
2252
2151
1872
2652
2678
1438
1388
1224
44
1288
2571
2324
904
754
1482
884
568
796
1973
1130
1896
2500
432
1687
2348
1144
252
454
1444
2586
2360
426
2114
2381
110
738
1388
496
2438
1706
264
2537
172
1498
2138
930
632
430
2517
256
1670
1935
2306
1108
2184
736
748
2078
1656
2282
1478
2404
532
2232
660
94
2038
710
1646
944
20
20
74
378
2230
2292
1292
1542
2352
454
2328
1086
1306
2464
2022
1226
846
540
908
282
1916
150
1814
2190
264
88
2287
508
1568
114
230
1692
342
720
2319
728
766
26
2030
1774
2183
568
2146
106
1972
2220
2824
2768
276
564
668
2164
1072
420
608
314
1845
2084
380
626
1132
2368
2614
298
976
1927
2098
1766
1266
1022
2020
906
318
1570
2168
544
1975
520
68
2156
2603
1948
36
2622
360
2510
2496
104
236
184
842
266
1526
262
1084
1738
2205
1679
1844
1806
1328
2833
2517
146
2602
1124
1814
2081
554
132
1174
1660
2149
2388
486
230
44
2498
1350
2641
1958
2584
1142
1944
218
2368
2576
2161
1804
504
192
796
2455
220
2431
1452
1222
262
956
1994
570
2590
2373
2402
606
434
518
64
804
630
1882
2383
1000
1874
2052
320
1470
2444
610
1960
1796
1464
134
1222
370
28
1436
2629
254
2068
1322
1124
2018
806
1748
132
1624
852
92
1660
1974
936
1954
2554
2210
232
2608
488
48
2467
1780
2564
1218
2118
626
860
804
58
2190
2498
2421
2345
2034
280
948
1004
1946
160
718
822
1712
762
1710
952
876
1236
2208
160
2308
132
2136
360
1680
772
2342
2256
1734
612
6
2189
2452
774
934
2286
862
298
622
2564
960
696
2108
1973
2246
2232
2393
2415
64
596
1862
1020
2656
2338
910
830
2342
2473
2692
286
2141
848
296
518
238
1138
1110
1652
2528
66
808
188
854
1764
2230
2368
1616
272
618
1292
912
1024
2276
1010
1933
1706
2078
754
1396
770
2524
32
376
1268
510
328
1218
2588
1128
546
946
1358
2738
106
2052
238
2102
2762
74
2349
790
2436
400
678
1468
2628
1872
1616
546
2208
2721
522
2156
2498
178
708
388
1802
228
1536
756
28
932
2462
2450
1492
6
1902
576
2256
560
1276
2469
1160
2120
156
2060
2141
1480
46
80
670
1154
1808
672
436
1956
2014
1540
2476
912
2730
2230
1614
634
2353
2237
2255
1636
876
1002
1082
726
1144
2062
1266
1544
64
1888
1554
2351
2235
486
274
1706
970
2466
106
2381
2282
1080
56
1244
876
1086
328
1312
380
882
2592
2601
342
630
1774
370
662
1186
1326
878
2223
326
166
286
230
2090
116
518
1580
2502
780
1818
2221
2
1968
1546
468
1502
2130
556
2206
2080
1927
794
702
864
1172
2325
1696
176
988
960
840
664
438
1010
2082
100
2295
1026
1054
1316
2180
534
1602
932
86
846
2294
2224
132
922
150
912
246
54
592
160
1528
632
2528
4
1980
30
728
286
812
1846
1190
2136
1964
1384
654
36
1346
2338
2224
1014
1992
948
172
2336
1812
600
1332
460
400
120
108
2244
1522
2706
2348
366
2418
482
2354
44
2248
922
2508
1334
174
2
1958
236
704
14
996
148
1566
1354
1530
22
1556
2196
2143
2222
270
2181
2248
2329
1502
154
1964
2148
2082
240
802
910
2220
166
1454
2108
2170
2043
1900
1012
316
2023
1972
730
2514
442
2371
146
526
1708
2134
188
970
2093
1682
554
2515
734
558
2315
2224
1012
1528
1186
570
586
848
1868
474
896
1700
2541
1994
820
604
1674
34
150
800
2416
604
2316
2439
870
2435
1924
538
824
2489
2515
2457
2607
1388
2128
1753
1126
188
1992
620
1704
2341
752
1122
2192
1138
1700
978
742
2282
2641
2372
1118
2056
1482
2027
680
1968
2245
1684
2139
1048
628
2140
848
322
302
1996
974
1412
2308
2566
434
160
1326
1820
2332
486
96
486
428
1354
30
320
1598
2204
2472
1542
690
2514
2089
2323
2332
1424
994
2245
988
82
2547
400
2528
1084
356
538
2008
1132
876
374
2630
2240
1999
904
552
2032
1926
2410
2084
2346
1668
166
290
2166
2279
1632
278
2228
1254
342
938
148
86
114
524
3418
38
2331
196
162
1348
2450
1202
90
2286
2323
924
1246
14
2441
818
2177
2473
2406
2475
1104
1666
1008
402
670
88
2184
702
146
1032
790
1048
550
1578
2209
784
688
366
2575
1188
326
404
1028
1835
1596
1978
82
76
2152
454
8
1622
1156
1560
2636
2643
642
2324
794
1366
132
2513
1188
2262
472
1895
1910
1996
1478
846
1176
1050
2584
1250
396
2091
46
134
2379
1514
2338
114
164
1945
874
1940
1987
2018
2366
2294
1220
2462
2124
272
1526
1899
602
1542
370
2764
2629
998
472
304
766
1058
370
688
626
1792
902
1706
1480
88
2352
834
2087
912
144
1258
640
2350
184
1883
1326
422
272
2134
1682
2024
820
2151
2276
1464
288
2387
160
208
1574
2095
588
2481
656
852
2503
1230
146
6
578
308
954
110
1332
2306
2653
2726
2876
200
2393
2768
1498
2386
48
1056
790
1430
194
2392
1498
1918
2000
976
2298
2559
1112
1014
1184
2322
1782
1422
736
340
18
1556
1590
1832
484
2524
1098
584
1388
2326
2169
1288
2227
526
570
1166
614
1634
118
410
2762
2320
362
578
1568
2782
1850
242
2434
2033
2124
774
2553
1478
1848
2362
2556
182
226
2106
2651
2187
2204
496
1816
822
2061
2321
1956
1296
1158
1460
2474
2186
70
2026
622
714
1102
2611
240
736
1993
2334
1868
1236
734
24
2384
2360
318
2252
2479
656
2314
544
2369
2175
2071
300
530
2145
2461
2068
2517
1322
2244
2139
2338
172
2131
2462
984
550
1124
834
244
2243
2001
2136
2182
2382
1688
1974
2285
832
2061
48
960
634
2539
1568
1234
194
2439
1092
2174
488
932
476
258
152
1428
1412
74
206
1488
2545
2641
1338
522
558
1250
856
1476
1584
836
2142
1662
880
54
2430
2102
2333
1140
1362
2674
758
82
676
1068
166
1904
518
2756
914
1188
1312
1730
2044
1628
2406
352
1318
1496
1192
1954
1062
2299
2343
1990
1900
1264
554
638
1232
2213
1934
1006
2142
2076
818
2529
1384
816
950
1328
1282
234
2433
1164
270
1130
1859
910
1204
1965
2523
2594
1956
104
896
2134
748
668
2585
932
50
382
60
604
2168
2123
950
2127
1698
1236
2546
2737
2130
1524
350
2240
796
2444
1652
1500
2468
1588
1328
94
164
652
990
1762
470
1692
1698
84
410
1306
918
2367
498
2264
1854
824
1142
100
82
2049
566
2156
1700
508
380
2545
182
242
2599
1757
1136
1346
30
2034
788
1844
2441
1768
2532
1102
96
928
2170
2098
938
1826
418
2037
2346
864
2293
566
728
1474
2305
746
1518
2513
1764
2274
1910
1430
810
390
1640
280
1764
2496
220
288
1068
2348
1122
170
1842
1526
836
790
2331
2354
458
916
166
334
2170
326
614
2294
2610
2400
1054
2936
2480
2484
96
2503
2208
1158
2133
1004
648
2692
890
1804
914
432
2122
2193
2782
2412
2409
88
2408
2536
170
2208
2444
1330
1838
2274
2206
1196
1530
1098
2072
1754
2165
2086
54
2140
2364
2174
2593
2533
1616
522
948
10
260
1730
386
38
280
874
1782
882
1754
2156
1042
2112
746
110
2351
864
1208
2205
804
934
464
2443
2279
332
2065
2129
448
2400
632
2720
2446
2624
2017
1262
532
1292
106
118
2604
622
888
1914
2048
2238
2378
504
130
504
872
378
128
1532
2313
30
138
2135
2466
118
1966
2248
1662
394
2170
1146
2540
1664
236
2514
914
2446
1878
14
1718
1626
524
2627
644
2227
1968
1026
1806
680
222
1838
1924
766
2738
2039
2719
1724
2179
324
134
2622
860
80
638
1812
1502
68
186
2272
492
2427
2140
68
1518
1452
1578
710
300
1620
2590
1124
442
692
1270
510
2069
2376
726
696
290
776
2349
2522
128
86
2324
2164
306
1923
760
2192
222
2328
1140
2464
1812
2422
26
2077
940
280
312
2187
734
1514
334
2434
6
2663
572
158
100
628
886
2186
762
826
1570
2647
2432
274
2279
2489
98
2497
598
48
830
2554
2562
1390
18
164
338
1628
708
1734
1186
314
78
1060
2313
1086
774
816
104
688
2301
2220
498
2106
2046
2383
1104
2505
1386
1668
2501
1148
2113
214
174
2269
1930
1614
2415
2372
1958
838
2214
2708
2108
28
1940
66
2297
2006
2050
502
2106
2290
64
294
878
2485
1604
358
2100
2680
2254
62
2540
288
2012
1714
1580
1190
2434
258
404
442
112
24
352
250
314
416
80
1984
194
2504
2254
346
1424
774
220
228
1486
2582
1740
100
372
2121
1934
2064
928
758
2144
82
820
372
1574
250
2432
410
2260
2046
214
2371
1194
1114
1200
2152
2268
1488
1008
72
668
2121
632
102
688
700
1094
382
846
94
316
222
374
1002
76
622
528
2518
2482
184
2018
1816
2185
456
2163
1200
1082
1346
210
202
2681
2301
1460
1192
1198
2042
1514
2114
598
488
192
660
124
1442
1988
2137
2277
2653
2655
2372
192
2070
316
2174
2641
2641
40
802
1078
652
962
514
1540
116
1688
340
654
1934
306
2405
848
1312
2109
1948
238
2073
2095
140
624
1876
2293
1194
1472
2554
286
2274
1240
2307
112
2729
116
114
2407
2486
634
1286
1386
1842
966
326
840
2698
1182
1038
2541
1162
842
1934
1304
2365
676
2205
366
1006
2111
1032
1990
1344
98
1082
1240
1570
1684
2064
2276
2495
1360
782
2455
1088
2575
2609
44
708
184
2579
2208
872
2538
404
1172
888
2330
634
430
1288
946
2444
1838
38
218
34
1466
1992
732
650
1190
1132
1550
586
2196
2312
662
1936
160
2295
330
1136
160
1244
122
2120
2075
414
844
386
1540
1164
2523
1088
1284
1208
646
1260
174
204
2184
386
2088
2326
658
266
680
1294
106
730
2112
2240
94
2088
1977
182
3037
1160
972
844
1176
6
220
1292
1996
2468
522
1820
2168
1260
936
1480
1868
1236
1783
2401
690
440
1008
1090
292
2482
756
2103
1366
50
2750
1712
686
2152
1402
224
1078
258
2493
926
1326
22
1582
2566
680
2468
240
2286
2040
2396
1072
1508
2054
2582
898
1228
2236
1790
610
2149
626
1314
46
272
1956
2412
306
2199
710
2131
240
1156
224
2534
2664
2453
2480
688
1656
516
2446
1020
188
408
2614
2452
1460
898
1364
372
1030
10
1772
76
68
1554
854
2121
1940
1778
454
1370
2300
2023
1528
1340
478
388
372
384
2301
372
1462
4
90
60
1626
1957
2272
952
1114
96
1166
72
1090
2659
50
2137
1970
2322
2316
1602
744
2100
176
586
1926
1686
352
1970
614
2534
1676
1862
