664
1258
2363
798
558
326
2251
130
20
2198
1042
1060
2244
692
1600
2176
2377
1650
1920
2385
1072
1538
14
2067
136
846
988
430
1859
790
2219
776
422
802
2080
278
584
2267
866
1290
2624
1080
1084
2698
2539
534
494
2074
2400
1916
1994
1502
1934
40
576
242
1072
2544
766
140
1798
1961
134
2758
1881
112
1788
2392
600
622
958
88
2530
1804
1694
2113
1378
384
356
1814
1404
2144
2349
356
1915
924
306
2198
1518
436
2484
88
856
2365
1844
630
2486
198
454
684
1314
954
2450
1442
976
690
2635
1952
1338
100
2321
154
2174
1400
848
1454
2426
2510
2199
1808
500
2284
150
2616
2349
270
2404
782
2441
842
1796
1742
1352
2334
238
2556
314
2580
306
1973
2653
2191
70
234
1832
2457
368
2428
620
1070
2428
446
2214
1144
2039
2226
318
1686
1004
2090
796
1972
894
1682
318
2312
536
1198
1092
648
300
504
2203
2154
2303
2467
1498
2094
48
824
2080
2158
32
2197
1172
1422
2060
246
2054
2052
518
100
2563
606
1120
1927
2492
1144
2249
2338
2694
58
980
98
2069
2294
2647
2182
326
1202
1366
2324
946
368
2126
424
928
1174
394
1078
1186
968
2359
1280
1572
1164
2142
726
2570
1864
2435
1620
926
2420
826
516
1406
392
1712
2194
2376
630
152
502
514
1422
120
976
302
2258
1716
2428
2047
760
596
2613
244
1732
678
2215
1930
1282
1150
142
2455
74
2392
972
708
2476
1990
2392
204
2154
1638
2384
2589
2189
2162
90
1724
1006
2038
2244
396
1478
1759
2704
852
228
2592
2490
76
630
2041
606
36
2304
2170
2034
620
834
922
2389
2790
1226
248
320
846
280
952
980
2132
1604
2224
336
1738
134
222
162
466
154
68
848
1230
1106
1138
2296
1164
836
416
1030
880
2373
1206
678
884
2265
2362
1912
1064
446
224
1024
1706
2562
1936
216
2400
512
2188
1498
184
1816
518
2368
1104
1262
2050
2591
2268
740
676
318
2112
868
2379
104
1492
1970
2128
2575
1928
744
728
232
1012
1336
2680
510
1958
1924
1998
942
2322
1244
2395
2514
2086
498
62
2395
734
2609
1704
12
1254
190
1438
2100
56
1234
1746
1176
2267
2248
892
2634
2579
2583
302
524
1892
2176
2713
974
1124
2344
1994
44
620
1044
1044
1618
204
2475
250
348
1380
2473
1540
2092
2626
1504
2676
572
8
822
1300
2464
1556
662
264
2279
250
1809
1148
1042
834
502
510
922
2369
172
424
1648
428
816
1962
154
340
2192
1911
2336
310
1732
242
1844
376
412
1910
326
1624
2390
1734
2134
2179
2197
1068
2404
1574
280
2514
1204
2534
2596
2512
148
638
670
752
1968
2001
1436
1760
1400
1961
324
564
1322
916
1528
114
1546
2045
642
2587
452
2553
730
1612
2124
1130
876
2424
1284
130
2229
906
2589
2579
1542
2192
972
90
2674
1520
56
894
2296
1448
108
398
308
454
1950
174
822
2433
2562
1046
1294
8
536
372
2473
702
2422
1266
1134
2511
132
998
2671
278
2323
1610
6
870
2189
1626
1108
2593
1957
1790
1174
2
150
2311
740
526
112
2223
1950
638
2593
2318
2297
2488
1112
46
1894
2088
742
864
2258
2140
2463
2418
2014
1222
2087
2092
634
1706
1488
2105
1952
672
166
64
850
606
2274
2050
1082
2127
516
306
24
1182
2462
2485
2014
176
2315
272
2540
1964
76
2213
1252
1630
2307
78
1044
630
2262
634
186
994
170
2443
1700
2235
2403
1190
1978
2322
1234
1820
600
688
1954
1964
2588
2200
1990
458
2171
100
2442
2128
1294
2246
90
2098
1961
418
2185
842
2276
2992
2602
822
2243
2220
2708
1967
2126
1122
1846
1612
18
546
1264
728
2231
86
616
384
422
1484
2073
560
1854
1262
612
452
2136
2487
1880
2270
50
110
1924
34
214
2186
2906
2538
1352
696
2302
2104
2569
2127
1354
298
910
2155
2321
1744
990
208
1452
2374
958
1998
452
2572
2407
2541
2306
2121
1741
2340
2562
620
862
766
52
1344
1850
502
1044
10
1653
2104
2090
118
2146
1618
836
298
606
1040
242
736
1264
1358
2365
2304
720
864
2286
668
2168
94
844
2531
2301
2149
762
1718
348
1738
2556
2150
1314
184
406
1098
278
1680
232
2214
348
236
2186
858
526
2026
1962
1338
2416
894
2066
1312
2619
806
1794
2117
2170
578
1184
1486
2227
2604
50
100
2478
626
1950
2535
1546
934
2044
642
50
1202
2138
2596
1714
1528
1066
746
86
1650
176
2154
2512
96
2451
1160
1032
2452
1104
2405
708
2548
1966
1152
1620
70
2090
1788
2239
1728
2429
2127
324
118
2868
2058
1170
2312
76
1362
2130
2
2363
1510
2558
2040
1965
1312
2825
2598
1947
974
2195
652
2122
52
2574
374
1898
2359
234
628
2502
1928
1690
302
1124
956
2372
2184
2226
60
442
2412
2310
640
2195
544
18
2044
1048
2502
2589
86
1194
2120
50
980
988
532
956
2708
42
2674
2162
1588
836
2808
1890
2477
250
70
1328
410
1354
76
6
26
2008
2035
68
652
1788
2169
2207
1878
2433
2686
2628
122
14
194
508
1210
1652
748
1550
1280
2002
1900
888
602
1876
916
962
630
1770
2329
1014
1044
2207
2323
2466
932
1022
1084
1934
310
484
544
2269
410
2451
950
1919
2078
1844
122
1076
804
1284
2168
132
2240
2454
8
2203
300
2333
2283
944
1604
136
836
1544
1706
788
1432
1360
2759
864
1974
2338
134
578
552
194
1366
2092
2151
1334
1196
132
2329
1234
2106
2214
676
1740
1010
678
374
1874
2657
1232
2424
1508
2548
450
2927
2565
2095
1164
1722
624
2206
1864
1150
2386
1386
478
1488
764
2277
120
1942
1712
1724
18
2031
1208
2112
808
576
56
2407
2330
650
2760
2185
2344
2010
422
956
448
1791
2477
1364
160
2026
172
160
2089
500
906
648
2274
1788
2499
1970
2166
1850
470
982
2724
1822
1933
1672
164
2300
2224
36
2239
736
838
360
1602
2580
2263
138
232
524
624
2130
2296
2338
976
2504
1818
1330
1990
2297
678
2423
442
2201
2625
2268
156
18
1438
2154
2038
950
258
2248
2125
2528
1098
2188
662
2302
1922
2157
2310
210
2335
842
2078
810
1096
1748
216
862
620
2511
2312
2328
1554
364
1108
2344
2018
1100
2267
2423
198
1014
1758
104
2339
664
554
1460
2420
2147
1016
1972
48
1286
2709
532
1460
2060
720
100
528
1600
1922
718
1332
2437
2143
240
1524
2375
2528
2364
486
88
758
2073
2064
766
2501
508
2279
2046
2783
928
2443
1146
2588
2636
1895
270
1644
170
600
410
158
2145
120
462
2312
914
2
1098
252
1899
490
36
54
202
352
1038
342
130
2594
2297
1664
1510
2072
866
140
2068
1570
746
1602
1882
1836
1092
40
70
2284
754
1656
2562
766
2217
2204
2352
912
1672
30
680
2086
280
890
2456
1148
1972
1662
2345
240
732
742
1662
2127
184
362
560
1490
1310
2117
10
408
906
126
1262
766
414
1442
1068
332
656
356
1921
776
1052
2107
1388
2328
660
324
2305
1896
2105
304
524
642
1694
1480
1954
1862
318
2544
674
1092
1064
1294
1466
716
48
1982
2004
512
736
2111
2245
2394
180
1776
2639
694
2102
1258
2822
1520
1028
2825
1594
2074
2007
2382
696
1788
1602
40
1524
2234
804
2095
2551
1224
2006
276
854
652
1112
928
168
876
288
2252
738
2349
162
288
1961
734
1004
1550
282
1576
1970
1694
1004
90
2178
1958
1726
366
1932
2027
1911
2762
1162
2224
2192
2421
1346
400
2409
2643
2431
146
96
2489
2436
466
900
1224
972
48
152
390
832
2821
1260
566
22
638
1122
1326
550
1204
2290
776
1570
2040
220
2441
2328
2256
2248
682
1090
1126
976
844
2118
1750
1726
576
84
2175
620
704
2000
2111
2073
1999
366
2345
208
1320
2426
2185
1546
2581
2029
598
1516
2247
1904
2074
672
2338
2425
534
854
278
2374
2498
1284
1910
178
46
766
2056
2233
2401
1154
2386
2491
204
168
1472
36
708
1154
2027
1156
2392
1956
538
1596
514
2178
640
578
14
2016
1200
2232
1536
2236
2325
2701
1640
1246
570
1764
432
2787
820
2643
146
532
42
1388
2382
1853
2493
916
702
1288
1982
92
794
2272
756
862
2345
384
2234
1290
1330
2174
782
2085
222
478
1604
202
2263
2150
1692
706
502
2335
2831
762
662
972
38
2015
2713
262
496
2258
2215
2206
416
2390
2467
1452
2
1068
744
1412
2624
2054
1522
1670
618
408
2234
2261
2030
1975
1935
730
1270
1112
2019
2410
608
2263
740
218
2536
1022
1996
1346
2584
2257
1708
2170
2608
222
62
420
212
1326
1284
1796
1614
2194
132
1498
1208
416
328
2092
1676
342
2100
474
268
78
2715
2340
1230
2724
2211
1016
1174
2168
266
2062
2344
2393
198
1890
2373
2226
2426
1286
474
2609
320
1170
2495
188
304
1262
2592
1054
1478
2188
1704
176
2118
904
158
1056
2102
1798
512
2398
2308
82
2090
614
2072
2314
10
968
76
76
2582
852
1560
476
2239
1872
1750
316
560
1846
2054
136
1804
1224
36
34
2196
332
2333
2394
500
1558
1722
802
1948
1862
2206
454
2418
168
1088
2611
1262
2439
1646
1720
1912
2601
712
798
2588
1682
2370
456
218
330
2689
2305
576
2116
2731
2432
2520
2008
156
812
1034
1030
784
1566
1082
2267
1636
1626
2139
2348
1458
978
1398
862
2138
352
802
2455
2079
900
440
454
2004
2266
1342
2675
2495
2397
200
948
1936
244
1460
1704
2440
1352
336
24
1326
1902
102
122
2118
986
2594
2646
1636
2218
76
2361
1889
2026
486
10
2559
384
1636
1730
1114
670
2396
2280
1760
2257
1668
1532
728
8
2260
1870
2214
1965
1964
992
1292
2193
2569
2493
348
2633
2466
1642
1424
150
2144
2480
2304
1782
568
648
1336
282
2266
2495
198
2378
2331
2145
2016
14
580
316
2597
2344
1088
1030
1622
2542
1368
282
1658
2198
1260
956
398
2956
2434
80
2172
1170
530
732
2531
2912
2308
2267
1966
212
2351
728
162
2341
282
2258
388
2258
438
1154
384
1993
42
1304
1514
596
978
200
304
42
260
1374
738
2172
318
1712
1940
190
1959
2218
2096
176
206
636
2270
244
1350
1322
352
2107
1194
2368
1194
1606
664
1948
1534
2636
1368
2440
126
174
1688
2294
966
2391
2240
378
2455
208
816
2673
788
2521
1578
2090
890
2558
2088
400
584
2303
1686
1236
1080
232
240
2444
412
538
2643
2592
394
2028
1350
418
1206
36
2234
268
968
1926
740
1606
958
86
2540
2083
2005
2361
34
1034
1378
106
820
1134
900
2215
864
1068
486
2234
2268
148
680
2412
2483
2473
558
2056
1868
2646
2220
2414
2008
2725
2951
88
1306
864
38
412
692
8
1998
2404
1605
1837
1670
672
1956
1536
2768
72
260
2113
1128
1996
154
784
694
2227
1762
830
154
2098
588
1642
1468
886
168
946
498
1610
1194
2606
2631
216
1420
2433
966
2399
808
1234
2209
994
520
1592
2629
280
1528
1512
1232
2108
2471
586
2210
204
322
2364
90
1138
602
1474
1432
16
842
588
1642
2469
2279
1392
1878
2299
426
1220
332
108
2119
768
2020
2058
268
1500
244
804
2196
2235
222
2296
700
2666
2161
116
484
1826
898
2096
616
276
286
1878
1738
1905
648
1550
1436
2427
674
2038
2294
2566
1762
1352
812
1202
2809
2543
736
1348
1904
1940
756
2168
1448
746
2720
570
490
112
1600
2548
1860
2318
1346
492
528
1312
2736
1260
2102
306
1942
354
914
604
2572
618
2258
290
166
2429
2038
1038
2088
1044
596
2562
1908
1522
660
2706
2371
2093
774
2319
2066
534
162
1086
1522
1902
2243
2661
1482
420
1208
2208
374
750
2413
50
650
1784
2235
2446
1326
80
1010
1636
2204
2191
1494
2416
2406
248
1574
98
1350
1406
1752
402
2539
2232
336
480
204
554
2057
2132
2320
708
2038
526
558
2308
918
420
616
2360
1506
100
872
2089
2074
1400
1174
550
456
832
818
2288
1036
2400
116
1838
1038
1918
2654
242
2456
2160
2
90
1038
2397
368
474
414
1306
554
698
2128
1102
1144
698
1888
2375
2476
2591
104
2295
2473
2606
2603
158
700
1136
282
1574
224
2004
1912
2120
2670
800
490
54
2461
742
418
614
2223
494
1138
2407
642
590
2385
60
628
1902
2400
2102
1518
432
736
1734
2386
2506
1812
2581
642
352
2414
2257
1338
1462
1044
2596
1402
2269
2721
1016
2042
2342
2852
12
338
298
1334
622
338
1889
1994
2090
316
2369
1014
2560
964
992
832
2479
130
2194
2299
240
2637
34
418
2456
1182
2004
218
64
1072
492
1112
1708
2255
2496
980
1974
148
2316
2043
2460
1260
2576
2219
1304
52
1750
2216
2728
1074
2603
2378
1184
616
294
2390
514
2527
520
570
1064
262
2250
916
672
74
396
1108
624
1900
2663
734
540
852
2277
2459
2296
1512
2268
508
1264
1944
1868
2055
2636
1968
1942
592
282
2174
242
792
2253
2650
1070
2501
2489
2314
1946
1474
452
1536
770
784
1992
2374
28
2404
148
2109
428
1002
1230
2447
488
492
260
976
2038
682
2000
92
1855
358
1988
2798
1706
92
2268
2344
2499
2566
490
1408
852
144
1962
1042
2720
182
236
1242
1805
260
1196
2212
2412
1416
94
470
954
2058
1658
872
508
348
96
2250
318
2552
60
386
292
2230
2104
2083
486
1390
412
212
1018
2292
1786
1926
1787
2310
12
756
688
1614
2107
2278
818
2234
1226
2781
2074
2492
2467
1138
2022
2009
2234
894
1620
458
2259
2116
1730
2665
1362
2369
1092
2502
242
2163
1342
2270
2513
598
2034
2199
1332
1344
2444
218
1858
1692
204
182
964
2396
2414
954
988
444
1922
2496
2244
142
118
2034
1472
2128
588
754
2345
2433
2134
252
2358
520
354
2254
1574
1250
1875
2113
1516
2520
380
2412
2376
2272
2251
1816
274
2400
1474
1878
860
292
2277
2262
2738
1852
126
624
1524
132
892
576
436
2181
2166
1140
2525
962
498
1520
2271
62
2209
2266
1992
854
770
2452
1764
2443
2130
806
542
470
200
2067
1358
1538
282
2300
584
2361
774
2111
198
2405
2217
1584
2446
1322
1326
2350
2272
2385
80
1390
2306
624
1152
2589
2020
2381
1328
2392
1777
2231
1210
2535
2673
2239
1380
1288
2364
1486
1806
1344
1504
2523
440
2268
2614
2272
494
82
2242
608
158
396
2068
428
1716
1732
1402
1168
2233
1332
2401
2527
130
1736
2040
2315
1824
224
910
1316
990
2345
398
314
2313
2224
2436
1290
1070
1076
340
2545
2187
380
2391
2249
830
462
78
2119
1376
1674
1300
6
1977
238
970
2276
1774
546
2085
1232
2068
444
1004
1596
598
2058
1020
2184
842
1090
1782
496
28
2160
2153
892
196
2408
1342
372
470
2084
106
910
874
116
264
1292
2351
422
2502
2192
358
1810
280
678
2090
336
704
2492
2523
1590
2028
1030
806
478
938
1768
1888
1908
1937
2290
842
1857
2207
52
146
250
2201
1969
2379
160
1296
1496
204
2376
198
770
164
1876
1184
2122
2412
270
1226
900
2647
2324
188
10
1466
1460
1406
1336
2164
2045
1630
1778
368
356
2449
1264
1900
2307
2485
2266
2007
1196
502
262
1442
286
308
2527
1356
1294
2265
294
2216
2450
1772
766
2052
562
1036
592
218
698
1494
646
2358
2320
2066
650
1394
1388
966
1264
1859
2255
1236
670
158
2297
292
2280
454
2039
410
24
84
2390
582
2092
1530
898
2597
388
160
2255
2409
1994
2079
2278
378
1106
1026
916
598
1236
88
98
2204
132
2199
2077
684
2194
2511
544
1014
2004
124
476
2442
350
1096
2835
1940
1302
2286
102
1180
1556
2244
252
368
1198
1314
4
40
2613
1016
1408
1888
1834
908
2262
2363
364
2319
332
452
856
1296
2263
2294
308
202
1416
716
622
2573
1358
2421
1776
2402
2267
522
1987
2635
678
2135
558
1480
756
114
774
1873
2399
1858
2282
1616
2360
2596
2327
2202
1320
36
1166
1896
1738
2862
2216
986
482
462
1346
2181
1924
1406
1980
1685
930
2574
1344
228
2329
608
258
2100
838
176
306
2182
1484
1318
1630
2447
14
1404
2090
676
1178
1982
1375
2617
2468
2070
1334
448
702
1430
2358
820
2285
648
1398
134
2138
1524
738
1218
642
2147
328
2676
2489
64
2584
940
2378
1954
1908
608
464
1056
2499
1676
2191
830
2610
1178
724
598
2436
2444
2541
2230
1250
1454
2262
2255
1014
1698
2502
2109
1058
1220
206
2122
768
2246
2686
356
176
492
2408
598
2022
2054
2375
96
1582
340
96
1058
2638
1634
244
2408
1910
196
370
2315
1936
126
228
2586
2483
302
2209
552
2460
582
2302
210
1854
2292
2036
106
528
2290
1118
1658
2439
2379
334
2285
242
1058
2019
1978
2529
384
886
2392
2464
986
2768
732
334
2299
2287
1146
2250
898
274
2526
2267
1288
2348
808
2437
90
2764
2755
1186
2160
2397
1616
42
828
1634
1518
2300
594
2596
2284
266
2024
1922
2268
1208
950
1820
1334
2439
1188
46
1904
1038
2115
1198
520
2185
808
2681
1536
1991
1752
1932
2330
2158
1336
840
1386
402
146
1472
2508
736
718
810
288
80
584
1020
1318
1080
2818
1142
1830
90
1684
2150
604
2420
32
1098
778
896
2512
1530
904
312
272
2042
958
2712
2099
556
996
1138
1644
266
1466
844
350
2177
470
2021
668
2077
2242
2287
740
2443
1156
606
668
2163
752
136
996
2220
1112
1358
2006
2484
324
1564
2191
2330
1793
2450
1380
1782
146
2165
74
1262
1238
1392
352
160
1760
154
2388
722
2202
1100
1909
1396
1364
1618
2645
2243
842
1960
2350
2167
2538
2118
1820
1288
2062
1200
2364
2262
2270
1840
1926
2274
1640
316
74
354
1212
1874
2586
2416
1532
1082
1897
1086
1996
476
2294
564
1840
2162
2492
100
2256
1278
88
2147
1594
1420
372
38
1458
1282
2121
216
188
318
1206
2266
2663
2318
214
2116
736
2373
854
2552
2130
74
444
84
2279
82
464
2151
710
1228
116
1138
1328
192
1665
1384
2211
674
2052
1650
912
644
1982
1506
2387
1022
1254
1186
162
32
592
182
1910
2126
1086
208
2040
140
52
2431
1124
2479
780
828
1894
188
714
12
272
306
90
1348
266
2022
2490
624
1654
2318
1214
930
638
104
138
2034
2324
2507
2610
638
2007
2280
1362
1014
1570
1044
2086
494
2229
2731
78
776
1296
1422
1578
2258
664
1736
1938
1502
1937
436
1871
2906
228
1328
1112
1748
1610
2433
1918
1076
1058
248
1252
1506
1404
2323
2282
124
532
2467
1060
1420
1990
1992
2506
52
188
934
2158
770
154
554
1108
682
1184
784
1907
1546
1780
428
2166
958
944
2166
872
1004
1150
1980
1384
1280
2049
1256
1826
1474
356
2290
1866
2597
3158
1474
486
2446
2440
878
590
16
822
2228
254
1943
1160
2190
846
1958
2151
586
1984
2554
2462
2260
676
1272
68
968
1941
1822
888
1452
316
2467
1282
1196
2048
2108
312
116
1770
1972
1002
1922
636
144
2342
466
1630
912
2100
2052
892
1706
2231
1786
2290
1568
2319
1997
1062
886
2158
974
2103
190
144
1556
522
536
2277
1736
1976
998
1062
2392
2200
268
2256
1542
158
398
394
2708
2583
2095
2168
976
2222
264
254
2253
1062
1280
536
1316
616
2350
210
1210
1074
224
2326
84
644
2276
2440
78
876
626
166
1656
396
2308
2559
2014
2554
2186
1368
1310
730
2234
1874
2292
2146
1810
390
2270
64
2526
2293
494
96
110
1158
604
1064
804
82
598
2064
2014
1266
2249
2154
504
1034
1296
848
198
2175
658
1344
1544
704
2387
2254
96
1302
682
136
210
2587
2891
112
1252
470
610
1568
2156
1210
2412
1986
962
186
424
2314
132
1154
16
2184
50
1570
150
466
528
340
2289
1600
1328
1460
614
2074
2188
1931
1416
2388
1380
68
1298
2163
1292
2221
2018
2640
1332
122
150
1784
174
2476
636
1082
704
1570
182
2771
1392
1430
36
316
1832
1456
1628
802
768
524
2532
1730
776
632
332
1576
702
2101
2381
1987
456
2617
2302
486
230
2325
2000
1836
2354
132
866
2532
542
2596
142
620
2993
442
54
1078
1406
2958
2118
2323
140
1568
1610
1762
1032
254
2435
162
276
1052
2408
2214
1282
102
42
84
682
356
2728
422
2091
1452
132
2054
1146
1862
1096
594
1818
946
2458
2513
1284
2296
1860
344
594
698
1926
342
1356
206
1342
348
984
2132
2108
398
1578
1400
1508
290
946
1979
2196
1146
2068
2192
206
2214
1510
2221
1270
1812
1940
194
848
776
122
1164
2291
226
1228
2031
190
446
2174
2421
78
1470
602
704
1516
1340
550
556
1248
164
814
778
782
342
262
2088
1784
1600
1720
2269
1848
2115
2094
1116
696
1108
2357
2363
558
2046
2089
1046
2728
2230
110
528
1847
2249
2028
806
2246
1402
1206
974
2136
1922
2267
516
196
486
1064
2583
656
1000
1506
742
842
210
798
2750
462
2352
1595
638
126
830
1579
2340
974
2188
674
1854
2081
1426
2186
1214
776
1668
1500
2466
900
2116
50
1152
490
1522
556
1212
2603
1396
1348
790
2128
1098
1989
106
2193
2139
496
2405
1338
986
516
2398
890
300
24
716
302
2175
602
2534
966
418
2288
2001
2566
1228
2252
1468
1030
2358
836
1418
2226
492
1536
2136
1826
2437
1202
820
2578
2762
2232
546
444
320
670
670
458
296
1252
2210
2060
1352
492
2029
1494
2250
1984
2505
2348
1842
2090
694
2636
1454
394
1364
2356
180
510
460
474
1214
640
1660
2131
2416
1638
1062
212
2304
382
596
146
944
464
1920
2447
1914
1302
118
554
1832
1188
948
732
600
684
2352
218
2290
884
2425
2184
1938
1094
864
644
2604
984
128
2027
1806
1698
460
552
1256
1882
804
1588
712
486
1891
1394
814
1492
80
486
286
850
1664
1942
1912
896
1390
2630
712
1854
380
496
232
1378
1288
2590
2540
90
3536
904
812
954
1992
2416
2104
2269
218
586
2165
1158
324
1262
18
2108
40
1058
780
1858
812
2471
98
234
740
1440
2191
2117
966
1286
2614
432
1156
2406
934
2023
548
480
428
2338
1050
2760
206
978
2290
114
1494
2577
768
836
2810
2213
164
578
2472
2071
1114
1762
192
2564
2557
1110
2463
2386
1714
1062
1976
2298
2465
1346
1182
124
232
2064
1534
58
898
2230
1258
1246
2456
122
266
1072
1284
1914
2059
1650
2232
1288
1224
274
2086
2096
1218
1870
800
2582
1108
254
1778
2081
1278
2108
2368
1914
1832
2094
1990
1072
2339
178
1026
2560
534
698
24
2051
1690
82
1804
1937
68
1869
2752
1222
1056
1280
1080
2557
1002
918
372
2256
1472
2142
168
20
1456
1336
2250
1813
546
2201
1720
1520
2181
490
1610
2390
492
1548
2656
2297
2562
266
2255
1626
1600
1130
2273
1676
918
552
1988
122
678
840
436
770
1436
256
298
1038
2701
694
2847
42
2693
2793
1444
2651
2400
2470
1272
2015
78
1314
512
1684
60
2171
144
202
112
2374
312
178
1718
280
796
1194
2252
2760
504
420
78
178
426
486
1802
1935
2419
1056
1248
24
2367
840
2259
2044
1902
98
2364
2617
2848
1832
2512
2699
1590
1168
2463
428
1364
6
2180
2274
2200
1871
238
386
2597
754
560
1218
1240
792
854
418
1982
2020
2292
2079
2152
2262
1272
342
2310
1304
170
116
2239
2092
1394
2272
2778
2527
2040
1619
1222
1232
2242
962
632
1394
1308
1434
1650
2317
1358
472
1670
232
1346
1372
2004
1948
98
1204
182
1188
2377
2059
2502
2619
916
934
1863
2682
2583
798
1674
922
138
876
50
1836
840
2039
810
1638
2158
116
396
1598
1032
716
2258
2890
1572
248
1642
640
330
736
882
40
848
2362
2607
1272
552
206
62
418
2511
860
202
2352
218
1110
908
504
1814
1636
258
1636
1576
1700
1002
2330
1030
2151
1494
2184
1178
1120
1254
24
1969
2572
704
452
2293
1122
330
2352
2030
1020
728
2596
1008
916
1896
1462
778
2537
672
1498
2504
2768
1890
1716
2492
56
1402
120
2525
2244
1644
1290
2162
2185
2227
1976
400
108
1050
16
34
864
2405
840
2635
1810
560
1390
2740
144
1298
2416
202
316
1892
642
2533
2386
2490
1852
2
2320
2455
1288
376
842
2378
792
2504
678
136
68
674
2285
336
1784
1022
1000
166
864
2431
572
1148
354
2080
50
202
2072
2080
48
2224
142
1338
206
1864
596
576
2289
2498
334
2042
2567
560
2142
2045
258
254
2534
2130
2415
350
250
2280
684
536
556
1476
446
2760
952
750
2786
1168
318
2668
24
136
72
222
2220
1762
694
460
1100
2096
362
1552
2100
118
1794
508
944
504
142
1020
1574
386
1130
380
1821
2006
230
1536
78
2524
692
224
692
1928
72
634
634
2584
2197
2132
466
54
2007
1814
2276
2639
388
2102
2057
468
228
752
1212
144
2071
590
2448
18
124
500
234
262
2035
1986
1732
208
2383
804
1184
2261
74
1270
2260
562
520
80
144
736
2055
548
2408
2477
1164
2235
2560
2532
388
1226
306
786
2761
2257
2460
2693
1808
1456
2369
2363
966
2434
2484
1164
720
2456
2338
88
2373
1728
136
2222
1130
10
290
422
1418
554
678
2086
2605
234
1648
110
216
758
690
1610
172
2525
2198
2274
1906
42
2235
662
1736
290
2210
294
1038
14
580
890
1656
2455
714
2540
1942
2120
420
1514
2734
1470
1554
2485
1968
1841
2490
74
2622
378
1448
216
248
1922
818
2372
416
1676
2110
2150
1292
1620
2099
2396
2012
1092
2226
1898
54
462
2487
38
1166
150
82
1600
1888
80
716
238
766
570
2154
2136
2264
2671
242
2172
1024
1252
2360
1971
2231
314
2353
946
442
972
2178
2489
2288
2080
376
2456
1606
628
2262
1360
1442
62
818
2593
322
2266
2230
798
1008
370
330
656
212
2355
1972
970
104
316
2596
2077
2599
2425
2367
438
1570
2256
2265
1322
1098
1316
1866
1888
1182
2513
230
2046
1654
670
28
2670
78
282
1438
924
1892
500
2200
1792
2163
1056
568
408
2493
1190
2273
2185
270
80
2574
2171
2313
542
708
644
1742
1954
20
2753
2056
2473
872
2423
1192
2426
1922
2201
2459
1924
2189
1090
1524
1922
1804
2429
674
1734
338
2110
328
2625
672
708
522
542
2168
1376
868
2075
2730
134
2361
2485
1550
2225
40
1872
276
786
1823
2177
2412
90
2146
2292
2238
1714
2533
1322
2468
2456
2182
1922
1376
2320
358
2078
566
1566
2152
2287
1814
360
684
1134
1456
1780
932
436
506
580
588
220
1767
414
2651
1548
2262
1858
586
338
2523
1184
2074
518
2054
734
340
2301
2400
2032
924
1166
620
1754
2073
1792
2772
2215
174
2102
2620
1352
2333
52
1430
484
210
1906
2503
1716
730
1406
2142
2195
2600
2593
608
1786
796
82
1216
246
570
266
1096
284
920
150
626
818
1544
2302
2473
554
772
1684
2326
1444
2225
738
2348
2416
708
2662
2106
378
2249
2206
2148
1966
330
2011
1202
1008
1986
498
2154
122
538
124
2103
1146
1486
1210
1186
2377
1920
2206
932
2237
1806
2022
2472
582
1912
860
48
2110
850
2146
724
2269
2190
106
2482
2305
442
78
40
144
2033
2011
938
2518
704
24
2014
1916
20
972
1496
134
1714
1172
896
1250
110
1026
2385
126
1580
54
2223
732
1482
2474
2276
136
734
1964
2032
732
1944
186
2406
616
564
510
86
2441
1426
2281
2290
2052
1628
290
410
450
2048
406
2229
2616
366
466
1702
228
2183
2244
778
1506
2457
2275
2492
2377
332
616
2013
2403
1064
1974
894
1738
2568
126
2231
650
2549
2034
2440
2320
2177
1268
1568
2226
1941
1466
1628
130
1835
1400
1012
2310
506
1810
624
1712
1158
422
1014
1872
896
2084
166
2008
2072
1492
1634
1624
730
1420
400
2005
580
2422
730
2340
288
1572
160
294
30
2548
1276
718
2106
862
494
1768
266
1951
1708
2634
2117
252
680
2438
910
24
1664
1130
1668
1472
132
526
1749
1798
1406
1994
928
1752
330
882
1148
908
2248
624
534
1048
2370
1314
2184
2148
2890
2
1168
2622
2019
2046
1952
2122
2250
328
1824
336
2310
2408
2074
2252
2095
2345
2320
1544
562
2072
1670
2559
1060
2002
1786
46
1342
1156
2019
2080
562
6
2502
2189
1154
2264
2668
374
1824
686
606
2431
2389
1116
2289
1226
80
252
1596
480
660
1072
480
844
2324
1945
984
2061
232
202
888
202
1484
2286
2639
2482
2242
84
2109
1844
102
1544
346
34
2311
1230
252
150
1968
1446
916
2422
1198
130
1718
2030
114
2581
1120
2210
186
2055
2208
1781
114
1240
948
2718
2514
2261
1190
1234
60
1584
332
2416
694
1845
2401
1278
2542
96
2159
1048
2368
2584
1800
1024
2020
264
166
1870
2084
10
2057
2152
2162
980
702
2082
2357
2078
566
954
2333
2758
368
160
498
758
2169
1584
94
124
2587
540
774
1120
2338
198
434
262
2408
610
290
2508
2414
734
1648
148
2200
238
1702
2479
1130
1450
1855
160
366
148
384
466
1860
376
1999
2746
1136
2591
288
1590
1962
2110
2538
1132
2211
2697
784
170
1026
2272
1836
1766
686
2455
2644
1546
872
570
1760
2192
540
2619
2637
124
422
1828
154
2281
1660
104
412
1208
418
1260
2376
358
2181
1536
2377
558
1306
544
598
2195
2742
1861
1204
2225
1950
2218
2064
2484
2248
2559
568
2270
452
602
1770
722
1990
1896
2091
1949
652
1346
2317
736
32
2427
1320
352
2201
214
50
1340
1728
1170
56
2330
2166
2374
1910
446
1024
2106
626
10
1308
44
152
2427
700
2171
1060
2242
2468
286
464
2333
1188
846
1601
2128
872
2461
926
2543
2416
2093
1066
274
2109
40
1304
218
116
92
1752
1400
1540
1596
1748
822
2242
138
1144
2226
2362
292
2158
406
1825
262
1254
326
678
2258
890
1620
2574
2554
512
1508
2291
18
380
2130
1390
2365
12
2276
368
1907
292
2108
614
2272
2657
2277
370
68
998
988
858
1570
1504
434
984
1951
724
1498
1630
2077
32
398
2036
2564
1568
1834
2633
2211
860
112
1875
1050
1422
2092
1208
1136
946
196
202
834
674
1122
48
2048
2230
2080
1885
724
2117
414
1390
60
74
2508
2513
1948
1012
104
2279
1274
1254
1120
1806
556
754
1768
2395
238
2329
2238
338
2022
738
2271
1936
2220
724
1484
372
2055
1466
2151
452
348
2566
2643
2031
2235
1758
1222
1904
412
2193
632
2268
1216
1908
874
1314
1646
612
628
2070
88
1074
36
1168
2264
2704
728
316
1060
454
144
594
2218
2459
2634
1286
2407
2341
2784
468
2568
2347
2283
508
824
2525
512
2070
2308
276
382
2132
1442
1134
1874
746
424
166
216
2088
1240
142
2158
216
1914
1844
1182
1096
2106
642
2517
1945
1308
970
606
1350
738
200
1114
2474
1126
550
308
1204
190
2433
2686
1372
2241
1354
676
486
2206
2369
2287
2572
50
1202
1432
1516
2135
664
2634
2326
1316
954
2129
140
2594
100
2654
2026
2693
2195
1480
1390
1594
356
1776
2168
1998
812
516
2350
314
630
2279
656
566
2058
2276
200
572
2198
320
508
1688
222
2311
1989
444
1642
2439
272
2632
658
1068
2513
2438
994
2733
2212
386
520
2444
2484
1878
918
2558
154
1526
2428
498
1974
660
1034
578
544
2468
312
2410
1936
1930
1082
2274
186
1980
2145
2078
2169
2313
778
638
1148
864
1122
1036
1272
1286
2602
350
2048
2782
512
1180
676
924
2182
852
1320
536
2329
1584
778
2082
2237
2096
2713
1888
298
1050
226
2275
2918
412
5976
2506
834
634
116
2165
1693
2430
704
1328
2377
600
2325
1282
186
614
496
2156
388
1802
1698
814
2215
1428
610
498
488
896
2770
716
240
284
2573
1694
286
782
360
2634
1484
756
2108
2711
84
1128
1576
1244
350
798
324
158
1546
2073
1796
2620
2166
1278
1380
2194
2591
170
2595
146
624
1522
634
184
1778
1470
2580
1610
56
304
692
2987
636
2438
1516
1204
2524
1536
2660
246
2133
2709
1812
548
1100
48
2024
2050
2293
1828
960
1996
2246
226
372
2374
76
2216
2404
766
1658
130
914
2253
1740
516
2330
1550
942
52
2166
2107
2083
2196
1266
2448
706
2100
252
2310
366
140
1974
692
858
1877
2518
2679
2156
1799
180
634
1940
2235
830
1945
560
2204
252
1670
2529
2665
1610
1710
2196
2475
2266
2422
1963
2312
2293
80
222
1142
398
22
1186
114
1368
882
2725
974
2245
1674
2309
2539
2064
1260
2009
1292
676
280
1034
1270
1778
2279
206
2474
766
620
226
2320
1726
2638
778
410
2072
1904
280
684
782
418
1266
1480
1080
924
1322
284
2468
1795
2405
1284
118
1724
1952
2249
1848
1022
694
2297
224
1220
2016
1528
2171
2437
2632
2294
772
1834
2115
2203
2706
2459
552
336
406
148
1644
1014
2164
2677
2396
2140
2206
2544
298
208
2040
2223
2343
1696
2034
2212
2573
556
1550
1422
164
1536
22
1852
1062
2322
2159
226
2066
916
2607
970
1956
1325
366
1332
2061
2585
2230
236
680
1686
964
476
1740
2308
574
2356
1404
2462
2534
358
2486
106
1902
666
2244
136
2034
2325
2283
78
280
1398
2058
2408
1995
352
2109
1490
2760
1973
1228
2600
818
1448
2411
1376
696
42
228
1872
1090
122
2523
2362
1914
2270
614
2323
2182
542
2507
644
1692
202
1450
2177
112
1848
750
738
1258
1040
2441
1698
1488
182
10
1496
880
122
2122
2186
1930
402
1738
1338
202
1542
2135
2026
638
2099
1470
816
1912
366
574
540
846
1038
690
960
192
604
1648
2100
2523
32
1362
1953
28
2440
206
548
534
2536
1528
240
1152
2196
1424
340
2246
996
890
2099
778
1534
1924
2210
390
2130
2073
2246
1204
2387
1062
498
1784
2430
2185
722
2174
666
2162
1512
28
1140
1580
550
1074
506
2044
1618
1890
880
838
1464
1854
890
102
1214
800
1186
2514
752
1022
2159
2299
1854
998
2232
630
826
2147
2057
546
2034
146
726
552
1010
2474
2058
1942
2589
186
1350
2210
134
838
1466
914
930
1590
2256
416
1342
622
152
2108
292
1258
2014
1884
688
2275
2187
1030
632
2378
78
1396
2262
2310
340
716
2320
2230
1916
316
518
1474
2545
2204
1928
1938
324
568
1912
808
1854
748
476
1068
1956
1740
300
2130
1312
870
944
1106
2495
784
1322
652
2567
2496
2228
2484
1432
1064
700
1920
1906
964
1158
1052
2
308
2236
1294
1268
2172
1140
2276
1778
2393
858
314
2312
2280
2090
2464
248
1694
1470
1886
2582
2118
2150
624
2168
1804
1064
796
1934
580
2013
1733
1612
126
26
916
728
64
2370
450
2084
2347
2202
2317
2401
1468
44
770
2360
1792
2404
2207
2277
2055
1730
2324
2350
856
1136
1390
1450
880
1734
322
768
2783
1966
648
266
414
134
1784
2292
2538
2203
734
174
1646
2458
1682
1544
1526
2242
2386
2358
2433
1630
2437
444
2360
634
812
626
154
2335
1178
750
188
2360
646
2556
1670
922
882
1478
1608
2318
2163
2383
2139
2385
660
330
70
2231
170
1586
880
450
186
2328
1276
2080
2304
92
2452
250
1356
474
650
1086
642
1576
782
576
658
1256
1114
212
860
1690
2229
2263
2119
1758
2286
1660
102
2320
552
1436
2150
1849
1974
2221
170
1980
1560
10
360
250
2558
2687
2052
2240
364
2203
1807
646
268
644
2448
1870
1248
1014
2470
2444
2354
2371
874
922
280
1942
1444
88
1804
856
234
2463
2508
110
2437
1716
208
68
62
962
1926
774
58
1332
2092
2082
1410
868
2541
2292
1180
2666
708
510
398
666
290
398
612
2269
1036
1756
2285
786
1220
1884
1664
1430
2412
1942
2575
1548
2305
1160
2447
422
140
414
312
1278
2272
2509
116
284
2115
2425
92
1108
188
2719
2088
2472
830
432
942
2112
1196
1646
882
414
786
838
1544
2509
348
2030
730
2143
2377
14
2373
740
2353
510
2144
456
328
2339
2163
350
2533
2570
1842
1242
2213
918
1682
1282
264
336
2664
2720
2280
54
328
176
898
392
2100
2168
1008
2
1156
874
1234
1770
110
1196
200
740
2436
222
350
1032
1148
1624
2242
2606
2604
842
160
150
1858
2380
564
1150
2103
1947
42
1146
2305
312
2154
2619
214
382
2336
516
2351
2626
2559
562
2228
2680
546
1006
2090
1138
716
1160
1796
2341
2299
2298
2298
2503
450
994
594
1068
1294
2251
1182
950
110
464
1566
168
1056
444
1920
1918
678
22
2056
726
734
76
2288
252
1326
338
1848
2319
1152
800
2308
2478
196
196
2595
302
938
316
386
1580
2221
2344
598
14
620
2474
234
1514
344
856
770
2406
2708
1408
262
2546
2287
474
656
2362
890
354
2345
2600
1332
2416
136
2322
662
996
120
162
2608
2485
410
1530
2327
1796
1074
1418
2302
960
808
2212
2254
2057
782
720
2564
2403
706
484
1172
1392
1310
570
2376
980
2591
432
1990
468
2365
1164
1827
1874
52
46
402
1688
1678
698
898
1820
1506
884
2054
276
928
2212
784
1977
396
1700
1222
2410
186
2358
2039
2393
216
1856
1556
54
1068
2694
1744
534
630
580
312
508
236
2829
884
2136
2142
1300
118
2100
2444
2220
2222
1861
2780
1456
516
1184
1614
1494
214
2152
474
2539
1914
2424
566
434
2149
470
246
1492
1406
1618
246
116
936
640
28
2010
3105
2278
920
42
418
1859
122
938
90
144
556
222
1618
288
1572
564
1204
182
1570
2073
340
12
1762
2693
2060
456
792
864
2126
2584
2107
774
2411
2523
1930
486
60
58
66
2262
1174
2308
826
1100
2496
2356
1638
2612
1574
1114
408
1988
1618
1852
2195
804
2090
374
306
1570
1564
208
518
1898
2400
494
262
158
72
2289
2430
1684
1948
692
2174
484
1554
2225
986
2096
1982
1184
214
1504
2577
40
422
1670
194
1290
2336
138
2915
6
2552
406
2251
1762
2734
222
626
2106
64
2228
1256
300
672
2453
2316
1994
152
2296
2030
2386
2052
1944
1250
2608
1280
28
2176
1218
1312
2372
1450
1877
1028
2303
892
280
1050
2114
1562
740
404
100
2283
876
292
2176
176
1774
572
2328
550
2641
156
1596
2203
24
1182
320
724
1320
802
1554
2314
1282
1958
18
884
16
1346
1664
780
2145
166
228
918
2114
2254
24
1736
2246
2496
2281
1365
2079
2352
1970
2148
1034
232
748
1308
1352
92
2422
342
2469
378
814
36
676
2112
656
2501
340
2172
588
2057
654
2112
1954
1362
534
1946
1708
2314
1472
66
2424
898
1929
2621
1944
1819
2565
510
222
398
696
2339
1156
2326
546
1904
160
2499
1132
932
34
2345
1890
1874
1586
1062
948
128
1828
474
2253
2017
2324
474
236
834
992
986
2522
210
2750
150
1654
210
2192
394
688
1460
548
1406
1294
2364
1530
2117
162
204
2234
990
56
2259
962
474
2137
2830
2454
80
2697
1708
426
2044
2254
2268
230
1740
2231
1624
2030
2551
1022
476
168
2258
846
950
764
1722
2116
2178
166
1883
2160
1042
1972
1952
130
2148
448
1634
1842
2673
212
66
716
2320
2252
400
1556
186
2210
2520
2106
2075
772
2427
806
1348
160
90
870
1416
1506
2456
2301
276
106
732
2395
2103
1840
2017
2235
2304
288
2
2651
674
2048
36
1496
2082
2330
2381
2143
2236
1724
2290
1360
1724
2154
2450
2337
1656
2240
2464
1172
2338
2149
530
260
456
2408
2148
1562
558
1100
2237
342
1784
2014
2536
2133
2272
42
2692
2199
2328
466
148
1038
872
2419
808
566
1338
2238
708
2666
484
378
1580
894
2456
2107
2336
1164
948
1552
586
642
1965
1694
916
2051
2539
1530
268
390
2454
2566
1020
2466
2614
1538
1070
2120
98
658
1042
508
2277
2630
216
526
64
1564
1272
1712
2921
570
2002
2209
1820
548
1751
1070
1974
1214
680
2222
1959
1194
618
1304
922
2198
1478
2582
2160
1862
1737
2453
2252
1784
306
1910
2665
108
518
894
1050
210
1348
482
2714
684
920
846
2224
2454
424
348
2616
1154
644
856
556
230
2452
604
1490
2405
26
64
56
518
2184
622
2666
1420
2342
1366
2614
2271
2106
1952
1300
2752
2200
2070
2717
1832
1696
694
1748
1124
2534
1625
1440
2465
2175
2354
1296
2245
2028
28
2265
62
2262
2324
1624
2180
140
6
2398
2485
2516
1348
1100
558
2437
62
2162
2365
822
2519
910
1366
2421
1842
588
1376
2600
2010
894
2290
162
130
2044
1174
2585
760
334
2247
2394
102
1310
426
628
2385
1106
2170
2096
1296
256
594
1506
2110
1710
2018
854
1850
1424
106
2387
42
452
1882
1546
1548
330
1994
328
940
2435
1316
1048
1690
326
194
144
206
1844
1750
2434
118
406
662
2071
690
1370
2151
1406
932
694
2145
72
902
106
2294
1752
632
896
928
410
1378
44
2415
742
1712
2470
2412
1664
1548
2156
690
2434
2767
408
2596
2696
960
2529
52
696
570
2243
48
940
1564
2658
732
1902
1314
1628
1424
152
2301
1917
1730
132
2208
158
2078
2284
2418
2202
1024
2302
2367
212
2304
2469
2064
2067
1514
732
772
2172
1692
352
2262
1978
28
194
2084
2655
1642
584
268
568
2576
1334
1590
1792
2327
246
2417
1448
90
256
212
346
396
2002
1980
794
564
1976
124
2029
678
472
2002
2002
2320
908
1532
402
1833
646
2393
644
2398
934
196
2522
2204
1068
1076
1604
654
1072
1596
38
2064
2373
594
1668
2056
2371
76
614
1620
362
2559
12
1394
1000
1910
222
910
478
1761
2645
1532
264
1840
2376
2650
2074
2062
2483
978
2001
1168
2228
2494
2123
244
2469
2064
1024
1852
866
1112
1026
2518
82
1990
1184
2380
842
2376
2195
2332
594
1654
2016
2022
488
2891
232
2921
2140
196
88
2125
2532
2232
2400
624
2184
848
2410
1080
978
2473
42
2193
1534
650
2473
2329
2092
2053
2391
708
2322
2653
658
1648
2389
1186
28
2353
430
370
112
2392
20
2629
970
2183
810
516
10
1778
176
2370
608
2408
1806
2070
46
1544
94
1766
978
742
1424
414
2008
78
1772
668
96
1430
2431
628
1316
1972
2567
2733
528
1868
2594
2084
262
2000
2118
2361
530
208
1958
392
1236
1238
42
668
1148
1034
2211
1616
2394
2268
2030
2199
56
2374
1066
556
764
114
1716
2040
814
842
2020
2369
2040
290
168
10
300
626
2359
1450
744
1058
2083
2393
2465
600
1084
80
2103
614
404
950
824
1034
1484
1740
634
596
1648
40
172
2134
782
270
2482
1913
2685
862
2410
2138
1776
1134
488
384
1368
188
1990
2554
2173
2599
274
1050
156
2173
2362
326
810
2201
2294
2192
1730
282
834
230
2568
1958
694
2101
712
824
2519
46
1564
2213
1696
4
560
676
208
186
2471
2429
316
132
1954
2313
1757
2094
500
440
2570
614
2138
2223
2350
2833
344
1846
1066
2466
284
2478
914
2641
2076
456
2231
560
580
1618
1618
678
500
2324
878
2044
1448
510
1948
352
2124
1492
716
884
142
2240
252
1090
2853
2140
474
1508
536
2510
928
332
236
2017
1622
108
2341
1935
216
1816
2223
232
1056
354
632
190
2001
60
2060
776
1522
940
1926
1846
2302
776
1963
734
2074
46
1074
1192
288
760
2131
2590
2293
2118
1602
1122
2498
2398
2181
2576
2218
1160
530
936
1735
1545
2038
2263
984
54
1158
636
1420
2065
412
28
1278
1488
2359
2422
1404
2120
2178
1550
1526
2591
878
2071
692
2451
1436
2148
2138
2260
1510
1852
1671
798
308
710
2668
2142
2238
1774
316
2234
2177
890
1490
1510
1988
380
1524
400
66
2059
2537
1340
630
1164
762
2187
1924
426
1716
744
696
2122
2299
1380
1120
102
1430
60
1794
1996
1050
2396
2329
380
544
2510
462
2038
382
706
1822
2102
1356
2299
2289
6
2062
228
570
874
2330
106
782
216
2335
910
1462
228
1468
1168
684
1166
600
270
1264
2322
542
734
1744
1254
1650
160
630
538
56
2367
726
1428
720
2569
2259
1824
2376
836
2318
2253
272
1951
1654
1716
2229
466
182
2323
514
2497
1816
958
982
704
92
92
184
2608
294
1732
326
308
702
1634
62
50
2388
188
1536
1164
1196
20
416
2218
2291
2148
2442
2451
2767
2615
1984
2405
70
718
1824
1806
2588
978
282
1600
106
1756
1206
750
912
1298
610
1510
1000
2252
2412
6
2799
2313
1324
468
2540
1796
1054
1538
2312
2138
1242
1604
1544
1864
2188
1050
434
184
2785
120
2216
1500
144
2018
2437
2653
740
1468
1830
928
258
2344
178
2449
840
1224
960
2295
1024
1246
2448
418
796
2166
446
2196
1498
1012
870
2499
2558
1278
1406
374
2381
1964
2267
608
446
2266
2246
1977
528
2390
1802
134
2266
584
2275
1278
2506
988
916
282
2053
2139
1994
680
2272
2305
502
1938
1552
452
906
1692
4
964
2123
2129
166
306
2546
2390
272
1916
2657
350
1032
2582
1828
4
2150
282
720
266
1640
172
2604
1368
2168
650
764
1098
2292
2183
22
2022
2057
1190
478
1624
2043
664
146
824
2264
496
1336
2350
2830
2226
2097
308
56
46
966
2427
440
2703
220
842
2439
84
724
2340
1702
1060
2401
1102
2428
2659
1800
1890
400
698
146
1640
1170
994
2198
148
474
1388
484
778
2092
142
1262
2270
668
810
1394
2025
1744
2108
1480
218
2262
2720
1580
496
2488
1908
1094
1236
2664
22
2281
1436
654
2487
2710
2068
414
650
1492
408
178
194
2128
1464
850
1876
2423
2297
312
1879
644
176
144
1602
2216
2463
2266
1818
54
2465
568
2560
602
2423
2349
2026
2208
1598
240
2049
70
310
448
1196
2273
420
1724
940
2234
1230
1502
1002
18
462
48
2065
738
1012
948
1618
116
2352
624
2549
1927
654
578
2525
742
2625
1480
2427
122
340
2612
852
534
2150
2734
962
484
1888
340
2200
508
1934
632
1274
1838
948
2481
1812
832
2520
1312
1198
758
2632
14
120
2453
2799
1680
976
2431
2652
524
2602
326
2338
2876
250
2098
2032
670
1014
2297
2217
956
244
410
2673
1934
854
416
2222
1180
2308
2467
678
848
1854
2339
2513
900
206
2284
56
110
58
2542
1556
570
422
1446
1636
818
82
1222
1504
1044
572
546
2183
544
2188
2152
494
1550
402
2276
1708
126
2412
28
78
144
2154
1830
590
1670
2400
2445
440
318
152
2352
28
2117
2607
812
494
1376
2202
2006
1324
430
1733
1802
526
580
98
718
2638
1274
1468
1044
2475
1680
630
630
2405
1230
1200
1336
1344
580
2029
48
2386
2103
474
2504
2110
2512
806
688
2076
1174
264
1220
2203
1760
912
2294
1751
2359
2187
2394
842
1324
2227
2639
1088
2440
2040
796
2459
2660
754
1142
6
1334
154
320
422
2148
62
634
1216
626
1642
2019
638
2132
968
2441
2530
2009
174
2176
76
216
910
2653
622
134
2044
2505
22
200
216
1396
2463
1196
2217
636
2187
1220
304
2628
1676
690
186
158
482
514
182
1176
2403
840
1584
2642
254
1354
1164
220
2382
228
2636
1970
2303
4
2539
1094
1852
340
1120
338
122
2129
154
2069
646
2257
898
2402
404
1088
896
2438
58
2587
1767
1416
2460
2741
636
56
226
2332
2131
2233
2043
890
682
352
2171
2164
52
2246
2076
1454
2454
1348
124
366
1678
314
2259
2150
2252
10
804
2557
1676
2604
674
2663
1684
2204
850
832
1578
418
390
2145
1030
2231
2335
902
958
2370
420
1158
426
40
2493
942
900
2156
1312
2192
2405
2161
2134
1783
120
140
1666
2130
2332
2053
324
2487
994
2606
544
2070
598
2255
1848
72
1326
1386
2496
1118
1284
150
2548
124
598
2198
1018
1016
1748
1282
2484
838
22
788
382
156
1676
2121
2147
1670
1232
2168
2155
418
138
1012
1684
2552
454
2306
1554
2629
2169
670
366
2218
2625
906
1840
708
972
2399
1152
238
288
2096
764
1108
2490
1492
2254
222
2348
318
764
2082
418
2218
212
2050
1204
964
2297
952
1154
378
602
338
1961
730
2439
1772
556
692
712
544
78
2317
1142
1350
526
1162
2384
2282
2144
154
1827
2096
2149
174
2210
1882
2142
2307
1836
2238
756
960
992
1512
2278
990
950
2642
2232
32
378
938
2277
2305
64
724
2074
1460
1302
2249
2306
728
1544
26
1108
1978
774
470
1470
394
2160
2540
2461
2106
1064
2038
2342
402
2432
1492
2405
928
1090
72
940
2340
1440
808
44
2161
1854
848
2201
2454
504
2049
2487
2646
504
574
622
2507
278
2083
312
32
574
2406
1014
1762
1844
1502
48
2302
2341
162
2030
1210
2725
396
1262
26
638
2444
2244
2103
2488
2764
2304
1062
998
690
1640
2285
1976
2161
1288
1112
1324
1620
2368
1060
2413
432
18
384
1346
348
2639
720
248
6
1692
1290
2484
1940
2293
2048
364
2375
1979
1778
2358
2382
218
1492
388
2030
1588
1981
2064
312
2524
2410
334
1404
640
1050
1496
2582
162
220
822
2357
770
756
420
1102
1116
56
154
1394
2133
238
220
1302
728
568
504
1592
1360
432
630
1208
1106
2369
2651
2506
1436
2477
2116
2131
2423
2574
2151
342
2021
1618
1824
556
350
590
94
298
2248
1102
1364
2537
1052
2599
2460
484
1964
1348
2307
896
528
158
66
618
42
2143
676
166
2325
1170
1848
630
2339
2036
2479
1506
2606
320
80
1406
802
1148
176
2362
1986
2233
2338
2651
2444
968
1262
122
1576
1422
1332
722
2439
98
1244
754
1238
908
1254
12
924
2343
2233
218
708
2317
472
1420
298
2520
1906
10
2274
378
1144
2730
608
2341
1452
1640
1834
940
464
2085
2126
992
832
2064
2223
742
2428
2212
938
204
86
1864
350
340
2155
886
224
12
2109
1583
2121
2099
2002
1914
266
2369
2238
256
1708
1826
2220
772
1192
278
2653
2296
354
1809
320
216
1644
1456
148
2097
2428
36
122
924
590
2536
694
2148
2612
166
798
166
1636
494
990
232
2336
1951
1056
214
2268
1368
2136
2833
2355
434
844
1220
838
74
594
936
974
2065
2395
304
918
76
2218
414
1548
372
2562
250
186
2752
1156
764
1158
628
162
312
2461
868
2297
1028
2097
504
1554
2339
1848
840
232
38
1730
2024
470
760
2662
1919
800
1811
40
2529
168
1030
1746
1190
924
2346
1722
2767
2396
1256
686
760
2392
2032
1010
2386
2210
6
2394
2588
58
1830
2028
40
2318
2412
2225
2358
282
2284
2302
1786
2606
448
1628
1962
1152
342
852
2305
1320
2363
682
2654
492
80
2580
2041
1598
676
2180
1454
2203
630
2770
2433
176
1678
1166
60
1010
1564
2356
2414
2421
1162
2314
2355
2403
18
908
730
2319
538
700
1963
1052
180
818
2120
1406
210
1970
2254
1294
2215
2629
1064
1314
768
474
328
1782
1620
2651
426
256
94
1192
678
384
2206
242
236
490
40
324
1316
956
2482
2878
258
2701
2073
684
1118
2200
1911
938
310
366
2141
864
236
1668
596
2179
540
2475
2235
776
994
2254
2381
22
150
2541
368
1202
912
222
798
1674
1748
2047
610
1208
522
104
2378
2346
606
632
204
964
236
2243
642
252
2028
214
2291
1174
562
836
1124
2596
984
200
890
726
1950
890
290
1390
34
2257
2601
2519
698
2108
2181
200
2174
2561
56
1280
2353
2614
998
742
1330
2696
126
2173
2400
1484
2028
2518
552
1140
260
934
2468
2260
1768
438
206
2035
2430
1958
1128
978
1094
1150
474
632
380
910
1568
440
110
770
76
334
310
382
1350
1622
2211
976
2506
1306
2288
2378
1064
262
2207
1748
896
2084
2390
168
18
2153
2531
56
1812
1366
516
1268
2331
2535
302
1446
2484
362
268
1498
280
2372
1566
1108
1772
918
16
1032
2737
72
1568
214
18
2500
1934
2265
2764
2296
98
1849
2560
400
2110
294
2165
506
998
2448
688
2196
1828
2154
2417
36
276
34
706
548
2501
942
174
1008
1456
492
850
2664
2430
984
10
1534
1358
180
2230
1750
2395
16
2420
1814
2541
2076
1836
2172
2635
948
2426
508
264
810
2683
2385
1890
2037
2240
2016
1770
2380
198
1232
174
2558
286
658
436
122
2482
110
2228
1120
564
68
1274
1076
2379
18
2278
1256
2480
2003
1584
1038
90
140
2240
414
334
748
760
1114
2296
416
2620
448
160
202
2449
660
1778
2258
1186
218
2637
514
2228
1150
504
2297
938
630
2253
2136
594
1122
1903
2434
2567
2184
2228
1444
1790
2056
2117
2312
2243
1302
98
500
414
732
634
640
1242
1182
2348
2404
2222
196
40
2224
2124
1420
2150
1842
740
1438
386
2152
1608
540
12
2384
2373
420
312
816
1770
2140
1416
238
64
2368
592
394
86
1278
582
704
280
240
2319
2292
416
2660
836
2337
450
1524
2196
446
190
2517
2058
1242
2209
226
2260
1006
2
838
84
2527
420
560
2288
594
2624
584
378
1304
1312
1022
1912
1989
10
218
2371
1104
526
1972
736
1964
2889
270
748
1448
758
96
768
2703
896
2183
416
242
1892
2283
2496
910
1618
392
32
1458
1562
1232
2
2507
432
292
96
2147
2475
2543
2477
1096
1030
826
2177
1860
1062
530
370
388
756
888
110
496
1882
414
1995
592
50
1466
354
288
1840
2410
590
564
306
1212
1304
1024
1708
2433
368
2024
2250
892
2808
1894
948
2378
2478
2322
634
1176
2316
558
2217
2560
2501
1006
234
882
976
2139
226
2070
776
2471
952
2087
856
2431
1478
1100
2095
2100
1134
248
130
2385
346
2405
1448
316
1842
280
1604
2360
1146
1026
2257
2230
1390
2190
2352
2393
304
2682
78
2715
714
510
1268
2055
1250
186
1976
2328
1034
2074
2141
102
2566
2674
2415
698
768
2772
1028
180
2357
2032
938
412
1236
2122
412
230
558
2164
132
1576
846
146
2212
286
2455
2775
1932
902
740
2469
946
976
1422
2494
604
2413
2404
128
244
1985
1568
2832
2012
1552
210
2092
354
1994
1843
566
2226
1318
186
2178
28
60
2002
612
2504
164
182
270
2417
2277
352
1126
448
98
688
2326
2347
32
536
1977
1356
598
166
2008
2014
806
912
2100
2037
554
1006
638
1610
1800
402
1412
2240
2418
2242
1234
1174
2309
2325
2412
1110
2810
528
2612
1036
2770
434
1218
750
872
1716
378
1336
2040
2131
2436
966
368
88
2186
488
330
1060
1366
2512
46
2235
2219
370
1078
852
2218
2389
270
768
2332
2427
2073
2361
1812
970
2377
2086
1266
290
1698
2215
202
692
2238
92
964
2244
212
390
2326
2386
96
148
306
690
2721
384
2553
796
904
1540
2099
1698
2487
2592
138
1064
2392
150
2256
2566
1860
440
1588
134
98
2132
2114
26
784
92
2174
1046
1870
1642
2298
1840
44
406
1540
2761
568
1174
1550
1074
808
1344
882
2479
2332
2646
1480
312
838
2689
452
582
2167
2300
1028
2292
1008
2242
102
1562
2082
112
2154
1934
1472
2446
1246
258
236
1999
962
2176
1140
2784
1194
922
2503
1198
958
1874
2216
442
2025
2263
747
2398
1967
884
484
2239
8
2600
920
2221
2493
2080
274
300
20
374
948
1286
1056
1842
470
2779
2223
1052
2279
2266
2195
1230
600
558
1394
1258
2182
182
1972
722
1056
264
2653
2527
956
774
2398
2437
2127
2108
1538
848
372
532
1626
114
2070
1852
2740
1802
1274
1148
1058
1098
1720
276
2166
238
42
866
2217
2210
2347
1458
1584
212
2164
2356
1630
154
244
2258
2419
860
672
2775
2046
1012
1132
2066
142
50
2564
392
2508
388
632
1486
1954
164
2177
804
450
1348
2529
2316
18
748
502
346
2255
1266
2549
410
362
134
26
366
826
1398
958
2325
1396
1542
2103
548
2124
226
968
340
2054
570
86
2270
2444
66
1246
2212
252
1919
2716
232
802
2287
1448
2373
320
2248
892
2188
1352
1118
176
2192
2528
2670
88
2592
1682
1770
2241
2036
490
124
2338
110
828
2102
560
2646
1266
2325
1716
2273
902
2267
1360
2673
2358
498
2174
2158
986
626
2202
2238
184
420
1280
56
2253
1496
568
894
1004
2333
2731
2244
2039
560
2254
1324
2080
1218
996
2198
318
262
1796
2325
2150
2215
132
844
2396
2438
2238
146
1044
314
1808
1820
2008
568
302
2237
202
750
968
274
2196
534
450
2658
2475
2081
2597
2401
306
2235
178
2529
2847
2482
1578
730
668
1986
1473
296
36
886
1058
258
1200
220
1138
1986
2472
2278
968
2204
2617
1404
914
320
354
2180
2783
2544
228
2314
1806
386
1829
704
1062
2529
2141
2426
2264
1288
450
2296
248
1054
2427
302
2255
1384
2172
948
1874
108
570
2282
250
648
2132
2157
1680
576
2334
1446
1690
308
2411
850
2501
2232
2042
642
350
2307
12
2685
1298
2011
2801
1213
1696
1438
76
1252
1982
434
2319
2107
1974
1086
2134
2190
2236
264
1458
2476
2624
1867
160
892
2298
412
2615
1985
1616
2280
2429
2018
2426
218
2669
518
1390
654
470
264
808
2494
1914
2252
750
392
648
1122
1890
2210
2606
2573
1606
2374
418
2123
2532
274
604
2045
1126
2214
2179
1952
372
132
1386
2347
2379
232
1476
970
2108
1088
2501
2036
2453
840
1056
1700
240
316
1250
1102
230
60
2633
1092
2630
898
1506
234
100
186
1440
278
166
2038
1452
2478
106
2290
356
410
2430
2239
712
2506
2780
1526
270
230
2722
972
1140
2102
1912
1624
870
1610
2281
838
420
2591
1250
60
274
138
826
1738
2296
1130
586
978
70
1787
854
2122
1008
74
636
2355
2593
2368
2100
1712
896
434
1068
1408
2378
2408
132
1524
2201
2047
2124
1212
588
530
398
178
294
2015
18
1764
522
1832
570
326
1852
1544
1082
542
524
300
2319
1484
104
1216
692
1724
1680
2290
2421
812
176
2150
840
870
2104
468
752
492
2403
2519
510
2489
2010
1206
234
2366
316
2348
2299
1144
224
2129
2215
916
2232
2579
2126
2249
2002
550
1972
1272
2252
660
260
2057
1228
2289
730
2423
522
1272
308
198
64
132
896
2672
320
1838
694
830
432
434
180
218
606
1162
3105
1368
286
2320
1890
2576
294
286
2255
2479
244
2499
122
2483
1556
1500
436
1084
1082
2418
782
1895
846
1372
2382
2320
2292
1130
1476
2202
2772
2820
412
58
558
6
154
128
1272
1336
1202
234
1806
878
2590
410
1112
2173
694
1822
1912
2690
596
2433
714
228
450
2151
218
250
462
2005
2295
534
2713
3098
882
2602
148
364
266
1304
2249
2452
778
2146
2319
128
2302
6
1711
2394
680
1390
2385
2288
2070
1564
1884
220
454
1967
590
1834
1162
2311
2456
2107
40
526
2132
2544
2333
292
582
634
2168
182
2286
974
2257
144
244
1142
2344
2454
698
2116
320
2156
2212
2652
1364
2062
574
1802
124
2213
40
76
2293
2251
612
2642
158
2149
482
518
2074
1428
2717
1945
1196
992
98
1514
1156
196
1806
998
1044
2322
204
138
1834
2208
454
1872
172
1947
142
1400
766
1442
2459
450
1712
1958
2561
1740
2218
2421
720
1362
1848
1120
2111
1102
216
2435
2102
276
2383
1382
2036
986
814
1284
322
78
546
592
812
1954
774
2394
2603
2470
1202
914
1110
546
2282
2196
476
406
2105
1578
754
370
2316
798
1118
1800
2221
220
2023
156
136
1168
1938
928
2318
370
220
1872
2380
1242
1064
1840
1631
1366
1906
1596
688
460
2332
304
88
802
2453
370
2345
2113
238
924
2587
2265
2347
484
1066
1432
2430
844
1174
204
2338
2377
2326
2320
2655
2334
540
2484
1152
974
2548
1312
432
728
1390
2646
916
118
842
248
56
1364
2182
18
1150
858
670
2176
400
260
2131
1870
1756
608
1584
946
1914
144
2017
1042
1446
384
2211
628
2305
2309
1440
922
2028
1378
1198
1882
2637
2229
114
2241
392
382
610
448
496
2002
2101
1480
842
2445
152
2450
920
1900
2364
1344
1586
2786
2164
1705
2243
1634
654
2283
1420
1920
2713
1464
2315
2831
2270
1810
142
2382
752
2246
2592
1574
2516
76
2661
2006
288
708
580
792
118
2444
198
1052
1210
14
98
1186
1300
626
426
2470
1386
1584
2021
526
2483
746
2048
2456
2083
396
2550
2906
114
1284
482
1356
2743
1334
1046
2230
856
2286
838
292
730
2444
254
1456
1866
2405
414
2179
842
1170
940
380
1034
1394
1550
912
530
2172
1954
2094
278
1977
2774
1006
248
2151
808
772
2206
2619
2256
1226
212
1881
356
2157
778
2229
54
2394
1580
788
2390
454
886
2233
466
284
578
922
1670
2372
1242
750
2254
2226
178
1338
904
78
118
794
2292
564
2319
374
750
60
1687
62
1072
284
1638
938
444
1710
2122
944
896
28
2397
154
2213
1024
94
822
1923
2665
898
1346
2159
1462
886
780
2730
1298
164
1398
204
2532
2442
216
2249
1374
1995
1312
2606
2022
1955
264
1262
2218
1386
242
1064
2444
2255
182
1538
2405
120
378
1710
1272
1196
2299
1358
1088
848
868
124
2490
418
492
1570
142
362
1336
1198
1502
864
924
2226
2844
2391
2574
480
2157
2262
2247
780
2584
734
2355
690
1993
2323
1216
2325
878
1158
2271
582
210
894
1842
2357
2527
1114
448
2061
264
1326
748
2323
2032
1981
1748
1086
2092
568
2241
1460
46
1666
1818
2514
2405
788
1848
780
222
26
2379
220
1528
2183
1416
326
1949
2496
2474
2490
2283
328
1734
1258
834
50
1903
2616
616
2781
736
2043
972
2119
56
2485
1594
2368
1488
866
2086
2419
1158
2573
1499
476
838
2170
2001
1634
406
2426
1322
2054
2202
806
522
1888
522
2159
602
626
2046
506
2293
122
978
730
2215
1422
964
522
1524
1372
148
2273
656
2006
2637
2373
638
2134
1314
336
612
40
1498
766
392
2531
2168
2711
1570
2096
1790
404
1634
2186
1910
176
1894
1458
2386
252
1408
1376
534
2506
90
726
296
264
2442
516
2488
942
2443
672
1048
2300
2213
2771
58
1446
618
2632
1690
2203
954
1544
170
324
246
1656
1284
784
1310
560
42
644
1274
82
52
1240
476
2357
244
1016
182
888
42
148
206
1908
2520
2506
168
1290
1711
2150
1790
2154
956
14
2084
1438
738
1654
1440
2173
832
1906
2761
270
2202
1802
1989
2402
2248
2697
816
2411
2377
2376
278
1260
2371
168
800
694
614
590
1630
344
424
2424
2556
1984
2188
2026
1354
80
1096
864
2502
2070
614
2216
344
1564
1824
2346
570
1054
782
2745
1212
30
710
1522
360
1208
2538
992
2060
780
468
2467
1766
1490
2249
72
338
2126
802
739
2117
1154
10
1192
64
1580
2354
2317
530
2012
2858
2448
2565
708
1821
2394
2143
1650
2668
2212
1000
72
1244
1804
846
1122
204
2652
1960
1092
1568
2398
2319
1860
1390
1434
68
34
2338
2598
2264
1955
2618
2299
326
930
1042
1020
376
750
816
1300
1152
2324
1846
636
2136
2222
802
1366
2484
318
116
2564
2141
2084
1470
2340
954
872
60
720
2080
2655
2000
2554
1362
1276
12
2178
1796
1742
256
2514
1738
2167
2491
2306
718
282
736
2361
1932
1865
1108
2301
312
2216
740
2154
2248
1050
920
158
2203
1176
2015
1948
2022
910
2284
842
2281
24
2178
858
588
2372
1478
568
2269
2653
2310
912
458
134
2451
1981
244
2070
2013
310
2334
1150
548
2161
54
874
2416
866
1094
2066
944
2186
1648
1142
2400
2164
894
382
712
2112
2437
1214
292
940
2316
2632
436
606
2040
1688
1462
2746
2337
2406
1636
2549
2506
1314
968
530
2222
152
1260
212
1938
902
128
490
20
2120
1120
2079
510
2374
1144
2258
1016
2236
74
24
780
2705
438
2103
42
76
508
228
276
2373
2154
942
268
984
1576
1348
516
1250
2192
510
1308
448
896
2157
596
2005
994
2343
270
1894
836
2288
2322
2480
1534
2061
2310
94
636
2236
1534
900
1214
2456
1916
1558
842
1106
944
770
2072
1528
1890
2286
1902
2205
76
872
402
2013
428
1858
920
1620
2381
2378
708
174
1220
14
2258
294
320
16
644
52
418
1956
2363
1480
1254
1344
2223
1480
240
544
2401
1062
256
2324
904
2529
2364
914
888
2375
2236
2060
2293
278
2020
1694
2225
202
24
2369
406
2296
658
228
1868
440
2315
2671
976
1414
1938
886
680
1786
2465
662
1102
34
774
384
560
1302
432
800
1384
894
728
1812
628
2407
1960
1586
1238
1826
966
2052
1987
716
892
1100
2472
2150
740
264
58
2202
2125
2349
2703
212
584
2655
428
234
1106
2194
2195
66
1390
2595
338
932
1710
1210
298
360
2225
1412
2108
244
468
3358
1306
1988
766
2341
734
1777
2699
1088
510
2064
2481
2244
1648
222
2761
544
1606
2290
852
2198
1982
650
2018
2762
614
98
716
368
222
714
314
688
624
1632
1859
2124
2168
1900
86
606
2926
1284
684
2313
350
2410
1422
2098
62
234
888
2393
1930
1962
2660
1950
742
1330
186
2320
110
226
2509
2466
1092
1286
552
1604
1650
1516
1452
1024
212
494
2266
1967
2341
460
458
1670
2477
866
2421
144
2026
2023
2709
42
1192
2823
2331
340
2038
188
788
2009
2486
1376
2316
470
1086
1190
1883
1084
844
2402
2190
1878
1104
2114
2645
1226
2512
2248
2165
2243
58
866
388
308
1012
206
2084
2088
2663
1078
800
758
568
1432
2098
426
430
1950
596
2366
432
2467
1566
2416
2144
1944
2321
2485
2461
62
2493
912
434
784
2048
1920
196
1824
822
1320
2138
782
1352
220
2009
378
470
1498
1452
1100
702
2812
2152
750
1939
310
1216
1728
2056
654
244
750
224
2053
2218
2186
1706
1626
2296
176
1940
754
144
2916
1908
1965
2927
816
774
950
2449
1162
316
2441
2609
360
1144
654
230
114
2634
2184
244
2384
468
2020
398
404
2106
432
246
2461
2228
2314
244
1324
2014
1298
1774
1234
372
1966
268
1752
2296
2276
1934
2315
268
962
444
358
1994
410
2608
274
536
1928
2443
2582
2002
464
250
1736
536
2774
1973
384
844
1860
2575
2395
376
130
1924
308
1918
700
770
380
2405
1372
2289
2693
286
458
582
2475
944
1416
2056
528
1190
168
824
866
286
694
1196
2284
1680
288
2703
1846
498
2396
2614
2642
2003
892
120
414
150
1506
2180
2368
274
1800
2695
2025
2471
2550
1446
2484
368
2151
474
2337
828
472
2142
2158
2028
2407
1216
914
2717
2630
2672
54
2024
2541
174
1414
534
1360
1866
2401
1910
670
2361
116
486
1850
708
2273
298
2087
772
2188
492
440
2398
2162
210
1980
628
2171
2475
874
1484
2136
240
2349
1272
2471
594
1834
2042
946
464
1718
490
2714
1734
1564
1472
38
422
1264
554
1298
2392
1954
1734
550
2018
1987
10
470
2522
2692
2587
2458
1004
2010
2229
840
1382
518
320
2270
52
2086
2154
792
2338
1736
2252
1372
2348
460
2149
550
2350
1166
2056
168
552
2235
2219
1308
1999
1056
486
1726
354
2016
528
1108
2333
2311
2133
150
998
2348
2225
542
2479
1256
2463
2412
2317
1010
2192
712
400
676
722
198
796
1542
1240
414
2005
1502
1712
1476
1960
966
2222
374
2402
1200
2237
844
2800
2142
788
2897
120
2392
1438
1004
2247
774
848
600
2320
460
106
2210
646
2612
550
2736
2193
1352
1398
522
1838
1012
1184
1252
2352
2360
232
2273
2382
1292
256
2022
358
2028
1756
2369
1666
2304
766
1734
2487
2424
1744
2099
776
1036
2527
2204
1422
280
1006
1212
2264
2398
434
2318
62
30
2224
2404
1148
1164
732
2128
600
1358
1846
1710
1898
2548
2044
1508
1922
738
2079
534
386
2734
1524
2326
1744
2325
826
2361
2398
2036
1174
2282
2118
1158
1894
468
330
2547
1912
2298
188
1888
1482
244
426
1126
2255
1972
620
206
1282
2352
2492
2340
980
972
1428
660
412
1268
2324
722
2110
1214
250
1158
216
152
2305
878
954
118
1732
2171
2053
2608
204
2451
1760
2308
1806
2480
2288
728
1814
832
608
270
1022
320
2456
302
344
2120
784
2193
2083
2699
2768
2478
668
2466
290
2294
2384
1602
360
28
896
1000
992
2101
618
2366
1534
1532
276
3644
2403
856
1042
888
806
2040
342
386
52
2631
726
1398
742
2070
608
2320
2441
2463
1894
1246
124
220
1010
910
106
616
650
2823
198
2471
2096
2431
428
2194
444
2702
764
1226
2626
1904
2153
858
2202
2512
1982
1162
2594
1266
2316
1030
474
1420
530
2446
1010
1034
2400
2788
628
320
186
2023
1794
614
1292
282
2294
584
2365
1424
1424
1108
1512
892
610
2518
2258
1916
1584
2244
386
1708
654
1746
2643
170
766
736
1118
2172
1028
1498
848
80
2466
2556
2496
1026
1366
840
1472
1116
1094
2568
6
354
2122
1968
334
2334
396
1690
2419
1940
208
1064
1537
2251
2228
286
984
1584
1867
392
2396
500
1942
1632
2197
732
2239
274
602
870
622
2343
1921
2017
1006
134
2135
606
1198
1520
2275
640
98
1795
2483
878
2052
2102
148
2424
192
1964
2212
582
258
2157
2132
2405
1120
2408
1858
1480
2286
662
594
970
2321
2486
362
2407
2538
2861
1314
420
2058
2228
220
230
1110
2141
968
2036
1744
1082
2256
2356
2608
1833
954
866
554
2708
230
1730
876
602
2597
620
704
1752
1448
634
1550
1948
1150
2470
168
518
2032
516
2248
692
516
2669
656
1592
988
1805
906
1104
2004
160
252
514
206
758
1550
2143
1580
2154
456
1210
228
788
1838
2444
2361
2302
2632
2588
2521
446
754
380
2323
700
2470
1104
2295
168
938
186
1372
28
794
2197
2289
138
1320
1084
2218
2174
706
398
2226
2247
2337
2586
2224
2620
936
670
2412
1064
2768
136
140
616
2269
1562
10
2198
2355
84
598
1832
254
1968
1618
412
904
2251
1636
2616
914
2139
1922
1568
226
824
514
2517
2693
34
2480
582
2368
2542
1660
350
2216
132
1280
2355
776
658
188
84
94
562
2337
2150
516
2160
2020
2257
1830
2125
2316
1550
1976
592
144
2456
1418
2228
16
898
50
622
414
2332
650
1940
440
2116
1716
2517
150
1368
2508
744
2326
2421
2045
1240
2595
1160
230
1784
2232
10
48
830
154
2060
1300
168
2167
2459
1484
1950
2172
2380
16
1988
462
2249
2739
2062
2321
1954
1636
2568
1884
2439
530
1096
2641
468
2443
1454
750
1476
1234
2306
2239
1929
1040
2234
1434
1820
2220
390
1240
1022
2239
