2312
366
2322
28
2511
1692
2359
402
2576
2512
728
124
2222
1895
414
224
62
2738
228
82
96
290
2119
2710
1734
2585
2298
2224
1594
124
2678
2339
54
2621
988
1160
72
828
322
78
266
2006
658
2210
2156
2657
952
136
2014
2168
1832
1927
2065
2308
2368
2667
472
2486
1752
298
2623
130
1010
2359
622
1992
998
1380
844
1002
1644
1482
2372
356
2373
2229
372
2276
528
8
1712
2430
2795
1918
2096
1830
892
2427
570
2230
358
1830
400
684
1806
2417
766
556
2044
630
424
322
42
1138
2003
1406
2019
2786
2304
2235
2020
1524
2616
168
2673
702
184
624
2597
852
2381
144
2496
14
2154
2480
1802
2299
732
676
2079
2467
2180
396
2401
2491
706
936
1564
2238
2038
2324
2698
2144
206
1999
2420
1546
968
2192
1350
742
2189
792
604
1933
412
2659
668
246
468
2477
2197
1120
2600
448
166
102
1993
610
1782
1584
1666
816
2395
2729
48
2266
542
2010
1822
1200
414
1926
2132
2792
1082
844
2624
2142
982
1274
2417
2231
2394
1014
2281
372
272
2405
2320
2117
42
814
2352
122
2400
2207
1406
2327
1582
2819
414
878
1913
1849
1983
572
2494
2825
568
2099
758
2088
2125
1124
1960
1973
1836
1370
192
674
2482
592
630
2323
1260
746
1448
2201
646
896
402
2165
2225
1340
2314
2645
622
158
794
2472
924
2285
2860
276
336
304
2329
974
196
2623
292
2200
2288
1492
1882
614
296
1898
1945
184
1502
1100
380
1198
92
1454
44
746
438
2182
80
1870
1008
1801
2218
272
564
2375
1040
2166
1652
362
944
2354
2345
674
1428
1707
1778
1160
1692
2342
2686
1630
1582
652
2297
1202
466
1128
884
2058
1676
2292
1996
1988
1054
2333
798
2040
2536
1998
2250
2092
1668
92
2484
1926
2520
316
1932
1126
2158
2163
1907
1174
2078
1190
1186
2074
464
2125
618
490
34
2386
1997
2539
1142
166
1034
2517
1044
672
306
1283
1588
16
2128
1106
1242
2271
726
2085
568
2331
1074
2457
670
2002
304
652
1784
2361
428
482
1096
786
1508
148
1134
400
1034
2312
392
140
2372
470
508
2711
2297
1428
1955
244
2487
2172
1178
1460
170
2271
1148
2040
1404
10
908
2583
268
976
380
68
1644
1897
22
622
64
1236
296
1986
2958
2279
2588
1480
1406
1640
512
1416
140
2387
1114
210
2216
162
2140
696
110
2400
2401
380
2030
2086
1370
1948
1102
2477
1052
812
1106
1316
2116
1100
1352
858
286
1874
932
2395
734
274
1118
38
2615
2442
2204
2211
210
2064
854
2300
2710
720
194
516
656
300
2547
2
2459
1364
298
1616
2378
2065
1628
1568
106
2268
374
786
60
2079
644
2539
2305
962
2131
1146
522
534
2383
810
982
2489
934
594
1346
2194
96
2014
244
2182
2622
1198
510
656
1801
2140
16
2532
1616
2026
548
2358
2542
2240
214
938
2203
894
80
2309
2451
2338
2831
2511
662
84
1114
1002
2239
418
3119
2527
1783
126
1024
2337
1114
626
238
110
10
366
2762
56
314
2060
980
444
1336
2245
762
484
1690
150
2242
2278
2061
2193
2448
2172
2271
996
142
122
562
138
1242
744
910
2517
2243
2318
780
706
716
1618
664
740
1206
160
2533
2131
688
2429
1969
866
2291
2640
2395
1826
302
2178
1286
1222
374
2301
54
1246
658
142
2322
416
1286
1960
2010
2248
736
2386
638
128
2320
436
920
1912
2419
2164
1906
1184
8
2250
3030
416
2094
44
2103
506
690
2632
2183
2087
824
320
2431
2160
922
2514
136
706
2309
2589
2251
718
468
2239
1472
2034
276
888
1148
2423
464
336
1985
120
346
1698
594
1378
1410
94
706
1722
2354
76
554
1442
3004
88
2626
526
2136
752
2085
2248
362
2247
1296
1848
1928
2603
302
408
2473
368
738
2490
1558
1932
2390
2313
674
2347
2095
94
1438
300
52
1548
158
2101
1306
1578
2407
1372
1100
968
1589
2316
174
1869
2382
2614
1292
1046
1226
1976
2038
2248
1536
2218
2445
1762
992
372
594
136
188
1276
1863
1420
1174
640
594
502
444
1897
2258
2480
340
1989
998
320
1366
748
1096
508
1548
214
2751
2285
690
2671
320
610
1632
496
2322
184
226
1792
1200
1330
1410
2486
2564
1206
56
596
1220
2272
1748
926
2328
112
2297
2148
2427
92
418
2579
980
1424
302
204
1612
290
2035
1772
442
2254
1274
156
28
82
1845
346
100
142
82
634
2166
1904
212
2118
2353
1010
1202
432
242
1014
1192
312
2306
2439
2034
2420
680
1044
2139
554
272
1986
2156
2314
114
718
1977
106
1846
1670
1122
2463
1202
1440
1386
1540
1860
808
2318
2425
172
2387
1562
2288
2140
2506
1576
1994
2346
656
136
2553
130
556
332
666
1384
2144
552
106
838
2600
2
150
1262
76
662
2635
662
1934
1691
2494
76
158
344
144
996
864
190
2505
2340
2207
1756
1600
306
262
2061
2513
8
480
1418
2303
1604
212
2342
1474
2255
1974
750
2511
874
1306
2434
1586
348
2492
2229
148
2394
2530
1492
50
622
78
92
774
2421
604
32
2042
210
504
2303
2298
2806
1002
2032
1188
274
1944
4
426
2584
2228
1718
716
1348
2473
1828
2478
198
1366
486
2306
848
1248
898
368
1940
154
960
2326
2249
234
2460
228
802
122
574
2286
2358
384
2072
2505
852
102
496
2227
1282
1148
2254
1280
956
1486
2507
1034
2292
2220
1662
1842
2071
688
132
1086
642
2292
2144
1268
2322
250
2408
2545
434
500
466
2516
98
230
964
500
2141
1846
76
2166
804
2872
1914
2364
670
816
2396
2092
964
666
316
1270
2236
2587
2319
2108
930
1630
1780
1652
1805
2053
364
344
328
1898
2548
380
2385
598
2130
2234
2
56
2352
2227
374
2265
852
248
194
686
2320
440
1474
994
2214
1058
148
298
2434
3069
1196
2002
428
1158
2558
1408
2281
486
1094
2123
2074
996
1036
2316
470
3350
814
992
2120
314
2330
532
932
1957
2194
424
2404
798
432
334
330
636
590
196
1092
1186
1676
2032
2258
2186
2240
1558
412
2196
2164
648
548
276
266
2044
1488
2692
818
496
968
724
2232
1982
1384
2323
2359
2473
718
2747
824
1044
2443
318
728
796
480
630
1742
2288
824
2120
2439
222
1088
2400
2197
350
54
350
636
2195
252
2219
2276
2292
2224
972
2448
2043
504
1386
1224
1378
1632
1438
564
1440
2559
2078
1996
776
200
2700
30
1924
1386
2174
236
2039
2256
586
2426
1114
2223
548
1842
152
2130
2480
318
1072
2327
676
88
1470
2274
2042
2295
538
1978
1490
1272
714
274
2419
310
2091
1176
2088
1020
664
2039
2004
250
2391
1454
1276
1954
2018
702
36
2131
2144
1985
1058
502
1924
938
900
1564
2508
2487
1484
1942
2650
1468
1392
130
2218
92
2643
56
2456
2375
1965
1036
528
1512
990
2547
1214
1508
1046
2349
1182
288
2233
1898
2110
362
1256
2260
378
2105
406
1918
296
204
1688
1430
1878
2168
6
1592
1040
1484
2193
198
2273
1048
296
2637
2339
748
2667
2675
1666
622
1410
2543
2421
1496
434
454
2236
500
1720
1592
1092
1849
2576
766
2271
124
1366
782
2302
2600
1290
1790
228
2107
1408
2282
1736
208
2024
2748
692
2049
130
2090
2240
1388
2369
2238
30
482
1794
1592
988
1815
1436
2309
398
768
136
1170
228
786
1796
142
878
2232
498
116
272
2352
1914
888
146
958
1232
2126
2386
2286
2030
1818
760
522
1864
344
1392
1974
1070
1322
2442
2336
422
628
1290
2174
438
696
338
30
526
184
1362
2501
636
2129
164
118
338
288
54
492
2235
770
420
108
1380
488
518
444
504
2058
114
1148
1402
2318
2558
992
2468
2404
814
360
432
2215
1286
686
2049
1400
1974
2177
2198
1872
1352
1864
2802
2142
84
2622
2512
2079
176
1012
2153
2495
2487
134
2173
638
60
110
1568
202
2196
2469
2222
1909
1056
554
898
1378
1154
1498
552
888
2366
22
1540
1966
880
2456
1116
618
1214
708
232
1046
2588
768
264
1636
804
2234
1200
2718
216
190
150
1142
742
1872
198
136
1796
2320
1438
2466
2033
2720
1204
2391
1916
2174
2068
702
2286
150
148
2453
532
926
1632
2216
352
2292
2299
1866
586
2188
1874
2749
1334
648
214
356
1772
652
10
1104
2509
2488
1342
614
484
1314
1098
944
1110
266
2572
2698
2144
2417
1258
2052
632
1910
1552
370
2363
1094
2212
1889
666
2188
2281
66
334
1070
522
414
300
1834
810
1302
812
2130
1210
204
294
2321
188
2358
2466
90
2226
704
248
1378
2687
948
2418
378
1058
182
1646
1850
1906
454
852
1700
2163
1537
1610
2490
822
1922
838
1764
912
498
1764
782
2487
152
2081
1206
2351
1356
508
956
8
746
2282
2466
2183
1278
410
2620
2551
1004
108
1162
1846
1514
216
1514
1208
2322
464
560
650
2153
52
772
2598
164
2428
2655
26
82
662
2332
942
2263
1700
2239
2144
2272
858
2150
326
2309
2174
400
2793
1554
1839
2583
2249
2252
1882
398
1044
524
2321
1228
1612
398
1400
2201
2228
1889
1008
806
1578
2559
1294
1182
660
944
2664
1730
952
2049
2250
2146
2079
574
1536
1252
1628
230
712
1489
766
2656
2687
2197
164
230
1020
2120
918
102
2405
398
26
880
2327
140
2380
862
2375
14
1256
2486
2693
122
1875
2494
1298
2279
2265
2365
1018
2752
642
958
708
2334
114
848
356
1976
730
2129
2481
2533
1672
1046
2230
546
286
2338
2061
2370
1672
2172
2537
1790
2398
2508
30
712
1126
316
2259
1058
2270
310
474
1382
2129
2152
622
1984
1858
2165
492
366
402
880
1448
420
806
1530
1114
2288
304
2401
248
2172
856
168
2038
1938
1380
2011
2207
28
756
576
2088
2233
2444
934
2435
628
2600
1308
212
78
2034
572
2223
1918
1150
1572
2300
2592
1040
1716
1102
850
2188
2110
1788
2187
2583
794
2151
2243
2304
1012
2425
866
1982
600
670
1714
1392
1940
502
2262
2289
2095
2686
2316
428
1728
1302
782
1318
2418
1208
386
1282
640
2118
1848
2410
2390
358
736
2075
1000
1860
2303
738
1996
2436
1798
2447
290
264
2070
1110
1402
1096
1398
1362
2151
2423
2439
2149
2366
980
2659
2559
880
1292
320
420
1932
2266
998
768
2391
116
1052
1430
88
1166
2366
2228
2570
2179
2358
798
1626
2209
2271
464
1324
294
2074
198
2315
2501
1154
598
1644
898
1722
294
1198
2820
2338
300
2337
980
416
1608
1218
386
1016
150
476
362
1290
222
460
1126
2302
1118
1198
160
1655
2072
10
2734
2300
860
24
130
2924
2654
158
56
1188
168
396
2400
2118
1238
966
2135
686
884
770
916
1780
1394
2100
2616
1156
644
104
542
1024
880
2048
362
2762
252
1996
2973
56
956
2412
1626
1686
1498
580
1862
280
2195
2346
1686
2596
1854
562
2177
822
1850
2429
362
488
2338
788
2648
160
236
1780
858
1670
514
1488
740
2091
378
338
2281
2509
58
654
666
2432
858
2437
1544
2496
1002
28
432
748
984
176
2783
750
20
714
1510
494
2002
578
794
566
740
2279
2460
1078
2256
2454
1914
2211
876
576
2353
2555
152
1334
1892
1408
2124
1440
856
1382
834
1902
2170
1014
2338
1316
2142
704
2083
776
2581
576
2154
392
1092
1895
1904
182
1796
2204
1554
730
168
2085
2701
98
2361
1138
2458
2426
2154
1012
1632
1800
2574
266
198
1218
1046
90
1202
2204
806
142
1852
1882
132
2672
2288
588
254
2668
318
2735
614
1570
710
2511
622
288
614
674
540
704
654
984
908
20
978
2178
2354
2460
704
1678
2304
210
524
2384
2446
880
1398
1124
32
1066
1270
2393
170
2314
2298
1028
824
2609
2171
312
500
1422
1660
1377
722
1568
148
2027
186
2231
2146
402
2069
2187
2150
504
2486
2198
712
2039
1426
262
1888
170
2552
2196
2350
2102
2328
188
2844
1436
468
1922
310
2276
1863
270
86
230
1210
332
674
462
2561
1308
2195
418
2953
686
604
2521
488
2531
2613
2346
2382
78
2458
480
388
368
320
2051
668
718
156
2519
2358
736
812
1278
2403
452
166
1977
1996
510
836
894
806
2205
982
1060
2604
352
860
766
2657
1782
344
2122
416
1010
1888
1096
212
546
2500
2058
1666
290
1794
292
1984
2434
1508
1880
1932
2576
2494
694
2155
2273
206
286
2266
2433
1076
2171
1078
2042
84
2086
2326
2450
1434
1194
402
642
996
770
1142
2512
1740
1977
724
2056
1152
188
2054
592
22
1022
1636
70
2232
1190
2724
146
2295
1526
2453
208
1977
2102
1034
524
1328
1378
554
2277
1910
874
624
1292
1364
444
56
2129
1748
2839
446
1848
1286
2492
768
2313
1546
2103
426
636
600
878
188
722
2338
2567
1888
1764
354
2490
2510
446
1104
2143
1638
240
2497
2298
34
2290
140
2264
982
2160
1098
1756
314
358
2624
2279
2434
1472
920
1687
1222
344
562
122
1508
2124
360
2073
2247
2537
1986
454
514
1090
1452
734
2118
1834
686
1522
306
2312
1926
530
2078
258
816
1540
792
2619
520
2126
230
2488
2220
1396
1154
1552
126
2039
638
918
510
1034
126
64
836
1939
1032
454
1146
2230
2428
2687
1456
1052
2054
198
462
870
2351
1254
2394
2345
2677
1260
1328
1200
140
2545
698
2006
22
858
828
1112
730
426
2662
706
1764
2349
1788
912
1348
2438
274
2069
2375
838
102
2343
268
1470
72
392
646
2394
1624
158
2638
1718
906
776
2056
2590
126
466
1528
2340
316
2355
2423
2146
2172
2196
236
544
2556
1762
1092
60
368
26
890
2486
2442
2067
1686
1028
2540
2213
708
1604
850
2684
2110
2412
2244
392
2250
914
744
478
238
2034
118
2483
550
2248
2246
1046
2339
2142
1436
2367
2370
724
2510
12
592
1738
2242
2114
2440
866
638
1426
180
308
258
2587
138
524
432
2124
758
1086
2609
1362
2109
908
442
578
138
20
2402
1288
330
2092
902
1314
748
936
1938
156
2409
2288
1066
1246
1778
1398
1993
954
2363
1578
1162
2557
2212
2670
448
1926
1947
2615
1026
2388
2451
290
1254
262
2643
1318
1728
2405
1350
194
958
2442
466
1874
658
1760
1056
304
70
408
424
712
2170
2183
2228
2226
656
880
242
2340
116
620
1314
490
1152
1630
2069
2360
2502
578
428
2213
718
2496
1574
1078
732
2323
944
1954
1378
2494
876
1904
2365
38
1596
702
2208
2260
48
1080
1886
2426
810
210
1564
10
1202
422
2126
334
2343
810
918
1956
456
208
2217
2522
2436
196
262
762
550
2666
1948
2286
2096
700
2209
1352
2248
2219
576
146
258
866
2576
138
2030
770
876
2233
2397
1806
2171
1876
2192
2029
486
2010
2460
1478
1282
978
462
2206
36
334
276
2200
418
2346
2404
2234
2242
1304
470
642
2054
634
464
1852
10
638
2254
1128
92
1416
2346
328
160
2272
2398
2195
1256
942
2056
1986
1426
704
486
986
1548
636
2393
960
2503
2002
2479
2048
2656
1212
76
270
452
462
488
290
2498
148
204
258
848
378
2153
224
2430
1078
184
78
828
1402
130
412
1834
1156
2389
798
198
2227
70
2433
348
2878
2396
658
656
412
2240
2619
614
546
246
84
2106
1566
2621
2457
1652
2213
2338
2424
2526
6
894
2489
2268
554
2632
2419
2156
1672
640
546
1572
1018
2174
1904
390
996
1162
780
30
180
2337
1458
1334
818
604
1034
1238
1398
98
2691
2424
2340
1038
2147
1328
2330
2389
2164
1464
1328
2345
1224
2161
830
2129
58
2178
2074
728
268
762
460
2626
2005
1154
2158
1502
2064
104
80
2196
1338
2044
1958
2325
2426
706
174
1330
1184
2590
474
652
2076
1796
314
400
2223
100
1414
1900
2547
2802
176
76
378
1158
1876
496
2179
158
842
2245
2414
2104
1572
730
2582
956
206
2430
2752
2077
1910
48
2616
278
2038
2223
1320
1172
1326
2265
52
304
528
588
284
644
340
986
1406
2080
790
2169
1630
2291
2445
1522
2238
772
858
2022
2429
262
332
2120
2451
274
1116
2316
2251
2387
1865
2201
1344
552
1216
912
874
3071
362
2498
2332
286
2167
824
2159
1546
1668
230
1146
1780
2174
1468
1956
786
2429
478
596
1466
2440
1987
526
1264
732
1498
2568
1236
2529
2446
2598
624
1002
2338
1976
2279
2677
16
756
70
2425
764
348
1672
2031
516
2657
2122
978
1246
2232
562
238
2020
626
60
2106
262
1298
1294
2170
1244
1256
1968
2317
1494
2004
36
1362
2856
1190
2338
826
2352
2116
462
898
362
2491
956
232
2491
2141
1442
1388
548
866
1510
1332
530
48
158
446
350
2306
708
2390
1598
2578
308
566
2247
2372
420
2597
1560
2427
142
102
1048
948
2024
2278
2251
230
1368
2024
662
64
2254
200
180
1524
2048
2424
1084
1106
402
550
502
2672
2184
1998
960
8
2571
2516
1162
1062
2250
126
810
2377
2423
100
1208
1994
800
2066
2506
2188
620
1954
2204
2120
436
226
2269
1078
2161
586
2176
2524
2253
994
2268
1916
2467
1036
432
1936
356
2250
2412
2236
504
358
468
2288
668
1572
1184
828
30
262
1674
326
578
2425
2501
2994
2518
80
2087
2204
2254
2238
2222
1044
124
2206
1392
2565
712
66
368
1548
2178
408
1554
1324
2134
1112
544
2004
1308
958
2281
2918
1314
1845
2384
1624
590
2734
532
200
2267
84
2014
2426
534
2431
2432
750
2263
1804
2473
2066
1348
836
240
1806
1610
1058
104
1978
2162
2499
1818
826
1130
2043
1764
1274
2483
2268
490
2239
2384
2062
1170
1910
1640
152
1478
2450
2122
1576
1494
608
2630
882
302
2245
2362
718
1872
1510
2512
336
668
1018
2413
886
120
2014
2389
2
494
2437
1614
1398
1504
1760
436
1098
212
1494
574
2127
1014
356
2282
1194
820
2018
926
262
2644
1538
2209
1440
502
808
2336
760
916
494
2800
1944
566
496
826
236
1080
1946
28
1789
74
1312
2031
2119
1128
1200
824
1798
762
1166
910
2237
376
1286
342
298
190
376
238
2068
522
192
2564
412
1874
1138
2014
2468
2080
1757
2330
500
502
2518
340
1458
138
2065
2496
632
1890
1991
1500
254
2207
884
1919
948
712
1786
2225
386
2516
518
1945
2278
1520
1784
510
2118
1322
264
1624
2174
1172
344
690
2350
1030
1354
2382
2061
2295
172
344
2262
2545
142
46
570
46
994
836
344
2333
944
2103
2164
198
1290
1738
1168
1798
1182
1748
1659
986
604
1454
696
692
1938
1524
2313
74
1382
1866
594
2134
2478
988
2262
910
332
808
2245
946
436
2554
1368
2556
1973
1794
314
2214
1268
2190
50
2344
2146
2264
432
1680
582
862
410
1252
1362
2146
276
998
2619
266
970
2384
1094
358
1602
2904
6
2251
850
796
948
2503
1568
800
2206
2094
2175
58
1382
1714
2311
1968
2098
2229
1680
356
756
998
400
2332
272
578
2257
962
2569
758
1916
2226
342
2088
2350
2185
784
2341
472
228
2115
1016
676
2216
274
834
542
2190
1664
2655
1296
160
2061
2347
804
156
2751
1634
2678
588
514
20
432
2587
84
724
424
2745
1010
2289
368
618
2583
2244
668
318
1430
1480
734
1684
1234
1030
2162
924
876
336
1174
756
2210
448
2444
1032
772
2686
426
2580
370
2375
1344
2334
670
1982
1764
1528
772
358
510
1624
1702
970
2543
510
176
2331
1004
2319
894
1006
82
2111
1826
1835
390
362
624
1818
1200
1088
2326
162
2082
1924
2297
596
2304
1374
1685
1062
2078
2087
2005
1988
1848
2119
2060
2233
524
216
2053
2271
2340
2501
62
2396
898
2108
16
1078
2161
662
82
440
2078
2287
2612
2662
1946
1612
1114
1987
48
254
2202
2373
2071
1448
2659
1838
1494
2210
52
1320
1064
1190
298
2740
2466
2057
2425
2224
976
378
2385
1002
1977
2108
2419
2109
2333
448
1352
2400
800
1174
798
2407
864
2200
76
2329
2343
932
1834
588
1468
2620
1979
834
2014
892
982
76
26
308
1044
766
2334
168
1292
2455
2253
758
2514
1216
2286
1548
2059
1538
356
2084
204
2741
476
1072
1602
690
2203
2127
534
2864
2220
1060
2453
1084
830
1072
14
200
2610
1076
1744
88
1945
2150
1896
104
1242
704
1406
2165
226
1250
150
1928
248
168
132
990
1959
648
554
1662
602
2386
2175
2612
540
2482
1750
2152
2332
2570
430
1764
2189
564
530
2228
1116
2507
1977
966
1368
2181
2307
1038
1114
1044
2167
1952
568
914
2420
1146
1168
2352
1914
258
2160
404
610
2124
1010
2022
1992
1928
2441
222
2335
720
140
968
1634
492
1194
2276
1578
2146
2255
2004
982
218
914
2513
2311
2229
1776
2051
1160
2223
712
1430
156
184
2306
318
1466
2128
2061
192
84
1550
694
300
2436
1252
2037
218
2306
1358
922
592
2070
2566
1822
216
2031
2004
2686
922
678
1278
426
736
2519
1530
2567
32
2470
1225
1638
806
610
1194
132
704
1230
1672
1952
2442
2303
580
2269
2237
1094
474
894
1508
62
1100
838
2508
1786
2486
490
974
674
998
1762
894
1718
888
1338
1412
450
380
1642
666
1950
708
2434
202
720
2424
1570
2317
2080
716
498
266
2540
2244
1724
2424
698
1864
1544
2247
2482
1656
408
2416
2159
2354
2266
2240
426
1530
2547
1650
1957
2144
2397
384
2664
862
1598
1072
2304
1683
722
396
1478
350
658
1002
2462
1144
348
176
986
2584
490
530
630
2254
154
1698
2580
2302
314
144
192
648
2217
2172
1540
768
626
2290
1050
284
822
4
1740
202
1068
530
1694
2561
1950
978
1308
568
1894
604
2340
2552
1016
1318
302
2048
674
876
2283
1066
2307
1348
2163
2153
1478
1601
2607
2336
1572
286
424
468
1770
1158
118
818
2460
1578
1420
2018
712
298
1482
2668
2136
80
1958
620
1900
2176
320
1741
160
1930
1906
1250
2032
64
1760
60
174
248
2201
1502
662
2509
320
882
2580
878
2314
1110
784
216
2293
1308
964
350
1164
2071
268
1704
2704
1466
2394
1028
2117
588
1174
2000
1350
1552
2518
2164
2077
800
2385
2561
2447
116
2698
2115
2104
746
2172
1747
2650
374
286
1656
822
80
982
2628
1799
2408
2338
2602
362
508
742
270
806
2504
2184
1170
1220
1756
2030
2452
2289
526
1954
604
2450
1774
2058
2620
748
2283
634
96
2306
1324
544
356
776
2650
2168
706
282
1190
54
26
350
2196
764
754
2064
260
6
308
2218
1646
102
2610
2489
2158
244
1592
24
1038
2704
1208
1712
2250
1474
736
2235
1396
2693
648
2337
1118
628
556
2041
2416
416
176
332
780
690
2411
886
2258
2084
678
1472
408
70
1732
2566
1806
484
2305
1194
1384
958
2405
1080
1252
1852
12
1604
2124
496
322
2288
1598
2464
1456
2342
2298
660
2046
1947
1826
2439
1972
212
794
1696
244
1844
1028
2587
1298
2213
776
1544
248
548
2489
462
2017
2379
922
970
754
2236
2845
1684
2028
2312
2382
2290
1180
1700
882
884
1676
236
2636
1728
2227
1022
818
176
1959
920
78
156
382
2253
1368
1736
374
1474
1952
1046
1174
1834
170
2304
2661
316
1548
824
2440
2563
2312
2202
656
1970
990
2196
1744
2272
1446
2111
646
1548
136
1886
86
2382
2520
820
1032
146
430
884
246
536
828
998
482
1008
2409
2238
610
1012
1080
68
900
2250
2224
2579
2372
540
284
2516
1202
2599
178
610
554
2319
66
1250
2359
1506
2171
2318
86
1404
2230
2002
1682
1028
2547
78
2008
1918
2421
2186
36
2020
1100
1456
2302
1668
1382
1202
2360
1636
2652
1134
2491
768
394
1725
1844
328
72
444
2092
2436
72
1284
2068
456
404
1572
300
1180
1422
186
2336
2393
1990
936
1020
2091
2195
2266
2084
1246
1272
28
2718
2306
534
2434
1404
2475
2430
538
48
2366
220
2343
370
1332
1096
2369
2564
1542
88
2198
2230
2515
2299
32
286
1945
2270
964
56
6
646
2343
2064
2116
2303
2380
2713
2006
2577
2259
1212
702
1862
1364
1210
2305
302
1362
2040
2404
1699
250
2429
756
608
1250
934
2231
908
2459
650
328
1734
2019
840
1930
1380
1080
358
416
878
990
16
264
1254
2000
2410
2246
2216
1754
2240
162
2372
10
2128
1458
2638
592
26
1210
1811
400
1732
2390
2481
2788
544
2746
540
1692
216
306
190
12
32
2356
1398
2499
800
1060
1380
1154
2153
518
2366
16
344
2497
162
936
328
1632
582
1088
2154
2470
210
324
2170
174
1118
2335
868
250
1384
1974
2046
2154
2444
784
1118
778
2785
1482
1122
2400
1784
1650
220
794
2354
2147
1180
1324
2371
1690
1526
2322
2147
508
1794
514
1877
996
2284
1890
500
100
2236
1670
852
2385
298
2249
1660
96
2240
2155
1628
2366
2509
174
1608
1422
2692
1892
2495
84
2568
1979
764
1242
2290
2001
2072
2677
2108
254
1868
1410
2276
1252
1566
1198
1676
2068
76
852
2615
2574
882
2258
1912
252
2178
2476
2377
2136
276
2691
972
1620
1778
222
824
2152
2053
2531
1624
1802
250
206
64
102
372
582
418
1014
1370
4
1282
2165
84
1500
640
162
294
196
368
2227
2438
644
1076
2164
2008
218
146
1907
1238
1858
1914
164
2394
2694
268
2510
1948
2344
1116
2411
46
592
1878
2214
102
1776
1800
1684
1840
2014
560
2291
2240
166
586
2324
2566
1702
1936
2490
2752
2136
1554
894
1770
2506
2084
162
1164
80
1126
280
2149
1020
2342
1388
1276
718
1482
2383
1358
1114
2348
336
1260
2547
2386
1278
1646
2106
1452
922
286
1110
1246
1414
118
146
2410
2246
2444
1102
2648
106
2227
850
44
2404
544
1266
464
268
662
2328
136
640
786
106
1889
2694
2227
352
498
718
610
2228
790
452
462
24
262
2034
1470
862
812
880
92
2635
1928
1300
1506
1990
2413
1946
536
1086
1478
338
1062
2127
2174
2132
1036
2549
1823
2189
260
2057
1088
1380
1962
1512
472
932
88
942
32
1892
1618
308
730
2253
2229
974
1034
1028
546
2325
1204
2022
52
72
688
912
294
110
996
1092
2518
2192
664
858
646
1000
2267
732
2070
2371
118
786
1422
1072
190
2192
542
696
164
1870
2156
2148
2270
238
1582
10
918
1458
1195
898
2405
876
538
1938
2347
126
2238
2036
1408
408
2136
594
1440
280
2378
770
330
524
2046
2643
726
104
648
1316
2066
218
558
1428
866
128
768
1306
444
894
2144
534
1068
2108
1200
324
2168
2374
2085
436
598
344
1550
2552
784
2128
2276
2134
2555
2142
276
506
2015
978
276
728
260
1286
682
468
1032
844
1672
644
474
2179
192
2118
2210
1956
1364
2988
2268
924
1961
1788
2018
416
730
396
2093
1988
2745
2215
484
2571
840
2196
2284
364
722
1090
520
1396
1766
1006
2295
184
1889
2130
212
610
700
1332
2057
2506
1132
24
2518
870
1724
2650
432
2576
714
2080
2627
490
1040
2430
2667
1158
1656
2656
896
426
1114
1028
2524
2334
134
350
1516
76
1788
258
1920
232
2247
274
1604
1336
608
2413
544
2396
2247
562
1934
2295
446
162
342
2194
1474
788
2204
2266
14
438
2587
2410
132
2231
1368
2518
106
332
290
282
1212
2529
2174
1692
120
508
2743
1582
184
914
1674
2107
376
2234
54
1782
2019
1902
1118
132
2293
2265
1606
2762
2437
1256
1774
364
2289
2006
146
180
380
252
2392
2269
934
902
274
448
504
2801
2212
2422
1686
1726
1470
2063
2596
224
600
2048
2364
22
866
2563
706
678
456
606
2210
2212
80
2019
2404
1140
1190
2209
228
2439
792
284
94
1761
1190
2367
110
1216
290
2209
408
76
782
1726
960
1344
2636
716
2858
2599
1318
1798
2223
124
950
230
2230
1520
2347
1726
430
86
364
584
2145
1398
386
2014
2908
1448
392
2196
356
2380
474
1174
2337
2609
1718
292
1362
2033
2397
376
2329
868
1566
1148
2389
1276
2231
2228
494
1592
2201
82
212
220
518
704
1572
2356
638
2315
614
840
1480
374
680
742
180
1300
242
1278
2312
2286
2104
72
506
2606
2128
1760
2561
1441
1136
1046
1310
464
1118
350
2800
2360
1050
498
280
1466
2368
1144
2485
2010
742
238
1852
322
2237
2616
598
2333
2454
2350
598
1324
98
2205
860
1990
2173
1716
1228
512
100
320
942
760
748
312
482
1020
1148
2672
1434
1944
864
236
2723
2266
2444
1480
640
2482
426
52
2138
2472
164
488
552
1386
504
12
1006
1530
1402
1392
1828
152
268
2489
52
1478
2365
2551
2546
1510
802
830
644
100
198
1971
1854
1098
1116
530
2147
1192
832
2222
2417
1378
402
36
1798
1158
72
2410
66
748
1852
898
136
1642
802
2398
2286
2155
544
698
1254
2082
2270
722
2568
2313
2729
1688
1044
2280
1154
2161
610
1210
836
2555
2380
920
2159
2350
1512
2143
1462
246
444
2100
336
2722
70
538
1206
1644
2513
1654
2156
2284
2138
88
122
2675
2288
372
524
2243
160
2542
2748
2118
2156
1646
38
1634
2000
2226
464
2640
192
178
94
346
976
760
1050
2112
2271
1388
1882
2194
2636
32
1770
830
384
2406
958
990
448
12
372
2526
76
1062
454
812
310
444
160
2119
416
384
2302
828
726
746
1074
2267
1294
1868
2192
1694
442
62
378
1508
1388
2346
2587
2690
1178
524
1638
614
1348
2327
1402
2294
582
292
618
1784
2016
2272
2126
1188
1818
2192
2556
348
1566
2344
66
1660
2183
906
758
2487
1724
54
1994
562
632
230
2046
2408
386
1950
1528
174
2253
1940
2271
1652
378
1740
668
1628
2578
2056
2424
2508
2408
694
956
1280
1134
416
2301
406
940
1054
2561
1408
1558
226
458
1798
434
1936
2588
310
1608
1118
2290
1516
2288
2176
572
2668
2064
668
2567
1586
1136
940
256
902
100
1864
246
1160
66
1664
750
1702
96
440
1072
1612
2158
46
136
452
2174
2749
338
2334
2103
476
2204
766
546
1308
2432
520
1442
1088
282
1985
1444
728
1376
472
2100
2482
436
1658
1950
1372
730
2241
1528
1298
1632
488
550
1578
2125
1462
1338
2288
704
176
894
2289
2405
2186
352
2563
1652
268
2522
888
1652
984
2266
502
74
416
516
1980
448
1106
152
74
348
2152
1066
60
782
132
116
2120
18
2146
142
2587
1234
84
928
472
2394
1502
326
540
30
1364
680
2072
1130
586
248
612
628
2093
2590
642
44
1658
1232
180
2658
118
780
810
1672
712
448
70
332
2378
1909
30
418
2292
1638
1674
1068
1682
2064
2412
1921
2511
670
2538
2432
2117
648
2434
144
772
1016
658
722
2812
2334
2148
1714
578
1332
1800
2365
1484
1530
2366
2581
1386
514
1330
568
330
944
980
26
370
128
812
2253
2025
1242
2550
2350
2294
4
1432
978
318
696
50
712
710
324
1320
2241
520
998
2288
1374
138
1034
2380
166
2506
1718
68
484
1154
894
2630
1060
2164
2378
904
2267
564
520
126
1166
198
1961
1284
422
1040
1618
300
616
1736
250
938
2408
2094
2369
2115
48
1114
2529
990
2239
2466
98
268
308
726
596
820
2278
1612
2476
628
42
928
1834
2294
244
2310
844
2319
552
2184
670
22
362
1196
930
124
2482
870
1286
568
120
2506
26
2240
1182
2522
2155
516
2082
2140
1306
864
456
1106
1088
2190
1294
1318
1136
104
98
170
132
738
2186
2179
2185
416
2210
1350
2342
498
2305
2676
2359
994
2104
1972
2202
1620
2762
1828
2178
1292
1914
366
2443
1660
2174
2137
58
640
2342
2735
52
34
2510
22
64
1834
1626
344
2261
2610
936
2306
882
2681
2040
2481
34
790
2590
692
192
2035
776
2029
826
2180
2318
2130
558
2570
2392
2415
862
2401
1300
698
2048
1604
1940
1562
1100
1646
2014
1976
2225
1682
2002
50
932
1794
142
2048
700
294
470
2476
1470
276
2314
2531
484
674
2226
2204
814
2302
1974
2284
2068
870
2370
1690
2426
2323
558
232
254
1014
2444
390
42
1206
2003
140
2330
266
2098
1972
32
2289
2330
756
1686
1288
1210
268
810
1088
2138
2190
528
502
2067
2411
228
1560
2688
292
2350
2440
2686
756
718
2392
2371
548
2672
2177
1860
1274
2099
2727
572
338
2410
748
132
926
2337
312
350
616
2316
122
1000
2165
1236
1216
1318
2360
1534
688
22
1236
2194
2135
1810
560
2336
794
1968
742
426
1260
1650
100
524
1800
1602
554
1224
20
88
866
192
2216
890
1610
132
516
2342
296
1664
476
2244
26
4
360
648
2554
172
2678
214
2772
378
1220
658
1142
552
1130
2397
854
166
1820
2398
1070
318
448
2541
156
390
852
2848
2351
826
2346
968
500
80
2110
968
422
2220
676
2482
974
1096
638
310
54
962
2154
1662
2188
1276
668
1314
686
180
2529
2519
2381
2407
2501
940
2457
410
1356
2408
2218
760
2240
802
642
396
1966
1096
534
964
2488
1933
54
2487
1034
1310
630
76
2440
2457
2088
2195
836
150
20
788
2139
1910
1430
1842
1696
190
1888
2320
2056
1142
206
830
292
2348
2606
664
2200
88
1588
2130
1244
408
2574
2163
2106
2323
2226
2296
1770
884
984
188
1604
2510
240
120
174
2003
1186
2236
1218
304
2118
1509
946
1072
2055
3162
1074
324
712
2570
2300
910
2012
2655
1248
2365
2281
1046
1804
2224
442
1074
2170
252
184
2345
1264
2188
2183
2168
162
2486
2130
1330
78
792
738
1342
332
2573
2483
972
1106
2553
2515
2600
130
2400
296
88
2471
1072
690
1004
2038
690
292
2380
2221
1760
2364
1258
1706
1366
2345
1908
1968
338
1786
2115
2160
94
1902
1478
2288
226
1076
2042
1126
2458
840
42
1886
2274
2276
770
2276
300
2462
1208
1356
346
2101
2499
1878
328
206
2170
378
84
1076
1634
2366
2150
876
2002
2499
1907
234
1496
390
1678
1536
1616
292
1752
84
412
2065
2136
1070
2154
1708
1992
2188
156
170
1408
710
628
134
2338
596
1194
1920
2347
2506
1678
1985
686
2466
1664
2154
1250
1210
2058
2139
470
832
288
1262
2503
872
714
1744
1070
532
2518
1670
2110
2270
278
2136
156
194
860
586
2349
2021
374
2321
2488
1934
212
420
2498
474
660
1450
594
62
552
2273
1424
2124
2068
2460
836
2355
2212
292
108
2624
1232
848
136
76
104
2519
1654
2268
1360
2439
1612
1582
2400
2161
2850
894
384
2236
2142
212
2204
1680
2484
2496
2606
2294
1458
2154
2744
2446
1222
1774
1324
1108
602
2491
2453
2153
1704
1570
890
1896
2373
18
442
1962
72
2111
2251
2482
2057
354
432
2408
1705
2535
68
2472
310
88
270
1808
2396
2465
1514
98
212
872
2030
538
2618
2504
286
180
686
1548
1396
1260
2050
982
830
1420
216
882
52
960
1826
110
434
140
1232
1274
172
926
532
792
1230
2442
2271
2551
1500
496
526
1604
1846
740
638
12
484
2531
1648
2053
2240
2391
2209
338
2336
2368
2300
148
614
2168
2151
2120
2500
230
2216
952
2272
2111
2214
1236
568
2202
442
1158
1896
362
936
2374
1464
1300
2507
1646
474
2644
1795
1010
1048
578
2113
2396
10
946
1074
1194
1272
862
924
250
1434
1158
2422
890
728
1106
2453
420
358
2658
1817
1174
194
22
224
1390
2348
2469
2686
262
254
202
2664
1218
462
810
570
2595
750
64
1614
2096
1046
862
2397
2738
114
148
2235
2461
768
1074
1006
1178
2140
22
788
368
2232
2012
92
50
1262
2600
1950
1786
666
1947
2288
2285
338
2173
806
2190
1092
1594
1550
2313
856
904
1602
2418
1236
1766
1312
2147
1940
616
2228
2208
2102
1632
1692
970
358
454
1450
166
1868
2321
1963
500
1989
1196
494
526
676
1370
1200
2276
2580
2346
1056
374
964
2352
1100
312
238
242
2586
828
362
2436
1828
2593
582
2362
1702
236
1884
2215
750
2628
394
2664
2068
2350
358
256
2631
1142
592
1556
556
2330
64
1772
96
1766
862
2261
818
1036
712
400
1432
1894
654
2105
470
1878
570
858
702
802
1779
1408
2564
2019
378
482
2461
2388
2704
580
2346
1992
2496
2329
708
928
2202
1454
1498
1186
1708
2306
576
2138
2442
1714
24
352
1294
106
296
2214
2071
1286
216
228
2242
306
2919
8
512
1718
260
2508
286
1968
2172
2820
26
90
30
2668
1998
518
1384
1450
1300
1106
970
282
904
366
840
870
594
2332
262
1480
382
1959
2312
436
1220
2343
528
122
2303
1932
598
2598
2386
2522
484
2148
8
846
228
518
206
18
1612
2256
2010
1504
2670
2050
2452
950
2470
418
2134
2059
1888
1792
48
2391
34
970
878
2283
216
166
1186
288
286
804
2118
88
138
2247
2561
1670
1224
2245
1108
2520
2082
2225
2282
862
1402
2415
330
2729
840
400
1274
694
134
304
1400
146
846
1676
2044
864
2355
2336
2138
562
922
726
2449
1090
720
530
2779
708
878
642
246
1610
2306
2096
368
1662
2046
850
2788
2501
2602
2
1084
1334
1046
102
846
2177
84
2360
2007
2546
1650
2228
1602
416
970
1900
280
530
1552
2222
2149
1368
528
2228
1034
2291
2341
2560
1430
2564
2214
2228
900
454
2338
2380
246
2497
1124
2786
976
2711
2421
954
502
46
1326
730
38
8
782
2254
312
2214
188
2604
1354
2598
2134
1712
2399
1144
2090
2028
2241
1262
2152
2310
2306
2545
1552
1886
2250
2507
558
480
2518
1490
2032
2699
2074
2062
1706
1476
1602
706
2211
2184
20
36
2182
1662
2017
416
2348
1710
112
1096
530
60
1226
1682
1232
424
1204
2289
1232
1942
742
22
884
2359
1712
2825
310
1378
2506
2211
2634
148
550
1680
1356
2196
616
222
2095
1162
1380
674
2220
2317
2396
2128
2294
2588
28
520
2144
312
286
644
136
2464
740
1450
1896
176
976
1582
2265
1152
816
1898
590
480
2817
2190
2241
320
682
2386
66
2094
1900
1318
2159
2099
2026
2316
740
438
1200
930
1960
422
80
2503
946
1140
2284
2548
2217
956
404
1062
2347
2233
430
954
2232
2030
2543
2285
2549
632
2468
1998
206
1450
2222
482
2134
1950
2027
2040
2572
432
92
1376
724
1084
2882
232
684
826
2324
554
2106
2374
2151
1964
2244
792
1692
1894
944
2149
916
274
1868
1148
172
2370
1988
1190
650
214
2256
2621
2411
596
2360
696
852
448
2270
2116
2075
1522
2272
1078
80
2345
176
1492
430
1416
2408
2108
842
2505
1955
508
598
2339
36
2329
2315
1282
1850
2281
922
1018
354
20
2296
486
314
1140
1484
2318
2209
1260
2238
382
324
606
1272
282
376
384
2470
1044
1120
2525
2534
2507
2674
192
2659
2068
204
2636
2343
518
1756
2589
2474
2606
2288
56
444
430
1338
2310
76
980
2252
1554
458
998
1616
668
844
1094
1020
58
620
1024
2354
50
2334
612
1714
576
324
2112
196
2455
588
2191
768
1310
1970
328
732
152
2274
776
1012
40
2702
336
194
392
1318
66
2316
2372
2300
276
2525
24
298
2435
658
908
320
114
1196
2056
2812
2049
1188
2150
226
2232
22
2523
2427
650
546
1194
1702
2281
942
2504
500
2441
384
240
514
326
2427
1218
586
1450
266
2353
1296
426
2557
2396
118
2494
122
1806
876
712
1674
242
572
2005
2413
1662
158
2334
168
2389
1778
762
1859
1696
196
822
2914
2208
426
212
2367
1470
2572
1096
2161
1949
1832
934
320
2479
210
328
260
316
572
938
244
2306
1866
670
2544
542
278
1186
350
2625
834
910
1332
32
1234
32
1556
1912
2023
1226
444
548
2362
348
2086
1304
2084
2206
410
2566
156
484
462
2156
932
178
2266
2025
1586
1004
120
2227
2289
1820
432
218
604
334
700
1148
1804
1914
1026
1226
1276
632
2171
650
556
128
2535
2353
2239
1800
2030
1790
1786
870
1622
54
226
2024
448
86
498
300
1620
126
504
2077
730
1996
1632
208
750
1798
2247
380
2003
2782
2090
1606
1642
2478
1160
2136
1824
1444
2278
438
2373
556
2696
242
272
306
20
2276
1770
2290
634
2224
2528
2126
2499
288
672
148
2406
1066
722
2400
278
496
2252
1454
1170
2312
2102
62
2472
1960
648
460
2480
1184
2167
212
1238
1290
2088
2437
2027
14
1052
1832
2224
1690
2257
382
136
1955
630
222
682
446
370
26
2181
724
1652
230
1746
310
272
2554
1232
112
426
370
96
36
2093
2425
2542
2344
418
2143
2035
356
484
2738
1756
2544
2517
2054
2412
444
348
2001
1810
2324
966
22
274
1400
1628
1272
1180
2602
1680
2120
2285
1632
1636
2349
1874
1818
2386
202
1398
1955
1874
2754
2428
478
932
1176
2126
1424
2163
2278
1689
1926
1054
182
852
1460
476
2400
1586
2224
2738
1402
2292
924
2706
428
514
244
308
1890
1716
1390
1230
306
272
1962
2381
2530
1140
766
1030
954
1354
2878
850
2204
678
2303
2180
620
2399
114
216
596
2410
2322
1756
950
1258
658
926
2196
2467
2366
202
2336
82
1364
392
734
126
488
492
1564
464
2349
1900
2186
430
1186
32
1996
2064
2529
190
2456
2518
2429
1542
2064
416
2202
2695
1826
1040
2256
4
928
152
2241
1462
2094
2269
1976
1236
806
2104
2090
286
2299
596
2152
106
2504
2589
470
654
2109
528
684
2019
1404
2210
2010
214
630
1642
432
2188
134
1230
1050
2742
2275
2133
2325
2454
1374
2312
24
812
1764
322
2374
1596
1838
2237
2046
2274
1146
704
2542
2281
142
2381
1334
336
1955
2154
462
2183
874
2490
796
360
2036
2146
2626
282
2332
694
2533
152
2296
2346
1670
1502
740
2530
2491
1208
878
2290
1072
194
2557
420
234
438
12
218
2211
2554
2004
246
230
506
670
1922
2000
1966
1610
552
1434
610
782
1690
1864
2597
2660
1074
1940
2030
1326
28
2148
1268
2358
592
532
1869
1066
922
1170
242
830
320
2442
2207
2065
2244
46
1118
1578
1194
456
1376
1965
2542
1782
94
166
2142
1006
476
1106
600
618
670
1290
2168
1510
636
2346
2284
1822
382
26
948
962
2435
1276
2003
286
2361
1928
186
1170
14
430
1835
130
1930
2235
2039
126
1924
1028
210
434
642
1852
2469
200
2210
2651
790
172
760
1754
2262
2586
258
2034
800
2011
130
2802
2197
1988
1150
1946
212
1588
406
884
234
2712
2288
2402
2162
1740
730
1452
858
2564
2488
2100
2523
1782
2228
2500
1934
2211
2004
14
2230
946
904
880
1524
632
2325
862
2255
2213
2045
2037
2082
1268
468
1402
374
1578
2452
334
2674
1124
352
1846
1210
1802
332
1542
158
2572
2379
438
2400
1654
312
60
172
920
2440
2017
886
2092
228
1896
312
2132
1168
974
1588
192
1108
52
634
2004
2123
1156
536
366
1342
2213
1226
58
272
1690
2202
2626
1280
1106
478
2585
1793
2186
2261
338
2204
1146
1184
1088
2369
774
1977
1777
1358
508
2530
2496
502
2629
2384
584
1178
72
1054
1280
1988
1796
1184
464
2722
100
2018
2645
728
2203
2359
1444
1444
1682
2363
264
2406
362
92
2228
2742
2276
2403
2158
2428
868
2650
1690
1236
2543
440
2663
2521
1380
500
2326
1780
1498
196
764
648
262
1692
1358
2469
978
1680
26
414
2217
2542
2134
2062
268
1434
2101
462
1820
1170
832
1596
296
1930
1764
362
1558
2609
2300
2201
1336
2680
2355
1266
1630
2257
1500
2519
1024
1566
2589
56
2294
2173
1490
1012
310
626
556
2397
2258
1970
1384
2189
1214
26
828
1274
2353
840
512
488
1624
1300
574
604
754
2
156
2233
1372
278
586
938
1082
1342
728
2151
1080
322
22
2188
456
1014
592
1634
2279
2515
1482
2308
138
262
1330
2019
2473
36
2522
2514
2400
582
632
198
482
296
1254
1678
1356
654
1682
2348
2407
2343
2237
2429
578
4
1670
2326
2004
2589
440
226
2118
2155
1406
1398
1966
2374
1044
1772
2422
2103
2298
2314
2269
1006
912
40
426
146
326
266
2199
580
96
2754
686
1416
2585
2153
716
2262
1746
2144
2315
1414
824
2118
492
2028
386
566
2347
2566
270
968
218
810
444
28
552
2504
766
2258
1910
1850
2002
2021
1490
558
182
2214
2035
1868
754
350
14
476
858
1622
2569
2128
274
204
1904
718
2225
852
1934
2056
672
1878
1444
696
822
194
520
8
1012
598
672
1982
336
2243
2367
1236
174
1248
1020
1928
440
1182
1570
688
972
2490
1846
728
1038
2308
2522
390
694
2416
1336
1390
346
2545
678
1820
2454
1965
2396
2264
1246
786
366
2423
2134
196
2663
452
858
1524
856
2464
2491
2469
1272
58
750
354
2595
554
444
1904
718
372
1934
2450
2417
1064
84
960
1834
2384
1108
894
1312
1836
362
1356
328
940
1556
2620
2091
2182
412
2278
296
778
2276
506
1963
2344
824
2292
114
66
1414
1084
1444
2102
1040
1348
2227
2389
2072
1062
268
96
488
1298
108
214
2172
456
832
1004
628
1792
2367
2392
1898
2538
224
2375
1172
114
2469
94
2112
322
2316
384
1048
2189
460
80
600
598
632
2
1822
2064
340
92
1991
2173
2305
656
354
632
2256
1764
54
570
1848
508
576
910
510
1412
2443
1294
2088
434
1622
352
2164
272
2
806
782
2246
1794
2377
866
588
350
2684
416
760
204
2130
440
216
100
2514
1132
2587
448
322
2418
1398
814
42
1246
166
1010
1840
2444
270
2576
638
454
2856
2171
22
2492
2220
1450
1962
968
2797
2340
744
314
228
130
2697
2305
2162
420
170
924
1366
1812
360
532
372
1472
404
516
62
492
2410
2282
1578
2314
2627
568
2418
1602
776
852
2040
1232
1250
1164
264
1204
1256
492
502
2709
366
708
2358
520
976
820
390
2225
2034
490
1904
76
2508
842
466
472
922
1384
130
1182
2200
2710
2520
2377
2282
266
786
1060
1364
2287
1416
322
752
704
1872
2821
134
708
1112
556
2046
184
1972
360
2676
1478
480
2558
1420
1842
2168
1302
570
2738
2477
2213
2791
2512
86
2391
2315
620
434
2462
434
1308
344
22
2429
1432
2239
1140
1204
1312
2196
2089
2122
388
2622
2448
1504
2003
2372
2141
1096
494
2427
1152
2280
1516
1334
1096
2458
122
670
1264
298
690
2055
468
116
100
2717
62
1206
82
1228
966
2108
1144
1750
2524
2414
688
260
2530
190
738
1330
338
2218
1988
2054
368
1276
2238
1838
366
1854
646
1176
2273
574
2608
1742
142
406
60
1058
424
1731
2315
466
1310
1824
2285
954
470
636
2127
1504
2368
2357
178
2310
1962
1030
870
822
1917
1470
2315
1614
190
968
1520
1170
2343
1338
1350
1410
2381
164
1886
174
1088
1398
1632
306
1972
1935
138
618
2390
1064
1914
2376
68
1830
2248
2330
190
984
2384
1850
2439
756
736
2428
2340
1712
2298
680
2216
1476
794
2222
416
1066
502
514
2327
2176
430
1893
1238
2308
1614
1244
1110
516
130
910
1274
2301
110
2735
350
216
1552
2377
104
970
548
1794
2510
288
1704
118
2247
576
2523
2493
236
10
1696
1860
2777
2353
2331
2374
238
1880
1500
2100
318
918
2022
1168
2201
1652
564
1586
1374
2188
1624
816
1398
2572
238
2493
1042
2201
1154
2579
2343
442
632
1086
1590
656
2251
2634
1204
6156
2120
1066
966
2086
588
2446
1126
1900
2377
712
1440
2507
1080
2395
224
1864
2413
96
1240
2609
764
1660
2294
730
974
2338
266
216
1876
2667
1951
2473
1940
78
842
78
2536
100
222
684
2460
1546
976
2318
452
1202
2303
138
1050
832
1144
520
116
798
2354
1240
1368
1658
2292
2324
2182
632
2141
268
628
2108
106
2402
652
810
1072
1222
112
2205
958
130
984
324
2523
2245
2074
918
1682
1376
2372
556
144
1562
2204
2148
2425
2333
118
1556
132
108
944
2282
2558
774
2310
2262
2290
1628
188
92
2444
1678
2364
422
1552
1290
2395
1954
570
2121
2367
1476
2629
1694
164
2426
492
580
2177
1000
1162
98
584
2313
2407
50
734
8
1998
174
1304
2200
738
2312
2270
2314
866
602
932
1246
202
1028
2133
1128
576
1404
2262
524
1858
1792
850
2373
1554
1126
2122
2331
2204
834
2328
246
400
1904
232
2651
1764
2397
446
2196
1110
2186
764
2364
2820
2449
130
2435
714
190
2184
36
2013
2634
2351
2372
1810
2016
806
306
648
2064
2772
152
912
2180
1584
1094
416
654
2286
1306
2267
2240
2359
2244
2182
980
2381
1963
2332
2469
92
52
2054
1092
1494
1294
1432
422
2149
2146
1516
384
2642
2501
2334
402
1230
1604
848
454
1036
2547
2182
2325
834
254
2458
1619
330
2
1038
2330
1444
2186
2000
626
2343
1534
2173
2453
2305
1242
1530
980
2375
2344
1808
86
972
1022
1845
72
86
446
2156
60
306
2438
2247
1130
206
2100
546
2095
2422
2323
346
784
1020
1308
1284
2478
2212
108
1168
1748
1258
714
2162
2260
1850
1350
102
1238
166
2314
2570
252
16
2312
678
84
2284
2494
526
2100
1224
492
2410
1847
2706
2787
354
2393
1942
414
1510
2469
894
1024
1916
114
974
1731
94
2480
2273
2164
2522
1090
360
1180
206
724
1190
1799
274
1352
546
2166
2299
2245
198
2508
2387
446
234
2660
566
968
1941
1392
992
2194
2075
1522
218
2577
2416
1348
330
2535
2506
598
32
2405
1788
1008
2194
52
148
2476
2325
116
488
930
2042
2462
2352
26
1960
870
434
724
1977
1962
2264
2522
2613
708
748
2210
622
384
1400
1810
962
1590
2475
1656
2444
306
1542
2526
1016
76
162
2087
394
100
1614
1258
1768
628
2245
292
1804
580
2194
262
2650
2128
2399
2269
500
1654
2253
340
1506
2619
736
2393
570
2361
2189
2338
12
2449
2090
2121
1138
1126
230
1352
2467
1438
2050
564
1302
1372
2183
574
2358
1556
2564
768
1026
2514
2089
2593
610
1180
956
56
2048
2390
432
876
384
2132
238
316
2464
146
1030
1378
34
392
92
1784
1280
2678
2617
2205
1342
632
20
66
2706
2127
286
978
588
2521
1596
588
354
1068
2383
708
2553
166
2509
2036
500
2432
2116
2058
494
2129
2356
1982
2388
2542
168
1883
2144
688
1764
1588
684
1466
580
2036
1396
2093
1592
2863
842
258
34
2378
920
1410
266
38
1352
638
1727
352
546
450
2108
2536
352
1822
1610
368
2357
158
2330
1894
2320
2082
500
1762
424
304
892
614
2283
554
230
2396
2173
1428
418
1800
2278
1816
1178
1774
6
278
812
980
308
1956
1374
2226
1110
250
776
1146
1334
1202
2432
24
706
1624
1752
2509
964
508
326
1921
54
1548
904
2278
2720
794
2095
638
1352
646
298
840
2000
812
180
974
652
338
2091
932
490
1702
320
2410
420
2113
2168
1210
2173
2346
584
1554
1440
1806
778
42
118
596
220
306
2196
1256
1504
1855
372
2198
1752
1186
2399
2064
796
1775
1726
786
1114
2320
700
2608
1250
1396
280
2281
1018
1758
2365
828
2240
2282
2269
1270
306
1886
1236
1508
2219
1750
2052
2481
1762
1850
2160
1990
2510
2052
826
1084
1538
74
4
1152
120
100
2184
2031
2363
212
742
452
950
1048
2124
1652
2404
272
1714
686
2260
1110
824
462
2062
1380
1114
2197
2397
2471
2264
656
776
488
602
58
134
2929
1834
1226
2360
638
410
512
1104
1020
656
1176
216
2428
924
1682
1406
208
2267
400
2250
844
38
528
1937
1808
616
844
2251
2603
566
1604
122
2009
1813
950
2433
1422
410
972
152
834
1940
1666
1924
1216
1739
426
472
1072
1901
252
656
1434
604
2349
542
1510
2430
722
38
2272
2145
2164
2496
2416
1522
448
1902
350
58
2113
974
1894
2219
710
2200
1196
2499
2
1386
268
1258
854
2438
2505
1902
2411
376
620
426
1036
1742
346
2254
920
438
2106
718
1080
926
410
462
1356
706
2539
432
2996
32
2087
2034
1772
1146
1056
132
682
1038
874
1326
232
250
322
1676
636
1894
1610
2455
2321
248
2416
1482
2554
608
710
8
1092
2237
74
1406
686
142
2546
1558
2337
1518
2249
2284
2437
26
2237
580
546
2290
1668
638
634
992
350
2407
1746
22
370
552
2219
906
508
628
2195
2100
42
128
464
1486
532
1824
86
2270
1104
138
168
260
2060
2600
108
2633
1318
2555
554
1400
2048
462
2306
2068
1258
286
372
2486
1542
112
2409
1712
1902
2547
1582
1957
610
1724
2239
716
2206
1120
1456
2367
300
562
608
2312
1396
1186
1884
644
2327
2519
1496
1226
754
94
2080
674
2178
2800
96
1510
1460
1688
82
2440
2808
1324
372
792
392
2317
680
398
472
2748
2053
2528
2372
938
2057
2564
350
238
1814
302
968
196
1442
1912
642
726
952
2498
2524
1156
950
2149
2646
570
322
726
2528
1530
836
2438
2169
2042
1246
298
388
398
2509
1132
1308
950
1666
1134
966
2210
902
26
164
2084
200
366
1142
2234
540
752
2102
2437
1628
116
614
370
2120
2494
1414
732
2481
1434
2324
2436
1292
760
132
2457
2305
522
982
1218
2347
2178
1406
2256
1638
1104
1628
2378
898
2475
1692
146
2433
2607
2111
2223
2423
1138
258
2282
992
1296
1100
172
2564
1803
550
1148
628
2748
836
1805
808
578
2332
366
158
1170
2509
258
2303
1618
2330
2434
2574
246
636
970
568
2098
1957
1220
126
2196
2717
1444
2230
14
1951
1990
2085
166
2439
1854
1592
2113
2757
298
1244
340
2147
2100
368
2432
450
778
1632
30
1306
1132
708
1224
2052
1946
450
554
1288
320
208
1892
2486
164
2587
2352
1198
1106
2772
128
630
2094
2227
2202
2304
444
794
1396
676
520
642
1880
146
1398
2286
2890
2428
898
1352
248
2022
1831
2330
2473
398
74
1126
536
84
2079
700
760
1284
54
1544
270
2154
1842
836
1274
2329
2068
148
2585
2243
322
2569
2009
70
354
744
2272
852
1889
1926
2396
444
2076
166
2418
386
2505
82
1610
430
2262
2206
2431
2698
928
1166
2104
1730
2203
1924
256
1864
262
1166
760
814
2364
2118
2164
2146
420
2290
2150
1572
440
2189
330
1486
2074
2102
1752
1678
2170
2540
590
418
2294
210
574
1750
582
2547
568
680
2415
162
2638
1520
148
1372
1810
350
8
2203
1114
2224
1542
406
150
1760
1818
1734
2140
2237
1540
464
2420
810
1014
868
1012
222
2490
2265
650
1390
1326
132
1662
388
2174
1676
2260
398
646
2357
1054
1202
862
140
622
1458
1814
2108
2250
1988
1156
2199
604
2381
1214
446
2140
652
2270
20
2287
1928
1444
1862
556
558
392
2301
184
2226
178
1636
222
1346
620
1660
636
644
786
1907
2597
1764
2120
14
42
2354
380
2339
2183
2586
1102
572
200
160
334
2590
2113
138
2332
78
2279
2478
16
2078
2236
634
2018
2193
366
2070
2196
714
38
2055
1256
538
1668
306
2600
94
1896
820
2918
1908
888
970
590
532
1190
2115
2112
1054
1468
388
2139
234
2120
2192
200
708
1869
2596
2703
560
300
1120
1769
1564
1626
2562
2587
560
798
990
476
1298
92
500
2100
2433
136
1764
2501
1062
2209
2056
488
528
1542
2489
1254
2726
802
902
1276
2137
364
64
1678
178
394
254
554
6
1214
750
818
56
1474
2010
1902
370
1292
548
1128
1908
970
932
326
178
364
790
1938
688
194
198
2484
526
1210
2279
1194
664
1586
1784
1026
222
1022
2186
2189
86
2375
2643
2435
1390
2398
2310
2359
1974
1054
1928
492
2504
1640
2414
1332
1510
2034
26
1822
1844
288
12
390
2077
2363
2119
440
2197
726
2478
2549
2065
2234
2249
846
1767
218
2113
1078
1478
516
2215
894
208
848
608
1918
2357
456
1544
1000
1320
1026
2395
2004
184
2710
654
2184
808
2488
512
388
938
2667
334
24
2071
1372
2213
2442
1917
534
1266
1376
1510
2177
210
66
1632
40
2492
2198
2516
2199
2066
750
1392
2252
1098
528
2101
2222
2045
346
1468
516
610
2229
2469
2152
448
2164
652
950
918
1320
428
942
2264
2382
1518
2393
730
1434
732
2144
2108
2357
2016
638
1120
2051
676
30
2050
2412
2457
2538
176
1478
2236
1776
252
1817
1498
2374
216
1466
2442
2384
214
456
112
2411
2068
1552
752
806
718
2146
1700
224
2374
2195
462
2360
1162
424
1862
1934
98
186
1770
2130
498
1088
2007
2510
2450
1384
76
318
2152
906
2376
260
1188
1192
1266
168
948
330
2146
1096
1790
1294
2026
1858
2353
1814
264
1234
2302
394
672
284
220
2521
2260
2237
2341
434
408
14
2348
2249
202
62
1835
1314
530
88
802
818
1418
2152
96
2312
2110
172
1182
1324
2365
110
1706
2222
364
2064
2510
748
1742
382
26
1474
1486
1236
840
608
1574
514
1890
938
650
1842
2097
594
256
2255
194
876
228
2131
1450
548
498
366
1998
1824
2354
1936
2510
1844
1600
1124
36
56
2310
3005
1332
1058
2496
2175
2534
34
2615
1052
266
286
1909
1010
1812
1240
2184
936
176
506
930
2503
2589
560
1128
122
2350
446
1012
224
538
2154
2714
2334
532
2270
942
760
1592
2167
1884
2786
966
852
854
122
188
146
2048
2144
80
2390
470
3071
248
272
2771
10
2426
2248
18
1374
1490
2251
598
612
1140
2159
1718
1850
870
2200
1118
1038
132
2658
2071
894
2374
2172
2501
2946
56
1374
202
72
842
776
792
86
52
772
1044
1322
2617
2669
746
164
2303
1152
442
2124
858
2284
274
566
876
2614
54
2332
2429
2016
102
608
8
2099
1216
2317
1032
1419
1482
2600
2280
1556
264
2244
1202
1102
2157
1392
1150
2220
2099
746
2464
1946
888
836
72
1132
2020
2251
598
1866
426
2293
158
2612
1726
144
884
1262
474
178
836
1572
2138
2472
1056
732
812
2346
2129
560
1138
1230
2209
506
1612
2603
2287
2506
2327
2074
384
1734
2360
2270
458
992
1468
2466
1542
1236
798
2462
1728
346
1376
1948
516
1960
730
1965
1060
306
476
1322
494
2075
2207
1566
2077
1288
1724
1710
466
190
2091
240
2192
872
446
1342
482
1868
590
1676
622
480
2471
2820
2158
1848
2114
2518
2420
2093
428
1692
1786
2188
536
1086
2408
1220
338
1744
1842
84
1032
266
2135
486
494
1568
144
106
1842
1130
298
92
1036
776
420
1776
90
2312
498
590
2252
186
434
56
2348
502
664
658
246
2409
1454
2532
378
1690
2129
1148
44
1028
106
2411
960
648
2367
3078
1018
198
392
454
2190
834
2227
878
2726
1858
2370
1738
1750
232
378
504
550
2372
2603
1426
1772
2057
2428
630
1927
1920
1644
2088
2050
1390
1284
112
2316
1144
1014
2581
1623
208
992
496
204
128
1660
2052
2046
2190
168
2302
2048
1942
1720
822
784
90
1488
110
2224
2301
1078
648
2485
2117
1694
2426
2012
390
226
1038
1000
1146
702
50
1312
70
2406
2010
50
1462
384
2577
1244
2256
2168
272
2495
272
1906
772
190
1934
516
266
2240
916
2064
1556
1638
1370
1604
420
1196
2671
1978
2104
2397
2145
2616
2138
1860
2625
1608
602
2256
2483
2437
962
1566
486
2653
2374
1236
78
816
2581
2244
620
1410
820
110
82
2520
1394
2656
2373
2265
2312
1936
2074
564
342
1510
2437
1957
1160
2617
486
2516
2483
36
1540
1066
1378
2289
778
808
1268
562
2443
2410
2324
914
684
56
794
1422
1344
2118
1468
556
712
132
1502
144
834
42
118
708
386
604
1898
150
1016
2322
870
2192
1954
2554
1266
426
1220
1352
1578
2593
2070
114
324
2024
1592
714
222
60
132
1978
2422
900
274
2142
2234
1062
1456
288
712
1950
1940
330
112
2645
1128
672
2877
1454
412
2136
846
2542
1010
1386
62
2837
1278
1938
1004
186
2429
2257
2071
1738
1048
196
2254
1608
2324
976
300
684
1994
392
1832
940
1702
2151
2015
472
512
920
2220
2474
1178
966
360
1542
1040
1406
2454
668
506
76
1876
1390
54
512
2338
1050
136
2296
2456
502
420
814
520
712
2333
318
824
220
2417
2355
1854
2557
2204
758
1136
2192
2643
1692
954
1588
2437
988
2347
2146
1666
1679
2274
1942
2410
1922
2501
172
682
2368
2104
2511
1384
504
114
190
578
266
2142
1676
234
2278
896
850
496
1340
2006
2545
512
2495
54
1006
1348
434
2225
2676
1084
1714
1182
554
878
972
802
2196
2390
2156
2280
792
378
2220
1796
906
112
2147
2214
1764
1352
2479
2338
984
634
2351
452
2464
2212
2146
222
1172
1944
2011
478
2264
428
484
1446
1058
2149
38
2178
2795
430
2513
1532
18
218
2438
1106
682
2285
790
1875
1983
2175
998
2152
936
682
2230
2212
2637
820
662
1172
2568
68
1812
2395
858
1138
1971
66
1995
1298
1628
1026
576
370
304
718
462
758
308
1218
1734
1598
2447
2680
1840
2000
2634
1937
378
150
2321
1290
598
214
2291
1014
1712
2274
724
2803
1768
2174
2550
526
1702
2622
2295
1216
2834
114
2244
528
1666
1995
192
1804
2217
44
2464
2689
256
2430
534
1402
1990
6
2146
914
2378
2203
2504
496
2275
1062
2214
2154
2460
2352
114
226
2475
830
226
2277
890
1914
2393
2266
2817
2600
2568
2178
1310
2197
78
236
1474
518
394
1804
920
2339
542
812
1188
684
880
1330
2
2392
404
120
622
682
376
1404
2334
708
1178
154
2628
186
248
2384
1986
564
440
958
972
28
334
2433
1812
1849
1432
296
2186
774
98
2069
2608
122
2322
190
1046
120
2386
218
1608
242
950
1006
14
2094
546
1766
2597
1430
1868
194
1162
1996
1142
1656
1256
3056
1166
1432
730
312
680
2573
232
538
2492
1718
82
2331
236
2032
1917
2083
1834
470
2280
2465
2514
2347
238
1402
434
2461
850
1844
1132
164
2458
808
1178
188
1746
2228
2820
902
2692
1845
1532
1284
2474
72
2136
2485
948
2280
1388
1114
1917
194
1062
2793
1058
2064
2351
280
368
2502
2184
2100
1162
608
2076
1328
276
2076
350
1248
2283
516
18
1506
100
2196
102
2485
1580
1052
2085
624
1200
290
84
1480
188
2107
56
2352
1064
2041
1554
514
854
2608
1290
2285
1298
106
288
962
1794
2419
2180
1476
426
1678
2041
1976
1982
1164
2091
2268
594
860
346
650
2597
2416
2572
2317
82
1304
1024
2055
698
534
2855
294
2042
780
188
38
812
1326
2092
1382
328
2593
1850
360
1298
2431
986
1534
112
560
1825
1976
2459
2310
2206
344
98
1106
4
364
2425
1540
248
2252
2314
1572
494
628
1350
960
574
910
2219
1963
930
2186
16
836
2385
2
1948
274
2668
1054
1456
548
1978
1338
48
292
1146
2914
700
824
982
976
726
352
2250
2125
1176
2234
1420
1904
432
2600
458
1644
2415
2394
1096
20
2611
2444
2120
1996
2476
1374
2504
120
1082
992
1947
2022
850
1158
492
1288
80
2034
1242
644
16
2110
440
1618
1540
1828
1822
52
1702
476
2251
876
536
2588
2578
724
122
314
2156
2597
1078
2352
622
1196
468
2005
1862
1340
2094
1787
1818
2393
1048
172
850
1786
2001
2271
1566
940
426
2297
492
326
2235
476
2120
942
496
2637
1466
1735
810
1700
522
1790
854
516
1971
1316
2554
1929
820
962
718
2371
1638
1074
1094
912
484
2150
2524
564
2347
2168
2070
2296
108
384
94
1996
1140
574
2263
284
1212
2088
2168
2375
366
384
2120
1228
2598
2124
1248
182
2552
1592
154
1080
2563
2419
142
1554
336
1354
786
2471
234
2166
2686
2345
296
2600
1961
1882
510
518
2356
292
2447
2432
2512
610
2583
2532
950
2204
2393
2614
1366
2048
174
2202
414
1152
2141
2442
2257
1978
460
316
4
2504
58
1654
56
2281
1276
2350
1142
2584
586
2306
504
62
1438
2518
1811
2241
416
2039
596
1312
274
1496
2267
290
184
1214
872
2071
642
2221
266
1182
556
1767
2643
2480
622
2432
2143
1054
38
2454
2812
1606
1870
1780
472
2941
1642
340
406
2473
1328
2237
2554
2333
1414
64
494
2036
6
2143
902
1946
2390
132
88
2236
40
2352
2195
2327
780
532
1190
2605
1386
162
128
364
1712
1782
1260
1190
192
802
78
2074
36
1728
2036
2604
2527
220
2114
2469
1092
1458
2451
2209
98
968
282
2396
1084
2416
848
1390
376
930
1954
2396
1390
1168
528
2277
2147
376
1862
456
1790
2172
2132
12
672
196
1853
760
1960
372
276
2604
794
2391
612
1618
718
344
420
2054
1800
1822
1876
1728
2428
1426
1356
1130
2060
2452
2026
1556
2043
540
2283
2124
86
2424
114
106
92
958
1006
1985
1120
942
1170
1524
910
1688
2137
2332
2294
1828
622
2340
334
1086
1482
1728
2291
1981
234
828
2270
1082
1696
1909
804
2507
2124
428
1166
1508
2072
2165
1822
2647
230
930
1440
1990
182
1512
1078
2428
1518
456
2045
404
2026
176
344
2117
1032
898
826
2092
582
1122
730
2409
1538
1374
2219
346
2076
1706
684
1632
2232
274
722
1664
2323
116
1060
276
2070
806
1126
1430
2640
2082
2178
2113
848
678
510
278
1734
2358
254
1000
484
656
1498
1016
1118
1006
286
2240
1574
190
940
1282
1466
58
2018
394
438
224
874
528
1014
2175
796
638
2506
1458
2604
2039
1608
2471
2127
1860
1470
1436
192
1428
66
386
2202
2006
504
1602
1032
1985
2219
2326
1108
2812
2687
74
1254
2167
244
2222
524
430
2509
2144
932
546
2143
592
830
188
2677
1310
154
2343
1608
2100
2260
2321
2182
948
588
496
2141
2098
1082
240
1464
1838
1744
2219
1730
1998
1392
1428
1748
2444
2184
28
1600
2120
846
2617
2752
1742
1782
550
2264
1430
74
1783
1072
162
206
1328
1900
428
2332
2233
876
2170
2563
2883
670
2338
902
222
416
160
2508
1758
1786
158
2312
2162
1550
1064
18
2681
580
1808
680
318
1724
1842
30
2182
2502
2466
860
2170
1726
334
2282
2444
1360
744
584
1236
2332
604
2468
2583
1610
2728
512
2434
2101
834
16
1182
1991
2093
2241
900
738
1494
1440
444
1220
2524
2228
1866
876
1796
1974
2021
2439
2216
2417
1296
404
2651
2068
968
2350
2074
306
256
1620
1183
500
1927
542
718
850
1518
956
1236
2086
1554
2192
1620
1546
624
922
2435
1450
1860
1706
1310
1664
464
1354
1062
358
2062
1486
214
844
2076
818
474
2427
2667
44
2444
1676
2680
706
2009
2009
590
988
2479
2420
806
172
526
2000
700
1696
508
2580
1952
2157
1608
962
2395
2334
644
494
2535
2102
442
2207
388
334
2326
236
410
140
2373
1300
1064
1972
1440
146
2607
90
1488
100
2402
2086
2254
2276
98
1958
394
774
2007
1134
1054
774
2074
2361
1234
398
172
1564
2428
556
2241
92
278
456
2564
1006
944
58
1356
1636
2032
1966
2581
458
2599
52
864
988
1306
2329
120
2010
2251
1234
2468
218
2315
58
2609
2090
634
312
2456
2547
2252
206
930
760
1560
2286
1954
892
1090
802
2811
4
2261
720
1668
30
564
2354
624
1560
2161
30
464
2050
1534
2655
1022
1966
2196
2210
1274
842
402
2781
2475
1872
522
1324
86
2447
402
1780
572
2451
926
1130
2123
2030
164
2301
2083
872
612
116
96
2631
1030
1486
2330
1206
2172
2513
2574
260
1846
2454
928
2541
400
2050
800
1808
2628
290
1096
1110
952
2364
3237
748
870
2427
2058
250
210
2137
2664
1632
792
1068
1742
472
1772
132
544
2127
866
1696
2391
1098
1574
378
2387
2248
854
788
340
2054
410
2423
1234
1759
220
2779
2296
606
1864
806
2167
764
132
1950
366
938
2607
1956
2049
536
1416
1988
2500
1560
1040
2313
2271
810
258
1040
1536
904
962
540
1632
792
876
1991
254
2499
810
1798
1752
1901
14
1930
2138
2240
2375
2284
400
218
114
2296
548
2013
1058
900
6
2487
1941
1998
1334
12
2161
2206
1854
2723
1904
244
2574
38
2609
104
24
2449
914
50
1962
160
586
1408
2507
508
504
2356
2155
398
2723
2428
480
2376
738
164
2064
2266
2304
770
1702
2568
552
382
1590
2089
90
2729
2172
396
2494
1976
180
234
1010
320
748
2087
1294
1506
1278
1941
1860
2611
170
2509
938
1624
2293
2531
876
588
1118
528
2004
50
2771
380
72
254
2183
2367
696
306
2588
2396
408
336
2622
770
118
2652
1170
2256
308
2467
2452
1290
1134
2556
522
212
1252
198
518
2440
654
2157
1176
2380
1884
1358
1949
350
50
360
2115
2278
256
2648
1997
486
1256
1064
2146
258
528
554
2432
2004
260
2182
1887
2696
524
234
178
1752
1758
1050
2109
938
2008
1760
1588
2367
1064
1742
2340
2182
576
374
552
832
1296
2005
2153
1980
1402
900
174
1746
780
198
2476
2299
434
2342
544
464
2056
50
2196
506
2102
498
246
2427
2379
316
2114
136
1154
1836
370
1292
82
2152
2337
2084
556
1888
132
2631
894
1126
268
800
1878
198
1144
1190
2241
64
1402
2172
714
946
296
1632
1270
2040
752
406
1900
2014
1960
2237
682
2176
1962
2024
2414
1720
1464
2127
2400
2188
388
1460
2371
634
2208
2172
1294
1010
1632
92
518
470
2466
1518
508
1550
2604
1038
1514
76
2786
684
1610
2604
578
1160
1186
1420
198
182
1350
2212
1870
2461
88
1832
1080
402
110
2193
278
1952
2601
120
2337
862
880
536
2659
1092
510
2222
2179
2514
2668
132
1134
126
714
196
2486
2165
110
436
36
1950
2324
196
2207
518
112
756
3072
426
2407
2084
742
840
220
402
1064
1098
2060
1148
524
2588
756
1851
704
2721
1962
862
2078
754
2341
2370
1020
1798
2250
910
884
1600
136
2404
2154
194
1338
1760
446
54
2316
2567
2743
774
16
2662
1856
534
498
1288
1922
2412
1952
712
138
1306
844
1034
504
1829
2405
92
254
1998
90
70
1192
16
408
2454
1202
934
226
2231
218
2212
1426
1704
408
1216
2509
244
1238
2102
614
64
754
2584
1234
2483
646
280
128
1470
2211
1959
2187
1252
1662
722
1672
2078
370
978
782
1708
1232
708
2642
18
2364
2561
382
2474
2454
450
1144
388
504
2637
2110
100
628
1378
1758
1344
214
382
548
384
2246
2000
2123
2131
2540
2262
2220
2622
44
224
1288
636
804
2248
678
2185
2327
1714
1518
1200
94
1968
2580
1942
742
2264
2082
2345
1644
458
1991
824
1808
112
1488
2070
224
1920
1080
2089
676
1030
2369
1576
256
102
248
290
2086
240
24
1868
2297
206
874
720
1540
330
32
2226
2259
2357
1308
1742
1324
1246
