2150
2600
152
2264
180
2245
236
2681
1290
1754
2720
1554
1426
624
2172
1124
34
2642
2287
378
2637
956
344
1990
1612
102
2312
262
2307
520
758
1464
2167
1394
2018
1290
2210
1964
2848
158
1488
1736
1975
2420
566
1268
1794
2131
2510
2164
624
898
2330
658
2579
2291
2088
2036
2302
318
2149
2216
2172
100
1118
620
202
950
2417
1860
174
972
1284
248
914
2278
1534
874
2747
808
1158
2207
1374
2522
2317
2228
1778
1130
2448
284
2543
1124
2544
2363
2109
838
404
524
2100
138
2089
2410
562
2489
2138
1366
770
270
2323
1438
2505
1788
1020
1056
968
2142
2277
688
912
2264
2539
1731
806
892
564
1224
44
816
378
2312
14
182
894
1310
1348
438
2088
688
354
614
2432
802
32
536
1516
470
1282
2220
1650
1486
48
30
1758
1926
492
1206
390
2459
408
1851
1478
2304
2302
2499
736
50
176
132
2074
1864
2026
22
2534
572
2453
2143
2562
2094
1160
2305
630
2500
1424
2294
412
2642
2306
2372
2385
384
2509
1256
1903
1502
2631
1416
172
1346
2662
1548
188
2127
1622
2446
1100
182
912
2595
1654
2290
1869
174
1943
2393
2327
914
532
2059
2666
1800
42
296
796
904
1924
1616
2172
94
866
2320
1648
356
2333
660
742
2014
1863
2101
962
242
2104
2773
402
2052
2505
2710
192
1138
84
370
114
2130
1764
2375
278
22
1158
2424
2780
2092
648
2409
1048
326
720
542
116
2212
1452
2230
960
250
248
152
2465
114
358
1926
488
2066
2613
1522
152
12
2763
78
642
682
746
2437
2158
1024
1046
2256
1664
1116
516
482
88
2341
1468
1926
1212
2616
978
1734
1578
1352
188
70
2312
302
376
974
2608
336
1388
316
2656
1774
2344
640
46
1370
1328
198
462
392
2547
932
1318
2116
1144
394
1608
2714
2161
2473
2392
2250
2817
688
630
1430
1152
2157
2093
1100
2247
2423
1580
2232
1136
2294
1852
602
2539
2064
1018
2274
904
2579
600
640
2052
634
278
2224
988
2012
316
784
356
856
228
402
246
2523
672
1742
320
124
2143
2071
738
14
94
394
698
2237
2415
2080
1818
2335
1056
2370
446
762
2245
1318
2186
2011
2527
2046
98
1823
2002
70
2453
834
832
410
1950
2669
900
114
2189
2134
74
2274
2390
336
2503
1564
2495
1950
2176
2665
2124
2604
618
530
730
1820
2178
854
540
206
860
1062
132
1370
274
846
2446
2393
500
460
1892
384
540
1284
2077
2076
1998
130
2346
1710
352
2852
2305
2311
1960
1378
1074
2492
482
2491
1158
1102
550
2610
812
4
1160
1998
2158
572
890
2312
2588
160
190
2135
552
760
2327
2537
1310
914
520
2333
1950
2222
806
1978
2277
2469
2147
224
1900
648
78
810
260
1380
1450
1124
1984
2365
448
606
2080
28
2576
214
324
1943
782
1440
1464
1358
1582
1724
186
2372
166
364
560
300
1482
2594
52
1708
2614
1774
186
1860
2104
112
1806
298
1866
1468
2682
246
412
2508
2356
2028
1410
762
826
1414
2784
194
430
1464
838
1148
1550
1580
2135
992
2400
2012
178
2537
90
140
580
2582
652
424
1280
2282
980
228
224
1496
492
80
2711
2329
2233
834
932
2104
2000
432
40
2276
1076
288
2377
106
2304
1786
1494
488
2169
2324
1044
1148
2313
2805
2415
1252
546
52
420
2326
2095
986
110
882
286
1150
752
2359
1804
390
1834
2336
358
2342
2448
1326
418
1955
168
80
126
2389
264
24
2044
1610
2256
1618
1610
808
740
1791
1260
1112
1344
1350
1964
380
2811
1765
1766
286
914
74
1998
1136
1318
1896
1812
2462
2662
1040
254
2271
2235
844
338
2327
2560
2188
1348
1488
860
46
2154
1376
2254
1218
2551
12
796
2222
2402
2166
1848
54
2558
176
2048
2784
1766
1812
20
28
2160
1688
1556
302
76
356
1090
2500
1911
882
1140
1566
68
268
2496
248
1296
214
812
2150
2152
2094
2285
1140
1852
2190
2811
370
394
2524
2601
1702
1198
2522
178
560
502
202
1624
842
160
2204
778
718
258
2124
430
2307
1112
388
1320
2546
1904
2646
1646
310
2186
2042
1430
800
8
1860
2434
320
1736
1094
582
2511
2336
974
416
402
828
1879
246
1911
444
92
2374
2494
940
1788
2347
1464
764
412
2230
574
2340
2445
2353
2240
630
124
2207
8
606
320
122
1294
68
150
96
856
1224
846
2320
766
2169
1752
16
160
2281
2341
1802
268
384
228
2221
914
1894
148
2401
2184
110
2377
1118
2209
1950
1522
2220
2300
946
506
1232
2499
898
570
526
1486
2238
2291
1816
2338
2293
1790
8
1622
62
126
728
540
568
988
242
974
2370
2372
800
1146
2327
490
526
118
792
238
260
2082
504
2166
752
1800
1738
2090
1896
1282
744
1568
696
2122
2174
1924
2257
374
1472
1648
1012
2052
2472
2567
114
1266
1510
1380
386
704
2126
2466
1492
1050
608
1346
1934
2419
40
560
1876
178
2415
2022
1766
1040
1108
1972
472
2053
212
126
1920
332
300
864
1590
1728
726
174
2199
834
1996
2596
2355
2530
1434
578
762
2430
2240
2314
2174
42
1116
1652
636
706
258
1394
786
888
2583
8
2276
2173
2474
326
560
2539
678
678
1830
2296
430
1362
2023
88
976
512
1770
1957
1178
2129
2312
2096
754
2260
1286
1724
2534
348
224
126
48
334
2643
354
1134
446
1310
2199
1068
2328
2204
1380
174
2272
1700
360
818
8
426
2521
178
2027
2119
2006
1226
718
1612
1952
2327
2161
2190
2555
2514
2190
272
646
66
1210
2672
2224
304
434
1232
418
614
2325
1576
354
2094
192
2487
2254
796
1362
636
300
2575
156
2370
1966
518
1640
1966
2443
1220
2248
2372
412
2247
2128
2342
2306
138
84
2647
744
942
1828
2016
2692
2184
624
2070
2247
174
2281
438
2351
1926
2184
2613
1806
2262
1707
2414
2301
388
450
2243
462
2355
2443
1314
624
2545
988
2016
2902
2056
1664
900
1432
2857
252
1106
2194
1374
2621
388
1680
278
578
204
732
2684
640
250
1136
2050
2385
1986
1108
1366
30
68
2326
1950
128
2733
960
2218
1184
2111
1414
1066
2573
46
2416
2196
1098
904
2227
2386
76
2278
2538
2723
18
444
1604
2484
2006
586
598
2495
2364
2441
88
2062
1400
2726
676
1478
928
1008
1026
654
152
468
634
1954
2311
1094
2621
2702
360
2239
1076
1602
2157
1632
2482
444
570
2798
2173
498
1750
390
330
1482
2233
430
2390
932
424
1702
906
516
126
1336
2625
1962
676
2438
50
380
2239
1788
2344
352
2282
672
2222
412
2012
322
988
608
450
2528
1226
358
2609
618
1572
2260
478
1560
1164
1150
2158
1438
1316
1286
558
2394
1934
700
2570
1412
2417
1150
1312
1982
86
2155
2205
142
2114
16
498
1068
420
2754
1382
688
2057
2502
1618
2103
2236
1528
1893
100
1830
1816
2331
490
1424
728
2506
2242
1942
2316
990
916
120
2707
2671
248
1994
1432
2014
2245
60
456
188
38
1158
230
2547
2526
2049
2250
1920
2154
394
618
2321
2494
1582
1576
780
2057
406
1660
2256
522
1076
2708
972
1234
2216
1924
2132
1742
660
1814
2357
356
776
532
2085
2185
2180
2296
2473
1124
2416
542
1068
2096
458
1722
1420
150
2432
1498
44
734
686
566
1698
982
2408
420
1294
234
282
2260
488
1634
796
368
1312
2125
2050
2524
1012
1110
384
164
960
1112
2228
2500
2104
2384
1975
1808
1042
850
1714
134
2070
796
2202
356
306
2307
2292
364
1898
2148
338
2598
434
976
2296
1497
2544
2187
458
402
640
1960
2314
2023
1622
2020
1602
582
2361
1650
92
2593
950
1766
1848
2428
714
270
1514
264
1108
1468
1334
2255
1062
794
1110
570
2334
1965
1903
1632
996
2487
2046
756
1592
2252
2175
2597
2329
678
1454
1933
1308
1280
496
822
408
1908
586
2155
390
884
296
1902
2373
998
1880
1480
2516
362
1006
2282
342
1508
1272
2422
1852
2428
574
420
982
784
1715
1608
2636
654
2309
1752
220
764
254
1780
1338
2214
438
948
368
1036
366
2411
2143
1430
1062
1994
146
2611
340
1776
2182
1102
2680
1376
2315
1706
332
2435
2392
2424
432
2514
2236
1764
564
654
42
2204
2677
1224
2149
2030
2391
1094
1632
1206
1294
2587
2280
2545
304
2237
2602
2216
50
216
36
1094
862
120
1128
976
2374
754
2288
2219
1214
1098
86
564
1960
280
124
480
1892
1656
132
44
34
1468
2505
180
1160
1180
1434
2373
1352
2506
2072
2141
1878
522
2389
1178
2300
1066
1917
116
890
2322
1694
1258
1024
500
2302
2284
356
2269
2742
2341
418
678
224
978
2363
390
2287
1988
1534
1476
76
414
122
1512
434
2510
450
1334
178
2521
2323
2493
1232
370
1920
2541
2412
2256
1841
192
12
2492
814
2513
2226
2503
2591
1518
2157
154
2187
622
596
126
1956
552
1680
98
1996
642
544
2124
2120
852
716
88
2286
2198
2159
668
378
2318
384
1034
1972
1244
1216
1910
2518
452
1156
1943
2397
518
62
852
1680
2110
2585
142
1342
992
2363
1768
442
2217
272
1933
2321
508
1290
554
336
1988
26
2540
2464
208
2187
2339
2488
2341
1186
2453
796
1046
2383
2118
1140
2192
2764
1034
344
2676
778
2023
1272
2712
2249
2563
116
2024
108
634
1400
1110
532
2104
1088
1586
1632
590
1526
2118
1096
342
2376
464
2165
272
1368
1074
2556
2312
1088
418
2231
2545
756
136
466
1098
1350
2506
2705
672
532
202
2190
224
2451
886
550
2223
84
2465
2348
2161
2460
2007
110
1080
2158
332
1210
582
1068
2134
314
908
924
312
68
996
140
1992
2581
566
2465
1296
2126
1462
2100
1408
2495
318
452
2216
520
634
28
2722
2407
2544
1866
2590
1710
418
476
1814
2529
2180
1466
554
566
1742
412
2060
872
758
2028
2344
1200
1924
606
1642
1054
2497
2469
426
1044
408
1358
1810
2415
688
518
2244
2053
424
2475
1068
4
106
246
2038
348
2475
2254
1976
1288
906
2303
2518
2642
2397
2493
2249
438
54
1160
2348
2044
270
2302
836
2120
1240
18
2164
168
2501
1844
1997
2212
1258
2219
2749
1106
1494
1576
1922
414
2624
2732
1466
276
1732
1540
1776
2560
2166
534
2301
2382
656
1078
2262
462
806
2013
14
20
176
1228
936
10
2642
946
1468
2242
128
28
220
1490
2722
2399
140
2377
1739
2291
2676
2374
2181
916
1758
1979
1136
306
2389
2582
62
1042
1166
204
2019
226
1790
810
38
1550
1826
926
1436
2062
1396
1976
2539
406
168
1038
1052
500
972
210
2087
978
1290
2487
1692
814
304
446
4125
1942
714
436
194
968
656
2190
2004
2265
624
20
1054
640
1650
916
2405
2378
1370
612
1432
1596
1566
1284
1010
980
1254
2458
2468
404
2122
706
2162
2774
2819
1154
692
924
166
2237
2439
2193
286
1668
930
2272
1360
226
700
2452
398
1640
734
2579
2134
2450
1948
330
46
1596
1819
66
2360
2238
2412
172
430
344
1848
1518
1656
676
2309
1922
234
1466
2717
1512
1712
1726
1925
1270
2381
2446
1632
314
1036
1946
988
856
1674
1336
1984
1080
2488
2058
2166
184
2526
264
1562
1442
2480
2427
90
1070
856
558
410
562
2380
1190
846
488
1945
960
816
378
1234
1846
1554
1962
2598
1254
2458
348
2527
504
2152
874
2172
1282
1588
470
2365
1964
288
2413
160
120
2510
2550
2244
14
1242
2337
2344
2234
2178
30
2195
1320
1226
2518
572
332
366
2472
668
1530
2513
1450
1008
1802
2291
2343
316
2183
76
2080
4
2290
1716
210
430
1240
1134
822
2265
2074
486
162
2142
2046
318
1334
1070
2314
2043
1826
1134
1810
1662
1570
2223
780
1154
2483
1110
2078
2035
1328
1078
1894
496
224
1132
1998
2170
364
1020
2520
2035
2253
2144
1898
936
2490
2026
54
1828
196
2070
1288
54
982
2026
1592
2232
1830
88
2464
2134
1318
2215
516
2376
2090
2474
2008
1828
2275
2344
558
2269
758
502
1818
2617
2599
642
558
448
882
232
420
272
70
2516
2852
1288
2740
2651
2850
2728
2806
306
1548
2106
1382
2157
554
648
270
2287
2300
1610
812
1820
1554
400
2303
632
1094
1030
1804
2439
1706
2554
1963
664
1392
1272
576
320
2258
736
352
2308
1416
2211
214
2246
442
2239
274
1314
18
2225
2196
716
2515
168
2190
2395
1406
2142
394
944
1931
2206
942
2387
2572
962
662
2108
338
1770
1472
1788
628
2288
246
2173
132
2154
2713
1750
2347
2022
1802
2123
2361
220
1466
152
2088
2535
104
346
580
1274
2602
696
1640
638
1988
668
2102
2568
712
854
210
2278
52
2306
2210
1610
490
2290
1750
342
2483
248
880
1514
2035
2720
568
2232
1568
2237
638
2566
2259
2111
2226
660
2287
362
2220
546
552
424
2052
120
70
2297
1186
2282
320
1843
2460
2063
1198
392
2527
48
330
2334
1048
470
1376
1860
1184
30
2202
2265
170
954
2564
568
766
408
2319
366
2330
140
1973
782
62
2064
2041
438
494
1954
640
1742
426
256
2265
234
2089
252
416
1150
2316
2791
2419
1152
1913
848
2387
2180
1592
2236
2104
938
1910
2326
1320
1696
2394
828
1306
2169
954
1320
2413
2250
2109
22
2186
2496
2457
234
152
2289
2129
894
2241
1993
2251
642
2217
580
2552
400
694
534
2512
1036
2040
2573
2037
1508
1124
1048
1664
2374
1762
1956
2644
2298
1212
2192
1849
2082
2429
2428
92
2416
864
642
532
2007
2134
1696
1948
988
2162
1968
1600
1760
2753
116
364
502
874
1926
320
2648
96
366
482
1542
682
110
710
2515
1158
850
1150
2098
1806
2032
582
2485
1366
2306
414
1282
2458
2470
524
124
2516
562
198
2342
390
2219
62
1236
1686
910
368
2050
1676
544
2645
2360
1985
2169
1642
926
1969
776
1316
1382
1326
212
432
218
422
460
1482
1630
2648
466
132
624
2326
2623
188
654
2216
1102
506
336
2663
540
902
2084
1696
2389
2378
2048
1034
1298
2249
2683
1096
600
806
2271
594
204
2152
2360
1989
1100
2349
332
1913
1318
572
324
2167
2250
1634
1513
138
2308
2155
2568
470
1724
316
1714
916
1222
2208
2202
232
222
396
2448
664
262
68
184
2356
358
2318
2512
2231
2562
390
212
2207
1216
70
496
2274
180
208
1366
2241
126
192
304
1562
1743
898
2104
2426
546
2192
2339
4
282
202
898
380
2245
1234
496
1782
392
526
1188
370
1550
1570
230
1618
214
804
172
620
684
666
894
1952
78
2642
1917
1634
40
534
2212
1210
2533
1372
2166
2288
1906
910
2356
38
2553
632
2340
2397
1290
1140
2063
1336
2073
126
138
442
2394
1756
2523
80
2442
1234
1098
1400
334
1178
976
2290
1460
220
468
2476
918
2606
2231
654
658
2214
1476
2288
1052
86
842
1632
1196
1904
1044
1054
2074
600
1272
2200
404
202
616
1438
34
128
2303
592
2520
316
2458
172
2283
2212
666
222
892
940
1926
790
180
356
2435
2570
764
970
12
2636
394
288
2117
2492
340
2865
622
2198
1148
36
170
2486
2028
1246
1368
892
736
2291
1740
44
1918
2695
1044
624
2187
2078
516
692
410
2066
58
2404
1929
1300
1752
2789
2578
2669
852
2070
392
20
2560
1184
1676
1398
382
20
2384
2360
2310
2529
1276
2589
942
2664
2312
344
1072
368
306
380
576
118
720
334
1216
1328
2404
1865
1226
274
970
2193
168
2593
34
2638
2120
1056
1660
572
146
54
744
2037
612
312
2079
2029
1642
1804
1971
804
2296
1860
1795
2425
896
1464
1696
2130
722
318
230
758
710
2400
824
2308
1418
398
964
1510
2222
2044
364
220
2569
556
534
472
2306
2231
2311
2399
1988
2831
110
1622
1014
1552
1830
2504
2234
466
1888
96
950
1970
356
762
2321
2126
2607
1988
2171
2066
2090
500
1602
2033
1650
800
850
378
274
958
1000
654
498
112
322
224
2262
1186
98
2152
2415
1062
2052
298
1936
2311
324
1282
966
1406
770
652
336
1801
1166
1859
2404
2310
282
1292
460
2091
240
2094
2089
2729
2349
2683
1546
2082
2058
398
460
902
50
2698
2602
2126
442
2806
2842
1944
950
2307
1360
1512
2360
1232
2081
2354
2294
2011
466
242
350
300
974
534
168
1608
778
2140
2061
2225
1010
354
2235
2100
2438
594
2709
550
156
796
124
6
2328
522
3051
380
440
894
1106
1262
1642
1176
934
2222
1272
1954
1352
838
254
1856
328
220
132
2182
140
2528
1886
2250
2116
1078
984
548
58
2338
256
1772
1238
2467
1586
2247
74
170
1082
62
962
2494
1226
2351
348
2505
1180
2161
2121
2330
2023
968
1134
2465
340
190
2461
1920
40
452
2478
170
1288
2131
860
1752
24
1590
628
2471
972
170
160
1969
334
16
1054
2363
834
2018
1060
2505
728
700
348
192
2000
202
874
1994
362
2403
2603
934
688
2159
54
2323
2020
2644
2470
1466
18
544
814
1250
2411
466
6
362
1982
1284
620
1008
2486
1783
2395
2519
122
184
2686
696
1530
76
1692
1928
74
1118
2015
2238
856
2190
576
2264
702
1812
1084
628
1012
2320
2334
1937
440
252
202
988
2379
1376
1088
1886
754
234
980
1936
2544
2180
1142
2032
2357
488
314
120
130
2488
2274
2384
986
602
2513
948
428
1306
2265
2349
358
1518
2065
1358
2442
248
760
1888
2446
2109
2479
1206
1128
1798
2607
2530
620
2569
2552
2516
2341
404
458
2425
120
1864
1108
700
1268
538
2191
2025
1842
1130
1986
798
1338
2595
2473
600
2384
1092
2501
258
238
2112
360
152
1786
2193
2516
120
2257
440
120
1470
2076
2017
1669
682
1758
1068
1807
40
700
2423
2568
1064
2238
1016
2269
2331
2370
476
2056
2149
894
1870
2312
972
2280
2389
2288
2236
2607
1466
2119
732
1222
1672
2224
2208
2332
1064
1002
2492
1952
2632
770
2009
2219
1520
2536
1400
118
1126
762
1522
2337
1885
1312
2093
2539
2372
1406
1608
1708
1960
1040
588
700
1272
2117
2430
530
2227
118
838
196
280
1312
56
1842
1278
2273
2423
2056
2352
202
470
364
1656
2116
764
1004
2375
1800
2260
1322
2410
704
1000
2453
2395
2203
672
1888
502
508
230
1074
246
1766
1551
1536
1094
2093
514
1170
934
576
2046
938
2319
286
2857
828
548
1236
976
2334
970
162
934
666
1428
478
1400
1130
758
2546
1999
2060
656
2333
1272
2117
890
2367
214
2359
2315
2086
1206
2274
2110
2311
714
444
442
2197
2256
822
2206
2124
2538
552
1100
610
886
1208
2649
1050
564
266
1767
2148
2117
1976
2448
130
1356
310
2425
1978
1874
2268
1442
2462
1158
1421
2311
636
2059
874
2154
424
2453
1460
102
2214
76
430
1170
484
78
1404
1902
2352
432
2274
1582
2232
2413
834
2781
384
2231
1560
710
2387
432
2547
1825
2090
122
526
28
2273
2566
1128
174
240
1356
1857
150
1028
1492
1458
1972
882
2490
2488
1878
1098
2306
2570
478
132
1490
2085
604
78
1356
2435
398
1226
2377
188
2117
2462
536
2369
2207
2338
1120
2315
356
220
2060
328
290
2213
2545
2048
1130
2249
2088
1294
2180
842
1126
94
2458
1482
2393
306
1824
2464
2132
762
2400
2231
2382
2287
1074
2497
2103
1436
504
2611
710
656
2491
370
80
2472
2198
1934
2526
122
186
2226
298
958
2583
1336
2878
74
2056
2173
1036
864
468
2305
1026
2216
2175
2535
1286
1358
678
916
2238
2424
50
120
662
108
2160
1590
76
222
1254
1042
142
2657
722
234
1794
2359
1918
2149
634
212
206
176
2231
1794
230
2435
520
184
1687
1564
2147
2295
2439
2524
312
2201
940
1344
544
872
2392
670
1322
1696
2473
282
1850
1660
1144
2733
1512
180
692
2198
1656
370
238
820
1830
362
130
82
648
1046
1930
1978
156
2257
830
254
458
346
2386
2593
1520
2188
1220
1502
2021
1810
286
1636
204
1660
196
640
378
2109
2174
2409
1332
584
648
1834
1886
2004
2394
1458
2329
1737
134
2564
1122
496
1585
518
922
2190
198
1846
1610
242
1226
982
854
100
2041
1254
212
1792
2569
2152
56
76
1977
232
2361
1550
1038
342
2625
306
900
1870
440
520
1748
2132
2200
1146
654
4
2247
1064
186
464
1936
1338
2123
1976
1993
388
2225
2072
88
438
196
1396
220
2521
1470
916
1120
2567
24
52
320
734
2323
146
652
2327
2634
732
2325
32
2584
1328
2385
2433
2628
356
1002
1738
784
268
2306
2718
392
2487
2225
1574
460
622
2834
1398
1534
2052
2055
1750
1518
2324
2190
1598
1310
1094
704
2229
76
262
2656
610
952
2310
2302
182
1953
1036
1268
2300
2328
140
1084
264
510
768
1364
2242
2186
1596
2576
1322
1798
2077
66
880
1942
736
1168
2375
2352
536
2154
626
1612
1642
1356
406
808
2400
2511
18
62
2347
2129
1330
232
430
1686
1446
354
2318
1770
2476
1780
800
2296
2372
1212
598
2242
2148
38
1730
2257
2319
220
2386
294
192
2286
716
2336
2555
2385
2641
2498
648
1882
528
1310
850
2385
1980
1824
938
328
1852
2598
2368
2388
2669
2500
458
1118
996
542
586
754
1980
2131
1572
2217
1854
1972
186
2529
1690
48
1850
2125
2534
1166
654
2228
1638
540
2096
254
466
690
928
440
2285
662
516
656
2618
2236
2175
246
1534
384
90
252
2275
244
1442
1110
306
2538
896
10
522
34
2123
558
1026
1630
1674
2040
1124
756
2059
930
2521
368
2414
676
2462
1604
2438
50
2200
626
2358
2273
2080
408
430
1935
1644
2185
42
1910
2324
330
992
1736
2186
1558
700
2356
948
2339
264
2421
1870
1186
1442
718
200
2256
962
322
264
1296
2657
598
1925
2603
1961
294
56
2536
2446
458
1194
780
1572
958
2425
90
2740
360
780
160
536
560
526
1340
2520
2308
1138
1006
1816
2428
2618
2780
1114
2168
2235
878
2190
940
1604
2228
1344
1987
1911
602
1592
2044
718
86
182
2149
2513
1580
266
2061
228
96
1296
182
1980
2587
710
1268
2308
2253
2380
2536
1980
1312
696
1462
350
2306
2174
2310
2492
2406
2116
2666
2084
618
2695
504
240
2215
518
58
684
2200
2260
268
452
1818
696
2612
1868
2323
2154
1638
2444
2238
1448
1686
2744
2186
450
194
2386
2705
854
408
498
2336
2450
628
1859
2261
8
1852
2290
150
1538
1024
2547
348
1322
1096
214
2154
1889
282
1990
2605
768
280
2269
148
1192
1616
1748
1458
2245
1282
864
980
424
2807
1588
1184
2272
266
1346
1808
534
994
2253
232
1402
1478
112
2226
2546
556
1700
618
692
116
760
248
1102
2152
2583
904
2636
96
976
2612
2405
772
100
1422
2504
428
1304
1090
104
802
1136
750
2551
1098
1614
2117
2375
1380
412
1973
1234
732
50
134
94
850
506
1224
182
2189
2093
504
298
2557
2699
2671
620
670
2267
1262
120
890
536
2137
2436
414
38
1765
156
816
960
2521
958
2348
396
2747
2711
2481
1364
2495
1591
1376
872
1122
2624
52
260
1176
1274
1514
2295
2227
2248
280
2319
2452
1770
1906
1520
2333
54
2168
336
182
2438
2056
406
1266
420
2328
2265
1166
42
762
576
282
626
2244
740
2576
2292
1190
2254
2474
410
1566
1046
2290
1570
2451
1134
2253
358
2548
382
1734
1084
2519
728
612
764
2370
152
746
2185
1180
1728
930
1768
82
430
2563
440
442
268
2118
136
330
2182
856
2512
1616
580
992
2430
1280
1306
20
1800
2365
160
1598
546
988
290
28
2445
2412
1238
1276
2542
2032
2362
2535
1310
2223
1464
252
1864
2112
1706
2528
2167
606
1714
2202
48
564
300
2372
1776
672
1138
54
62
2432
1604
1082
1386
1804
2
2042
1202
344
336
2044
2710
488
1186
54
1988
2308
136
608
2490
1942
1966
426
2231
1576
1150
428
2101
2614
2265
754
1786
8
2626
624
2436
102
342
420
1706
2254
730
2280
506
400
638
1730
1958
198
564
2491
2597
2082
674
18
2439
28
2150
2039
2050
2502
2044
2016
636
2589
236
808
1010
496
424
2292
1482
1890
234
1264
130
768
748
1821
2404
508
1162
210
32
910
2180
2337
952
718
60
716
366
40
10
2023
778
476
2470
2276
2458
2133
1022
78
2292
514
2564
810
2555
2200
464
116
1006
1316
280
934
1144
1224
98
2375
1098
2551
1788
2419
2491
1650
2315
570
586
1398
10
388
514
220
1408
412
88
1112
2667
2189
2484
1388
516
258
2128
1796
2172
436
1358
814
2190
2418
1442
1108
172
1242
1006
1026
222
454
1406
2302
250
72
1444
2066
1380
256
1404
2233
18
1480
2830
702
714
470
580
1600
790
1698
1587
656
446
228
1392
2245
798
1580
2686
2307
1030
1636
804
1320
92
2431
1860
1490
180
2363
404
1298
2138
2083
202
2430
1462
1360
706
242
2177
1748
2400
2500
1162
504
1938
2508
1520
182
938
1977
2441
2623
72
364
2199
1846
1130
120
2186
1938
2843
2380
2015
1284
2181
2314
1008
436
568
582
1500
426
2275
2286
176
896
178
2065
990
122
1442
2511
2349
552
2123
12
1594
2489
1684
1426
1902
1492
528
1154
2204
1880
170
2316
496
848
2147
418
2014
2481
2261
810
800
426
2016
2442
1206
2285
2584
2521
2342
2380
1755
1910
1916
538
218
1418
256
236
2471
728
2093
2418
212
2540
1018
2308
2515
1789
2198
2208
1504
732
824
1204
316
1306
1392
2534
2834
214
1094
1118
2408
648
2160
1860
550
230
1160
420
734
1360
1364
2304
460
1994
1620
1544
2250
2798
660
2292
2197
270
516
2065
518
934
2184
2088
2202
1880
1354
218
2258
2302
1992
1308
2320
2054
2464
444
2548
2702
2484
158
2141
2079
2447
2373
100
716
600
798
188
888
1948
232
1238
2377
534
280
2579
2652
816
344
2357
1276
1370
1034
2138
2170
224
1921
720
1080
656
2472
1984
476
1078
1332
112
434
944
2008
2322
2141
1825
2542
1266
678
2277
1548
828
2473
2433
2144
1004
1016
702
1276
2385
172
3173
2264
426
2288
2661
1929
1520
1390
450
2028
2307
1746
2510
2169
1706
2505
1988
1904
2150
378
1046
482
444
918
422
2469
172
1772
2438
1190
250
684
2054
706
2282
1114
2023
98
2398
1828
2360
1900
2225
1488
2312
2049
154
2038
480
1900
1550
756
2259
1820
30
1438
1622
2327
2739
1568
2329
2062
238
2324
2138
1002
288
496
82
688
2285
18
1454
1548
1912
592
2431
1520
2253
2354
2360
2302
810
2070
2048
12
368
1270
2411
2188
2070
378
158
2504
374
788
2024
2345
1893
2136
2196
1884
2205
2224
2210
1993
2083
714
1082
2014
2604
2176
2519
848
2545
1170
2249
2000
2295
400
878
284
696
866
162
2759
108
2320
788
2469
48
486
300
1050
2403
1178
1624
2332
1942
1328
152
2474
1774
356
2497
2346
1677
866
274
766
1906
1362
1750
2180
2387
778
2321
2137
682
256
66
1012
2065
152
1330
2176
264
242
516
258
478
852
2717
2799
94
1150
1714
1036
942
678
1542
1156
1300
2426
2122
2493
2422
322
8
2154
696
1294
104
1958
342
2073
2240
2291
1228
380
678
212
2390
1552
462
2095
1620
1314
1970
2393
1800
1988
2097
2393
2183
96
2766
2031
214
1152
1298
942
92
568
3111
700
2421
1634
330
866
72
524
2536
1476
294
2184
2502
1954
600
1084
2602
640
2349
1068
2430
34
2423
1720
2014
290
2288
2617
490
542
210
52
2487
2321
1578
2368
2171
412
2314
2665
2525
2597
2614
1298
32
2174
2102
1616
326
2404
480
320
2626
236
254
1890
1842
2254
1130
1284
2646
1855
1930
1152
1098
1566
48
804
110
1893
334
2173
1068
228
538
2217
48
1962
1014
920
62
2020
14
22
1050
2307
2547
932
1606
2503
2338
2147
892
1846
2247
1802
698
328
534
2406
458
232
2412
1916
2200
2487
842
1180
2395
1358
178
142
2192
852
2530
2227
1968
680
2366
570
906
2318
902
1926
426
896
2687
1424
2373
482
1600
708
1929
1354
1268
2068
700
572
1102
2055
632
462
18
392
246
334
612
220
2528
1734
772
90
74
42
808
304
452
2285
2336
1640
1492
1006
2679
710
2366
2558
2294
2676
2489
2550
42
762
1316
768
1146
2332
376
332
2055
2432
8
888
604
56
498
1334
1899
1154
2377
2090
672
2246
580
326
1726
1592
832
784
1426
296
2268
2320
2145
42
1742
2030
922
308
1176
2142
2580
424
2002
2126
702
108
1660
374
1422
2102
982
928
2282
1972
804
590
834
1936
412
2680
10
2477
1896
2460
2200
2179
1748
2120
1714
644
700
470
598
958
1418
2363
946
2193
688
222
504
1881
1616
934
1260
2354
2413
2681
554
984
2151
720
52
236
1754
1388
1870
550
2486
106
2600
1176
1552
240
1548
452
984
1038
1546
2023
2408
1970
1000
1444
344
2156
440
618
1038
1460
2188
1364
1711
2314
1908
1152
1264
2300
2463
316
148
2220
2811
232
2207
1938
836
702
544
214
2164
136
1350
2301
1062
1116
2076
2257
838
1334
650
1046
1106
2364
2134
592
112
2485
698
1412
2744
2045
470
2398
1118
1970
1040
2151
2726
2605
2476
2205
2557
216
1050
1022
2061
2225
1428
2112
88
2407
160
764
1016
1844
148
146
2066
2679
1928
1096
2380
1878
60
2370
730
144
376
2417
398
212
2356
2332
440
90
156
2323
2033
2081
2035
2190
1108
2357
2479
878
906
1930
2559
804
772
2348
88
2399
1798
1164
1216
1917
2677
2362
2460
168
2144
2308
102
1544
366
2538
348
776
620
2479
142
78
2644
718
954
2465
1440
1830
346
232
2135
362
1646
342
2102
2271
462
816
1822
294
904
2002
980
2271
108
1262
2664
2655
450
730
2459
132
202
374
468
2642
804
1779
906
2208
342
2403
2217
2047
1234
692
208
154
2361
834
122
2188
160
1925
538
1634
142
196
2322
1904
30
2032
2226
552
248
1956
1228
2108
2104
884
444
664
1822
382
2300
1622
2479
2261
1242
2004
2299
1608
1750
1150
2724
2499
1126
2361
974
1650
996
1562
2011
2619
1128
96
656
688
2217
2364
24
784
342
434
1234
2903
2440
292
1122
1450
628
2217
2182
1446
418
230
394
1698
2259
1416
22
2677
2413
1198
152
324
272
2303
2523
2169
2230
2412
330
1422
1754
424
118
964
102
1190
2376
908
238
2228
880
54
1788
1022
1956
836
294
1452
2460
2192
1206
2336
2484
2604
6
2094
508
2652
1004
478
2019
226
2177
56
248
1748
1618
2403
1612
990
1352
578
2022
2301
20
1166
1990
2040
616
2159
2509
2144
172
1472
1180
2178
2215
150
448
1608
816
2194
2221
886
456
116
298
2205
140
1984
44
36
2718
152
1096
336
130
2744
1610
2264
1362
2502
2668
774
2026
2196
418
1444
154
2386
2316
836
1550
164
30
34
1062
1876
1998
2011
2045
1765
1282
2237
530
2393
564
12
1390
400
902
2710
188
3114
1150
246
412
1150
90
2117
2451
590
2093
1356
2788
3110
2404
1056
1898
1350
1310
864
2241
240
2446
2663
614
14
2488
1994
2412
78
2298
2337
756
1394
374
2421
2354
2311
322
2038
2100
2028
934
1830
2000
146
2790
592
62
2478
2114
1412
960
1050
696
3012
2207
432
1594
96
1958
2065
2192
2518
28
768
1128
1760
2603
2500
910
1690
2569
2124
2356
2429
126
1796
1948
1294
2301
2364
78
2401
170
2676
536
1642
430
2385
50
2334
134
2237
238
810
1506
2430
388
38
1030
2324
970
304
720
1612
2150
2175
1654
508
840
2528
6
2213
160
142
1566
1090
1858
2092
1798
1916
2322
2358
740
916
880
2545
1482
2194
1258
226
1704
2639
2605
2589
2069
532
2558
24
622
534
542
598
1770
2416
256
278
1692
1990
952
912
470
102
1814
2442
1330
1522
580
1572
708
106
2358
2205
1835
1837
2234
708
214
360
62
800
428
908
2037
1818
276
2274
2253
2181
2081
2853
742
2098
126
1734
984
1592
2655
1454
2176
1954
2164
948
742
156
1754
856
644
1046
102
2714
1842
2046
184
1714
1920
2492
1112
2207
654
2294
472
1654
686
222
1330
2316
1852
656
1576
42
2632
2192
798
1434
590
2244
1738
690
728
2445
2147
1150
1630
1452
842
2683
1622
1276
2493
570
1072
878
2514
2490
76
2306
154
774
38
360
124
1314
1952
2078
2373
248
1612
764
982
1178
2213
1350
130
1016
932
2485
2371
2545
2363
2767
556
2084
622
2501
942
764
562
1716
552
510
1866
2025
1130
694
202
646
448
516
1050
230
1370
2371
2087
1016
1396
468
2346
486
1306
1322
464
778
1853
2223
116
2030
212
2388
360
336
168
2417
1708
532
686
2363
1074
1564
1282
2201
60
984
1510
1312
272
940
2915
310
906
250
66
1256
2272
76
2486
2080
706
2208
2234
244
1160
490
396
1982
1354
2342
2294
1754
1326
804
56
1450
572
1224
978
2401
1730
2584
2156
780
92
562
342
828
2381
856
1468
1954
1128
504
1824
1870
640
152
1820
534
290
946
1508
748
776
1578
1388
484
568
736
2443
2541
1130
2229
130
740
454
1154
1574
350
218
2434
2324
2280
2120
2483
1314
570
754
208
142
70
972
1658
56
584
1873
2411
2103
912
174
1054
1552
994
1814
156
558
728
2241
2114
1606
1932
1118
2480
2133
1824
880
2188
1588
432
2006
386
2541
960
2192
910
1512
2368
2230
1535
2511
14
2169
858
2721
498
630
1298
1376
270
672
2864
436
2470
2076
390
304
642
650
442
158
2085
334
2313
2192
1486
2309
2295
1366
144
2268
2044
2026
2173
2420
1232
52
1406
604
2476
934
1890
1206
2296
58
1010
1924
596
1846
1342
2643
1286
2293
576
2007
588
1090
492
2024
738
1852
2411
1086
1872
668
2487
2332
2184
1772
1202
1100
2149
1556
1548
344
744
234
2050
1354
1368
354
2433
1972
502
1110
2062
852
330
998
88
688
2093
730
262
1852
968
664
336
906
2331
2556
2833
1814
2654
1036
152
44
2635
2294
1736
58
910
130
2230
70
952
232
1354
1954
1972
392
1438
1686
2102
2236
170
2088
80
14
2523
632
174
66
1940
1937
354
158
548
2502
286
154
2446
2459
1266
898
834
2382
1486
2081
1014
414
2532
1772
412
2010
1030
418
1464
326
2273
482
1172
138
2282
1158
1990
1870
856
2020
820
2153
2086
636
2470
1909
1916
2221
274
1934
886
2192
948
2395
1931
2170
2128
1894
2428
200
1394
298
166
1096
2082
430
1974
1018
474
860
706
2118
38
2034
2525
1938
2103
2654
158
1692
658
1670
2196
2102
1772
2674
2264
2338
2014
1886
882
2156
238
348
1964
2166
1138
1100
2341
1300
484
1032
2336
1282
114
664
2398
344
492
2380
2562
2096
1438
1881
2675
1416
1092
214
70
2393
328
2203
2765
1712
238
2258
96
1930
1900
96
64
2652
2369
832
950
224
40
2393
140
204
1776
2202
2357
1756
124
466
670
1842
2605
344
1178
2286
1921
132
2360
1522
1866
2730
762
1118
2366
1642
324
1142
262
574
840
1332
286
1012
1232
524
634
1048
2357
1915
2523
356
2335
2479
802
1944
150
2335
1240
2368
950
2391
672
594
1626
1686
1232
2143
2260
436
2025
1562
2101
2561
772
1202
104
472
448
2317
1016
308
1346
2319
2176
2288
2379
324
1720
1712
1842
2388
1506
1612
1986
112
1953
2763
2297
376
2340
512
2185
1618
2240
728
2184
98
908
2801
210
2263
1584
1970
558
1997
892
2195
814
1790
324
2554
694
2116
2277
2572
958
1150
2066
2085
1128
2183
2024
1464
1748
2168
1925
690
2304
1924
636
1436
344
2409
1834
1594
1300
736
1974
660
860
232
2166
2151
180
1844
2998
342
1718
2296
2350
1744
2306
2012
1640
2578
376
1512
2405
2192
2221
2484
1292
2609
24
1138
468
566
2098
2588
2443
908
2318
2201
234
2041
2644
194
2638
412
2233
2166
438
74
2337
732
760
622
2362
2180
1320
1984
2292
2402
1804
2213
1755
34
332
2288
190
1136
1362
1610
1893
1270
376
2287
2069
2090
1532
200
272
1400
804
2155
1952
1142
140
1766
26
1772
2454
2184
2804
1870
2709
578
18
2075
18
94
2643
2253
282
1166
444
2536
2653
2270
206
712
636
156
2117
2499
2599
2364
1038
1410
124
2524
1640
108
148
2243
1022
2689
664
146
2284
2620
2206
158
1499
122
492
808
200
630
444
1270
2188
388
152
2020
498
2313
2413
740
410
2140
348
2410
1718
2207
2539
1836
376
1120
2222
1370
2513
3172
1364
732
2518
2522
1768
276
2219
802
1042
986
2658
922
1098
2008
1516
456
1116
1098
866
2611
728
2140
2385
322
2146
2381
1526
2150
1092
1194
684
684
62
2524
284
1126
2242
1654
148
168
1180
1400
1634
946
770
2546
218
1786
1150
308
676
918
1312
2158
2275
524
106
2173
592
106
792
932
2096
2088
2345
56
2192
2258
1332
642
2545
1590
986
1304
94
2590
1036
448
506
146
210
1368
1308
724
2025
2393
2156
2318
1776
718
1668
726
2510
34
2158
2084
2420
1756
1028
490
2592
682
2196
2954
48
2493
860
1900
2564
596
1744
1386
48
2100
326
1998
980
1060
1852
1954
562
378
2176
1476
2367
138
1744
2022
2141
2116
2343
1262
2332
154
2500
210
2207
92
1438
848
2450
64
264
2421
1404
2453
428
792
168
1286
16
2954
216
44
128
2774
2048
1542
354
2406
1654
1830
1528
2126
192
1884
90
256
2342
638
2322
2356
2287
1660
1378
1944
868
1959
408
338
2326
2130
1104
2260
2246
1012
214
188
2132
2443
2122
808
2136
692
1546
318
756
2198
2114
1999
2722
2511
2428
2241
988
348
970
1778
2104
2283
2261
648
1812
2084
232
1502
2233
1318
138
2326
1897
2585
674
2267
2188
1236
160
164
2340
298
1490
1404
1360
800
536
1338
2254
2254
292
544
218
1220
1955
2050
2045
2367
798
1238
2243
2337
1254
168
830
832
1514
2321
30
1766
2062
2251
160
2602
132
1362
1860
2087
2689
1324
122
2136
2470
2099
2255
2093
2580
1096
1138
1038
1856
72
2190
2
2256
816
398
2334
176
1270
2142
470
1210
406
548
2320
988
822
2366
504
1770
2348
2516
1238
2604
1904
1232
2603
854
2182
2272
710
168
42
1922
2430
650
558
642
1976
224
2198
2682
2182
2549
1284
2441
628
1044
756
1542
2074
2484
184
1240
588
2221
2349
482
1878
1108
2437
1486
1506
710
1220
2372
1058
2606
2194
1214
2394
2191
2229
1718
2290
444
2066
406
270
558
1450
2565
1252
550
1914
890
712
330
1931
1508
2506
592
528
850
2206
250
1628
350
682
1226
2499
252
434
1788
1492
1462
1370
918
426
2533
2113
1142
2391
2152
2165
770
552
960
200
1174
784
2465
438
1826
2247
468
718
244
502
1038
1746
2180
560
2629
172
2042
1384
2229
804
1376
2113
1482
1230
2334
434
2308
400
2160
2089
2326
620
1674
578
530
1786
994
2064
102
2216
350
1994
882
482
140
1424
2455
1928
432
2249
2346
1524
352
2325
522
2456
1310
1842
860
2565
998
1270
854
2358
436
538
2226
514
868
1859
2305
1967
2174
92
316
934
2124
468
440
2146
726
916
116
258
2664
1512
1470
1212
1972
1905
1006
2220
2731
440
1112
534
494
2367
1992
2615
1922
624
792
2506
1522
942
30
1110
1476
2252
2037
2082
1484
420
2444
2192
2227
1096
2411
366
1564
1976
2110
1970
1832
366
1094
1210
712
2499
602
2364
2237
164
2003
1369
1266
2843
810
1916
1918
2440
1238
98
2510
80
804
1156
82
2507
482
2213
1418
1052
1900
1038
802
2542
606
866
1924
1378
2632
1182
808
1970
1868
1200
124
608
730
2154
2301
638
2484
1893
254
1060
528
2656
2396
2393
1970
2177
2556
2001
714
2180
724
2387
1140
168
250
1296
1286
818
1446
390
2207
1282
1958
2168
784
1024
1700
1476
712
1562
712
2468
1324
296
2294
668
2141
2346
108
1840
2298
1448
2262
1584
1752
164
868
336
2183
1420
1304
50
920
2327
814
2401
180
2335
370
2125
1754
494
2261
982
2618
1068
2423
1158
312
1246
760
1518
2362
2108
2033
1094
920
292
2629
2482
1692
926
892
2230
534
1576
330
2110
1758
2109
596
1550
2169
1922
2446
1855
1326
1442
2054
174
2056
1396
950
668
660
568
1216
1760
1120
1939
1356
2173
2194
1190
888
1826
2503
1578
1122
2048
154
2340
334
1774
2660
1906
30
420
1855
2095
2482
2356
1966
1574
2184
568
194
330
2570
496
414
2013
2355
2
2109
8
1348
2391
2271
1396
2726
2644
2104
2499
2362
910
1728
1740
50
2477
2560
2528
2698
2230
1870
960
2506
602
1132
410
1056
624
1516
1894
1941
946
2127
410
904
954
368
1572
632
1957
1140
2876
482
492
2266
2293
2118
1620
2188
1370
734
2357
1104
152
712
8
1434
2332
524
618
2480
2414
2206
2361
2530
672
1372
2092
1939
2499
2430
908
450
1574
2739
1530
370
1058
1930
1738
1994
2408
1790
864
2338
828
1476
1760
1944
1904
2088
566
966
1944
134
1972
1676
948
546
2364
1214
2087
2532
2252
2552
124
2447
2750
850
224
388
2463
884
1969
2568
188
2357
2059
1070
1752
2572
2096
2312
158
166
1486
50
1640
530
2309
2310
1272
996
810
870
2418
2402
532
852
1500
1494
1030
1616
2355
2070
1122
850
2228
2182
808
2299
144
516
1090
2670
2207
1018
1932
1656
728
658
2093
1836
1612
1950
2252
910
344
618
2595
518
772
214
1410
226
162
2207
1262
2303
2006
2554
1366
1814
2458
400
2342
2849
1967
2421
1316
1928
2271
1114
2144
2520
204
744
2196
1748
422
1248
1574
2556
624
2588
102
2194
1968
1518
886
2138
2393
2300
130
2329
2475
2072
818
2480
2618
1586
390
1352
2295
2091
2640
1646
1166
818
42
78
114
438
612
2500
390
984
2018
1008
804
76
1468
938
1008
1538
1784
1102
366
430
858
530
1386
2786
306
2032
2324
2287
1236
282
1894
2430
1116
156
1530
2186
1356
1298
2419
1508
2211
1864
2388
334
1972
1596
2414
2480
2032
2234
710
2435
2380
356
574
786
966
1220
1010
862
2501
162
1290
548
756
558
2462
1518
2035
2770
1794
1820
1286
766
1994
2549
278
338
474
800
2050
1510
2341
2568
2227
2148
362
1152
818
2100
2549
22
1936
446
820
820
2379
2282
1836
774
610
246
98
2079
2256
1038
1769
44
2082
1070
2565
362
2283
1975
120
2599
2466
1790
706
2552
1586
2361
930
1768
1060
500
98
1340
1546
2054
150
400
1902
760
562
2096
2326
1836
1190
2092
904
2381
2255
716
1250
1792
2194
222
132
1660
1410
918
2575
118
1864
1064
228
2148
2179
940
434
1566
1478
2287
318
1292
700
1448
22
1326
2260
228
1376
470
2228
1312
682
1814
970
1654
682
1958
832
1954
2478
2377
1120
294
1346
566
2515
1636
2323
1520
2491
1983
1913
1114
2087
2047
2417
2318
1784
388
1012
1036
1072
1052
2514
548
34
2095
672
712
1904
2046
766
1832
1478
140
500
2200
178
528
1496
512
2344
2150
2233
818
150
2444
1792
220
1879
2593
1326
1915
1304
238
250
2319
648
1086
1412
510
214
2400
2540
834
1860
1324
416
2016
1674
76
2337
392
2237
1986
2416
2416
1694
598
1200
2773
2085
484
580
358
296
2357
292
2253
1760
1024
1804
2258
1702
2218
1470
1858
2091
292
2455
1676
84
2160
662
1748
2278
642
2561
2152
1102
210
2425
648
2680
988
894
2190
342
2394
896
2514
968
2344
170
828
2056
1006
538
1558
640
1086
688
2212
2072
790
2205
2137
2221
1386
2452
640
1242
256
2157
2081
2676
2472
1326
2322
112
1816
226
874
2296
1596
2506
764
674
2190
726
534
1524
2102
2131
720
1690
1678
1811
2018
2657
72
2314
2289
2374
1472
1002
2668
2069
1296
1160
2114
358
310
182
2317
1956
2770
418
528
2566
1340
68
826
1188
70
2450
990
814
766
1308
1760
440
158
292
728
2040
2333
2303
508
2002
472
2046
2559
1742
2089
2665
312
1656
2515
774
1510
1092
1264
934
232
438
626
2845
2296
2758
1948
570
378
1614
2516
844
1837
2742
2498
2391
1182
636
552
1366
634
302
1212
370
36
2649
308
1486
1522
814
2405
944
214
962
2354
118
162
2048
648
2435
2323
1054
488
436
884
1852
2220
1482
2291
2128
2501
2265
648
4
1809
428
1905
2582
500
2691
1292
2387
2334
2176
382
2107
276
420
2057
196
2696
28
2376
1644
2390
760
1624
1024
1480
508
1188
802
618
12
1670
16
10
424
2428
2476
1266
2735
812
1618
270
1118
428
2224
1198
2632
2849
1048
1912
228
208
658
2162
294
68
2154
712
74
2517
2410
1690
2460
2735
2256
1052
2659
1536
1870
1616
336
2693
2400
1262
2393
1706
4
1480
1272
326
2608
750
796
424
552
2144
566
2125
850
2575
2783
1634
2192
872
2263
2335
2056
2204
182
898
774
780
432
2562
2352
2366
820
2162
932
1068
2258
1695
1036
2198
2876
1780
2171
2678
758
2468
2386
1298
1662
2284
2330
542
390
1760
898
958
510
2480
2331
14
2119
682
1550
2118
2810
1955
420
2700
2095
904
2038
1937
2474
66
1002
406
90
1948
202
1360
424
2758
1136
848
1917
374
1072
2338
98
190
694
30
2339
2003
714
62
2764
2372
662
2365
826
20
614
2555
2558
422
2231
2280
1536
682
2084
2132
896
228
270
468
360
1462
1178
2349
1140
770
374
2512
1486
2593
2083
2030
1118
2669
2320
412
2374
194
728
458
10
964
338
2074
2492
66
1292
806
2432
506
840
1262
1030
1416
2217
1472
2544
2101
1244
2546
702
1188
2430
376
190
2263
536
252
2554
1587
2272
238
522
2506
2464
40
2511
2207
624
1670
658
422
2314
2327
312
554
1840
1582
774
1692
2012
2253
2399
2223
2276
712
1284
1568
2969
1638
2326
2076
2446
1692
1294
2020
2135
2172
2528
2259
402
440
746
104
1184
1152
1406
996
576
2138
1864
1634
2200
1168
1490
2087
136
524
1348
1642
710
2158
356
184
2700
364
334
1402
2280
2390
2298
1602
610
1712
12
1308
1754
2334
1963
184
476
4
2546
1164
1648
678
1542
330
1698
546
1630
920
772
576
2203
248
2509
2320
1796
758
250
2406
540
2166
2179
1626
1026
2229
324
1564
2017
2209
1630
1614
864
1974
586
314
776
358
1138
1174
284
480
2277
692
1290
1338
2001
1470
2070
2186
2136
92
1134
28
2493
1240
1212
354
88
1688
712
444
1544
2174
504
2268
2468
2091
536
2019
14
2239
2052
240
2485
1926
630
2171
2080
156
2422
2
558
2258
980
1891
1318
2415
1262
1722
748
884
1460
2328
1248
538
820
2396
2732
2346
2403
2090
1394
1772
2340
552
358
2074
242
772
2382
2295
1520
2344
2432
138
1372
1604
2652
1812
2508
178
1220
824
1608
414
142
908
796
2466
1896
1954
2040
2503
716
632
2187
2086
136
1420
1698
826
150
2094
1922
2505
2111
1936
2090
1552
1430
1030
1204
18
2022
1762
690
2124
1256
2374
786
260
2116
2410
2173
1338
1550
1170
318
606
650
2542
2530
1984
2303
2102
2208
2230
228
2440
2277
1390
2002
496
2147
1520
1308
1832
44
2288
786
108
2510
2034
260
730
2267
2282
1820
198
950
250
2256
2457
2758
2445
2068
324
498
220
980
60
580
2468
1448
824
1008
776
212
1448
50
2575
408
1969
2089
2537
2424
762
182
50
2734
552
18
2452
2828
244
1803
2518
686
1292
1934
2303
2144
1729
2365
2256
792
2361
2416
1930
1972
2468
522
2687
154
2367
2498
184
2044
1796
190
1746
1008
610
598
2639
830
2371
2776
870
884
146
1830
2615
976
2275
242
18
1532
188
2251
192
308
484
1940
1838
2054
2032
950
336
2236
328
48
2487
1786
2097
640
2228
1118
1342
150
2163
840
212
2026
1864
1248
2216
2148
2182
2312
2480
1380
1086
2303
1030
2399
1004
952
1134
2090
516
2527
1944
2344
736
488
216
1582
1292
1430
160
2121
1884
2174
846
2380
798
370
1998
1664
656
184
420
1434
2300
2126
408
1814
2256
2648
2386
82
2015
1208
898
552
2728
1196
500
1642
2232
2242
2701
1979
364
1542
416
1206
2120
922
434
2128
2450
2095
590
214
850
2449
2161
1528
2072
36
94
2213
800
12
2364
2618
630
2298
418
1822
34
2237
2057
830
2358
2239
220
2289
1996
348
784
1670
2002
264
2141
814
942
2261
430
1684
574
198
1933
518
1576
1426
2350
2299
182
2174
4
110
778
1564
562
286
1740
256
2326
1018
2258
828
716
1372
1913
416
120
126
2294
2258
744
592
2514
2281
2375
1138
22
2332
2560
2248
414
374
2466
408
1148
6
1238
2365
2377
1068
446
294
948
450
456
1032
2218
1196
158
2652
2240
2259
374
1376
1028
472
2026
2235
2420
2274
1390
2548
2135
1494
424
2113
2161
340
78
294
1586
2692
2622
1416
1966
692
2441
386
668
752
2341
202
2452
2048
276
2186
2660
126
2427
1632
1780
2601
2402
1696
1644
1194
2230
2168
1624
2232
296
342
996
2466
1784
366
50
258
1032
2358
2126
2686
950
618
2177
2848
1428
152
2312
2386
2370
526
192
658
2412
366
1904
1825
414
1646
502
1144
1260
1800
258
1380
1478
1280
254
2404
920
1394
1354
1444
1420
510
2118
2184
810
1080
2055
2200
842
1276
1920
1698
988
188
1444
32
286
1306
382
236
2566
158
1508
496
2596
610
378
2126
150
1784
618
2134
2232
718
1050
528
268
228
464
862
2292
2377
32
270
2208
410
2436
708
1334
2314
1888
2414
1208
2024
2006
42
424
432
362
1004
350
1984
1796
2675
124
1815
2650
582
2108
1316
1812
2208
390
730
782
2716
2323
2520
2643
1720
354
2263
582
1931
730
1374
2157
812
2126
820
180
584
2334
2348
2218
734
88
206
2402
2438
986
2393
2611
578
2646
2354
112
2292
1106
2312
954
1142
2190
1264
2711
758
878
1292
2201
1050
2475
402
8
512
770
2074
546
1274
396
2575
2187
964
2190
1620
1332
1154
2314
62
832
678
268
2328
1792
890
994
80
1881
2176
368
1734
154
2134
210
1142
2386
2098
1654
2907
172
2242
2139
1032
74
1684
2054
2458
2492
2517
2215
2066
2525
128
2458
1074
1762
2203
1848
1786
408
1050
1450
2072
690
1600
878
1989
1266
2206
216
1416
26
922
2470
2300
2497
532
2658
678
130
400
472
2
202
2202
1742
1963
656
2143
2508
1214
1118
366
2420
186
944
2178
522
168
2721
1698
312
1330
706
818
588
2222
854
396
436
810
80
2297
558
1970
2147
312
2498
876
2
26
1348
2250
950
728
2349
2413
180
1614
2232
2385
2364
2126
1360
2046
1466
2545
638
164
1100
356
674
478
1805
1402
2442
2212
1610
38
516
2055
250
2378
76
976
828
290
240
362
2394
2443
726
2258
744
1246
540
120
1076
126
2755
2084
28
2556
432
402
1086
2507
130
1160
2220
540
2590
94
1404
82
152
2006
1534
1128
1994
626
2252
2045
822
2397
1863
178
372
2419
806
1238
166
54
370
30
288
596
330
788
2636
342
2396
56
1302
2054
1912
1154
494
1168
242
1174
222
1334
2141
2012
82
628
1945
2587
2225
1086
1098
704
1860
2046
2282
2529
110
2352
2450
88
1324
2292
1362
408
1610
2559
326
246
1200
1880
2324
748
236
300
2391
2514
156
182
1306
286
2068
2109
1376
822
48
1186
874
990
1986
1434
2035
2654
164
870
316
32
402
2626
2265
1690
2234
2187
456
104
828
1720
432
366
1970
2397
886
1188
690
1056
2637
1700
1034
2098
2493
38
2416
74
2774
1468
356
2324
1524
260
434
922
2394
2165
1513
48
2241
908
2472
2162
114
982
996
388
1282
534
396
1900
1548
2271
1678
812
290
460
2200
1138
716
2348
2155
2340
956
1346
1498
1764
1066
2235
1288
1104
314
712
2156
1006
2140
2030
54
1272
1576
2185
1312
2389
424
2437
2348
194
2340
1994
2309
468
216
786
1860
730
2392
850
2315
2276
118
1326
2145
2446
2829
2101
280
24
2020
1378
858
450
420
830
2149
1534
270
344
1734
2505
1388
462
1142
1316
1178
2274
134
2037
84
2400
1282
886
2114
680
666
192
2578
246
2474
2277
1436
2173
2198
2126
316
2008
372
902
876
724
1994
80
2624
890
2252
1849
2188
106
1853
1746
594
2391
190
1344
1984
146
1935
322
1686
456
498
1186
826
1894
1754
994
610
818
2244
2451
304
1108
1100
752
1634
244
1042
100
2163
2100
1112
1236
1714
2574
346
530
440
1672
2252
1906
2104
2220
1856
552
2169
2236
1044
2030
2465
1496
870
2475
172
1554
876
600
420
1764
518
208
406
606
326
2018
1274
272
1650
2598
88
312
2084
1482
1904
352
2417
300
642
2196
2321
510
1102
1876
1704
1516
268
490
266
1014
1736
1608
656
1724
1580
2249
2424
1182
390
2417
444
1376
894
1912
1769
1842
110
504
1046
86
2100
1586
2193
902
468
2089
2934
2074
740
2675
8
1882
1224
676
1986
1940
1374
2268
958
2124
252
2634
1982
1030
746
426
262
2168
2216
162
1148
458
1512
2687
2128
48
2119
2217
1716
2759
526
422
1104
2774
2242
2352
1214
2062
2436
486
2350
1346
2754
208
34
72
232
1090
910
1118
2899
370
1362
116
2383
2398
780
200
2227
2574
494
1424
538
804
446
2022
454
2241
2603
884
2540
950
2486
958
2445
2233
2137
140
1912
138
2564
2352
2270
526
2295
922
2173
122
2618
266
2590
1562
194
1140
2235
2596
2421
1374
1066
494
1598
2217
2156
1236
508
2395
2361
2491
408
1534
2532
350
2012
2605
2237
64
1925
2395
2480
2043
1668
120
2592
2581
2084
2285
312
2040
1944
1376
1460
1770
1092
1224
2412
1726
1426
2269
498
940
2565
480
1432
1680
2637
1116
1132
44
1911
1206
996
764
290
2332
1975
124
2363
1334
58
1698
1194
1266
154
172
1944
582
1412
2147
2048
1062
1648
960
326
2599
2740
2153
1732
246
2216
2199
1942
2844
1452
2198
348
616
1238
1572
1722
2117
844
1730
1284
314
2164
1784
2173
2286
1658
1104
2408
1014
2494
2483
1106
1310
1378
1386
512
1538
598
496
28
2075
2382
1928
2487
922
2264
170
2313
300
2080
1910
2303
1470
2198
1836
2448
148
366
194
2386
2059
2537
2438
2042
100
1967
70
2010
2044
1206
2231
220
1536
1350
2387
2223
1118
936
156
2460
1726
120
618
16
1406
1264
1180
1056
1458
2299
990
2016
1966
78
332
2446
1672
2785
884
2169
2024
8
58
102
1594
902
1881
106
1270
1540
1364
2463
314
316
424
140
2118
428
2085
380
664
1814
2186
1992
138
14
276
1100
1284
1008
508
2168
1720
98
2404
1648
1678
1506
246
2475
88
82
750
212
2157
126
126
942
1504
2188
60
2505
820
2380
1886
1616
154
184
960
916
1048
652
1014
2071
374
2356
1360
484
2477
150
1298
600
2372
94
804
2221
1894
1380
1206
2366
132
290
280
48
2397
924
186
490
1478
758
2511
866
2786
552
1258
1868
1518
374
2710
2189
1452
2229
8
328
2129
2304
2358
138
2294
408
2293
2501
846
2070
2276
254
474
236
1608
2176
1874
262
390
2680
2332
1284
2263
2544
2488
2235
276
2140
1978
2051
1995
102
918
58
2206
2677
1903
1978
2465
2394
1416
2429
2224
462
2123
2158
910
846
1478
2571
2024
2426
884
740
1988
1020
6
2016
2173
1424
2025
2006
2108
664
304
1316
1472
2314
1864
382
80
2003
2269
1560
2307
2115
400
2044
2027
2456
742
28
1116
740
878
1334
274
1750
1942
2172
1036
2738
2058
2185
2136
136
2192
3004
976
2403
2875
400
202
464
2111
2145
834
2168
2665
2369
796
2475
396
2365
2167
124
2288
2115
1686
646
186
262
1632
1310
2387
1996
2244
1923
1106
2538
368
2420
2105
2363
2343
2101
1734
2703
1152
2272
2196
2059
428
1208
898
2182
2586
1782
1858
2040
2565
290
2358
890
1436
888
940
1548
396
2122
236
2058
272
1664
1532
772
724
2078
108
260
950
1328
26
1122
650
1332
350
1746
258
1124
2089
954
1992
1256
1416
974
2306
1374
832
336
1740
426
2762
1552
648
1004
974
886
2365
2495
2700
2322
1418
1938
1308
2023
2149
2621
642
350
2082
794
2472
762
244
1368
2637
2148
160
1804
2433
2413
948
2108
1434
180
1306
2359
1172
1388
2197
1098
2237
1276
2748
1996
712
862
1532
2188
2278
26
86
2281
2223
400
1382
224
798
2061
260
540
2186
734
2135
1030
714
1815
1896
206
1818
358
754
2197
1368
2134
2235
2189
2328
386
1846
1876
2302
1284
618
2483
2441
734
456
622
1698
2372
1216
318
2386
30
1904
402
1076
1398
232
1948
874
400
574
1132
252
2452
2730
2604
34
820
2146
1210
1458
986
1988
1380
1238
646
3153
2378
1672
490
2114
2219
452
1852
222
112
1354
2260
2029
2079
2384
246
2505
884
722
2402
760
936
1769
296
2550
2204
2716
2078
2400
414
1922
1874
16
204
1828
1066
2611
278
1200
1260
2374
96
570
734
2461
466
598
1534
2173
908
334
1380
198
178
1082
1514
1991
728
1936
1518
2503
2202
1148
2238
858
620
2660
2272
226
2275
224
694
2448
1194
368
2239
988
1316
38
1616
2508
360
140
776
1038
924
1714
2637
1677
2425
1648
2056
2537
508
2731
1840
1764
340
388
2178
2000
2585
320
318
116
2287
292
2060
2649
856
204
1394
1206
188
212
2023
1100
272
282
76
2491
742
348
2501
846
2236
1376
2612
420
1745
1760
230
1974
378
2284
1080
104
70
1975
2141
2167
2803
1330
2154
2320
1228
2322
2322
1722
2550
232
34
1192
1124
2425
2582
2686
1168
1254
2142
2166
824
2198
578
1736
2242
92
2158
244
258
2242
1224
1348
1784
2083
2188
334
2186
156
2696
1360
2606
2022
908
36
1976
2253
1684
1460
1740
2240
2287
2697
1106
76
2053
2380
652
446
2327
1396
2154
1734
2525
704
94
1860
1354
2314
2020
2160
1168
60
1204
1178
1374
1885
2610
1410
254
864
1202
342
2513
2608
1306
2604
2294
2501
1898
972
2122
34
2164
2394
2533
2542
468
1024
2393
180
1762
1082
404
2449
1020
1936
2485
878
56
1662
2232
1440
1762
2552
1398
2190
406
2358
1390
304
104
934
2277
2587
780
1312
320
582
924
2368
36
2164
38
136
1614
1180
1834
304
1708
1746
2350
34
1913
2396
2617
2371
2406
2246
2849
656
1686
1632
248
116
462
2249
1899
2376
24
2398
2099
992
1656
836
2097
906
1635
2774
914
460
2319
572
2335
1214
820
2146
190
468
1234
210
998
492
482
696
2259
210
2300
706
1702
2656
246
668
470
2475
2307
100
368
2605
934
2211
172
164
642
2084
674
2356
466
2506
2182
2160
80
416
170
300
710
878
1104
908
2459
900
1842
834
2130
2189
600
2337
1198
2205
42
1306
1234
1862
410
576
430
2682
396
1994
2381
1178
52
1542
2575
438
2378
56
2374
2386
1986
434
2587
568
2508
896
2714
1130
70
698
10
2257
80
2642
528
1724
962
2051
604
2385
2379
204
2091
1056
130
916
2309
2002
556
2419
1628
536
2064
2184
1946
1372
254
90
2335
280
566
974
536
2203
546
180
2318
864
2355
2337
2271
1134
1270
38
736
528
532
2588
2099
670
1588
166
2635
2322
2055
564
1062
1939
360
1856
394
2339
1202
466
888
2177
82
488
2775
318
700
2514
2169
2403
1378
2482
406
154
698
2015
1022
2431
560
2447
846
2367
2749
2465
2295
918
274
1938
722
224
1778
2332
112
78
2197
578
16
744
2756
1835
2383
228
2362
894
582
2104
378
2062
360
2461
2225
2224
1866
2034
1508
918
1652
550
696
726
156
562
2494
320
2479
1154
162
174
1983
1686
2781
656
102
806
656
2358
576
2073
600
1492
2462
956
1462
2505
340
2104
2409
682
546
2261
312
2430
2168
640
1114
1955
2669
830
2
2018
2044
1634
1104
2438
684
828
488
1286
2369
1234
210
2667
1302
996
1902
1236
878
2418
96
2624
2445
2248
412
2435
1762
1036
2145
2348
2000
2334
2285
2530
108
2288
206
524
1244
1214
1658
2272
794
168
984
818
1468
2557
408
2188
816
346
928
2153
1272
2482
2462
1942
1134
432
692
2464
966
2467
974
2014
834
568
496
636
1949
2214
1916
766
206
2140
982
1970
2050
1308
2147
2311
1180
178
2278
1046
2244
1980
1889
1971
420
560
1480
2023
104
1976
1120
2160
558
274
2394
2301
1905
2320
2261
870
48
1966
1344
2152
322
1144
2565
1122
200
618
1230
1986
2586
2244
760
2378
496
1740
76
2242
2531
1198
2254
692
1844
1580
922
210
1504
252
2436
2132
1722
2440
1900
2056
2230
2171
196
838
2381
104
2464
1350
1310
1642
2497
2349
2204
346
856
1904
136
1038
362
2570
68
2146
1384
2449
306
74
198
342
286
794
978
238
1978
118
42
2180
1534
856
422
406
188
2
530
1450
260
558
52
2337
2557
2343
296
1501
44
2647
1808
2591
756
2293
258
1816
214
108
2390
1764
1940
952
2269
2643
290
186
2128
564
2282
1146
546
2342
2174
2817
1914
2548
1624
2463
382
386
2042
266
1314
2427
634
2421
2090
1396
288
2627
1040
2068
2304
394
896
2306
1560
338
218
2288
2337
532
2287
2589
2130
1624
854
2206
1896
902
394
626
1962
368
20
2222
2068
1805
348
1632
392
220
3083
2245
784
1264
2359
292
1134
754
2383
2263
1634
1322
1156
158
2463
6
1250
110
306
2542
1666
1766
2295
2368
642
278
780
962
178
2535
2266
1092
302
2318
336
2444
2384
622
112
822
578
1628
1726
58
2406
2505
1330
1388
2557
2251
1728
2120
2262
768
2150
1232
2337
534
644
2402
178
426
1694
1184
940
2209
216
358
2440
2596
2334
628
612
1942
1842
192
908
910
1650
146
2581
408
2124
2649
1410
2174
450
322
326
2587
920
2679
202
2286
1300
484
368
2320
458
736
246
1048
562
246
2067
2226
2352
2699
1198
2412
310
1676
640
232
302
2026
1018
424
2282
500
1822
2002
2491
1426
1798
814
1030
2455
1622
2032
2101
2485
1338
2153
2216
2572
1480
2558
278
2414
2094
512
2419
2625
938
898
1018
1706
2136
2132
2140
962
636
2519
2009
356
2203
2025
1050
2483
286
128
2303
562
682
1722
12
1998
464
2351
2147
1062
620
2338
1884
2160
2111
290
2226
284
2398
1764
882
2743
1346
2053
488
118
1524
2406
2405
692
1869
380
1438
236
1064
2293
2365
236
514
1370
480
1698
458
2155
2402
720
1418
278
562
1008
38
2040
2208
1364
2285
740
2162
1166
2518
1984
1100
1966
424
558
692
924
578
2403
1354
98
2268
2217
1984
1272
2718
1825
462
1212
492
2409
1788
892
570
1160
832
708
400
1012
2432
2707
2407
1540
698
844
172
1404
2351
1907
166
2329
20
1710
2510
1340
682
2770
1931
768
70
2
398
2295
2512
510
1518
940
2705
236
1528
2650
172
2473
2150
2361
690
1930
752
2295
12
110
1636
2272
236
352
836
1510
600
2365
1348
2523
2224
2483
410
400
1418
1768
1304
2292
642
1638
1018
2430
2105
2547
192
1050
1142
2356
1366
2290
2309
128
812
1082
12
1178
2320
472
290
438
1064
2064
296
612
1270
2226
1016
684
2182
2680
2540
1352
14
1042
2642
1050
2343
1978
2464
1930
1168
622
92
2603
258
2194
66
2222
1512
1798
2421
2210
2486
2130
1068
2392
1170
450
1841
2614
1150
2002
2164
1478
2417
1218
1354
142
1730
1440
932
1996
1949
1386
368
1344
1658
2470
2244
2466
2479
2443
2598
684
2415
1328
2020
1080
2312
1412
1066
562
16
1766
534
466
934
1904
2708
290
1508
826
1348
1282
1850
2325
1817
922
1088
2215
2752
2197
2293
1100
2098
1286
2842
2286
2752
1220
664
2302
2652
30
950
2585
2537
2464
2036
464
710
2425
26
2586
2483
574
556
1706
2952
2204
2491
844
886
1482
2856
858
1006
2482
2302
2014
2280
42
2134
2524
2482
874
2468
74
1370
1885
934
348
2402
2144
422
482
140
864
2319
340
970
2459
1768
1040
208
2599
240
82
2346
898
2388
550
1576
590
1554
2360
1258
184
2254
2858
1136
2132
980
856
1904
464
840
890
6976
2010
1608
18
178
2010
2392
2003
2430
1230
418
1140
1030
606
234
2444
2835
296
710
654
2736
2066
1304
2658
1294
486
628
914
1170
2216
2114
2274
720
2131
322
2515
2432
1006
2492
146
1824
856
418
882
2406
644
292
2534
282
1104
2184
2073
2693
2561
2244
1594
1774
2470
140
2348
1792
1814
1354
58
1168
112
392
1134
426
2720
218
274
1746
2659
12
2188
1416
2745
912
286
1046
358
94
918
2268
10
2335
326
2753
2288
2018
2124
238
1532
2386
2338
1222
408
1544
628
334
576
2074
1974
118
2149
2423
952
288
970
40
1598
4
1522
922
1230
2248
1210
558
2131
756
134
2309
850
374
790
54
860
910
2493
1920
880
820
1820
1966
394
2301
2149
2249
1266
658
32
1750
548
2325
1942
2632
2266
2113
1652
36
2644
2296
1858
930
2517
2427
1924
1262
1648
190
186
1362
2608
1636
34
1830
170
2202
410
10
720
616
2456
2321
1422
2291
672
1452
2061
2670
2380
144
1438
734
2170
2262
2103
2737
2316
2766
60
2046
1938
194
968
1959
88
2140
2339
940
2122
2370
2520
2369
74
166
2464
1116
1580
206
326
2359
960
2252
2489
2102
2302
1582
2186
1598
1040
578
1973
2
1290
1882
1256
112
2459
1598
2528
2273
2520
2376
1980
736
786
926
1174
1294
2591
510
1064
2390
2631
1826
2583
348
2310
1172
166
484
52
214
1020
164
382
936
814
2502
2763
280
1676
2231
2378
2025
12
2346
1743
1088
2252
2748
452
2069
2606
1920
1044
2258
1738
618
2450
704
194
1510
1694
1144
2176
2215
300
2042
2027
560
960
344
2609
2308
658
904
542
2390
1204
2281
752
1006
2199
522
2410
2165
2326
2257
2419
2745
664
2327
516
1388
928
102
1612
134
172
2
2310
1869
2697
74
1662
710
196
424
270
696
2265
852
2089
992
2265
342
2410
2481
2432
2526
140
1919
272
2452
1312
692
1514
618
1840
2471
1094
1910
936
46
72
1896
1262
2136
1306
378
274
232
296
2052
2483
18
2054
2012
1250
2409
1388
2617
58
1564
494
2185
148
2395
158
734
1320
470
2318
2398
1826
2210
1991
150
2406
716
76
354
790
2519
2480
2423
1058
284
2801
602
2486
190
1800
2229
878
1568
1268
1454
1818
1202
2714
1068
1768
284
2256
2704
2184
2060
2061
2028
2188
2406
2184
202
400
2454
600
1268
1462
1504
2374
48
1242
1042
2206
1302
1368
430
2024
1689
2195
656
2567
720
2392
1514
1783
2249
1882
2515
856
544
332
316
316
2311
484
1580
2171
242
770
564
2228
596
1158
186
20
1650
2421
2537
1818
1980
1484
2077
1192
2506
2077
1458
1628
294
2579
834
78
2329
1984
2199
1696
2159
820
1274
2276
554
2098
2324
2116
44
166
152
612
1060
1988
1184
2268
1022
2064
2034
354
2550
2508
2045
634
726
2500
496
2145
1178
2187
2219
2575
2243
258
940
2300
1765
140
630
1094
6
2522
1196
2484
2454
1236
622
1274
2339
1128
2253
834
1899
2395
140
1486
300
278
570
208
2114
956
2278
592
1506
1886
2758
1308
2448
1722
660
1372
62
668
2077
1012
766
2515
1938
2305
2338
2482
2259
2232
1561
1698
680
238
2326
790
2304
632
782
1802
2251
2046
1474
1494
2094
1954
354
30
2113
2184
216
2316
870
1116
2716
2235
2042
2899
2434
562
1312
80
1598
182
1782
2229
2444
1736
1636
22
148
2472
2444
90
1586
1362
2604
452
2319
2253
1656
1788
696
1172
1824
2008
476
1918
2254
1110
788
406
2255
1214
2342
1950
1784
262
516
434
1194
1174
2115
670
438
2207
68
934
1328
300
2011
432
910
642
2376
294
1596
534
1370
2383
464
3077
30
2209
792
118
1948
976
116
1861
956
2294
580
1694
280
240
2456
2325
2408
2308
2096
2626
24
346
1550
2850
1882
248
1975
2322
724
1927
1504
2457
1678
566
358
1788
1076
716
456
2359
2370
784
1534
2546
34
2302
322
2663
592
1526
2310
1074
2437
1825
1016
2358
1046
340
2282
406
620
1350
32
412
2326
136
2020
2174
72
2411
234
160
154
256
144
608
442
2113
164
388
856
2325
2230
624
2503
2420
1242
2245
386
948
1390
2507
2212
2588
2209
694
2105
2108
888
2641
698
270
420
762
2248
878
544
188
310
172
1780
428
2788
1420
1014
918
2716
2284
1662
556
82
2294
2135
836
854
2293
16
1598
166
1396
260
814
902
218
1374
1014
2353
1102
2053
188
700
254
32
192
1804
2137
430
1902
2332
2320
1184
1228
540
1382
534
2266
12
860
1912
1546
1334
264
1788
2152
1218
1938
1750
2431
2374
438
902
2556
874
1080
2182
1844
2529
60
2436
118
1102
2094
166
1400
734
2614
66
434
2196
1908
858
358
250
1156
1140
1392
424
1558
1510
968
254
250
1883
2304
1508
2591
12
32
696
150
340
882
1406
1518
354
134
2538
2533
348
2159
6
778
1378
2826
2356
850
2434
440
2326
1618
2787
2146
416
2522
112
2360
808
2186
2053
2795
2387
374
2160
518
998
938
2406
1692
412
1764
2019
1638
222
2197
1722
1312
684
694
2290
136
600
1472
74
2483
924
2000
2462
2144
2182
1216
2507
2114
50
2007
2240
2523
6
2314
54
1234
1534
170
596
6
2200
376
510
2448
2498
2184
2020
1316
826
420
824
26
14
830
2130
1984
1846
182
1692
2032
2537
1006
1788
402
78
246
594
1528
26
1896
890
2804
172
616
2176
982
1540
2256
584
246
944
1850
86
1496
2803
810
424
2262
2082
624
214
514
476
2379
4
620
926
2166
2242
1128
2076
678
2773
2413
316
350
104
2438
640
1142
1202
694
914
492
1774
26
2102
1304
144
340
1988
638
2701
104
1034
694
56
50
1602
1324
968
242
1841
2470
242
1524
1188
1134
2229
488
630
2127
818
658
1516
376
664
2186
1974
546
136
1658
434
106
562
160
770
1558
2299
1600
762
1216
1052
2583
1444
116
160
2152
224
406
1214
1364
584
68
1186
2048
2178
906
1160
828
2601
1302
2508
1774
232
1026
1426
2226
2229
224
616
1346
2377
88
2124
2139
2329
254
22
2433
2667
14
2158
2353
106
324
1826
1338
650
676
2118
1024
2317
2285
2661
1146
2494
1298
2803
2430
1528
1112
1760
706
802
2395
720
712
920
2146
1016
418
2276
388
2381
2024
350
556
2691
2229
788
882
2265
1462
2367
2053
2039
2294
2689
870
656
2166
1296
1454
2091
880
252
2204
1716
394
1722
998
1570
1696
610
2003
364
2062
1030
374
2589
1156
2446
350
1000
2294
620
