2303
1286
2538
284
2446
2468
1640
2385
2368
2671
688
680
630
2407
2361
2426
666
1896
1314
366
1488
66
118
1210
1606
90
840
526
190
2914
2350
1478
870
24
24
1324
2145
674
392
122
804
224
2013
1998
2247
558
828
1384
2250
2326
1578
2347
1866
658
2301
856
2348
1688
2383
1834
36
946
2414
2622
1791
144
2068
1614
522
2265
2253
2410
2302
2825
2083
60
2275
2253
1120
1016
1344
304
2424
1662
498
1124
220
1416
2445
2418
640
292
1206
2088
1733
490
566
2189
1028
46
2604
2139
1194
2261
1292
990
406
2480
8
876
2238
2168
798
2375
144
1979
1606
1196
2150
2681
2062
2501
2492
48
628
2469
2154
678
734
536
2227
2479
2208
1634
1640
784
26
744
526
2466
1624
1530
826
2438
504
436
900
2278
1146
2793
156
692
2366
1764
2189
744
1582
1528
12
1600
1266
2021
476
220
726
894
44
2561
252
2195
2776
1286
508
2521
2451
1962
894
270
2319
2157
54
474
1304
2059
1336
1916
2354
2463
582
2088
1968
2442
14
1346
40
190
2622
1554
1674
2382
308
612
2780
144
2235
1884
2502
608
2118
198
2601
1634
1046
428
2068
2050
962
770
2736
614
718
2381
172
470
1876
1550
876
1744
2495
1606
2121
1468
372
640
444
2262
668
192
2282
490
2193
630
1496
2626
2143
2034
2435
2472
2400
2521
1458
1506
2274
24
170
1976
2544
1550
1218
770
202
22
192
932
1042
1522
672
268
302
1316
280
1296
892
282
2241
1978
490
926
30
444
2492
1086
1910
168
2451
2513
20
582
940
36
2372
2124
202
576
184
476
1048
1278
2272
1833
1992
38
964
1913
200
1882
2416
168
746
2201
1482
1132
1935
260
18
2499
2819
98
396
1841
2591
1342
848
1776
2459
2159
1814
574
246
1582
362
218
2389
618
316
706
1012
2320
26
298
1016
2510
2080
1152
628
2232
454
138
1754
158
2230
808
438
702
174
784
216
1530
44
568
238
458
168
1148
2220
2130
2057
2292
2704
2274
466
46
2050
1092
270
2362
1388
2421
1954
2138
1802
2543
656
2304
2550
1654
1332
1704
2407
2654
342
2047
2656
856
2136
272
402
1366
852
540
676
1074
2026
1402
970
766
112
540
2192
1986
60
40
2358
528
2541
210
1298
2138
2410
2691
822
2191
384
248
2221
32
148
610
1130
32
184
1546
376
1218
2452
366
114
1680
1038
2343
752
1728
692
1986
60
1046
462
776
2385
1282
1580
1002
244
280
2050
1324
2264
1986
50
1482
460
1662
1606
2378
532
1742
2266
582
1100
2411
1666
252
108
2075
2333
2564
498
436
894
1122
992
970
522
160
1512
2817
848
2305
8
380
702
2180
2174
1222
1726
738
126
514
2229
22
886
1868
1536
236
2168
1360
2372
354
2232
514
682
2132
2149
2149
1760
2297
2498
2067
786
54
730
378
520
2330
1230
26
1770
2256
2256
360
2254
2554
2246
788
924
972
68
1980
1945
2119
2091
362
770
344
2438
2322
2406
908
1670
2249
216
1444
1094
846
2126
2208
256
2100
944
2494
306
2435
568
1734
2414
2651
60
558
1656
1062
1122
778
148
1184
2522
962
2708
404
1918
2093
182
2198
2672
1887
408
1858
728
2300
194
1074
680
1550
1186
2412
2366
2363
2456
2085
1994
152
1980
760
1646
42
162
2290
390
2357
2494
800
2364
2314
122
2073
2416
2199
294
760
1798
1746
250
2540
130
472
60
622
2369
360
1088
990
2034
2256
316
300
1976
2022
490
2228
250
2424
440
718
222
340
394
226
2415
912
1731
380
1992
1980
2472
2362
372
432
2414
1414
846
2368
2110
1064
146
978
1102
1927
1701
1122
342
2032
2153
2047
2592
2053
742
1992
1904
230
2415
486
1184
1570
734
100
1542
2147
2209
588
866
132
2182
770
2272
2166
282
134
2519
1374
1266
2682
444
80
1084
1852
1438
1184
1888
408
1984
58
1858
1494
2538
200
2007
2307
82
2156
2070
562
180
2009
320
186
1124
1806
2009
2120
504
716
604
2357
2751
392
436
758
2299
494
434
666
734
1626
558
2193
254
2056
70
1422
1044
2472
2437
686
1842
2450
900
1126
2090
2408
2082
1020
592
766
2456
2542
2421
60
266
704
310
206
2189
842
310
678
1102
1202
356
394
2503
72
160
2342
836
1056
292
1779
2166
2132
242
1446
316
1816
2133
2665
2186
420
1070
472
1990
2434
2296
1600
312
1016
592
1116
2088
64
326
14
492
38
2409
414
2217
1800
2392
558
908
620
694
306
2300
1512
1660
1096
2516
314
2312
1654
1568
2635
2347
10
858
1120
910
1734
666
54
2505
1999
2480
362
2348
2167
696
1358
1048
636
396
2737
1032
676
2347
222
2347
3318
940
2481
374
1358
1254
742
348
1560
792
2081
1894
1184
2103
630
884
2232
1732
2381
2218
2258
254
24
616
1058
200
890
1182
866
1392
2459
998
1092
1784
150
2368
2569
2215
166
396
256
1326
948
820
1985
1272
2320
756
214
2297
872
126
232
962
1654
1052
2210
228
602
2300
2490
1806
1190
1984
2458
494
2046
300
1010
758
2422
1630
828
1322
120
156
146
2392
2328
2256
1062
2325
2391
2156
370
534
290
1082
38
2398
200
1276
536
1110
966
70
1986
650
1672
2117
2345
668
2456
192
1648
246
2238
178
94
2331
2106
1008
2653
356
2293
532
2690
2158
1903
922
1086
1416
2498
2319
2373
1987
1460
414
1684
1450
2410
224
1642
2408
1478
2199
40
98
1388
1032
662
1472
396
106
56
1032
106
1899
1642
2170
418
470
1306
934
372
2252
2091
1180
276
1454
2470
582
1064
1911
2098
1740
2340
946
2460
1712
2430
2439
810
1878
478
514
1994
722
1604
94
1464
2386
1198
1008
30
2574
1476
1336
192
2333
2177
2591
368
100
2114
766
2448
640
304
170
1616
2628
876
2448
510
380
1110
256
180
290
724
2038
924
2290
226
2452
2055
392
808
158
886
1775
512
1808
182
2495
1268
1810
2560
2576
1268
2702
1482
790
48
1898
982
1953
1094
480
348
2090
1500
868
2305
384
2337
2612
1382
748
1108
2601
1650
2020
1428
1310
2413
1192
1060
676
1060
546
604
1970
2263
650
2794
1670
2121
430
1664
1206
576
1914
1274
322
390
2526
214
1190
914
2488
410
2397
1052
314
2188
72
1752
632
2447
2393
530
308
1346
2622
2434
1824
1230
582
962
166
1086
1982
324
1984
2470
770
2511
972
1994
832
2170
1348
528
2634
1242
2641
676
2005
102
708
1298
792
776
1136
1778
1548
2626
20
734
1132
528
1292
1658
2347
26
2178
2270
2603
1504
1920
1330
960
272
1202
2444
1584
2209
628
122
242
1124
1366
298
596
2626
2132
580
2575
534
382
1538
668
206
2443
970
2008
992
1176
1018
1274
1152
2408
280
2516
228
184
316
830
96
2348
1674
522
1390
902
838
242
828
146
1700
1036
2534
2062
2220
2122
770
2433
246
1887
2313
2440
1848
2054
26
1906
2336
1934
306
60
406
518
2157
38
968
288
58
164
46
272
2375
2664
2302
196
2096
804
1118
2024
2030
2532
2146
1993
2603
136
560
1382
2559
1084
2007
2465
1232
2576
2156
108
1402
1110
1836
1816
750
2075
1910
1996
2042
296
1843
1820
1568
734
500
44
800
1938
2851
66
2529
1610
2194
946
400
1286
1516
2068
1790
516
2459
832
854
1654
1660
1216
1204
2286
1410
752
2698
306
2219
338
604
616
838
2415
400
70
730
2470
896
2824
382
370
2537
2477
312
2733
292
362
992
706
1500
874
510
1774
2430
1236
2683
1212
904
1580
766
154
2267
2452
532
1794
358
2599
2927
1352
1460
2084
1364
150
2522
750
2147
790
138
820
92
2339
1094
422
2306
424
832
1952
980
498
2780
1314
2527
1552
2117
2356
380
670
584
2134
370
1294
344
1294
2480
1026
1346
1698
178
688
150
700
1943
2289
318
1052
2406
38
694
1550
822
928
1838
1879
1086
2408
864
974
2046
2195
2378
852
82
938
1202
928
1856
436
2408
2150
324
1232
786
2371
1560
94
2468
2069
264
1638
2301
2421
2299
312
430
1062
2053
946
796
434
2346
1250
1815
122
2241
1964
1862
786
358
2407
506
2362
308
52
2092
2520
1392
1128
2677
1704
430
2470
162
348
1192
2152
1190
2410
2026
2290
2000
1052
994
1804
1150
310
888
1490
2484
2545
2366
554
290
414
256
1918
1250
722
238
1084
636
1056
1718
1604
2147
1964
1012
2192
738
374
1114
2324
2240
980
44
2185
2563
2304
2132
2322
730
990
404
1886
372
2261
460
1278
6
1066
1828
2084
1008
660
1854
2061
2274
1731
2271
786
1098
2543
76
652
6
358
2110
448
1062
2105
138
272
2010
480
1426
678
2075
2228
1366
1650
2593
2257
418
2144
460
216
812
1376
1086
708
2869
784
78
2272
2611
2174
2301
232
2209
986
210
1966
194
162
1132
308
586
960
1610
840
2312
1942
1716
1604
1714
2272
2184
1586
440
2042
3025
414
1212
928
1204
2123
2096
2010
1190
2246
2252
510
2411
2408
2115
8
1482
1164
1730
32
1140
2237
1044
460
1166
1852
2049
1894
726
1512
516
1526
718
2261
564
560
2270
2247
2689
48
2242
1188
104
2278
314
1636
2796
798
2050
8
930
2174
1859
266
2747
100
1066
620
2321
1178
1252
2083
2420
212
136
2193
2612
338
1390
2308
576
2231
1598
2370
2493
2455
978
2386
2670
2234
1108
312
2438
704
1886
2594
2119
590
1940
842
820
1318
164
346
594
1696
690
328
2245
1430
388
82
1076
820
1956
1782
1348
1874
894
346
2409
1302
600
1062
494
2069
2410
116
2333
80
2066
402
1966
2367
590
326
1492
1608
866
376
2280
378
856
1014
2691
1602
334
180
210
1070
2292
2158
2660
632
2002
118
2622
1054
2514
222
1784
2283
210
1022
360
2401
124
2508
1959
2337
102
2511
2493
1629
1960
2218
2096
602
500
2152
1046
2345
2678
2705
908
2181
12
1864
828
364
172
172
2218
266
340
80
652
2621
2743
432
6
1584
2018
1632
592
2620
306
670
128
278
2123
2309
2160
394
1776
1720
2567
620
16
2302
1322
124
1548
478
196
418
2318
2712
2235
1738
224
412
698
906
1942
178
2677
2617
1955
2042
2170
2165
708
448
420
150
2416
1930
1488
144
1546
472
636
1586
564
154
2295
816
1658
280
288
1941
1274
464
2670
2406
538
402
462
2305
232
2448
164
1970
122
2126
2271
258
2196
2228
440
1866
774
2513
542
62
828
1466
1844
164
2951
700
1620
2410
184
824
566
2699
1122
1770
2152
522
1346
2765
2118
874
2688
524
512
2290
268
632
2237
2244
1520
486
1002
2207
1256
2785
2425
90
948
1977
2551
1256
2196
632
64
1841
64
618
2517
1392
2312
590
1196
670
1186
1873
2456
1260
760
1848
408
1676
226
852
984
1692
1902
676
2867
334
538
2170
732
2100
1884
322
2260
2530
2202
1254
1480
2320
1180
954
102
2452
794
2295
2083
2406
376
1130
2106
2583
2327
2116
2335
2218
2638
1900
2130
1080
1832
2042
2231
2265
1574
126
342
60
2486
1044
1098
2016
1098
402
2275
1070
780
1116
2537
1776
2002
480
34
1518
160
208
1880
944
2445
1086
2200
2723
2291
2347
510
148
2183
994
2500
708
2371
2452
228
2368
384
184
876
1682
1312
1795
1268
60
878
2358
1392
1448
924
238
698
2127
1200
938
820
1182
1820
2555
2208
2208
560
2374
722
430
460
1048
188
484
1348
280
740
706
400
2178
1634
2226
2573
1756
388
1914
874
2322
428
648
2693
1056
1804
2070
1975
2608
2567
72
1390
966
2137
2082
2025
2138
1976
2355
1184
1992
2192
2431
210
1090
2004
130
2710
1152
1991
144
2060
2391
718
1354
1064
2341
188
110
2391
738
2543
906
1430
2492
802
2720
1398
1738
212
2379
2360
2132
2410
1398
1875
154
942
2387
2082
858
1668
1098
1278
748
2370
2516
342
2404
416
2189
1178
1252
1218
1548
568
2132
52
1298
2374
2683
1726
1666
2410
452
1202
1292
1356
2513
578
2656
926
1796
1040
2493
40
2513
1913
838
486
1248
1402
2599
86
1654
2585
2214
770
538
2781
40
1022
346
602
568
598
2470
2342
1859
1252
2560
1312
908
2118
1650
2269
162
2362
2418
1804
130
2286
2098
2249
534
1874
2140
1322
178
344
1826
2151
2612
370
1598
256
2018
2006
2354
504
1820
2684
2252
1298
844
1668
2418
2354
26
1922
378
1342
472
1902
2036
1875
1600
444
2180
2599
542
274
2526
460
634
522
2018
2124
2208
2227
390
2496
972
664
1648
504
2
282
210
2277
602
338
2574
2671
1182
956
12
468
718
1526
498
2155
400
182
2412
640
1014
2275
2408
274
2139
2186
1955
1720
680
2556
2188
668
76
1154
1778
1246
2416
2147
230
466
2093
1432
2179
36
2129
1304
1180
578
56
2425
1630
1080
376
1062
2375
2362
1120
1604
574
78
2219
402
808
560
2213
60
1838
1860
1896
2225
414
452
418
472
1890
1464
2260
2317
978
164
2440
322
2043
1112
2598
2464
392
2540
2325
2198
1857
1256
1644
976
2715
2434
1872
34
636
324
2446
630
350
1240
72
790
974
770
1042
2310
1710
2276
1048
2024
1228
34
1390
2249
1676
1210
2020
2640
76
200
1540
2407
1762
404
1406
32
2078
742
186
484
2563
1414
712
2167
2064
166
248
2021
1484
576
312
1440
120
274
718
1954
2476
384
212
230
2320
70
156
364
2034
96
880
1230
770
580
40
2068
722
2637
696
242
1882
2113
730
1030
76
992
1706
1498
2337
2246
1186
428
2517
418
2479
2337
232
2345
478
1234
690
1744
68
1256
52
250
962
1496
2102
444
310
1336
42
490
478
2302
1442
2652
1912
928
1530
2196
830
1014
1042
2291
1842
450
1780
714
2280
2956
170
946
1680
80
52
118
1244
1144
4
2159
2637
818
544
354
2056
124
964
1482
932
1122
2222
414
598
1326
948
508
1154
568
2070
1088
46
20
2223
2523
2412
852
500
440
854
600
2446
1530
1412
880
1856
328
1250
1412
2537
1560
568
2029
2049
378
10
1788
2548
36
2188
2207
878
1410
1206
1664
2579
64
1068
954
1476
2756
2610
1616
780
654
296
1242
622
438
2778
1642
2294
340
648
746
2351
2731
60
58
1700
986
2423
1983
1266
428
1068
888
2164
462
2417
278
2329
1128
672
758
1470
1594
206
434
1624
802
2186
64
2160
746
2420
990
1645
1440
1182
242
2077
2481
380
1876
1352
1898
1186
2048
792
2280
242
1934
2477
434
558
1814
114
1076
360
460
970
1104
1378
2330
1952
1496
344
1412
2514
2149
1252
98
1444
2111
2254
836
756
2078
2433
216
8
1738
1880
1812
114
1066
66
2307
882
2578
362
1308
1998
852
704
2200
2028
2598
1456
796
176
990
2109
482
1348
2596
1292
310
504
2396
2047
1340
2039
312
2480
2327
2144
92
2354
2442
2383
2136
1022
2465
1396
2405
2680
2397
1324
2166
2533
1332
2174
642
734
352
410
1348
428
1370
462
1648
88
1338
346
2009
2434
922
776
2641
960
1476
1350
782
2529
1857
78
2595
208
1836
2108
1656
648
2219
530
2264
560
308
2438
1496
1598
2222
246
2137
1136
1082
2498
2581
2584
2310
2325
1304
996
818
316
278
1192
338
1684
2358
2426
2066
2439
1056
956
568
1506
4
2644
766
420
2188
2777
2789
2532
2129
2649
2022
2238
2351
644
1188
254
272
2306
312
2363
1786
586
1852
112
136
748
1344
736
1903
278
42
1668
2245
2586
2219
468
12
14
1068
2288
2552
2497
600
2376
806
2435
370
884
1304
54
1812
1536
2624
1110
472
770
120
484
316
1188
852
1150
1486
94
2252
2220
906
16
520
926
252
1410
190
646
1458
998
2863
134
960
766
968
1052
2367
342
640
2457
1554
1260
60
1452
432
48
254
562
2253
1030
2401
1732
1738
428
1618
2211
1296
336
1516
8
1194
2234
364
2414
138
1282
1122
2180
1754
1158
1230
2208
2458
2637
130
2408
1460
32
2554
272
2166
118
150
436
2260
2661
2048
2547
1790
2641
2257
2745
84
2427
2174
550
1276
78
220
1106
2128
78
136
2456
2870
2341
1968
1984
2130
2189
984
14
1788
2264
32
352
2326
446
1082
2684
1961
196
800
888
2614
728
220
2417
250
610
2379
2007
2237
2476
1920
2448
568
532
304
2347
2635
2192
284
946
2432
270
86
2428
332
2502
2467
940
1900
826
914
1196
2399
1312
1682
1860
1258
2059
116
318
1723
2446
2420
2619
2355
1848
528
2602
1058
532
1622
1218
412
2592
254
632
2296
2285
410
2183
2286
2453
548
46
602
2114
1252
1462
402
1462
512
262
1770
1556
382
128
1890
1528
398
2304
554
140
180
324
572
1094
186
1846
462
2400
2050
504
380
678
2472
702
280
74
260
2196
2289
2278
2134
1184
2253
2362
2433
1536
1250
1934
6
804
540
2622
1955
1862
2088
1848
156
2334
672
718
1474
1642
2054
396
108
1270
2041
212
1106
2924
2393
810
2358
1366
320
106
1502
2307
918
780
842
230
1693
2247
560
850
1294
1790
202
146
232
198
2032
2323
182
344
520
2136
614
1991
516
102
2114
836
2204
2485
2579
986
2357
2310
1068
2249
476
880
2357
1782
38
2298
130
1826
650
16
2439
430
2185
2008
2185
174
1594
2438
2470
746
2398
1304
2362
1974
990
1976
1388
464
814
692
2004
2342
290
574
90
6
1188
2308
430
2952
240
2217
2628
1895
1420
996
2008
2229
412
940
1863
844
2333
508
620
1052
40
2366
1120
1584
2716
38
96
2357
672
1000
294
2648
2240
18
2138
166
2511
192
358
2280
842
1987
2102
694
378
2013
1516
408
524
732
2102
560
2011
2094
794
1538
238
398
1002
810
832
694
2444
766
166
2172
276
2057
790
118
988
1154
596
584
836
1218
2179
1512
2238
2346
388
2350
1256
2530
2580
2072
2307
2500
1927
62
1728
220
2096
234
2044
2160
1024
1496
868
676
530
2451
2364
2386
2851
1272
642
2194
2062
550
104
1094
2110
770
1814
1434
148
362
490
608
2206
2506
2088
1462
2389
32
242
2446
1902
1654
1454
1774
1910
584
2173
1102
1540
1700
148
2402
1376
1883
2370
2126
1878
634
2476
412
2488
1174
122
770
2452
8
1172
1910
2689
2138
2349
2284
674
2552
2394
298
246
142
2270
2347
1682
1542
2073
120
282
2162
1152
2312
104
6
2273
4
1828
2312
1926
136
1794
786
306
2875
1062
2358
2737
696
2519
1504
962
1863
2161
1318
896
1430
74
550
1512
1906
622
340
2952
602
774
550
2660
1356
2304
2347
2485
816
138
1126
470
1058
30
368
940
2121
2274
1364
262
2478
2417
478
384
2035
1286
484
2399
490
2458
2436
2340
2201
2133
2722
1038
1164
2576
2295
406
2580
92
2476
282
2450
322
462
2232
580
2000
1946
2444
974
384
98
584
920
1722
754
2150
1222
1986
2058
80
110
2217
34
722
2544
566
2146
78
702
104
434
1186
2607
2144
296
798
744
948
1358
1358
1078
2188
2375
146
122
2112
1006
1564
390
1500
548
726
320
346
1913
644
524
1608
2091
994
2056
818
592
1364
30
1278
1614
1238
1322
898
1430
1146
1786
3033
528
1914
140
2717
2459
2118
78
924
1138
288
2150
708
2365
490
1842
706
232
2197
1306
1588
904
2348
566
234
1588
2216
816
2437
2565
358
1542
1338
2312
2014
118
2578
2377
932
2140
422
2199
2560
962
2456
430
646
2421
594
1488
2357
2422
2323
1644
1882
1192
1542
602
2718
212
32
234
592
2585
200
2197
2290
2129
2269
444
412
2682
1694
2448
2016
376
38
1494
784
16
2332
2497
2437
336
2285
246
1204
114
2202
1176
2144
1124
1898
150
2391
1432
644
2042
566
294
594
684
2348
72
996
2161
804
1080
756
868
870
2312
1614
1544
402
1446
2384
1904
2435
674
2073
2150
738
2373
2522
2380
1932
1789
2324
820
850
208
522
2342
2046
2506
334
2378
1390
94
2618
1942
360
546
1764
2045
742
722
2339
2494
1018
1954
2294
2281
1884
2621
2433
2062
1722
2429
82
2478
540
978
1222
1072
2003
1926
792
546
1498
1096
1968
330
86
40
1332
108
16
456
2400
1436
2062
2384
2276
926
2469
2725
626
222
2089
1134
2215
3088
218
782
118
2066
562
2013
2046
374
2402
104
2331
928
466
2436
1060
2646
2589
2296
68
984
2493
220
2143
2563
2288
2568
1993
250
2174
604
2259
1068
926
352
778
244
768
442
2601
2104
1582
856
2143
2174
668
1772
826
398
1018
428
826
1572
2161
24
44
2503
2265
1821
854
1843
2014
132
102
1530
854
2521
890
2790
1020
2608
1234
2090
1148
2192
474
656
1504
2238
1889
504
632
684
828
2434
2501
456
896
2255
714
374
1904
660
2005
2877
2069
2209
258
2067
592
2798
1830
1432
1866
2423
1136
2492
2672
626
2417
1168
324
2601
1192
2040
476
1142
356
344
118
874
922
2140
2310
354
160
6
2100
148
1604
576
154
1026
790
2217
802
1574
412
1284
80
176
1702
94
48
1822
564
728
484
1772
562
422
2545
518
1000
2300
630
904
2212
1376
1862
2108
2563
172
2188
404
2292
2792
1384
2129
122
1644
2142
2149
600
1858
666
1240
366
1979
2293
1604
188
1252
334
490
504
2110
1824
2385
1102
136
288
2528
2306
2704
2075
2180
2184
2085
1726
2534
2579
1858
362
8
170
970
2441
1468
268
2221
2522
632
1566
534
2256
270
160
2380
2052
2307
62
444
678
1258
2111
2422
1626
632
1390
506
508
274
276
2630
2008
2197
1402
1878
790
2090
502
446
746
354
2331
1078
1300
2176
306
610
1324
1316
2215
200
440
846
180
620
1820
636
1130
1709
1138
2483
2554
1432
2161
434
294
2091
1780
406
2159
2368
620
1852
1955
2158
2096
68
2721
2453
978
1348
476
1348
1146
596
2375
2407
1542
1082
1302
2290
878
784
2262
692
2345
1652
1862
2380
448
76
1430
2375
2242
224
538
2126
1102
1642
1038
2422
200
1364
1864
112
734
1068
66
1680
1816
1916
2332
2052
1024
262
326
1446
2663
888
1736
1484
1436
1050
1554
1632
792
218
2584
1866
512
2435
982
2614
322
2291
2236
356
1906
2715
2341
1704
2055
286
390
1194
1008
1084
2422
900
1680
2122
2455
908
1418
808
542
2276
2013
956
176
1844
870
818
984
2346
160
2268
1296
174
348
2862
2372
2498
996
242
1102
2250
2214
374
504
1064
2530
188
382
1406
1222
2489
870
2402
2399
1650
2113
2408
2155
300
190
1760
2
1946
1146
1482
1364
2957
1862
2188
2152
1670
2411
2107
1266
1464
2425
2392
2362
1444
1776
852
1988
24
1909
2285
314
1122
2024
580
1008
512
2654
1930
658
384
2371
1726
1534
30
1620
1997
256
974
2277
784
2399
1612
198
524
890
334
2284
1488
304
158
1866
2396
1796
710
906
690
1238
2455
630
974
1378
392
552
840
294
2028
1780
1064
2783
426
2027
1890
2386
2635
2797
2344
1762
2144
126
1462
1182
282
690
1708
1762
2451
286
142
512
262
636
208
138
646
1134
1058
850
2144
2370
618
298
2017
668
2315
2126
554
2149
1434
316
2556
910
2142
1658
1060
1844
946
764
2164
1062
2546
2270
80
2154
212
2420
1822
2012
2337
822
2628
1274
2258
268
1656
2349
2405
58
46
264
2440
116
74
1032
1878
402
652
846
178
194
2280
2329
162
2363
1912
2541
2444
620
264
2479
712
1542
1734
2212
2142
536
2294
692
650
796
420
312
2064
1166
898
2117
264
2076
2597
1256
214
114
274
1974
2381
2288
2400
100
1782
1424
2414
2664
242
1274
1780
1558
2615
2061
634
936
1446
812
2230
88
1862
14
2494
410
2220
572
608
1350
1198
1290
1182
208
254
626
530
1772
164
960
2056
136
56
1859
1605
36
2370
20
1746
662
98
704
2260
16
2558
66
2448
852
2348
300
304
512
1416
102
2115
2024
464
1931
406
1824
2034
1436
2281
92
2323
2530
1906
2099
1176
2459
362
810
246
172
182
2272
1104
2136
2582
896
1118
212
1981
2523
2215
2335
308
264
44
2421
436
146
498
888
2040
1816
2244
2010
2068
1714
38
2080
2325
724
1962
518
226
1446
2342
2597
2064
2160
2260
2250
540
2466
210
1994
2012
2782
200
912
1996
1790
832
2052
1322
2144
1964
610
714
260
284
2151
2117
310
950
1212
2000
1558
2054
436
1306
2859
2543
2507
10
790
508
1714
2500
2352
226
1622
2267
1733
1222
354
840
2342
2455
1432
2339
698
1922
1214
86
1926
566
380
1566
2106
1322
948
1338
180
336
2184
1304
654
518
1226
1552
396
2376
1148
698
320
444
2421
2079
2318
548
3182
884
2336
2415
110
10
2270
1054
2322
1990
394
2271
1038
46
1264
388
354
2750
1096
2628
1388
1028
2310
1442
528
2405
470
2354
2198
1490
1952
2160
2634
126
1046
34
1478
2267
628
412
2574
2384
2308
1356
2217
1140
1867
1918
570
456
2179
860
482
1796
1686
2280
2562
3118
2271
288
1382
784
992
476
1710
2324
1256
382
1902
2582
1980
2302
2108
980
694
536
1090
1516
1846
1946
1040
1762
1088
2101
2082
2241
320
688
1840
2166
2133
1764
2469
146
62
1264
748
170
1936
2162
1092
1566
2711
12
2422
444
2510
1977
2237
2162
1660
2456
590
686
976
2374
330
664
1924
1184
304
1885
2140
1436
2129
340
746
590
2442
1884
608
1894
2058
1420
2363
2360
2532
2728
1078
1822
2285
86
788
2098
2266
1935
2692
106
1546
698
1234
1306
470
404
2579
2461
1060
36
144
2368
2165
2344
3238
1214
418
290
554
2286
2304
2398
260
252
2583
1114
496
1430
182
2173
1872
250
1794
2200
1034
2290
1788
2060
1640
2533
1919
1196
2164
2400
1086
508
2321
1340
582
558
2018
14
2563
776
356
86
44
2595
2368
2465
266
34
2367
2416
2145
1986
362
2010
968
1210
2165
2220
1034
2640
2284
2230
1164
2097
2394
2244
1464
1450
2211
334
1180
2074
2111
694
362
414
1096
298
1084
1864
1398
2184
380
464
2113
856
2189
2060
96
942
2182
1906
638
560
2343
2230
2155
2235
752
1931
482
636
702
1330
460
752
1800
796
2112
2154
382
1780
700
344
54
82
1942
136
2184
674
880
2252
1824
380
474
2366
2102
2402
1624
2092
612
2193
2045
2346
616
2588
2539
2406
2382
2200
304
670
2739
342
2538
2692
2078
1414
2452
250
2012
1382
1366
1342
828
2522
718
2785
452
86
1554
2592
378
1790
2616
1962
1692
2474
576
1410
1104
922
1476
224
1924
1866
328
260
2476
2403
2344
530
2717
1246
2122
718
1250
1620
2053
1522
2716
736
2051
482
512
248
20
38
816
2404
1086
2492
726
2392
2262
66
2296
2325
380
1444
1846
2139
376
2295
356
252
188
492
594
2259
2443
2468
146
698
876
1080
838
258
1430
2146
2599
68
1806
2264
468
70
2528
1264
114
2315
1234
2235
320
2442
2013
1216
1678
1290
1000
1518
640
2032
664
1642
2466
1278
1858
856
1366
2345
2534
2030
2279
1552
218
2558
1960
748
2186
2258
92
998
526
1470
2447
2640
2284
568
832
332
2341
1028
1028
1943
248
568
2066
994
814
2362
846
862
1540
2730
464
1330
2313
2012
2188
2337
2160
652
176
1384
326
118
788
332
156
526
2220
22
2559
2465
1088
1564
414
1944
2482
1030
2254
750
1513
1238
1650
2118
2258
2623
408
392
2356
2376
458
2457
322
450
2325
40
2127
1070
2322
264
608
642
264
572
398
744
336
2477
752
2206
2105
144
2323
86
2178
538
2353
1934
384
1170
742
1196
2038
466
2022
1496
2851
112
2375
456
1314
1974
1150
2620
830
2393
118
1376
2343
1110
1268
2718
934
2131
586
2161
2700
2690
406
640
72
430
2451
1302
2424
2501
922
2418
718
1018
1042
666
942
1660
1020
662
1988
26
2187
134
224
2029
262
1844
350
76
2411
2045
1492
1710
2265
726
1280
360
106
232
2010
512
2382
318
2068
2534
980
32
166
414
1917
2423
2050
1962
852
994
2296
1458
1468
2450
240
936
2480
116
200
1018
1550
284
432
1230
710
2359
1612
128
1254
1404
628
116
2
2404
410
2227
2156
1138
396
2647
1200
2369
168
2590
1204
2004
548
510
590
506
888
464
2601
668
1300
516
1650
674
42
2424
2552
422
2358
1870
1474
2427
678
344
2528
1240
326
2573
1977
1470
124
1706
2152
472
2033
848
252
2075
2503
2521
398
2505
1150
32
664
1234
298
1028
1582
1704
100
932
1954
2310
2946
34
438
1984
2669
1896
2457
1682
1408
1582
2069
2678
2274
400
1698
2368
116
844
1976
2302
656
902
214
1368
556
2275
418
66
390
1308
2618
586
168
344
572
2329
2117
702
310
1977
2563
2652
226
746
1794
1012
946
1272
2163
1094
220
280
2204
516
472
2464
2370
1018
2604
366
676
518
390
2119
260
2189
1470
2204
2404
230
766
792
2647
584
512
2089
2585
268
1346
840
1760
2189
2379
1506
918
2434
136
40
1946
302
970
2451
1578
1346
30
438
2243
2104
378
2305
1110
2310
1332
2110
296
2115
308
1136
2396
2333
280
2320
2251
632
96
2294
2148
152
614
1965
1380
570
622
582
624
324
934
1608
824
406
2040
790
2013
2499
820
1876
2699
1854
326
410
528
2431
2293
1748
482
2670
1248
6
2186
1704
2254
2370
1424
1026
2100
58
2543
1076
242
1036
30
1904
48
2132
1866
1388
1871
644
956
334
2347
266
782
1400
344
284
952
794
1420
2228
2367
2079
442
952
2479
1034
2716
168
830
2456
226
488
1438
194
740
2584
1198
2290
2227
320
1988
128
1992
530
1128
2188
2200
850
1108
2456
2085
1688
408
2338
1970
2601
2354
2884
158
1932
702
1298
1352
2397
2159
852
598
1256
2012
1488
2626
1850
566
2466
1550
2184
814
2096
1580
964
236
2508
1020
2570
50
2528
1975
2707
1070
1306
1292
1904
460
296
1854
2098
58
2264
1432
2279
622
484
1266
610
1799
2498
208
2187
2069
2056
1380
462
60
1098
2296
390
528
490
924
246
2547
82
2456
480
1518
748
2449
520
794
2260
506
1354
2364
1930
1646
504
336
78
1668
410
1014
122
1786
834
444
1734
1773
1030
2223
1196
1812
2358
1952
1250
1324
2262
1354
84
2032
336
2392
1684
2123
2100
2044
2516
1066
2140
2439
1648
2542
1938
1674
2145
680
2537
2194
232
1232
500
2068
1966
894
450
2408
2955
912
822
2270
2314
1532
1110
336
782
1064
1712
1606
2415
2282
1268
2372
56
2537
550
46
2382
1348
2326
388
2222
2098
954
856
1914
2717
2346
740
2742
1120
518
244
598
1168
2231
1924
780
2497
1082
1857
1750
1990
510
8
64
2721
2336
2523
672
1622
1830
30
518
268
486
2323
1999
2272
48
846
2326
2437
1526
540
88
2392
2092
2213
1216
1850
1812
1248
432
782
798
472
620
2480
2338
700
1158
390
170
1796
404
80
2382
2185
1840
1222
1945
2019
740
370
2479
2210
2128
1024
1890
2524
2915
2442
466
1896
1754
876
480
606
1356
196
1650
442
962
1714
1346
2351
2625
2406
1926
2290
784
2445
4146
730
778
80
2026
708
812
64
2350
500
130
1352
2482
1992
2093
342
2275
496
2036
2362
304
656
86
258
1762
2793
272
2544
2502
212
2006
160
128
2183
190
352
2340
38
1102
2186
314
168
1074
2213
1668
2450
1348
964
1376
1934
562
8
624
2408
2370
682
1900
2426
402
2596
2118
126
1058
1012
652
2150
1008
2521
380
2358
2480
486
1882
2206
476
1238
812
1978
1846
1870
2183
2320
652
2353
1572
2329
2336
594
2111
1002
1556
840
456
166
1332
1408
1931
902
2369
1256
1816
2254
476
2051
2263
2196
2685
1266
242
2217
1664
2322
650
2202
890
1226
102
1809
378
120
2517
2618
2054
2738
992
2317
2120
652
148
2098
1264
20
2268
2384
2122
2434
1230
586
108
1134
1498
896
900
1772
474
1628
2140
2524
1544
250
2642
1836
2054
328
100
2322
1728
2509
2338
2944
2254
1088
1930
122
1268
2214
1162
2526
1910
68
142
948
2216
2078
2328
2211
444
40
1543
306
2072
304
1264
2558
1504
2086
1590
696
2548
996
2342
2413
2301
2002
1272
92
1928
2645
2458
2157
2398
2090
1330
324
448
426
376
540
684
2094
1646
2396
1202
2353
1058
1944
272
2479
2382
1420
2118
1250
1726
1090
492
332
2185
258
742
104
1016
1142
2456
1994
1122
2777
2467
1170
20
1886
936
2445
1976
2532
1178
1769
2112
1936
236
342
90
1394
296
38
2289
668
1996
1206
1885
1180
1224
132
2671
418
2654
738
1522
784
934
2235
972
2290
1212
736
2118
1682
2461
2130
132
1936
1390
1432
1118
1718
716
2146
1394
2299
2374
622
2575
1548
444
1736
2526
360
1278
16
1258
304
852
2202
636
2040
1258
1688
2464
2453
1918
2303
1146
2274
1934
1896
1008
1242
2111
2253
12
2274
2510
846
836
584
1470
1014
2003
988
1126
320
206
1876
184
448
766
2306
1216
886
1300
1508
2369
2201
2179
1964
484
2691
792
2100
2604
444
628
252
1068
718
1592
2523
2002
2546
6
152
1256
992
1318
2061
2271
1440
364
1586
2168
106
2353
1206
2096
2683
368
2400
2677
584
570
450
1736
1216
116
1933
1096
860
1544
294
1994
368
2230
2141
2004
2212
328
930
2030
710
482
1796
1656
2029
1804
2243
1468
2358
2775
160
1952
538
1852
276
1510
2076
2206
1544
2563
724
402
2499
480
1750
336
1346
1176
2295
122
2491
2295
2310
2488
1300
244
2350
446
1738
2273
2488
86
2475
1840
1624
1868
1532
1006
2531
2517
658
1586
544
258
1632
2235
994
674
1346
2640
588
2378
1930
1026
2034
1304
972
2255
2331
514
2074
1254
876
2439
2551
432
2484
2201
536
1664
1938
1682
512
2678
2366
894
2364
2323
2111
2202
1504
1588
2356
2064
1608
1854
1028
2244
2366
880
1004
1194
2258
136
616
896
2491
2263
440
112
832
1974
2532
1038
1904
924
2018
506
1592
604
1158
2795
662
2278
382
1558
2153
2188
2316
1154
910
66
34
2339
2344
128
886
1917
336
2309
2174
1396
872
1072
2228
2094
1322
1248
332
174
1979
262
2659
632
698
1942
2124
516
852
2527
1244
2402
2276
2641
1406
252
1772
1356
346
2148
2264
2008
810
250
2416
330
1334
50
2345
2008
1208
2386
1246
1790
2210
2155
10
2274
992
2106
562
974
1232
1780
84
2319
1016
2568
1036
412
2291
2003
2759
966
550
1724
1298
2307
680
906
44
1610
2130
604
118
1552
1734
2285
1664
1626
2518
1818
1370
2126
1684
48
2172
246
2271
2661
2252
2448
1070
608
2189
1456
1654
1110
638
1518
2058
856
80
450
660
664
1024
358
2230
1603
428
140
2186
2683
2090
1030
782
2166
1006
350
566
1781
70
1440
2004
826
722
1324
1740
2036
452
70
982
730
2072
1364
1948
532
84
388
2326
2205
130
4
1748
1826
2194
1198
1056
154
2226
2027
384
3103
2210
970
850
594
1998
1889
1156
2328
2510
1804
614
1954
1234
2137
2223
2540
782
1014
2263
6
1906
2381
876
1188
2044
2129
1238
2299
2728
1540
1072
800
1380
852
1784
534
1540
952
1582
568
710
2458
1242
702
328
1062
1460
2180
2344
104
1078
82
1404
2357
2195
336
68
196
8
318
1596
2427
590
2084
2003
2187
2158
1544
24
1184
872
1818
682
714
868
2514
1098
1770
2733
2747
2068
1654
2238
1706
1953
2010
34
2678
516
24
56
2449
1160
1034
330
996
1830
434
1744
1903
1194
1630
1846
2536
188
1860
902
1158
1846
1709
1486
852
936
2133
1106
2025
2166
88
1772
2198
2467
552
2006
1968
2717
2472
112
142
2380
2532
678
1274
1492
588
2238
1040
424
418
2095
460
1136
2060
288
828
36
224
1308
1088
1530
986
92
644
730
2114
704
2259
426
436
1720
2245
2022
300
750
2019
2451
604
1464
1228
826
1852
730
346
2534
186
1958
1648
1606
2250
2770
1544
2300
738
1608
2445
1818
1158
754
832
668
1168
2096
2205
1328
1140
2187
1458
592
2057
774
222
1268
2065
1388
2662
2450
862
2074
2128
568
2056
372
400
816
458
2065
2806
514
2163
1964
2034
1762
106
670
1522
2657
2056
1666
2020
2252
2341
546
1290
2537
1432
2348
1678
194
2506
2357
1944
2296
286
1364
92
530
532
2196
672
1668
878
710
978
28
24
516
226
2452
648
1084
758
2769
18
2266
2070
2559
2252
1946
1114
2609
2223
1923
40
586
1500
2681
2086
2363
2611
1196
2321
1900
2310
1658
236
150
2240
2169
2214
2189
182
2789
342
2172
1576
1306
1532
1512
706
1682
2275
38
2233
2564
2533
960
234
2350
124
202
224
762
2204
1896
884
2364
1960
334
2217
70
172
2596
2072
158
1150
2347
330
2476
58
2415
370
462
36
360
900
2610
380
1602
346
1216
1824
596
8
2029
1748
2555
522
380
54
2561
696
2030
1938
2220
2272
256
34
886
2427
1128
2850
1344
66
1060
648
2160
116
572
2160
54
1890
2080
210
1848
2105
348
800
1158
2519
2332
1810
2083
2052
820
426
76
380
1180
98
2488
1222
1422
3719
170
96
664
1870
64
160
686
2150
2412
708
240
654
2584
516
1118
2463
2169
84
1370
176
776
2183
1284
1150
920
2383
1954
210
702
2298
2162
60
40
2061
1922
2590
1937
784
2002
2567
2252
548
224
1274
128
38
2038
1042
2694
510
2333
2407
2721
26
1054
680
952
1404
776
2504
996
640
172
454
340
2419
1854
2461
426
896
2518
2610
1774
1686
2011
908
2062
826
1934
2429
1218
1046
2163
84
494
2294
2390
470
1798
1124
2061
120
552
1182
580
1706
1905
292
186
972
1930
256
112
1336
776
2277
684
186
1392
2348
2559
2623
2279
2191
2542
1439
2567
502
598
2584
1118
534
1244
2250
2258
1932
1116
1886
2139
68
496
1542
2115
2363
2568
826
374
2136
518
1134
284
2489
2038
1172
1090
222
1240
2588
960
864
270
1194
970
332
104
574
2467
1404
2419
460
2528
538
2220
94
1805
530
106
2030
2339
668
210
300
1859
1684
2302
510
326
176
858
1937
1334
168
180
896
2103
1142
40
2863
2279
804
1588
1110
320
240
2205
1964
1200
2297
2300
532
1538
442
1898
1354
2437
2787
1812
938
614
966
1056
794
572
1068
2376
2316
1420
1660
1128
2028
170
2231
1830
192
6
152
804
574
1012
1086
1228
362
1961
248
148
1784
2434
1252
2069
430
766
1478
220
1929
786
226
862
2319
904
52
1002
2557
2402
2309
598
822
124
1728
2317
2111
460
204
1288
1304
1236
3026
554
1152
726
1036
2072
2298
1280
832
2353
1650
1132
756
2135
1858
2173
2483
2071
1058
400
2010
568
2338
1664
1885
2008
2143
84
2223
244
804
1934
1818
704
2229
968
1224
1412
2739
724
2025
2452
1332
1922
968
2426
1476
1428
1468
1690
776
2306
130
810
2446
1194
2082
1584
2640
504
2120
2263
854
370
2038
1360
1540
1944
1634
2162
122
2740
1134
2122
796
842
1176
1948
1658
1948
190
452
1556
152
2222
2042
34
2156
114
1648
2188
752
168
1224
1792
2159
1442
2730
280
16
820
1813
290
1540
2238
410
570
1294
560
2667
10
2222
1816
2652
2426
270
1510
1730
670
2367
1738
2207
844
290
2388
1330
1376
1132
2496
184
730
158
392
430
1492
1870
1894
1256
2573
1978
1875
880
2043
260
2598
2092
244
2108
986
2078
394
192
2405
280
312
300
486
122
2142
524
900
2193
1206
2307
1646
2548
2352
1032
2125
346
1646
210
1182
862
26
612
782
846
682
2702
106
2246
832
644
1316
2202
2065
1960
620
2301
2252
416
480
1032
2086
42
512
642
16
398
1362
832
1178
198
2566
1938
1966
1160
2628
1890
514
1894
262
124
800
1996
2410
418
2658
2300
1592
2324
272
1879
1296
1566
328
2353
1853
138
140
342
96
160
2135
844
2246
2283
2058
2313
154
756
2377
2220
2256
2583
794
1080
1638
1818
388
2305
2284
630
964
2574
28
264
752
1998
2148
1130
1682
2635
1422
2192
158
282
2237
2279
1594
4
1854
500
958
2098
2259
440
240
1424
2623
490
120
1134
2186
784
170
742
2635
1090
2554
2632
956
202
184
1892
1424
2282
232
1130
2122
168
2440
2419
2314
2499
454
764
1927
984
114
1418
618
1780
536
1786
1152
350
664
1830
2170
2509
114
144
2445
2023
2008
1594
2453
222
818
2375
2230
226
1000
1326
1490
690
1054
1742
2355
484
494
204
2164
330
642
536
2372
12
534
236
98
106
602
242
750
2127
1888
854
2293
2169
1741
1516
538
304
2354
982
2312
476
82
2378
1860
2086
2274
312
1356
276
2986
288
2382
720
2729
470
552
2469
232
2322
162
2166
618
120
2451
1840
398
1902
1908
146
2276
436
924
244
1070
1036
1364
722
2510
322
2077
2028
670
1090
78
826
1312
1748
2352
1106
708
924
1276
1028
4
868
96
1002
2306
2264
254
1082
1948
126
1246
744
1066
1902
706
222
2334
1550
2196
2425
276
1584
904
158
2537
228
2129
1580
2380
2065
18
644
2292
832
2659
1652
490
1206
34
818
2322
1400
2382
1824
286
2218
240
506
840
318
1582
2236
2290
1618
756
2625
1744
298
2384
1266
96
194
1798
808
1086
1310
384
988
954
1082
1166
1360
2411
2232
2371
1964
818
1202
214
1949
670
1866
2357
2275
2469
182
1624
2476
2434
2414
864
678
542
2175
304
122
1951
718
2546
1684
1766
142
2168
594
604
1356
1088
1452
2156
2404
2035
1728
2315
2293
786
1472
2189
1036
2390
1812
2658
1832
146
64
1298
92
1106
1652
1620
72
12
156
178
722
2262
2047
1072
2135
1678
2318
2254
2224
460
2369
2255
1908
2453
968
180
490
2180
192
1834
812
28
546
1792
206
2034
430
864
72
1040
1946
1894
814
90
1008
634
96
256
708
2651
1636
2462
126
1949
2039
226
1260
666
2343
2819
1884
2373
1460
2604
898
308
2187
806
2561
2483
1466
792
402
2
764
616
88
74
50
2315
1774
852
798
62
1750
2046
2289
1284
566
2360
1846
180
546
48
1656
110
1052
1856
2816
1454
1064
2469
2194
1918
746
222
264
500
1098
1872
298
534
150
1324
1198
752
394
490
2522
1366
208
884
908
2480
1934
1454
266
718
32
1082
1080
1860
652
1278
1294
2357
2638
530
592
700
562
200
100
394
1977
6
686
252
182
290
1572
2425
760
1789
2112
912
1532
620
2578
4
1344
52
174
2469
16
636
610
1926
2242
1756
498
704
1440
1965
1642
936
148
1354
1839
1822
1172
1895
1764
1982
2284
614
1844
1148
2299
954
1836
114
2675
1046
2351
2591
474
628
870
1792
2324
1728
2165
1200
710
1688
220
2462
1048
60
156
330
2453
2286
1354
804
2064
1894
444
1218
2279
1997
838
2106
288
526
426
1060
1586
2004
2026
2060
2450
990
2145
44
1432
1870
1206
2307
2196
2503
508
906
702
1824
1310
40
408
422
2261
1824
636
334
308
860
150
2210
442
120
2491
2255
330
136
1676
2546
668
2377
1966
1604
1738
1568
2482
2297
2212
1904
1616
154
2544
906
2170
1574
1722
1060
34
1686
2112
2653
40
1990
1570
1922
2273
1468
1290
1933
672
82
62
628
2629
282
192
1078
334
2611
2000
1856
1400
1182
1240
2186
1726
2068
1080
2344
2507
1162
1024
1008
2312
2795
2340
1190
1670
2404
432
2564
356
34
2043
406
1354
1326
1234
728
2460
2310
2449
718
916
180
322
782
1226
1434
1831
692
1991
184
1220
1190
1600
2026
1538
418
1976
574
1454
1202
2231
192
2083
2497
8
630
2283
76
2320
1524
300
1208
102
1336
1838
430
2157
2279
672
380
2355
1776
2321
1736
816
70
152
560
2637
1896
1742
1774
1620
1510
268
416
390
4
488
1734
1190
2537
416
688
182
466
1620
1284
2298
96
2486
196
2242
638
2354
604
1710
100
1918
1126
664
298
1036
2394
126
248
500
2371
2096
326
1128
2134
2398
2002
2076
2201
1600
1102
576
960
272
2128
250
1758
866
1472
2732
2222
2426
2565
2053
2135
2218
1831
874
2337
2323
2101
748
484
2347
2096
786
884
2318
1918
794
1925
1977
2321
1108
24
2308
904
1080
112
1176
2275
334
2175
226
2293
1138
2177
2261
458
2482
800
2047
330
2420
882
1972
2652
2108
124
1138
2925
1050
620
740
1836
604
232
1806
2016
2237
8
2334
1664
2252
1940
2622
196
1218
2630
354
638
1372
422
1012
918
1486
2338
80
1988
2282
1798
58
94
2277
2419
1168
1846
2522
2567
2177
270
2012
1560
2366
648
540
302
1670
2419
1270
1036
2599
1198
1134
2217
2331
1954
2474
1474
790
2628
898
708
2489
2283
2
1208
2428
276
2482
2179
2063
486
364
222
2521
1530
2416
636
2352
484
2114
546
1022
508
2189
2699
1802
2221
2321
2131
718
340
2068
206
642
1470
1949
38
296
440
2520
1830
2412
2141
1462
908
2112
2308
1602
938
64
1354
468
192
610
1728
812
314
88
1858
2322
78
272
148
1302
1562
262
2394
846
1903
400
2600
46
2421
1192
1852
30
1258
2165
328
2681
488
2535
1670
748
2482
2341
2375
2871
2288
226
32
714
624
2293
1296
1746
2570
1334
424
2029
2330
2413
1344
2257
248
1226
2338
2359
814
618
162
1564
2529
2602
4
2277
2187
2621
622
2371
960
2190
216
208
58
1342
332
932
1864
132
1590
1312
2757
2513
1466
2483
2319
952
1774
2590
1552
1418
1972
654
528
208
1614
1572
1258
906
2525
622
192
136
374
718
88
946
784
2436
2332
1316
382
520
2425
670
2030
170
1408
74
2484
944
140
1418
42
1476
2493
568
794
340
2475
2075
884
1432
2265
1912
1140
1218
224
196
1356
2144
562
2095
2368
244
2276
1988
2232
532
550
460
468
2032
2351
1726
150
2558
600
2055
2513
554
932
1644
1266
894
654
350
580
238
120
1020
1398
12
1832
344
1406
942
1234
1090
2243
2579
2364
2177
926
180
434
194
210
1550
1224
1196
682
356
554
676
1524
2611
2642
1262
382
682
440
1986
152
2662
2094
1086
1978
1344
2702
176
216
872
1936
2267
500
2126
930
34
1256
2377
2175
2385
264
1124
1008
1514
2315
806
674
1923
2304
2207
2511
606
154
2473
1438
350
2234
748
1898
980
128
1064
2102
2374
2457
2082
1743
2479
796
468
734
722
26
640
84
1120
1904
1260
2079
358
766
524
518
614
2124
2501
2340
2199
2292
2124
2296
1676
1658
1706
2316
2258
1946
1282
66
2064
370
812
164
1858
2323
722
2
2315
2709
1377
2433
2144
1798
1496
36
2021
986
1954
2403
976
1950
2405
380
2123
716
934
288
26
378
736
2000
2261
2593
2130
2376
1786
2090
2475
706
1340
2132
88
2277
78
2205
2392
550
746
270
220
222
1096
2397
1984
1960
972
1754
660
2530
1982
484
1498
2483
258
102
328
766
2328
2626
684
2151
2568
960
2120
944
2076
2455
202
1234
590
174
776
1734
748
306
768
114
1356
2216
104
2266
2372
1604
2034
2367
1354
2475
2236
158
714
856
2281
922
2510
2016
2072
1130
1528
2098
1749
2132
316
914
210
2464
252
2188
190
1876
2418
244
2560
144
464
2078
354
2213
1080
1650
1130
630
94
84
2212
414
1823
360
1224
924
132
88
852
880
242
2318
1892
146
2145
1722
142
1030
2601
2410
528
900
504
2304
1984
362
812
3596
2898
1939
716
2201
2428
1868
2281
2368
916
2372
1602
1826
2288
1724
650
2155
702
2217
882
2269
36
1862
1740
2649
348
912
426
2193
1118
1196
578
2291
2350
2275
2046
442
1292
508
1294
606
2068
338
452
2522
4
618
1096
2381
2286
2332
36
2290
92
74
1816
2336
860
2185
1830
1962
1844
2627
1768
1778
2286
38
150
2758
2605
2107
250
2073
826
1984
660
986
38
974
2613
2378
120
2
714
638
132
48
252
2310
2431
548
2468
2287
2268
2125
610
1214
1240
2372
2396
386
2408
584
1982
262
1372
396
2334
670
1721
2089
1916
654
358
1934
1852
374
2376
2594
864
1634
150
982
1180
2233
2320
456
294
2237
506
2470
1264
1918
144
2397
1294
2314
654
22
342
256
372
1941
2339
864
812
708
242
1964
2450
654
2279
560
2465
232
174
504
1244
2113
652
820
2249
2161
2665
428
1068
308
2214
1670
1286
2173
76
372
2455
1814
1462
2212
548
336
2098
2596
888
752
1700
204
86
2163
706
1422
2054
1965
10
1950
456
632
2047
432
126
2138
174
1354
1906
2501
2338
260
2583
1582
2108
1504
2411
1356
1362
444
1018
2372
966
2313
800
1326
1622
4
90
2582
194
2514
1916
1520
2369
1826
1904
2310
2108
2257
346
312
1710
1414
1566
1092
2672
1938
1448
2584
2249
2176
2176
1974
1686
1166
1036
358
682
2227
2239
200
1106
2223
1680
1568
2096
1900
2403
1550
2053
2350
972
1160
796
512
2015
1816
2380
468
1040
1792
2595
532
110
1656
2376
1408
56
506
974
980
52
972
2209
2266
1980
2218
526
1200
2429
2106
34
858
124
1272
1288
2104
1790
2180
706
2669
442
1768
418
1016
2604
1122
2595
1228
2281
2552
2212
456
1748
1424
1182
2658
10
812
128
1971
1230
748
1078
1230
792
2247
1846
1530
442
1138
152
1368
1840
1576
1520
2643
780
2192
1898
844
592
382
2426
776
604
1262
94
786
1266
2384
2436
2065
2468
2498
2300
546
1882
2312
1338
1826
2022
792
2509
2185
2076
1384
2173
36
2523
1254
1568
270
1558
2510
1654
1890
1136
2438
2040
2715
796
1696
2015
2500
890
1946
2015
1010
968
2326
2464
2310
1666
1800
2493
1901
1540
510
1030
2324
2418
2468
1576
1578
1238
1852
414
282
2207
2646
1766
1164
1234
2413
1694
968
264
1442
516
378
1290
848
2436
2202
2182
222
1788
1422
1156
1578
562
2177
158
888
60
1482
2768
1252
556
1937
2557
2226
54
786
2138
410
406
1416
2637
1294
1378
1372
826
2305
2227
1984
2266
2666
908
280
1969
200
1398
1104
2525
98
1776
2453
74
2075
1582
514
2246
1631
2242
2140
2452
382
1266
598
478
904
1332
1376
854
2796
668
2102
514
2089
520
1424
1846
2063
1210
2680
2518
572
2243
1990
2202
842
2464
450
844
2153
1262
2521
2537
1316
688
1012
1834
2163
2461
574
2310
2126
1686
2455
1885
640
2203
104
656
1928
1582
1532
2282
1382
2644
80
2026
1434
826
2056
2578
2197
2128
2603
1614
2475
1352
896
2248
2599
536
242
2539
1010
522
342
1266
2020
2149
2114
2218
558
2391
1146
2074
962
2290
220
66
22
432
832
444
380
264
1376
1146
422
320
2589
1082
1310
1458
2334
1236
2174
1854
1008
1222
1790
1900
1872
920
2555
2293
1162
134
2170
1592
686
16
896
2510
2082
1458
598
2380
792
1858
124
214
2567
2585
896
2353
2093
2462
2389
922
2464
1464
2428
1924
2473
890
1860
2552
2620
2550
30
2290
958
1480
1965
2450
1432
1286
2229
714
192
2135
2208
466
1104
2336
2320
1136
1228
2496
2571
2499
2015
2698
1530
2012
734
1024
736
548
634
240
110
1760
1862
2262
2481
90
556
1938
1196
2268
2255
572
1958
846
2541
2141
2381
2226
1380
1156
2437
1376
626
2739
2401
794
600
1438
1036
1152
2389
1040
158
2437
1824
356
578
736
834
2135
606
2481
968
2112
990
1242
1342
1146
144
2234
2370
192
154
1418
1284
2460
16
2046
2213
1926
430
1054
2299
2217
2281
572
1208
2692
2324
2231
2226
2282
2165
340
2321
40
1452
2429
676
2202
296
1882
2056
2355
2241
1404
1806
2515
1877
2047
2346
2427
1374
2277
2570
64
1064
2301
560
910
2072
2459
2401
68
1972
2194
2394
580
2750
2670
1210
1276
1708
2467
94
2194
282
942
346
1246
750
452
1026
370
1102
1950
2137
810
754
1072
2243
384
2178
714
1210
1120
2354
2228
782
2021
582
2170
1066
2240
2420
2635
2303
982
1584
236
2374
2433
1688
876
68
218
2723
980
386
2517
1392
602
2069
1636
2589
1214
1952
1943
1996
2464
2166
2565
602
2442
78
210
954
2342
786
972
2337
1650
200
2032
2450
1530
2049
2331
326
392
138
562
2375
152
118
2179
1390
1688
724
2815
2410
484
2319
1292
2490
174
2552
918
1122
1250
1466
502
2543
2157
2137
222
2245
50
656
1330
1774
2087
4
500
1972
2532
2220
2350
2154
1068
372
1668
962
1490
1920
438
420
1422
1901
736
122
1260
856
2619
2535
222
1090
2519
196
370
42
2489
2665
1610
762
434
2117
102
854
1276
910
2202
1460
1152
240
2097
2397
2242
382
2500
2202
1168
1968
386
2153
724
1050
44
1870
266
1640
372
2106
758
930
1682
1164
2328
2254
1722
1658
1931
2532
540
412
1400
430
1418
280
2284
218
504
564
1958
2241
2296
852
96
1332
480
1190
886
2495
608
1986
1950
2098
350
984
1548
1968
1909
2391
1112
2150
2196
1678
1771
706
360
2020
1472
890
1230
2223
2673
654
1742
142
370
214
1186
520
1200
1048
574
2125
968
2080
2600
1432
2481
1356
2304
2575
302
636
1230
1312
2152
2490
2295
270
2528
2132
262
2710
2348
1418
2408
2056
1056
1758
2209
472
1240
2502
460
1040
2574
2405
1746
630
1658
1000
1476
2194
272
2177
206
2550
494
2040
2392
2533
2098
2425
2358
2819
850
976
390
2109
1054
132
2097
536
2399
2218
484
2704
152
2452
1990
2463
1482
622
2432
552
2167
1702
702
902
206
214
2396
1884
18
754
648
72
2517
2597
520
2368
2066
1746
202
1342
2556
126
2262
32
2192
314
464
2565
1981
2476
450
680
1168
2048
912
1818
2202
2560
1020
2075
2149
2398
2089
1948
844
1232
1840
2
4
110
1246
1006
2626
514
2156
240
1016
1056
2144
542
2314
954
2036
2138
1196
2536
934
1498
2227
2287
912
142
688
2652
908
914
594
2309
2417
1002
2512
2872
650
1336
1985
62
2115
792
2616
2565
2306
1190
1576
2741
204
248
622
2667
1264
2289
228
1962
6
1752
1946
1440
1120
102
642
546
1552
1226
2435
298
1414
514
444
2273
1838
2627
2306
1010
88
1788
252
2422
120
454
2205
298
820
458
2132
714
230
1840
296
128
254
2546
310
2309
558
156
1160
2669
162
1555
762
410
324
2512
192
2076
1576
708
560
658
1858
1608
480
2710
2138
150
1838
2142
160
568
2116
1586
1998
260
48
488
1084
2574
1680
2834
2212
2071
1748
2276
1036
398
612
2438
754
2204
1312
608
456
2134
448
1816
2150
2309
980
116
2315
2253
2450
120
2236
776
2626
2765
2201
2566
2412
308
94
2230
1268
1808
2274
2191
1240
2048
452
2328
2140
2482
686
496
2629
640
900
2249
2116
1614
1884
2181
542
680
24
2435
2621
1098
456
2195
1386
808
16
2018
798
1140
328
834
56
2361
2782
1600
278
1400
250
2345
2077
472
572
506
1919
150
632
2832
1518
2030
50
2223
2588
496
1718
978
2631
76
1374
1830
2742
2034
1632
2233
528
1708
1210
1058
58
732
2643
1922
690
2986
1691
2073
2157
1520
1168
2540
318
2532
514
2747
294
988
1813
538
2639
726
494
560
1212
2376
1544
882
154
2472
38
670
526
152
304
1342
2084
2310
628
2283
2214
90
808
266
1938
400
2544
72
1362
492
1706
336
868
44
668
2179
2619
1370
2237
322
1542
1216
460
616
732
1988
976
798
246
1224
2474
2684
2234
724
522
598
398
1078
272
536
224
152
2337
2262
4
1240
1450
578
2413
2340
2518
124
322
422
2272
144
1316
2178
2244
2873
2242
230
712
1286
1749
1208
534
510
916
826
2232
2020
974
2020
472
2703
2403
2590
6
1478
2162
1464
1088
2273
2154
2657
2172
1356
2233
510
2252
380
938
2370
2365
2451
912
934
760
2265
2452
2055
2952
1382
1204
606
1296
1336
2144
408
444
2089
2054
2634
2346
446
436
252
142
1044
828
18
1446
2591
2287
2316
184
2097
1182
1260
1176
2407
2234
308
1134
538
2112
1630
668
2400
2287
1941
2168
1574
2021
2093
520
132
2412
2163
2434
2473
1210
1232
1374
792
858
1536
2459
2433
54
2575
76
2069
1620
108
814
668
1692
1010
2468
988
308
1446
150
750
2626
2165
186
1474
334
444
2217
982
1102
2637
464
744
2455
1941
2002
798
2190
882
1168
1378
150
2741
620
2120
760
730
320
2553
2174
1602
530
1006
1590
558
884
2709
2285
2520
990
2616
1052
660
1764
2383
44
1860
1166
2394
2558
1134
954
2302
2071
2547
954
2539
2050
830
2280
782
2428
2092
506
1522
2166
2516
1040
318
342
100
2212
846
1310
184
1733
42
2365
286
1991
712
2089
2358
32
1646
508
1624
2333
814
424
160
394
1494
2314
1944
608
2496
228
2344
1284
2668
2364
2613
712
2426
1962
1214
1052
2024
740
374
1562
50
2290
1630
1274
934
246
732
292
736
1432
670
232
2270
2088
756
1244
1408
2364
2490
228
492
2409
2438
2751
1778
2098
502
1350
2366
2258
486
144
2509
1156
1998
1884
218
286
38
674
1244
1272
2252
1574
1827
22
1034
896
1524
680
572
1612
256
2186
2449
1964
2217
1066
462
2346
226
1418
548
946
2181
864
2148
496
1300
2564
1848
574
494
44
2656
1760
2182
2040
2204
1472
100
2326
1134
2310
2074
1744
130
854
854
646
92
2737
2238
2312
2234
2154
2110
212
1806
512
1798
1250
2212
2526
140
2437
948
1234
1504
200
2004
2051
1803
1114
1608
866
2396
1190
2606
2130
782
1396
2262
1940
2682
2147
218
2466
382
1586
2317
2504
722
136
648
1092
1664
48
962
2154
268
68
514
964
2200
1662
2367
2335
1612
704
1951
796
2353
1993
1538
372
988
1088
2344
6
2442
1710
2296
132
2502
1700
520
412
2327
22
1822
1598
898
2161
1994
1962
1764
2031
1150
2235
2127
2148
2121
190
786
2418
2358
2421
2410
1008
2123
2396
174
1208
2269
2552
2222
186
1158
1706
1868
2346
1480
2496
816
302
524
1856
444
2096
2052
32
374
1428
118
2517
2327
858
2517
2111
14
1068
170
1074
382
32
1554
2296
1256
1104
178
2312
742
364
2626
102
1120
790
2242
58
658
2233
1778
488
116
8
1706
230
1673
2102
1024
224
518
1544
702
1932
340
2409
1822
2316
2158
2110
2071
2562
444
406
20
2120
2535
168
2458
288
2036
850
1812
1378
620
416
1198
212
538
704
1855
1346
2406
2406
2050
354
396
556
808
348
1540
2157
2004
1870
1242
2520
2006
572
62
2341
2066
170
2401
2438
238
488
2026
1504
894
2492
438
2367
1996
866
2283
2428
834
3072
658
1846
478
2138
152
94
1398
2533
1808
2565
688
1902
458
2160
708
1172
2787
2495
2682
634
868
2428
2484
480
58
162
1392
2306
2382
854
2362
1714
2046
1262
2416
2416
2047
106
1611
1070
980
974
2253
2152
1128
46
150
430
1314
1624
2284
408
360
2538
2184
628
196
2000
2629
1658
1210
274
640
1906
740
60
568
636
2559
1294
1058
2275
1822
2378
704
2682
686
10
408
1272
2241
2254
2181
2602
2267
2528
1366
2184
2523
28
842
2607
1098
2692
2131
2551
1232
514
114
2309
1018
98
2102
1660
252
1188
1788
1683
1764
1961
570
1318
1178
1338
2654
2340
1172
326
48
1420
2175
470
1158
786
2210
440
2365
1884
774
338
146
262
2278
206
292
2154
2011
2298
244
1144
2112
482
608
844
2371
578
2712
2733
2225
2442
574
1226
1490
306
298
1508
1890
2417
1414
914
272
2002
106
1836
2306
806
664
464
2494
1670
254
308
786
352
342
426
24
2110
2321
378
250
2510
2034
988
38
540
168
164
1590
52
2206
2202
2260
1384
176
1234
1306
1320
1782
2507
818
1490
436
594
2078
2683
2581
1054
316
952
858
702
544
864
802
302
534
1154
2402
870
2112
2164
482
2108
354
158
1268
1908
830
996
978
2492
308
1754
188
2269
68
458
1076
1710
1320
182
102
1042
2583
1002
2434
894
2060
2172
758
1208
1204
2597
642
1724
910
2018
2695
1194
1242
508
196
114
1032
1266
1096
442
1188
434
876
2040
2342
236
2152
1244
1076
858
278
2166
1172
1952
1062
2316
798
2131
2182
2164
560
122
2780
956
2122
1686
2320
2305
1164
168
420
2591
2258
2315
2083
2287
2181
1868
1736
1124
2324
136
192
114
46
1666
1580
2094
610
2332
1939
648
2350
1410
570
2328
824
2390
1800
120
1154
1032
2210
556
2411
1046
800
502
1218
2217
1124
880
1664
1963
94
2232
1731
300
1806
2408
2506
586
2134
2550
82
776
2008
1050
94
806
290
1198
284
696
2228
370
2263
342
2424
318
8
392
990
820
330
1620
1368
2447
2551
2204
1754
1772
1971
2147
2377
668
574
2118
148
994
2096
2263
1986
668
1816
1032
1100
1954
998
1240
396
1352
2249
1362
366
1168
1956
798
1949
1018
610
1992
2587
248
2188
2148
892
1126
254
1849
2215
160
1294
2024
146
2455
2616
2123
550
948
2613
236
1356
810
2282
434
258
942
2722
1568
390
1866
428
30
2560
1468
1378
206
840
1364
904
2401
744
362
2176
2780
2217
1156
2485
2298
2514
372
2643
2311
2395
1576
2012
274
2078
392
1064
2669
664
312
2174
1046
2284
2412
1722
1858
1290
1284
2267
1108
1478
2412
602
14
2192
1086
1896
1366
1130
500
14
400
658
2411
374
2066
170
2006
304
178
2716
210
1614
866
1590
1278
2076
202
264
1588
1364
156
706
586
2214
258
1188
1526
2353
1778
2454
76
146
208
2020
378
2020
1898
2150
1024
718
1472
1296
1548
1940
1154
68
2508
1967
1880
2221
710
840
388
132
64
722
1438
2004
1696
2234
1818
1992
1178
836
1969
124
634
116
998
882
2247
1340
898
2354
2341
2497
856
778
1712
1870
2081
336
2276
2406
2433
858
1608
2230
2658
2576
242
56
56
2417
1314
2330
1590
600
1594
682
2012
26
206
240
1156
962
1418
1628
2232
2264
1172
1130
2169
524
4
2186
914
1280
2125
2272
836
2063
1078
884
128
1482
178
974
290
2004
2898
838
2729
2502
1918
2576
2493
44
1224
2185
244
1242
1876
1748
2366
2298
2072
208
226
1912
2643
2049
736
2224
1558
1794
482
2633
1032
1154
2503
1048
2251
912
2360
1932
2127
2480
1084
1624
854
1108
292
2188
2440
208
152
752
820
204
858
1262
1180
2005
2613
1622
1832
72
2214
1676
824
1804
2546
160
346
2238
450
356
300
2709
2050
2066
790
572
1464
1654
148
1960
1658
18
2453
1130
2664
3033
1220
222
2549
2400
1350
792
112
2717
1522
2266
2126
2238
2210
318
1028
2210
2018
2190
618
2253
584
392
1322
332
876
518
802
532
2340
2437
694
580
298
570
314
150
2435
1852
2138
1620
2233
110
1196
698
2176
988
626
2438
1774
2430
710
1080
2471
398
688
1705
698
1008
2237
560
1192
2238
2050
2618
372
892
2296
528
1010
3103
2104
2419
2270
870
2131
1384
1032
562
606
724
18
2138
1234
1757
638
600
2094
2541
2665
878
2470
838
1108
46
240
218
834
514
398
2428
892
132
1782
340
22
2912
2024
568
1876
836
2163
672
1462
2455
250
1982
308
834
2089
2380
2709
1804
672
2150
1412
2397
2471
2434
210
2095
1762
1130
2380
2364
610
1610
2396
1590
800
10
4
1656
2485
2413
1172
2588
2644
286
1986
80
2279
1328
920
1438
1973
302
1658
1010
86
458
2458
452
134
704
1775
364
40
262
1950
204
1698
174
1404
2202
1600
1810
2142
172
972
614
900
734
2149
350
2563
2078
2251
1812
1806
144
1965
1294
234
1358
108
1016
566
852
688
2506
1422
1258
900
2427
286
2237
1286
2184
558
1881
2333
2331
2384
1016
2468
1738
622
1910
1752
2246
2259
2545
1342
608
1264
724
1280
294
2091
158
1240
1334
2442
1688
390
2645
2689
1326
2382
2330
1746
2696
2220
782
564
2629
1600
1416
2107
66
1148
800
1994
2522
2084
48
1050
864
1746
96
2477
2156
2515
2454
518
2494
1528
474
2514
2419
1218
114
268
18
366
998
2348
1104
972
244
1929
1572
2312
696
1356
1286
2599
2522
968
90
1148
2086
366
1896
60
2053
1746
268
2038
56
160
2157
122
824
2502
684
1502
488
1584
60
1672
2694
2831
1802
2741
2544
836
2582
2226
1064
58
824
2228
806
2658
848
90
1494
2506
590
1064
22
1020
1236
178
1758
452
170
2300
1082
2387
2569
340
1190
2511
2181
2193
1030
1158
1144
2400
2040
2140
286
2293
2038
1012
2362
1884
696
928
1464
1432
2300
106
2477
974
2104
1712
994
76
46
1840
2614
2073
2349
2219
1110
808
2188
642
504
428
506
524
864
264
2211
1444
304
230
288
2547
202
2282
1328
1752
768
2040
1776
2121
2174
1114
124
1004
628
1824
822
1156
298
1848
2528
1790
206
166
2039
230
1524
484
1184
1260
568
2127
1888
2228
374
1564
2323
346
2682
546
2203
194
2049
1526
1552
1110
1732
1000
2326
2036
2351
1626
112
2376
688
330
2491
2314
440
1840
776
456
2293
2145
2529
1506
184
2119
2110
2577
838
1816
1894
146
2699
2751
806
2326
348
2142
368
232
2338
2180
2238
2327
2440
2503
1676
924
36
1308
2308
2279
2024
362
662
2285
734
714
562
2337
1274
2636
2251
2487
2055
1946
360
2151
1426
92
366
1218
1060
2012
94
728
2322
202
620
808
2369
2130
1828
2305
1882
2296
2190
2091
608
324
1298
1524
1328
500
754
2228
2268
1250
2203
1220
938
1896
466
2349
2194
2280
1138
62
738
660
1893
810
152
2377
2677
1950
444
380
1492
2654
586
680
2324
1820
786
2677
728
2476
1450
2114
758
1416
1176
344
610
56
1216
1496
418
1288
2536
550
2357
488
436
1144
300
378
2342
52
1756
2308
1294
2333
2655
510
1460
332
294
2262
2312
1945
2567
1176
302
1780
2077
572
440
2183
1808
2126
2256
2058
1886
756
16
1862
260
566
2168
2308
2746
344
1940
348
344
1378
2482
2156
350
2018
170
2457
2022
136
1976
2488
2097
2373
2284
2228
1060
2172
2403
2149
2339
626
2791
2239
2798
2562
112
1550
2288
2471
1100
142
662
658
140
972
1534
1320
2287
2738
622
2528
1845
278
2320
114
60
2222
2173
2225
2152
146
240
2353
52
676
1678
708
798
1736
176
446
2175
2064
722
2265
2203
2418
904
2379
1854
44
2042
432
294
748
2238
474
510
380
2049
728
2244
1252
2504
2224
1038
214
92
252
2563
2737
1506
2289
2710
990
1980
492
1412
2209
2251
2224
2352
2654
590
2023
1844
2232
2184
2342
356
528
1098
1974
1048
2596
970
504
2523
1968
1652
1948
1912
846
2572
2046
272
2359
1058
86
1134
2062
1502
2218
2139
224
2121
248
2559
2303
162
2604
128
104
1250
542
1804
2053
208
538
310
2072
2455
486
58
1770
560
1526
1402
334
1716
2098
2536
418
1152
1872
1048
1032
1536
842
876
2205
174
2400
116
2491
26
518
2390
2152
2484
252
684
2213
598
2529
4
650
934
1190
748
226
1434
2286
2352
266
1496
2569
1742
2392
2134
2436
548
432
872
664
480
868
2177
316
2609
2469
1088
1406
2403
1366
2562
2106
170
1935
2331
728
1430
2623
1924
1672
2512
1554
2123
2030
2210
1982
142
1558
766
592
538
474
1200
574
1754
392
2246
528
2166
2642
2
926
406
2306
502
2512
2358
322
2392
2124
2223
2214
1630
1944
1492
2079
40
2875
2535
1526
2104
1618
216
876
948
2040
2478
1538
720
778
2405
348
2275
2137
276
2496
804
2069
2267
772
1953
2724
2320
792
2496
604
190
364
930
96
258
566
1866
2420
922
612
666
1594
2363
1796
2431
204
342
2720
1490
1304
322
2298
2393
1020
1266
598
1380
2518
1410
68
1192
2202
2070
908
1480
1998
2011
1044
1454
2022
1356
2086
144
68
2573
2667
290
198
2192
268
1953
2850
2416
360
2645
46
532
1254
2610
1480
2496
1864
1982
1172
2258
780
2100
240
244
474
2
1781
2105
1498
2776
1208
864
312
2547
2399
84
162
1116
394
1782
2619
1002
2426
2485
654
1496
500
1046
2215
560
2178
1710
1374
578
2016
1224
1206
1947
938
44
152
1348
2436
2707
2385
2361
424
1444
240
2451
980
1506
1768
344
274
548
144
2212
948
2040
1510
2275
1482
2190
2610
352
484
2491
2205
440
312
420
336
1098
1306
592
2423
386
502
634
2245
482
2379
2381
876
236
1600
698
646
786
2248
2259
2280
2500
602
576
1822
2161
96
2432
2498
86
1354
2053
2142
2660
1590
2303
744
1120
984
1154
1664
2171
1790
1134
2055
1704
1410
596
892
2354
1136
2250
1820
1954
198
2168
2082
1258
1465
1743
2636
2415
108
1580
362
2498
422
2395
962
2424
368
1644
1030
1762
1122
870
156
468
1688
1032
2176
2371
888
1740
594
2454
1704
58
1034
590
2460
1794
1698
2266
220
2435
20
28
464
2374
1262
1240
2093
224
2319
1552
812
1862
24
30
1022
68
1988
2511
2110
640
2485
2074
1960
824
1510
1898
1196
1890
1094
296
1946
746
318
2027
520
2441
362
1370
2435
2444
562
706
596
978
126
226
1656
2004
1460
710
2508
722
158
994
2073
2240
2408
1236
914
1919
2140
2036
734
2051
1794
1350
530
260
1088
14
74
2129
590
22
2165
1542
1584
486
2093
2356
2167
2396
230
1408
2390
2000
2185
284
1252
2110
132
422
1764
472
204
2187
2026
2441
2635
2092
2545
1890
1834
192
412
2124
2213
206
1206
2298
520
36
1332
2621
1856
2387
1864
2443
1008
432
482
2127
526
680
2181
2282
1746
2427
876
762
180
1818
704
628
2560
572
2331
1772
1973
1338
404
1548
1862
2211
142
2310
1889
208
1366
344
1796
798
1018
34
122
1222
1906
34
628
1224
420
106
1150
748
442
2339
2550
2349
1286
1284
2206
2369
1898
2312
1146
1906
558
864
434
1208
290
30
20
382
162
1944
2462
712
2361
2128
2387
2309
2201
2674
2141
2066
898
430
740
128
2539
2507
208
1076
2376
1538
2337
2079
1826
376
314
692
1630
1380
1342
340
2273
2452
1990
2464
382
1772
2487
1850
174
552
2328
1462
76
1262
1516
2330
2250
2058
308
910
1902
334
360
1955
776
2052
2180
364
962
2429
1790
508
1198
2461
1148
2374
370
2121
2125
1934
166
588
2416
948
2231
2443
652
668
406
2162
730
22
1820
1160
2584
1280
1614
1286
1138
998
758
166
332
600
740
248
100
1644
2038
864
1232
1068
840
1534
1714
2460
2275
2516
2094
2275
370
2688
2272
972
2374
2327
1746
58
2247
2090
706
324
160
2147
1706
952
2089
304
2230
852
180
2264
684
2287
2036
272
164
320
2412
1422
254
598
492
2283
1434
544
2314
1407
832
658
2438
2529
1038
2052
2474
1128
2281
502
2531
2479
2354
2333
784
728
2168
760
1538
2303
908
