1770
1786
2300
248
186
160
898
1692
2389
372
2613
2571
2100
132
2409
2148
1056
2466
800
2558
2424
1608
1144
2255
2189
2201
1830
620
2074
1590
1852
764
2411
548
1844
1052
246
584
1362
2565
2133
2152
768
966
586
1804
1142
448
186
270
294
2204
150
2348
2304
238
1014
306
360
2105
1420
2605
1314
2733
2231
830
1740
1506
886
200
2280
2367
1182
2252
498
1730
2220
432
2228
776
576
1714
1890
642
86
942
506
2028
90
1346
966
500
336
828
2515
1831
2025
2323
992
8
1448
2269
2208
2014
2312
1959
2482
954
2271
146
824
658
1414
434
1996
2629
1148
50
2072
186
2307
2127
130
1568
752
16
1748
1779
2798
414
2311
440
830
1809
1590
226
2479
2274
2046
1286
2041
18
1302
2353
442
660
2479
930
2108
2752
440
1959
2086
984
2151
2165
368
574
2235
1833
870
492
612
202
48
2210
1578
2142
10
2343
2010
2216
108
54
444
2742
110
862
888
118
2036
2026
1234
1546
1330
880
446
458
1260
734
194
1850
136
106
730
212
2082
2060
2397
976
2554
1418
514
418
910
2461
1874
2830
2098
2142
2242
982
2274
2414
2032
172
2056
1849
2058
1960
604
1542
2018
1934
1766
440
516
1038
1264
1955
442
362
2360
1024
2487
500
786
1872
1996
480
688
1210
784
292
1700
1280
580
2403
1424
2349
1430
306
2283
2363
200
584
2690
1238
1756
2007
808
1768
2517
2246
354
348
1972
2601
530
756
1172
30
56
2264
120
856
560
1200
2353
722
2171
2475
1893
2125
2464
952
1570
712
664
2291
608
102
922
2495
190
832
200
2023
842
2258
1940
2439
470
1910
1110
1832
92
1088
1888
856
1548
500
2327
224
498
2789
622
1974
1868
1952
18
2019
984
1224
570
298
584
60
1202
2575
1914
444
2440
1452
926
410
1714
808
2010
2039
1158
1306
1470
1734
512
230
2303
2200
888
834
2231
330
646
2285
2156
1632
2188
2375
1174
610
616
1276
1912
880
2219
2234
1184
2414
232
2385
132
1987
112
2275
2145
2314
2011
1584
992
1348
464
764
906
1318
1715
2094
238
566
226
148
2111
1376
308
1710
854
1172
94
1338
2315
186
1102
1382
1256
436
772
636
452
682
1002
2271
802
34
102
52
66
1158
1793
112
720
202
870
2478
522
2352
2266
2648
2344
130
866
2608
676
2296
2018
606
734
1266
1670
1664
862
722
920
352
652
874
2090
160
2314
316
268
140
1976
1156
2299
1598
2316
890
1702
454
2100
2553
582
1806
924
1366
542
58
2156
1726
1372
1200
414
718
2180
2144
1254
1318
1084
2288
2267
390
392
2734
1134
2276
930
1354
2859
2700
750
1034
1238
2306
138
762
1860
2106
1374
1006
376
2078
498
418
2431
12
696
782
1118
2375
162
2192
734
2371
288
2401
2216
582
1242
2290
1180
1864
2463
1991
1204
2314
1394
696
2171
2188
2366
316
434
2260
1650
946
2840
242
2010
1004
2069
2105
874
316
1666
618
334
1870
800
494
1928
2563
2236
2669
980
2290
552
2460
1774
984
94
48
866
334
2214
1016
822
2154
2084
2327
66
614
396
2603
2170
2083
934
2184
1146
2680
2010
392
1228
1260
1452
986
2133
668
2138
724
2407
2597
514
234
434
1482
1072
556
2514
2672
1718
2732
2130
1160
2210
1396
2152
1912
1995
450
2727
2430
278
210
2358
586
462
272
376
362
2370
1700
1478
382
2304
146
14
2242
1214
1016
1390
1934
2144
36
2424
1216
598
2683
34
2443
1780
2724
1110
384
2500
478
1040
2673
84
2264
1988
648
1000
442
520
356
340
98
1766
608
324
2264
196
1980
2233
546
2152
488
276
2511
2119
674
2322
2094
2036
2403
1440
568
1002
1440
2480
2162
194
2066
798
444
4
2229
2255
1758
1550
2222
922
2141
586
2268
2030
192
2560
2124
2083
8
396
58
1628
2197
936
2671
508
2537
2565
946
416
2528
508
204
1804
390
2174
2033
2081
1810
884
920
1706
282
308
906
1992
2441
1980
2599
2324
964
1784
304
1985
878
2516
2118
2353
1634
2114
2507
112
2289
30
1334
658
36
1160
40
408
668
2024
2041
1198
1528
1050
2512
2296
878
2024
510
216
756
756
2056
2497
2040
1580
466
72
1296
2522
384
128
592
76
784
2166
542
290
2588
1006
2201
910
2004
786
4
216
1072
1340
82
548
2055
160
1192
2479
118
82
1022
870
1932
746
2204
166
106
432
242
2553
1170
2678
30
1708
2177
1250
2131
2190
2487
972
1158
2290
1132
2676
1506
2628
1094
2065
552
826
2303
616
878
2161
322
2695
1116
640
1554
2132
964
1102
62
2043
872
914
1442
368
2222
1144
1792
2051
24
2279
2131
2210
2473
1362
920
12
1258
2447
320
2186
1230
912
2470
574
72
1868
1396
696
40
1894
2273
2239
580
2316
2401
68
440
2638
1738
2279
2362
698
682
2157
2142
1400
2279
738
2373
974
1320
2610
534
2578
1918
1172
2217
2786
1088
140
192
808
2108
508
1582
206
1234
1684
520
2185
294
1648
2530
2340
2562
352
598
886
1534
1082
342
1172
1939
116
904
1490
730
2468
2489
260
1120
2854
414
1152
2651
150
1710
2384
2158
938
2562
692
432
206
1534
2321
28
2472
1544
2038
812
626
706
2177
390
330
888
42
1414
44
884
854
1758
1474
2414
708
500
126
260
2460
1532
2120
2304
1392
2672
1938
970
420
2444
398
2308
2421
1793
2502
1690
2761
2101
1550
160
372
420
2058
16
284
2430
2157
1098
2220
1004
1174
2417
116
1286
288
2537
910
912
544
654
1910
2052
898
860
1794
692
462
880
2140
2402
2586
2193
2569
2660
1078
830
1466
2605
732
580
2478
1728
352
1324
1054
2087
1018
1680
2258
1898
2576
2000
50
338
2520
2075
746
10
1794
2278
392
2392
322
808
2569
2152
1996
852
2376
2170
202
1944
868
594
1721
1552
354
860
1104
2354
62
758
2171
2324
1698
462
1318
898
1684
2307
2159
1644
566
2018
468
2382
1908
992
2728
1170
188
1926
498
1874
2792
1052
780
2255
2120
2563
936
2138
2211
2522
1194
2254
2398
92
808
626
2294
2076
1132
2197
1544
2251
10
1728
1280
2348
1712
698
314
1094
460
478
2183
328
802
172
1318
520
1080
2384
2054
32
2556
792
1146
982
802
1414
2124
2654
1696
1246
1674
690
1910
1844
910
1372
490
2090
1048
1962
2677
1400
1548
2350
1786
234
1134
2302
926
728
1666
2466
2548
2394
2150
156
682
412
1994
1308
2690
2093
476
1959
2210
102
150
1216
1742
2870
1612
2368
270
610
554
212
1250
2601
220
2422
1861
2490
336
870
1144
2382
272
1476
2614
608
2148
2226
2178
54
2422
756
1518
1378
400
30
2537
1100
978
210
2350
1472
2360
694
454
574
1884
118
2403
1858
2062
2548
1456
1492
1036
1818
64
234
2477
130
1948
2581
2058
130
2072
2080
394
406
348
2150
252
1054
2566
1038
1820
2082
2337
2154
1054
2494
2168
584
1274
1876
576
1968
340
2313
464
216
2381
972
1228
1440
420
1080
2072
2374
12
14
2368
2416
2318
2410
774
2319
56
1718
1272
2398
2482
1276
2254
590
2429
66
602
2190
378
646
2174
2118
1702
1236
1108
512
858
2
2054
1983
2508
2048
2304
1038
878
2342
714
988
692
254
2702
2143
252
216
238
1848
2154
866
98
744
744
1916
2228
902
2638
1020
2338
2050
1566
8
2303
1346
2200
2240
240
2011
208
2286
868
1418
2103
2503
32
2687
606
2628
1416
2171
868
1436
514
1392
266
686
746
486
1188
2236
1936
2429
1736
1072
254
356
908
1590
894
2253
1826
166
772
808
2080
1282
292
2516
1650
428
1947
1997
1156
536
1434
326
2006
608
2444
578
1466
2604
970
2485
1904
664
2649
790
960
1746
2544
2398
2550
142
558
2391
792
718
1164
1947
1168
558
884
1975
1871
326
966
850
2140
420
834
616
2118
626
2067
1998
218
866
634
2249
210
2384
114
2117
1640
2522
2049
1412
1274
2304
2358
2067
1164
1406
2326
2219
3756
638
848
1832
348
1570
238
458
634
2124
1370
1808
2039
2501
2563
2504
958
2652
2492
2195
844
2518
30
1410
1068
2144
2150
230
2558
1770
374
2057
1522
540
920
844
932
2160
244
2675
2138
1768
758
490
1997
1092
2449
94
2150
2204
2457
108
920
108
220
162
2596
2640
364
402
1424
1704
2170
1112
2181
2669
1850
1432
2312
1824
528
342
1678
2110
972
782
468
780
2463
2579
1997
2564
2057
74
1434
1602
2511
336
46
2587
632
774
1460
2547
238
950
452
2314
2279
2261
2469
1688
2400
138
1886
2604
510
2325
314
2208
210
20
2234
686
1739
1198
2592
832
1312
662
138
368
1190
664
80
170
1312
334
524
2122
2602
2085
2238
1644
2721
2325
690
978
1718
454
2485
2450
2223
1932
92
1987
1598
466
698
152
474
2620
1206
18
2452
1284
538
590
1098
1182
348
406
1252
2114
68
1136
2101
888
428
328
1812
360
2689
2234
2564
2460
1566
1058
602
320
90
1968
1356
986
312
686
256
236
882
408
2578
2501
604
364
1868
570
1110
1916
1646
432
580
18
2420
1796
376
2
1244
2590
1014
270
1330
2318
2240
808
246
1534
510
2539
2243
684
854
84
2513
1040
328
642
562
480
256
2342
668
114
374
230
736
1366
554
216
1132
2401
30
838
2252
896
466
868
2106
2812
614
576
1272
2219
2098
2191
2130
1588
318
2435
1867
2661
2305
646
1910
458
796
2109
1408
2434
2885
606
14
2401
2247
1922
1912
676
2663
224
1388
2166
2498
2127
2397
1744
2135
16
2346
950
482
1060
1394
238
1270
1482
130
202
340
2446
2198
1450
2364
320
2405
802
198
2564
976
342
478
236
522
2686
1408
1882
446
1398
106
1010
2469
856
416
1708
2803
202
642
746
2099
2356
2256
2281
2148
1396
1268
288
2004
462
20
2378
2651
1680
1666
586
228
1458
1404
104
2538
74
714
38
2322
1266
2158
230
698
2050
1658
1008
1670
388
1858
90
1666
2679
2730
18
386
500
248
336
1630
192
618
1302
1122
2714
816
2119
598
450
1532
744
1618
638
1917
86
2881
2233
1392
310
62
1836
248
198
894
1478
2230
2309
1914
110
1965
718
486
1100
10
2018
214
1326
2183
384
2547
1114
1702
1826
2504
1242
1032
792
972
1494
1720
550
2619
2124
1719
46
2411
2089
284
2198
214
314
1684
2261
2508
2528
2403
332
756
262
2060
516
832
2472
1130
2413
194
2720
2437
964
1612
158
588
776
1574
2436
2344
286
900
220
6
1262
88
152
2032
2201
472
598
1200
280
296
18
1354
2177
616
2536
146
2328
978
536
72
1146
568
812
1866
86
2458
1448
2259
2332
164
758
1901
1036
2628
1334
2430
1930
2024
456
2066
1506
2655
1190
1198
376
1318
1408
2621
2220
358
2244
154
1866
1356
1356
808
896
1759
222
2312
1977
2257
2281
522
1514
1592
2451
2065
1876
2573
816
2635
2052
2159
82
1550
170
1192
2010
2084
1972
202
994
566
1969
1262
370
282
2573
766
402
1999
2266
530
2273
282
236
2523
238
1578
1628
122
2281
2253
158
290
2282
2297
2885
620
1880
2504
2304
850
230
18
2215
1720
504
68
588
2214
366
992
2501
208
2042
1926
892
304
224
532
2475
858
100
2368
1983
148
2040
2832
162
1346
486
2138
976
2242
444
2163
482
1792
166
2416
802
1490
1908
962
422
1332
1814
1572
2186
106
1062
794
2855
1010
2183
66
840
1234
2196
872
2583
1580
2174
386
2136
1878
264
1388
572
324
1572
2441
38
1292
522
1188
2108
892
1136
2125
2154
1842
2455
2020
1841
1828
948
1280
2307
640
764
1608
1364
1388
2403
1142
2776
2549
1942
594
2367
1024
120
198
2126
2113
2728
234
2282
864
276
188
2392
2126
878
2657
1568
728
1200
1270
2090
200
750
2582
444
1879
2677
4
1152
2063
936
492
928
2288
762
478
904
808
1574
2138
1502
2448
2398
726
2056
92
732
438
1022
2423
44
382
2291
1910
1786
1552
584
1298
848
1262
1496
1732
2594
1302
2286
2160
1246
642
2550
2621
1860
1344
1154
1474
1646
2089
2174
2048
2042
2585
1364
1054
1812
2453
2350
2076
2277
1344
2235
644
1872
12
128
1742
384
2074
728
2379
2486
1838
770
1048
1784
746
94
808
392
2254
2315
78
1382
1242
2048
728
310
2015
1961
2392
2085
410
2038
92
952
58
2348
2382
460
368
588
818
3031
2283
2251
2034
116
668
910
1090
826
2507
2114
624
2707
1390
386
782
972
2300
360
80
192
20
354
326
1562
2684
2671
24
2620
1086
1550
2079
2106
504
2621
342
2190
2184
170
2346
792
992
2654
2295
858
516
586
2166
990
102
258
338
1836
1902
2385
2179
1486
554
2380
1910
1534
1398
924
2322
988
2702
570
2466
610
760
2732
534
622
2694
1188
2090
384
676
228
2230
2303
2418
2210
776
2902
120
1302
390
218
1958
2395
1494
2597
152
80
2516
2619
2020
1266
220
2118
1542
2113
792
816
2368
188
2526
1588
1638
1968
2600
1977
180
768
268
2546
1336
2298
2464
2248
858
90
112
1246
1882
2049
36
2378
1611
2339
2394
2391
516
214
2350
2509
84
144
1200
510
2402
1684
2243
2601
2314
1360
58
52
608
2332
2276
2441
2018
2153
1987
2362
1778
2182
512
2477
2283
1384
2563
2456
284
588
214
2320
2547
980
434
458
734
2408
2211
96
2411
762
1554
2603
32
1022
364
316
1066
318
574
950
64
2166
278
2140
2507
170
2414
2257
2618
588
86
62
2028
1388
552
862
858
2350
1028
2298
886
636
2321
24
20
1897
2412
364
2534
2354
2741
98
558
1148
1896
2426
722
2065
502
2288
2735
1538
2530
244
24
2015
1856
114
2304
1154
2338
836
2137
1390
208
1608
2818
612
4
326
1114
2332
46
386
1950
2783
2488
2278
516
556
736
658
1914
624
1648
1440
166
2416
2421
2432
82
800
1574
2342
548
1821
2228
2557
910
2395
1082
2088
1674
2529
1868
2344
2523
1076
24
234
2315
1616
2343
1182
2147
1968
2741
1988
1168
2304
2016
1724
1310
1530
2081
2210
1646
2421
246
26
2314
638
1276
2070
318
2174
174
2138
752
2220
996
1932
1400
778
988
706
2370
1178
268
312
66
1110
1418
1948
2286
1006
512
428
1196
2389
2520
1633
1994
2245
1604
184
218
644
1218
678
1916
966
1919
2450
352
180
702
1122
724
2182
560
2386
2320
78
2308
2058
102
1886
24
2198
2233
108
2039
2479
488
2305
992
1866
918
582
1594
104
1718
836
574
1993
772
546
740
172
1114
2296
962
416
1190
372
2220
980
2045
2646
804
270
506
736
1086
1204
714
2676
1262
276
2076
2170
1126
2726
2050
634
444
282
912
2085
24
330
2759
772
2691
1982
1278
566
948
2300
1494
2053
1988
2475
2150
2006
1512
1036
2623
316
2415
2461
868
726
2026
2264
342
2295
2613
168
2354
764
1364
1840
2085
222
146
494
2526
2520
2389
1780
62
58
1963
2326
1164
2282
2285
2686
2236
2347
32
1986
10
1911
882
2666
1906
636
130
2066
138
2271
2627
1120
554
1914
2642
1180
132
632
614
1758
74
2717
1648
1048
348
244
90
1122
1929
2415
208
1382
314
1456
1754
94
878
2639
2226
2171
2576
1216
2466
2421
592
694
2589
2178
458
404
134
350
1170
912
2359
1112
2272
478
1592
1528
636
298
290
2415
1166
414
44
2470
1328
120
2465
256
2422
1922
1632
2269
512
2177
1594
190
2507
290
252
176
2597
790
44
742
2266
2228
1466
2626
2414
976
276
2929
966
1006
536
1446
818
1760
540
2384
2590
1540
182
836
2023
2404
398
1588
2135
920
702
2697
1012
824
132
390
626
1350
2267
788
1727
2317
2261
2360
1958
814
1926
2545
2162
756
912
646
2142
226
320
2661
2207
514
2320
152
1344
2341
758
928
624
2316
1258
1184
2092
2005
2317
2374
2205
2484
2067
2046
558
2486
1424
206
1716
2661
54
1038
316
2315
2535
162
2560
1068
966
664
490
976
1848
566
646
2369
1982
2676
1624
408
588
1794
1160
2174
1150
1872
84
2508
2753
162
1734
1932
482
504
128
502
1030
270
48
1498
2526
88
2699
2310
1026
70
1398
2090
382
680
1626
1504
2546
968
1026
80
1608
594
1774
1004
2338
2227
1432
384
1254
2735
2479
2078
1907
364
2213
2667
2336
552
2186
2231
586
1858
294
2226
870
538
2295
1434
2000
162
2246
2378
322
2324
2111
2381
86
378
884
2594
2234
1988
2122
1938
456
672
2527
330
2426
1032
2333
916
1676
662
1932
1170
2241
2142
2041
284
944
1696
1610
2272
522
1877
1010
2565
1988
2496
2108
2299
1120
284
386
2082
438
2111
1168
244
2322
1188
590
752
2046
2214
24
1158
102
396
2299
2265
260
42
368
568
2624
2478
1804
1776
2450
784
2261
2743
2160
1146
1826
2308
894
1200
2465
2478
2532
2003
2239
2520
246
134
2576
2441
1752
1574
2366
2610
126
2155
64
1676
2136
2710
2220
2301
1949
2703
2037
2553
702
938
2608
1218
958
1010
1607
1382
1967
1788
906
1514
2090
1468
1869
1146
2748
2443
888
260
506
554
2357
598
404
2022
1812
432
528
430
1600
2408
2483
1970
2534
1186
1034
94
2210
1608
736
2220
806
868
226
1316
2079
384
2291
786
1352
2173
2110
44
492
598
554
2928
534
258
454
2568
692
1926
430
796
1680
1538
1142
1827
140
2243
1862
2110
1252
100
10
1242
524
156
2727
174
1386
2274
124
2344
2237
2235
2291
376
1006
232
2199
2415
2328
624
2596
2206
590
404
2119
290
1530
2657
536
1506
1216
2108
882
952
802
2394
70
908
2172
366
2444
2
1436
1897
2078
1942
2333
2781
846
2423
24
1964
1420
2535
2398
1140
536
554
668
892
2174
180
1244
380
2465
2089
1924
1284
1492
1706
2559
1028
1516
262
2298
40
692
98
896
1446
1998
1010
2455
2569
2218
1610
2271
852
2298
22
496
40
2084
2729
2112
1224
312
2200
2288
2506
1284
806
548
2181
2195
2234
2108
2075
1832
180
54
366
744
2341
460
978
792
2408
324
2236
2314
2351
2252
2341
506
1716
1628
1424
130
160
2345
446
1662
814
182
800
1094
82
666
2270
2285
2405
218
1902
1096
148
2372
840
10
2089
650
1708
1858
1932
1448
2481
2693
182
718
1410
1812
30
1804
40
2336
2259
2400
1178
204
716
580
1006
1964
330
1956
204
718
650
548
74
2238
2073
2364
1036
74
110
2298
2280
2586
2566
1586
2240
1440
2539
2185
2246
692
2418
2476
2196
1248
1929
730
600
2346
398
1210
2248
660
2524
2181
1042
2022
1040
52
2847
2734
644
2117
404
450
1106
214
1850
2384
150
2438
598
1266
1788
2304
2396
2035
388
2303
1242
872
344
126
604
662
960
158
2276
2103
942
1026
536
2188
2460
88
1562
1352
90
1010
2398
192
1486
1474
1878
236
974
2291
2349
1976
348
422
2214
810
2268
1992
2616
2411
1156
1138
854
2139
2203
1140
914
630
132
2645
2049
316
1470
680
818
1912
2339
62
2530
2369
1100
2021
1656
1848
696
98
184
558
1630
1726
1966
188
868
180
558
1144
2306
2717
318
2236
2542
878
1072
1388
2863
2638
1486
2443
2175
62
88
702
554
842
452
92
2532
318
2536
1904
2170
570
1702
1036
1859
542
1300
1945
2385
2279
904
2322
264
604
512
2122
1030
2201
2134
126
438
1666
714
796
2751
1008
18
2675
184
2101
1816
2506
838
1414
548
844
1452
1892
2011
1452
2591
2155
448
316
502
1598
2234
10
596
794
560
2208
2487
644
2454
1576
1246
1260
1490
152
1498
294
614
2585
2118
362
1196
2381
620
1322
1652
2398
2397
2213
2444
264
2394
1890
942
2417
416
876
1912
2497
2074
268
510
732
16
2176
666
2224
2396
2211
2232
750
876
1746
2579
2416
680
2210
2456
510
2340
904
1452
2398
2749
334
1164
104
2388
2222
1190
2157
884
482
812
70
1502
2534
1971
356
1901
630
38
128
160
2688
1310
2528
296
8
2305
62
1008
1242
2289
2216
22
1176
1220
762
734
2124
440
848
892
1714
1868
2025
412
1118
1614
364
180
1704
150
248
2305
2205
2413
64
226
1022
2589
1624
1548
2050
686
268
698
370
2484
2515
578
2320
6
2078
1708
1212
1340
2435
108
1945
1650
144
66
1178
1542
366
2500
222
2628
1058
1458
156
2257
2180
2199
2359
2405
1562
490
1274
24
384
2423
2422
74
2252
2575
2107
2564
2631
2455
1566
444
1416
2475
1022
2387
1324
1408
538
2173
1248
1854
2498
2076
1820
2679
1979
1528
2302
778
1412
2233
2266
2146
650
558
1444
2606
80
2122
1614
806
918
422
340
282
578
1894
2421
1836
2661
2648
2214
102
2452
78
1907
2370
502
2169
1476
612
2093
882
1044
1786
1440
692
176
1532
1314
2052
1650
132
2022
2295
2022
2531
2288
1642
2515
1468
284
2178
46
2134
1658
430
1106
2502
850
2448
2229
1256
1070
2473
2363
538
298
2280
2095
1548
598
512
2436
624
1016
662
2427
840
2
2142
1114
1772
1516
2284
896
1666
630
138
1684
1610
2474
2530
180
482
822
2471
1693
1792
670
2461
1258
78
858
1332
716
2496
2079
2212
118
1672
530
1917
2045
2102
2381
2575
352
2290
2672
1774
854
754
1274
2484
410
2434
2359
2291
2472
2127
826
1300
1026
2324
120
228
478
414
464
1557
574
890
2232
392
2089
1036
344
412
1002
2132
2425
1949
212
2465
1408
2382
1130
1912
118
956
1670
1314
1750
2496
1822
1490
158
1702
952
1054
244
1732
1722
2124
2177
1984
2024
2248
386
684
382
686
1856
1214
146
506
1100
1748
824
628
1236
2323
1120
548
1704
1584
84
20
1570
408
1844
1074
148
2020
634
2051
196
366
2311
2186
374
2060
2605
618
2035
1060
226
1674
1564
418
1973
2204
1732
282
2694
2216
1206
2095
1092
2357
1468
2734
504
842
458
1056
28
272
1430
1324
116
2238
1370
994
1406
2227
4
1730
1983
2070
2165
2523
1296
530
414
2095
1610
2237
2581
522
1940
1218
2355
2237
1670
2547
1668
1860
2605
2203
174
834
2142
1944
1360
332
170
376
2250
94
2341
236
2343
1876
746
2190
2551
2123
2120
1858
2863
2224
72
2203
720
16
912
62
1234
714
864
276
2221
2469
1194
2139
1620
396
870
1030
1940
2313
1044
430
608
3318
202
592
372
186
1374
2586
872
1266
498
506
1914
1620
2555
822
368
664
2192
1304
628
1092
288
708
842
146
686
1768
2214
1546
2360
34
212
2002
2154
2546
464
876
1330
2229
2080
1306
2197
2086
1012
2542
2077
1526
372
700
2228
1306
284
1338
1698
2409
2154
818
1958
2074
2057
808
2419
672
1250
196
2540
438
172
88
2062
2195
1954
822
1968
194
466
46
2144
546
132
2339
2762
582
950
1669
1964
476
136
642
2376
2293
2300
1938
2468
2603
2134
1364
208
2615
2305
52
2624
778
528
2456
1770
768
320
1770
1878
460
1700
898
424
2367
1030
1192
2016
2230
1500
514
186
2851
176
318
858
916
2187
1196
628
1847
2724
2254
1582
108
1138
1010
1942
974
1957
412
1356
1056
2126
1835
1880
2409
154
768
532
430
30
1662
2509
2113
2065
108
924
1830
880
2155
2374
1748
400
526
1064
636
332
2355
62
1432
66
1745
662
410
1932
376
1172
518
1476
674
1704
228
358
2305
6
2520
44
1240
2190
2251
556
884
1108
2302
482
274
538
2549
592
2036
152
2444
70
1270
2317
1920
780
2265
1769
174
2492
2598
1326
440
76
1696
1952
2184
2341
888
1938
798
2490
1920
2629
34
2110
808
2408
2042
1148
2127
124
140
1594
2287
894
298
2351
818
2427
1546
232
2297
2136
934
414
2113
2013
476
2076
1088
1202
2277
140
1542
2501
1304
2551
2392
928
2008
2390
1624
1698
2545
224
178
2264
2422
2143
436
2344
70
1398
1938
2230
664
2152
1588
1790
682
2581
2599
856
320
2596
2440
2570
646
408
2406
2277
1834
2881
824
236
2240
2501
1092
342
2566
350
1136
2231
2129
2345
2387
1230
2197
2044
1004
1986
1562
2213
882
1118
2486
794
586
1634
800
2044
1962
1624
2060
2090
1620
2369
1194
1264
310
2247
2556
2182
442
2082
2198
430
1450
110
2413
1588
582
2434
66
744
80
184
1112
1596
176
426
220
2194
430
1284
650
1858
1308
2467
328
2443
2177
906
172
2757
548
2724
264
1134
1844
1923
2351
206
682
1114
316
438
1318
448
228
562
2461
2130
354
1168
1052
198
1804
462
2139
768
2686
132
1968
794
1382
1116
18
1162
962
878
2032
1006
1068
246
506
2412
2455
2103
1834
380
20
916
1708
2467
1260
120
1490
1945
976
2286
2374
1807
1440
702
2089
2333
1742
732
2363
578
1820
192
936
500
2008
340
1450
2422
1898
1370
90
968
1468
90
1546
670
1024
1768
508
2290
290
1572
1204
858
1632
1264
416
2109
1188
2152
2274
1991
930
2560
36
1756
388
2154
176
2754
924
2366
1630
1856
1985
2326
620
552
2245
1292
2236
2203
268
2400
1590
1336
2835
952
1898
2232
1914
650
2110
1084
228
1416
2601
1018
474
2198
2370
672
2459
424
818
2498
2342
1312
2124
2119
1974
220
1084
306
140
718
1228
196
1656
2430
744
2096
118
2325
2154
2593
976
986
2643
120
1788
2774
2053
344
18
2089
2116
2122
1462
2588
2571
2165
1140
1558
2663
1428
2097
1902
2631
2172
1028
762
2217
1796
1158
1348
1463
2385
600
958
588
2394
2692
2989
414
2805
408
548
768
1164
970
156
998
2433
2595
1772
2158
40
676
1632
2214
1526
414
2218
206
1412
1058
812
2546
126
446
2370
2264
2521
336
2203
1979
572
90
558
404
922
1104
1954
576
624
2400
2472
186
2224
2344
1216
2265
1736
1416
1354
2416
2298
2112
1508
2290
36
156
2042
714
304
2155
456
1556
1068
1780
2088
464
2552
502
2147
1012
1735
2147
624
2107
914
2383
576
30
690
1868
1894
2260
2703
2070
2090
1982
246
462
2438
2576
1378
1730
352
46
744
1178
2511
1973
2679
596
622
2167
602
512
384
202
2492
292
2023
1032
1978
1760
2115
2295
484
1406
2785
1490
1644
906
2204
1114
2702
2537
2490
2342
838
1920
542
1442
2594
2112
2387
250
1670
1923
2854
1604
2294
2447
118
662
1226
1552
518
2403
2376
446
840
14
1941
1386
782
426
2629
1146
2347
206
1516
1977
414
2356
2108
624
80
236
816
788
294
160
1116
1877
2319
2397
2388
364
2401
2308
2182
272
398
34
324
1150
2106
754
194
268
62
170
1798
312
1720
786
2489
2429
758
1860
1232
1968
296
1106
1506
2276
2046
1734
1146
1766
730
2360
762
280
1276
1098
788
444
2452
2207
1724
2414
14
2635
1222
84
72
2786
2381
2399
2051
356
1714
1578
478
466
374
768
900
2573
2298
2597
1394
812
2024
1486
1662
2225
2235
1264
2025
1068
982
72
632
440
1590
44
636
580
570
172
2000
602
2429
338
1577
624
568
1300
2470
620
818
466
2114
2615
1278
552
2169
1590
166
1700
1982
1304
2238
770
1704
572
2212
560
2494
1866
36
1970
1890
2376
1162
1958
146
1206
382
474
2200
708
802
486
1164
1450
1783
1850
1917
1718
824
2427
1930
2399
2026
1194
2346
360
1038
524
2065
2159
2126
584
2365
1706
2412
2116
932
2537
452
1554
1997
768
2089
430
2467
2210
2
2228
2464
806
912
248
2244
1980
1954
1954
1618
2298
864
1896
782
44
2062
1996
76
326
84
2042
1546
2542
1749
2137
1472
522
2028
2467
938
106
420
2538
1817
306
342
2363
978
1734
228
1778
662
588
1784
2398
480
48
492
1118
256
2578
54
144
1752
2324
2347
1896
2002
1284
592
2441
1082
62
2012
1054
394
2408
1502
1810
2642
142
2761
368
2220
104
316
806
2092
788
916
518
30
282
60
304
2251
916
2042
96
490
1454
474
2838
704
1090
402
1112
2453
688
1728
2272
20
586
2655
1290
1056
2292
54
554
706
1654
2046
1310
2387
2043
624
602
2100
818
170
992
2318
2366
1648
694
180
956
692
1370
1150
120
310
2786
2725
1310
2345
1000
2619
2371
634
2288
1820
538
2536
1884
1002
2617
168
2283
2311
116
2226
968
24
666
130
1066
1972
726
282
2393
540
2176
2584
2497
1504
2301
798
1136
2183
1860
1908
530
734
828
2437
632
2223
2313
496
2002
2530
2074
1622
1170
1200
2482
2559
1352
1670
606
2053
2247
2050
2234
1700
260
1716
1248
588
2505
1590
1482
2780
2136
924
132
1792
2334
716
1274
2270
296
1710
862
178
568
2167
2258
1488
2271
50
2254
1860
86
2054
2108
2494
2101
1082
1118
608
2199
680
1172
774
2091
2381
2298
612
2240
1980
1092
992
644
214
2200
2035
58
2097
182
1998
1944
1604
1010
2168
1454
1754
868
108
2389
1160
2342
1388
1900
440
1866
366
1308
246
624
2223
1034
2202
2098
1080
934
1888
1048
2371
482
600
2315
2120
1945
1822
2268
412
2234
2829
1794
2378
612
74
2531
1346
1664
158
2179
244
582
2273
1356
2540
2439
358
2206
270
3199
792
1118
376
74
2140
1030
2572
1586
616
1420
612
2676
2497
472
2176
2192
2573
2168
74
1814
2509
2555
2270
2512
402
1884
842
1650
2353
284
1440
556
324
458
268
2311
2048
1836
360
2365
76
114
2226
608
742
206
974
2578
160
2019
1132
2509
1614
118
36
2292
360
2693
1647
2383
968
2084
2416
2022
1016
2521
1080
796
1294
1656
1424
2388
36
98
2227
1904
2616
2084
936
2262
1292
2161
14
1360
728
618
1783
568
2603
1576
266
1494
360
708
1946
2564
658
1074
1218
2273
1268
2263
1520
164
1965
2416
406
2247
2233
2451
402
286
308
324
852
2360
2377
58
2356
2317
308
2332
1284
538
2026
1270
2334
2470
562
926
1424
1308
2015
208
1948
756
2428
816
990
200
2476
922
608
364
1326
2324
1212
1118
656
58
814
2031
730
982
1950
188
2136
294
340
576
80
1774
644
2130
190
2256
1966
548
2336
40
2354
1188
1182
2207
432
48
270
2672
1090
1140
2342
2499
1356
1704
882
1140
1984
910
492
2232
136
2330
1564
2683
968
2025
2173
2164
944
252
1894
2368
2486
2160
226
976
1176
2209
1922
2326
178
2400
2580
2467
2514
114
652
198
2156
2114
1286
706
2118
432
2165
2240
1420
420
2048
1909
792
728
2615
2370
2001
166
210
26
24
336
1893
608
666
1466
74
1834
2306
1484
2447
918
58
574
2382
1864
408
914
2395
2250
1496
2376
914
2203
2312
28
2590
2215
996
174
1340
2548
784
1620
236
514
2404
450
88
1332
1974
1030
768
790
2532
920
1382
1022
2562
636
80
1336
924
2126
1240
2061
344
116
2775
2102
2196
2655
412
716
818
570
1498
460
204
1986
1076
1238
124
334
1480
1108
638
212
1336
1720
1990
2085
604
2430
852
594
978
1868
402
2445
2197
1980
1400
220
118
1928
2109
1654
1994
2245
364
654
638
318
2423
670
942
2416
56
2146
838
2788
536
2763
1642
1902
212
2092
1979
1978
2119
2061
398
2429
2430
1542
1752
2170
364
2383
966
1962
2062
2470
1280
278
872
1212
1782
828
2086
2467
2335
1340
66
2802
1378
494
2268
1550
2250
1122
1812
2615
1326
850
2343
952
770
2014
1558
2814
1842
318
2282
424
2149
128
828
1388
1950
1610
172
634
450
682
1160
778
100
338
1924
1798
630
178
2311
2569
16
878
2784
1488
2302
172
384
12
366
2182
2200
1314
472
202
1372
1823
2726
806
710
2112
2352
514
2582
2018
2211
306
2290
1032
588
496
2657
712
2442
782
2452
1846
14
2680
256
2244
2068
2462
2359
1026
1628
2132
2746
688
1384
2383
602
182
694
840
1184
2155
782
1966
2056
2172
786
478
444
2313
2128
40
1034
2300
2456
2280
1002
1642
2250
244
2676
2260
2726
1486
1494
2486
694
308
958
2151
1704
1972
2479
2306
2210
572
756
284
1634
2594
68
428
2510
2379
2545
960
860
278
980
1828
2017
570
1302
1186
1810
844
980
202
2656
498
206
2444
692
2154
2056
1940
1426
2067
580
424
186
432
2505
252
1930
54
1912
812
682
2376
38
2173
1600
2524
1684
1650
1194
1292
2222
1530
828
2343
654
2509
674
2184
848
458
2436
200
2445
606
2201
1602
2601
2366
2182
54
1416
338
1692
1895
790
1404
2363
14
2277
1764
2675
188
1418
1646
430
558
796
2254
2591
816
2278
878
2335
2170
336
744
2464
1636
184
410
1600
304
1898
2473
578
152
2050
2252
48
1538
1738
2293
490
2704
292
2509
146
1994
346
54
1190
2148
2106
810
282
1348
620
2136
2135
962
2174
782
740
466
2284
846
1132
2269
1428
116
242
1876
2249
2302
1534
2152
1720
76
120
722
20
2580
754
2449
2502
852
1656
2661
640
1736
2500
740
1264
2337
2330
2063
658
2076
158
2488
2601
1542
434
1915
1638
1804
594
1356
2421
432
1294
1424
64
1852
280
48
2085
848
28
2326
1973
758
962
2417
498
1086
586
2320
1760
2352
2560
578
720
858
2115
1692
2083
2679
192
2504
1926
2516
2290
158
206
300
608
2230
158
1626
698
534
1458
926
1776
2606
70
796
982
642
62
1867
2386
2695
478
1668
956
2528
2174
840
414
618
2834
1040
114
78
1520
1465
2540
942
868
10
464
1472
2005
2204
566
1180
8
430
1912
760
320
1372
1078
1638
348
174
2284
1606
2070
1088
1024
1860
1564
232
1644
2436
978
258
1054
680
834
2368
158
798
494
686
600
1030
2368
2611
2261
930
1578
992
168
2349
158
1934
1398
840
2217
2174
180
14
762
2256
792
702
948
102
2271
2410
2458
170
74
2020
932
866
2153
520
2079
270
1530
1274
194
1312
230
992
1656
1036
1036
2192
900
2096
308
1704
130
240
1696
2576
624
2780
204
348
1200
1867
384
1596
2478
610
652
552
1156
1576
810
294
78
2556
496
146
190
1464
996
3838
300
2187
1660
966
2140
1626
52
1726
2306
184
1082
1076
1396
796
2370
310
2422
1248
164
2327
2503
64
168
2067
184
1866
2332
490
166
2476
2656
2548
1022
2091
840
2187
2272
984
2200
1626
2113
1178
730
104
2566
442
356
2370
2400
792
2184
2254
1208
80
854
438
1444
336
1814
202
534
964
1942
602
1680
1072
460
1340
668
2539
1932
1348
1983
48
442
1949
732
1448
2728
210
1792
1508
1903
354
792
1630
288
1338
1312
2916
92
1530
1090
2002
1130
50
540
2165
2172
946
3026
102
610
2182
2423
854
196
2186
446
2480
42
528
662
2576
1234
2328
1500
1964
2278
58
1452
712
2038
322
2425
2425
1999
702
1062
2209
1132
2419
2571
1040
1656
1925
1462
2602
1352
502
46
330
2289
638
2071
2387
530
812
732
216
4
170
2607
62
1646
1917
942
34
824
1402
2616
1034
132
224
2260
1524
478
2060
2451
2069
2206
22
426
2238
2090
2233
462
622
1890
2521
2301
626
20
1990
608
2570
2210
418
1116
1218
840
368
280
1260
2386
766
2108
356
2178
560
756
168
2453
70
26
2254
1358
2175
2626
2546
242
2696
1614
410
1488
1538
1054
516
2130
326
56
1044
1798
286
1972
150
790
1036
840
440
1907
2423
2600
408
1108
252
888
910
1928
1740
2214
1938
2146
2236
798
1236
266
1896
1808
2183
486
1162
2478
398
2435
1975
46
2752
1056
1923
1580
28
1076
448
2286
166
2699
1936
180
1687
384
1914
2043
2364
2250
1780
2805
1254
276
1820
490
1952
2178
418
2324
2137
2079
866
88
2144
2388
1700
102
2071
428
526
2118
78
996
22
2581
1790
1240
1544
2238
1892
1584
2161
562
958
2731
970
716
2831
372
980
1832
2165
1062
1276
2372
1912
166
596
2092
382
12
1840
1086
2150
2211
30
900
428
938
1238
1040
676
2448
508
292
1518
684
982
266
114
1202
2252
646
1920
18
1968
2452
1810
1398
1802
632
880
2038
2402
746
526
1316
576
2002
1868
1542
1332
2721
1992
568
2173
1578
2379
958
2385
2233
630
2201
684
1796
1568
2330
1134
2338
1184
2260
522
300
1424
638
2207
1268
934
1798
6
2016
18
20
226
874
2462
1974
980
1838
764
288
2566
660
162
2196
1696
2278
544
658
2570
2292
1743
2745
1702
454
2402
716
1998
1886
530
234
1140
1328
592
2466
546
110
436
1376
1246
1842
698
892
2012
2335
1442
1948
782
2474
2237
2610
1840
364
684
2074
528
1668
90
2871
2624
114
298
1424
970
2611
2275
2428
922
132
2362
664
1158
2527
562
270
2130
392
1002
2576
148
646
1508
346
1968
226
2333
208
1965
1154
138
610
54
408
2536
2537
2130
168
2281
92
1560
2475
596
194
2621
20
2615
1408
1138
2167
918
1963
754
98
412
2492
1098
1666
2277
2384
2525
2468
2438
1688
942
606
1722
1582
1924
1634
1248
2232
368
514
2423
984
412
2635
1980
2261
2228
1092
2262
1864
2
366
2517
892
1526
362
2272
98
20
2317
1304
1664
440
1142
616
1088
58
570
1216
2267
320
266
72
2246
1266
804
786
30
490
1642
2098
112
192
2298
148
1996
302
2266
2339
2169
754
2868
1912
618
1040
1088
2688
674
1618
588
2271
1254
502
50
442
2507
2754
704
1928
1974
2354
1068
2280
1702
396
2363
2672
830
512
212
654
1882
1226
1758
1958
2328
2262
1414
710
1748
110
442
654
770
2579
2313
2403
362
770
2472
2483
1656
286
2406
1476
1158
8
1825
2492
1408
2067
1012
460
2436
2329
1316
2130
950
270
730
2495
1816
2248
216
1949
2260
1404
1722
2197
1536
1474
14
2091
2449
2317
2304
870
100
586
2002
1100
1268
2152
740
720
2523
1442
614
2048
698
1558
1238
958
2480
1324
2252
436
18
1918
2363
152
290
326
2475
130
680
116
2475
2234
44
406
2289
2302
2221
276
2108
1012
338
2334
2018
174
1796
1774
2341
880
1824
274
2265
2163
2380
708
2250
2360
2462
2666
1989
326
748
2402
1842
1364
2850
346
1775
2491
2577
266
1074
1895
2105
2458
102
1274
922
2539
1160
1246
2433
2505
2889
146
1861
2238
360
836
2054
30
2260
1270
86
882
2360
1262
1608
2229
2231
306
2264
2118
1817
2305
654
610
2018
1512
1949
646
2737
1900
1642
2409
1516
456
2464
2705
1622
2291
2168
558
724
728
2010
1176
3178
2320
42
1868
700
1812
536
876
2334
594
522
2207
1888
2229
570
878
4
1574
2250
1834
2632
1630
1308
1410
1438
2172
252
2050
982
644
742
474
2186
1490
698
2052
1738
2606
1032
2026
2060
2191
1006
1686
1862
380
896
1122
1833
262
2350
1674
570
2001
1662
990
8
276
400
1380
2181
1458
2295
494
618
2658
2856
2530
1503
1112
2253
2220
1822
1436
2348
2469
2336
356
950
420
2083
1264
556
1879
180
1116
2896
246
2590
1362
566
1983
942
410
572
870
2552
2330
426
2144
640
198
1826
1282
2430
2200
1540
1987
2190
1546
1564
2339
2060
640
58
402
2406
2396
2007
1148
1654
1320
2100
622
2323
4
138
494
776
610
48
1968
2098
2123
2157
566
482
1402
1060
1797
244
1482
2224
1404
1140
2255
136
1658
1166
2202
2290
2441
982
1244
1780
2079
1968
2596
2584
2224
252
514
1188
1346
2121
1278
850
58
2716
1506
442
2577
1810
52
384
398
2116
12
240
272
884
734
1726
352
348
2589
972
1356
2216
2592
2133
420
416
2685
866
972
2425
148
1342
398
2392
192
1270
1916
2150
2770
2313
78
1004
216
750
418
1938
2230
2046
576
2701
1810
476
2313
1154
872
2741
444
1710
2736
1128
58
1520
2084
402
1060
2605
2325
600
1114
2357
2366
1979
1286
2364
724
1858
1392
2142
190
2813
2468
66
694
2230
2413
1222
1824
2156
8
1550
208
610
1858
1052
666
2339
454
728
2030
236
2190
118
2236
1216
2283
1258
448
32
2445
508
348
306
466
2327
546
288
2569
3343
1804
518
462
198
662
2397
1954
910
286
454
2102
2350
968
2232
2450
1070
218
2232
1784
1178
2230
2071
1782
2330
1434
1520
344
2176
1764
2501
946
120
1897
2205
1510
532
194
360
536
208
1364
196
2167
208
832
1802
2313
418
2076
2398
2087
2359
984
782
1336
2104
2623
1522
1496
1306
2554
1542
1504
178
2196
1472
68
1789
580
2220
776
2002
1186
2502
452
1694
1455
2584
422
2449
1734
2471
1380
604
2189
380
268
2558
2078
70
2088
2054
758
992
2082
1364
1202
1040
2023
246
1488
1880
2259
1950
632
2491
1002
1710
2477
338
756
2101
294
2096
1072
1638
2574
1294
2623
2430
600
674
1452
1608
2062
1838
2141
2268
802
1891
502
1456
714
470
2349
710
1650
1938
2100
1646
56
916
1410
1881
2394
2338
1892
440
242
100
2399
1168
2282
480
2020
2350
2124
2780
1354
2423
2497
852
152
960
194
2190
1856
1302
504
48
298
1482
2134
2469
2339
1390
2365
2218
850
660
440
2302
616
1740
2001
1374
2636
876
1386
2200
330
2105
2499
134
2164
2162
652
1724
1726
1194
2313
1130
2562
1430
200
2177
436
2412
1532
3162
1510
1534
282
1030
1884
2078
2428
1056
1602
470
2039
1300
2432
1892
2292
1754
2455
220
1326
18
534
1492
2355
642
134
788
2387
284
1906
1014
2314
682
460
454
2214
520
684
322
152
2755
1296
602
62
2210
2383
1264
1934
460
112
1764
828
2434
1244
2311
2211
2492
726
2174
646
76
108
696
2590
1826
58
1186
864
1218
1218
512
2004
324
2355
460
578
2313
1642
2182
846
94
1368
1258
6
650
504
118
2582
742
392
614
2361
2106
2430
464
704
2234
1456
268
1992
1334
1702
2320
1474
246
2173
680
74
2479
1078
918
2440
2263
2226
522
402
144
564
2570
1634
1356
2058
1202
386
774
1826
326
2390
1572
494
278
1928
872
2224
482
2020
86
754
1214
1430
2710
2194
2595
836
2497
756
38
2623
2328
910
686
212
1032
1564
1642
712
2029
966
424
466
2574
1198
1024
1538
1296
1840
1586
2234
484
38
2083
2243
1904
1806
1810
928
1342
1022
1070
792
170
92
2414
272
2287
2429
474
1876
2303
36
826
2228
2555
830
1461
382
1685
1292
1810
2358
650
158
1728
2735
1598
2031
2738
2796
406
1726
1202
536
2531
2266
2357
366
2356
2827
2487
1786
2230
1220
1222
2897
714
2282
2858
2459
1758
342
1034
2756
110
372
2333
2264
2320
300
1334
394
178
2246
1835
394
1864
2230
620
2575
110
2498
164
1292
2547
1050
978
966
104
60
1588
2369
176
2162
1510
1893
1964
1298
2322
646
988
254
866
1897
2652
1650
744
1770
1070
18
1516
1528
142
972
1408
1983
2483
1824
868
766
1048
2026
1336
38
2042
1394
1084
4
138
934
772
2028
2522
2324
718
2458
1598
30
828
168
2370
574
2279
74
2032
732
972
2704
542
2601
2056
730
944
2058
2313
380
2254
190
2249
1582
1672
1642
2619
530
106
1024
1004
248
2457
2469
2056
344
1158
782
1945
1486
654
1408
1950
696
2235
148
816
586
2046
1394
2400
2098
1540
940
1570
2535
738
634
362
1524
130
2281
2376
962
1847
1684
554
104
312
1928
1830
926
602
818
1372
412
1278
238
22
2267
1160
852
1874
2004
156
2206
1064
340
450
1844
416
1076
142
1996
2475
1404
466
1074
430
1881
2105
1566
432
2012
316
244
396
1730
246
2473
798
200
78
2357
1700
650
330
922
1766
2283
2550
2427
2216
2498
676
2133
2124
1948
800
1892
112
1722
2060
214
2373
2476
286
2093
2538
2293
2111
2396
2165
264
1738
516
208
2184
2040
1276
228
2520
1940
1692
788
2094
1094
2166
2129
1442
1730
186
442
2442
20
1478
2466
2217
134
2289
1660
894
1920
2138
2184
224
1594
2315
2022
1296
2178
336
528
2537
2418
366
30
2321
2430
1083
1800
2314
2432
956
1848
2407
2140
1924
830
2081
2568
1860
1258
1769
2463
2495
202
1748
1898
1032
1560
1951
1272
966
420
686
2272
2253
1914
1328
440
20
2740
1028
874
2370
1608
860
1476
1012
1022
2677
1982
652
2287
1955
2442
744
1740
2666
782
350
2640
2678
352
2282
2271
2162
1418
1780
2636
2044
250
2134
1202
640
12
2226
568
2169
184
2139
1606
112
1220
910
1418
1140
2362
410
2342
90
226
2384
1226
1402
472
48
1650
760
498
2232
1028
1956
804
2621
2024
378
560
868
2631
2335
2163
118
2467
1534
688
2024
1210
238
2427
1788
1979
2594
2700
362
2649
2245
666
1866
2183
1236
1232
2189
376
1987
1296
430
2499
1070
666
1308
2394
876
1830
568
2595
520
132
842
2344
2380
20
346
132
1430
2649
2530
690
60
2188
2410
2367
1830
1062
1644
2401
70
80
1512
1654
78
414
2396
2264
2304
2172
1260
2372
112
2626
1570
20
896
100
138
1264
1354
2452
866
514
2334
692
2533
326
12
904
760
2217
1976
108
98
2272
1144
518
936
42
204
2464
2110
2539
2040
1698
1028
2185
840
2877
162
1000
2214
520
1823
402
240
964
1096
268
2619
2465
1584
726
414
1282
1766
224
668
752
554
1244
410
806
1198
1931
2048
1914
2314
650
210
506
552
2408
918
496
798
2555
2349
1382
638
1982
2335
2458
58
2696
630
2151
518
1450
2275
1454
300
1536
2190
288
20
1560
426
2032
572
2465
862
390
574
180
1002
66
1278
1876
2139
540
2093
1566
2054
1242
1326
2135
622
2382
2531
2698
384
2280
1834
300
82
642
2692
2187
912
48
2349
2586
2346
2069
1738
2419
1424
1154
446
1136
2236
2366
2033
736
356
426
2586
1422
1160
578
1672
2631
424
362
376
2085
2307
2210
174
894
8
2552
1242
576
2154
1632
2475
2296
1498
2597
2063
1798
52
30
2527
934
2503
2571
2222
1736
2423
2277
1064
370
842
814
2210
48
1336
670
2404
2737
662
1879
2212
2324
2397
90
446
1048
2666
302
1932
2386
2888
210
2551
2092
234
106
1062
240
1244
1034
676
2016
46
1012
1800
2400
1030
2397
1398
2438
2204
2089
290
2590
792
878
2453
2199
608
1825
1208
272
202
2361
2305
2246
1002
2186
1510
1868
1840
1322
2063
2064
1554
616
2047
1516
1932
1524
2444
258
2183
510
1916
2599
46
2226
2349
970
44
582
1420
1382
2759
1484
1202
1010
2641
2279
1468
2383
2010
738
1096
2540
1170
2440
678
2361
1927
754
1874
2264
2427
744
2568
2336
2140
4
302
194
78
2269
1378
1946
26
704
2464
1396
146
1434
2
852
2170
1222
2098
362
560
2091
1172
6
2059
1040
2590
906
446
884
212
1858
576
802
1646
2290
1852
1326
2300
1636
1960
646
2406
2358
2391
466
1556
1252
168
570
2554
1216
1915
536
130
2078
946
2996
2327
2043
28
98
1224
1250
2316
858
2268
2040
1084
1146
2343
1208
1328
1326
2770
904
2466
562
364
184
610
2454
164
718
1790
576
2261
1922
1362
48
2425
1554
1670
2250
2163
2256
1934
2201
1020
442
1118
2529
1032
1770
2048
1180
2509
2422
2507
2284
1020
1268
1596
2588
1334
594
220
2330
2066
520
1492
1600
2394
618
1950
16
2098
1486
242
1406
1342
540
2224
2060
660
1064
738
668
1500
928
1924
988
1758
2181
862
1358
242
1685
2721
276
2099
812
1392
416
2601
2461
452
1376
254
2577
188
1884
2650
1894
2238
2481
994
2328
2296
2002
250
86
1342
1456
2704
812
652
1702
304
1776
438
2067
256
1162
1438
2006
2355
1574
2216
2432
2437
408
482
36
2130
2131
2270
422
1430
382
2281
2270
2458
2
1753
2449
242
324
310
2287
1150
910
436
70
442
2486
2250
978
1888
1276
208
464
1142
732
2635
2216
944
2438
2088
14
934
2012
332
754
794
1186
2406
2298
1016
2683
1642
2590
650
1386
2176
2378
1372
2305
578
540
662
214
240
38
262
886
2168
1520
1603
1985
244
8
98
2
360
2377
336
2571
810
356
470
1458
2475
2660
330
1464
342
1586
1056
1505
1532
2532
2610
2412
1026
766
162
2071
538
938
806
1096
374
2224
760
344
56
112
2505
194
494
1360
1732
2851
1026
1080
60
296
1352
2474
1936
1164
962
2130
2608
1998
14
1020
1654
1138
1104
262
2307
110
1566
2514
2033
440
2810
176
2000
194
1360
2486
2262
2118
1816
1902
2609
2056
2509
1140
2271
2076
360
2326
2214
2485
2078
2176
1892
156
2026
1346
862
2543
2290
2005
334
6
1961
110
1182
2374
1198
258
24
2616
772
1312
1662
2618
2208
140
918
194
190
1780
636
650
160
1917
58
2067
118
2114
2347
2113
1182
2189
1914
2418
574
2123
1620
2498
2359
1280
1716
2281
1368
2281
56
1770
2876
2038
1960
1322
288
314
2347
2458
146
2344
1452
478
2378
2266
564
490
2307
1548
2147
498
2741
1148
96
2573
478
1124
2437
2418
1106
1814
572
486
1242
166
1700
612
1686
368
1744
2352
566
1950
2492
1790
2559
1302
2602
2554
744
1002
2153
1706
944
518
1388
1704
1498
112
2572
776
216
1314
48
2274
498
1636
828
1614
644
1066
606
144
2160
2389
308
458
184
498
2472
2243
154
1064
1937
96
40
2207
830
2693
1346
1386
1606
372
106
658
1720
1280
2391
2114
858
1714
848
1778
2330
374
700
2314
1148
540
2002
694
724
614
418
208
266
2236
568
310
2176
1282
2190
2057
1154
2744
8
2168
1358
252
2233
1614
1082
2174
1562
1306
1642
1182
2228
26
2520
2346
860
2445
2430
2226
712
1600
1116
2235
2224
4
2422
742
2301
1014
178
1856
634
2316
2209
1879
1758
782
1232
342
680
634
1524
2528
1484
62
1982
2066
1054
334
2583
260
1796
2363
572
2263
1894
2178
682
1206
1718
160
2386
748
182
2088
2503
2375
220
398
2360
2538
1342
2088
1144
1892
2363
2112
246
46
1250
1986
674
1074
2424
2423
272
1152
2078
2116
2469
2118
1492
590
598
56
162
286
1362
900
2624
2323
230
112
2380
214
2344
2778
1464
940
1512
636
2214
1558
1926
2501
44
2645
670
176
1456
300
1963
96
1380
310
714
1973
434
948
1838
1220
2223
746
62
24
2447
490
1140
2509
86
2213
842
2382
2049
248
644
1920
1834
2508
2050
544
336
1642
2282
324
2334
824
52
890
2478
1168
2437
670
1959
2480
2310
172
2144
1632
328
2011
1600
1974
760
978
262
2085
1813
2136
2006
2869
486
2300
128
1292
430
576
192
2498
2058
736
1664
1760
328
2184
52
1634
354
34
1977
138
1440
748
46
1602
2435
2018
2216
442
1064
1198
970
1971
350
2192
536
1306
504
1854
1288
1056
596
1042
2209
580
2020
12
2186
2034
2382
1280
604
1542
862
366
788
2663
1850
2124
24
1030
2718
2505
2222
2528
404
2367
98
980
2621
1184
2359
2273
2178
1068
672
1106
2403
936
346
2282
2426
2191
110
28
1997
640
1034
2270
2220
264
2686
466
1742
1156
1016
2477
520
2453
716
2740
148
2024
776
2054
48
584
2157
600
808
1582
1084
2401
1166
630
2284
1048
2457
282
1686
2089
2289
532
1462
1706
4
58
1202
2373
2098
1124
1128
482
1864
1970
118
2425
310
1624
984
176
1116
2478
974
1500
270
2084
1292
1078
2520
2213
1612
1670
2475
1940
1500
836
500
860
1800
2503
1014
248
2378
1348
1714
2614
98
56
2393
1916
1276
1939
2073
1506
726
286
124
2142
2268
1402
1602
2768
966
150
2177
420
2309
2550
122
772
1552
470
1696
1214
794
2096
330
1444
1768
2207
1352
2500
2442
912
2006
880
2726
1264
1898
404
2143
2205
1476
1100
296
268
274
2316
952
176
694
1914
1800
2357
1122
1164
34
262
606
2856
1960
2639
2437
2456
666
1218
1954
1310
2428
2363
968
942
2111
72
1564
1752
2007
1330
658
2200
2150
1935
1908
206
460
272
262
1994
1026
1204
846
2531
32
2294
136
170
252
938
32
600
2251
1264
1142
2236
2041
2268
1242
162
2563
502
1980
1994
652
2354
556
2359
2176
898
2559
202
1740
2158
58
2339
2117
798
2805
2370
364
240
12
2332
1504
1696
312
2369
894
2479
292
990
2442
726
1332
1162
2318
2569
2441
288
2130
544
2667
1252
2255
1818
752
1110
2307
1262
2558
2236
772
770
2131
1876
1644
502
754
2504
2744
2255
1128
514
2220
2670
2277
840
1184
2002
1964
202
416
36
1902
724
918
1646
2506
292
248
2424
1472
1882
1206
2279
2462
1272
564
118
304
2376
892
156
2861
2335
308
188
188
626
182
2634
2201
1869
2498
478
462
1969
1492
1352
1950
2797
436
2388
252
2177
2352
2154
406
2276
502
2442
156
152
2652
700
832
8
914
1476
2600
2261
872
666
374
42
838
1352
414
1450
1322
1788
2264
1928
158
1772
624
542
946
244
154
2406
742
212
660
1596
398
12
2462
786
2374
2135
2613
504
2251
1254
1676
526
902
2095
2033
1300
1054
2231
776
1928
392
184
432
2282
1132
1775
2497
558
668
382
364
2506
1366
1402
1692
2196
572
1886
786
1472
2775
34
282
662
1008
244
174
1670
668
382
136
2690
1816
2060
2310
1370
136
142
2344
1685
2891
1006
1140
1498
380
2328
1440
330
366
2254
2088
174
726
886
310
2630
1738
806
1830
2021
982
108
84
10
2314
402
2567
2265
726
540
862
1090
416
882
854
1608
4239
616
1654
1914
2306
2391
372
274
1944
1524
744
162
198
198
1332
472
966
368
2260
1662
482
2201
2378
2151
952
1272
2166
2188
2164
836
236
478
2364
2029
2410
1180
90
572
1816
632
2508
1794
934
1018
2200
2118
2498
2238
716
2275
2807
206
370
230
2466
876
2247
1848
2450
26
2313
2352
1544
1799
356
494
464
2446
1230
74
448
242
780
2190
430
2411
2114
1432
2639
806
806
1594
592
2455
604
616
1548
910
1342
2503
2371
2695
1298
30
564
2522
1678
412
2494
1926
2288
1154
1742
60
2135
1098
2656
822
1932
2390
2398
2177
282
1824
1238
914
904
544
2098
334
304
798
92
698
110
2727
2793
976
448
238
2400
166
520
2122
2341
210
206
2190
322
1008
1590
486
462
1030
1688
690
1860
896
68
2567
2293
394
1891
2419
116
36
2136
1098
1304
512
1252
312
1354
126
2832
544
2478
2190
1818
1238
152
540
208
2441
2402
764
2418
848
770
1192
542
2231
2079
460
730
390
1954
1848
2008
2462
2246
756
2441
2279
2028
1016
2288
2481
2354
2265
1854
1644
366
898
168
2138
2070
1400
2625
1206
1126
292
2112
152
476
562
2000
2325
1502
2419
1510
2309
754
94
1420
1128
2083
534
42
2312
584
1350
178
2865
1398
1044
2048
762
1482
2267
788
6
2728
362
216
1158
2752
688
1686
530
1646
2326
2457
568
2066
1348
968
630
1902
616
1654
64
2044
104
1026
74
280
2329
1508
888
2321
2503
550
1462
748
2272
1258
230
1194
2541
712
2292
2399
2216
2333
2452
1814
498
702
88
668
3822
1186
1022
246
374
6
2280
2296
1358
2253
736
2583
208
14
1655
944
2488
2096
1392
136
380
984
46
456
2218
1562
230
1914
32
1886
2375
2453
2062
738
2234
950
2865
630
334
880
1406
2076
492
1225
2327
1290
1704
1004
632
1518
516
80
1170
1854
1968
1214
1200
390
790
1986
996
1126
388
2444
356
1983
2013
2804
784
2492
220
512
2471
2423
286
634
86
1070
846
378
1232
1148
1016
2344
2264
2628
1442
310
1554
428
1118
58
342
186
2330
1544
520
32
1922
2019
1114
1904
184
1212
2219
228
558
2425
1306
2120
1200
1792
1002
1082
1072
2500
2319
778
1796
2209
1942
1028
1818
2316
2375
310
966
2194
516
1474
40
310
892
2479
2176
112
2468
1492
2854
70
2241
2314
562
234
1880
2390
1550
2509
2003
2156
1508
1118
210
2033
2230
2435
2324
1592
2036
332
2609
2337
2142
2188
1718
2303
1972
2219
1168
870
2159
2539
2254
780
1106
1108
968
170
84
1957
136
634
2215
1934
886
2244
838
2602
2629
2559
18
300
1518
252
642
2390
258
2221
1440
1424
132
2548
168
2268
766
1965
500
894
54
266
44
2039
876
768
2759
200
2492
736
1186
1252
24
1990
464
152
1602
1850
258
1995
14
2376
2702
2257
2296
1148
462
842
1594
254
1184
1296
642
1112
1124
238
2365
610
2309
244
2697
1752
2450
564
2458
2468
1580
2167
714
404
184
2059
1810
574
2391
244
84
1112
1794
1732
876
80
486
1488
2406
1360
2420
2191
944
1898
2308
488
926
728
2490
864
2245
2313
1260
652
2390
2324
2173
2429
1348
2166
468
2273
492
1040
1876
2366
2232
2227
1284
678
172
1670
2492
2124
824
1358
900
2777
2582
2678
1484
1836
350
2347
2217
1438
698
132
2413
834
708
742
2058
2301
1712
2396
2548
210
410
510
768
484
2088
902
1338
1074
952
608
1878
1340
1126
1374
2336
2339
754
864
2296
170
2403
2356
1374
136
762
2168
522
1626
1648
192
1254
1552
786
2048
496
2280
2641
644
536
2508
202
2339
1576
1836
2433
1324
136
52
2243
576
934
1788
2550
1478
252
1956
2539
2162
2120
744
586
872
752
2350
2528
176
2415
1294
2558
2165
70
2583
1855
88
1676
70
2254
638
2092
2272
840
2198
2111
2427
2180
188
732
2368
2419
448
60
1220
1602
480
2037
134
416
2458
1384
1890
1572
2445
418
1860
678
1522
580
2168
1174
780
340
130
2147
1532
564
626
1514
2135
22
570
2425
638
1082
2711
854
1094
200
2550
196
154
2105
634
1700
188
902
558
474
1612
2698
2397
1142
164
142
2080
358
2423
20
1338
2383
414
2208
1592
828
2276
936
98
1064
448
450
590
298
1142
918
1392
996
2547
2002
1552
42
2383
260
2358
934
2551
398
2568
1150
1018
344
2229
2405
1472
944
1856
2327
2031
898
2408
1402
386
40
552
1448
4
1382
832
2283
474
778
810
562
304
2270
2802
458
2132
1296
2297
1150
2839
930
2303
1338
562
1812
2303
2407
168
1622
100
644
1984
2199
786
1152
1072
248
1801
1776
624
1324
2601
2031
114
2070
2409
2032
1406
2269
1734
1342
760
1144
920
486
2046
208
514
2108
750
2342
874
2608
398
2421
934
702
1896
1704
1450
1650
692
326
2103
516
2385
2080
1026
2650
2368
2506
1002
780
2184
1112
1532
572
2341
1982
102
1390
2613
2186
432
1740
288
190
1998
1442
2358
544
2469
272
332
708
550
60
1160
1942
2556
1104
2828
2139
2071
1044
2721
214
1350
1980
584
2188
2494
2124
1162
70
1082
216
680
1730
968
2680
2324
42
350
1082
1516
2016
794
1226
2237
2510
1763
1939
2201
1000
110
342
12
1826
2292
2145
794
1450
1336
72
676
1532
2403
1036
2418
2236
54
300
360
2648
2036
2094
2313
76
1992
1002
712
1846
2631
276
466
1894
974
280
2153
2182
2322
2307
210
122
1878
2282
2232
224
292
372
510
1032
1778
584
2056
2782
2217
1454
2537
190
2225
594
1534
1360
388
2334
294
238
2265
2504
2488
38
2628
2154
2108
1746
2393
782
2400
2377
2660
2622
1102
454
802
2411
518
836
2539
716
1880
1522
2440
272
1066
1332
492
1008
284
2312
878
1134
2294
2506
2290
1206
1674
2481
2279
1326
850
1978
2375
2339
2494
278
2105
2468
1974
2428
2086
2391
32
1320
264
2142
550
1388
374
2386
2594
2794
2135
1732
1138
968
8
764
1132
878
952
2536
1020
1002
1264
172
2365
2106
1098
820
508
424
2424
2124
1904
1066
560
376
1760
502
2488
1554
1668
814
350
2406
456
598
2364
434
2324
100
1660
2370
2383
416
2383
636
1306
674
2225
124
496
2352
2359
718
2316
12
2485
1492
200
2308
636
2324
264
2230
2501
2436
550
2261
616
542
2067
2275
1495
152
1124
2159
1404
1118
1846
2048
1942
976
528
128
1544
300
976
1938
202
1772
2433
1238
1910
606
2034
1284
2404
1194
406
450
114
588
280
2348
182
964
2228
2260
1100
2673
1624
1652
874
1698
688
1468
150
1902
588
2445
2498
2097
2407
2020
2305
2428
846
874
2346
986
152
714
566
776
926
250
38
432
1236
1212
846
1386
1998
128
2119
2199
494
2172
1840
96
1927
1238
268
1262
674
668
498
396
1872
498
1906
2236
1596
440
746
788
2088
2512
1877
972
1310
1096
16
1548
56
2329
180
2300
2557
1620
2191
6
2420
666
1270
128
1866
1030
2292
1324
1362
1712
1126
280
2719
108
456
358
710
2180
2564
26
2380
564
2339
2406
680
1476
2382
2337
6
106
104
26
902
1548
798
22
822
1896
2498
564
528
142
2406
1961
2157
604
1288
1840
1334
1030
2278
2338
2164
1020
2353
2162
598
924
1088
1842
108
1618
1868
2515
2047
2600
940
2361
744
2340
866
856
1366
746
620
2645
2455
1376
2456
256
590
266
2541
388
402
2255
2775
1886
2164
370
1066
2227
42
2850
44
1812
126
1278
1440
142
166
1340
1905
2422
888
462
1414
2655
2020
864
2134
1344
540
2121
502
1482
2476
2157
386
176
2414
882
2385
1226
338
2099
554
2835
90
2030
2508
322
1562
1612
2150
1234
1238
2702
2330
576
2454
2756
830
1922
2004
130
2719
2453
194
1826
892
2192
656
798
2525
284
2446
2078
322
1696
298
868
1380
492
1754
80
2499
570
46
1494
2211
2851
294
2666
1524
2324
2510
440
2217
174
818
2127
1056
166
762
1206
1612
2207
2548
1274
166
1754
356
2318
2438
1844
1082
1384
2010
1310
48
2335
604
2041
2251
2275
1879
2428
2322
1894
802
2431
850
60
766
522
1036
304
520
1922
2169
1266
1666
402
1620
60
1430
474
1942
2012
576
656
516
2112
2054
2433
2354
558
1572
2008
268
640
1902
556
2420
636
1140
2265
520
844
118
472
684
2218
1536
2669
494
2462
2420
612
696
1010
1712
242
1104
390
1988
1244
210
2320
840
1736
486
1832
706
644
1352
424
1196
1236
2013
2002
2258
2102
2939
436
744
1974
794
1108
2336
1352
1198
2314
60
2567
1802
792
1886
2366
500
392
2191
678
700
516
974
698
222
2112
2453
588
586
152
2352
580
386
2675
2608
2462
1867
2413
2379
1554
2275
2206
2102
2847
2058
670
1740
144
2032
1768
1026
38
1402
1256
1392
1170
116
240
338
2013
642
184
2083
676
2067
2381
2002
1530
2188
2426
2111
24
2219
2052
1794
368
2218
890
582
2014
1246
2356
1744
1756
793
1114
874
2003
502
2375
490
2539
1004
78
1822
50
798
1684
2070
202
2608
194
1504
2030
70
46
104
2142
2229
886
2343
1298
984
856
2248
570
552
2292
2265
1999
2402
2151
124
2319
2308
2342
2476
1488
2778
100
732
1594
824
2306
568
2214
2003
1212
2359
1068
2540
1318
2324
1976
614
1620
2117
2016
898
1760
2319
514
2503
2237
1406
1152
278
1688
2167
698
1580
98
2226
1314
2178
716
1288
1864
2167
2362
1048
132
1951
2411
1804
818
728
2401
2086
2588
2343
2375
2541
1366
2089
686
156
2675
1494
1082
1832
2300
246
1378
1820
712
1230
1592
242
22
454
280
230
292
2312
224
2544
1949
1208
1024
1216
2228
28
2137
724
2418
2303
538
646
1838
750
2382
2329
1302
2374
190
2510
610
1622
2549
1785
1414
474
2609
2446
2490
1844
756
2660
2094
1268
1438
1258
1766
760
878
2679
2459
2147
680
2356
584
2366
232
1034
1840
52
1854
194
2269
2665
376
992
2557
110
1178
72
2273
334
2206
2549
560
1366
2090
2246
2726
2451
434
460
336
738
246
906
302
1282
1668
470
526
2698
266
2835
2078
2028
2573
822
1058
692
106
312
444
2336
236
1108
342
2610
2376
1202
2778
574
674
12
1162
378
2675
2196
2675
2097
570
2468
492
2551
2265
1552
2282
624
1052
42
1098
1096
552
2433
1614
1947
1578
820
1132
1910
2040
402
1656
2486
780
2220
2298
2434
1842
2275
2568
2584
1008
98
1752
2375
270
1840
1898
594
520
1620
184
1290
800
2832
2350
2443
2303
2286
1966
876
2209
2369
1842
1006
2175
1466
1444
646
118
786
162
146
644
232
1428
454
418
2218
874
2011
1798
1294
1873
2316
2
200
1072
100
2174
72
2150
786
2282
1038
160
74
1224
1694
2541
2171
264
894
1996
1316
48
128
1602
1958
1768
470
334
294
154
66
2157
986
1734
614
2130
1832
1890
482
914
744
1628
2377
980
2008
1656
282
1042
2188
764
2230
2378
418
1044
860
422
2620
528
2324
126
2090
1724
1498
2386
1118
1216
720
1586
1934
1486
2250
76
1808
454
550
816
454
1784
132
406
502
138
2306
290
1799
2364
1997
2382
2578
234
1056
466
686
900
284
1932
2136
1770
388
1372
270
1945
602
2316
2120
1404
1950
476
2333
510
1360
726
48
1940
2078
686
798
2374
398
164
932
524
2528
312
1882
1578
152
1212
1156
2524
600
730
2614
2472
1742
2500
356
1442
1868
2035
150
2084
158
2176
2210
802
1402
2464
1320
56
2054
1996
124
2127
1310
1816
500
62
1360
60
1146
652
2734
1594
900
1190
2250
1931
2285
338
2374
1905
2396
2241
2170
850
2242
1558
1856
2356
2636
794
986
1992
20
230
1736
130
2660
2858
736
1826
1578
2478
2093
2503
2181
916
2634
2436
1404
1576
176
1098
1112
504
2531
2095
338
2348
170
2228
2682
442
2170
1024
524
1917
346
194
2221
2136
2074
1492
476
2245
2238
32
2007
1188
2141
100
2068
2715
1666
2090
2060
984
1793
2829
1104
2398
2517
684
2202
100
2292
2120
254
2669
224
400
324
410
2258
1902
1084
2086
2223
2363
132
2480
1102
1276
128
2022
2631
328
104
2501
2152
1708
2106
584
2378
1968
2395
2589
2365
1060
460
610
2332
1458
738
1244
1284
1992
594
906
940
2442
2138
506
1524
2241
1244
2635
1672
1446
338
222
1596
1084
1722
746
334
2620
1636
2343
1004
270
998
116
718
1996
1464
2243
2249
2536
2037
2591
1378
1973
1082
178
2550
2333
618
772
2197
2012
2292
1826
1332
584
1524
1888
2526
1306
1902
1282
54
2099
2160
2394
1324
772
1214
2227
842
736
2482
608
2026
90
1812
1180
582
1744
496
1544
1738
2122
1134
692
2792
1644
2156
2197
744
2459
1670
492
66
1610
1032
2121
2341
2118
1402
1972
1218
1096
1942
1590
430
384
2026
536
112
2333
1222
190
1466
2644
908
2405
2268
786
1873
2575
2108
1160
1050
1186
754
318
572
878
2440
2409
2448
1294
2413
996
2602
2150
124
520
1142
2226
520
1386
654
2128
2389
328
2261
2662
226
1194
1120
576
268
2761
266
1046
200
1761
2533
1850
102
136
2425
268
2260
448
2411
282
2420
2098
2771
1070
2083
2275
768
1130
824
40
1658
760
1348
810
1760
1256
1124
2196
330
1178
1939
886
1856
1084
710
240
280
2565
2407
76
96
284
1718
804
982
364
1420
688
1218
2081
420
758
1570
2098
2050
2285
1054
2332
2162
1606
1376
410
342
700
680
476
220
2036
1038
424
2156
150
2305
1752
276
2066
2408
238
232
330
776
270
306
1392
1950
2217
2624
2208
400
1968
346
290
820
1216
2280
1664
2776
1982
140
1428
2270
2006
1510
2233
6
192
230
934
158
2
778
2236
278
2032
206
1176
602
2257
62
64
580
1214
2810
432
2044
2126
484
176
2729
516
2213
478
2234
20
1784
1368
948
152
1910
1322
2611
544
1614
2262
1636
52
2022
2044
1902
1500
908
952
2194
2245
2210
704
928
66
1921
2300
2275
2479
1706
714
2
1074
40
2416
1190
2160
1910
2697
42
1694
2188
320
910
818
2294
2016
2062
342
1370
2680
2410
2042
1124
1656
2248
1558
2531
38
422
834
2060
898
1296
348
1024
76
2378
970
2367
110
2466
240
2179
1616
282
358
240
650
2403
2116
180
498
2524
576
2139
562
494
2429
2592
1620
1648
2188
264
2481
706
1052
2564
2441
398
1656
2339
2352
2223
2879
1906
704
408
2113
1378
1834
1254
2414
1172
2621
912
582
2141
1514
2613
2451
882
2138
668
2185
986
450
940
566
90
478
1700
392
2296
510
2547
1210
318
1386
400
2383
2284
2092
292
1440
2365
1905
2165
236
438
2923
1994
688
232
1898
2302
428
646
366
986
1780
742
1894
1136
2168
2136
362
18
2512
160
862
2407
606
1904
1310
1790
212
2362
244
1082
884
2289
402
454
2304
550
448
2521
144
1024
1464
1819
848
1798
1542
2559
1258
662
44
468
2594
2409
738
2711
2060
2633
1864
1898
1498
1942
432
1394
2305
1426
1334
100
1881
996
2365
2476
2654
2224
2696
174
362
2671
1298
1612
2188
1622
1518
8
224
2477
2444
2466
1318
1984
1990
2161
2334
308
2417
2355
202
1716
2429
1716
464
154
836
1294
2146
1646
564
1846
2002
1278
2456
914
94
1672
416
1550
612
1860
268
1460
2570
30
2231
2458
2436
52
850
946
2262
1550
1266
2142
2634
908
334
2231
918
754
112
728
1714
234
1050
1236
234
414
726
18
2632
2135
1930
124
820
2144
2542
2610
382
2490
1444
1988
1020
2313
2671
2556
1640
1576
780
622
442
2435
18
1426
142
2567
2234
2301
2677
2393
1012
100
2348
454
2467
1986
292
2018
1294
572
268
1388
894
60
388
1744
608
2250
1596
88
2195
1188
1262
268
1328
790
546
2138
1682
2138
1726
2894
1050
954
304
2217
2189
830
946
1180
1900
2350
1192
110
1190
2278
900
1710
758
810
46
346
1124
788
516
1314
1012
240
2394
2670
290
2461
2085
246
16
2308
228
416
10
1024
594
1256
2539
222
184
1344
1538
1750
352
1704
822
1412
624
660
2147
1826
966
1180
2005
956
320
2094
2090
2524
158
242
570
696
864
2259
2282
282
1964
2406
1298
2326
1616
530
558
1722
2293
92
634
2368
950
1886
2332
2042
2603
1468
406
1050
826
1134
670
2
536
1562
436
1040
364
322
2306
2586
2429
2230
704
588
730
1796
256
2024
278
398
148
1786
620
1894
2065
1949
2288
986
2360
966
2388
2442
678
470
1140
1450
2702
544
670
292
1508
840
2202
1848
2200
1872
2348
2208
1789
1568
476
1916
2697
330
2381
1958
302
2509
2426
2452
876
2053
1180
1120
98
1226
126
1744
846
2348
90
2269
2412
1901
2029
1618
2378
1048
348
1722
98
2121
110
2285
136
1040
968
1324
288
2664
1752
1016
446
2504
2108
2377
2349
770
76
636
1624
2037
102
1522
2572
2173
894
1884
2056
734
290
578
902
170
814
1486
802
2461
34
2379
1646
1326
1768
2070
1916
2187
392
250
2115
116
776
464
2395
2083
2641
950
696
818
1424
2671
2121
2454
1666
2728
2074
1336
2649
250
1932
2784
2556
2147
2215
2650
2337
1632
1504
2332
328
1104
1882
2408
1900
2436
1018
30
2337
1090
2803
8
832
336
128
2438
1992
792
2144
230
2155
1516
1930
1074
200
416
2267
2452
34
1894
2606
1200
296
1678
992
1938
2098
1880
50
770
