748
2044
2432
2326
1724
1210
720
130
540
14
344
550
2237
228
2255
1888
2400
2677
318
560
550
2491
2670
80
256
2475
888
36
2035
2697
1494
2015
994
1664
674
506
474
450
2406
470
1308
2322
788
70
302
992
1776
1210
962
8
160
1178
1986
664
1200
820
266
2166
2366
2368
570
722
1180
688
1574
2461
672
80
2577
2290
388
2231
1952
184
856
2272
2366
2212
2279
902
2162
1976
2183
444
1380
1442
1300
2141
280
2184
1860
2011
2253
164
2172
388
1208
640
2602
324
2451
1194
788
2572
262
2327
970
854
1664
2253
728
762
784
1234
2428
1978
2437
190
616
718
2599
1802
1754
2313
2263
170
2237
2107
1182
1972
742
2532
1630
1578
2389
14
2773
638
976
2299
1300
2410
60
2208
6
1753
756
784
1542
2012
616
718
1088
2242
156
2347
2648
212
1944
878
306
886
610
1658
2487
700
1002
1630
2596
2278
1618
2210
2030
1353
1470
2298
1054
62
2794
1810
1952
2090
1486
2197
2531
2576
1418
1664
358
1132
1324
2568
296
2124
2490
326
1662
2191
2780
972
2195
892
512
1938
2060
24
1782
2528
2517
638
728
248
2374
350
1678
458
1064
2488
1432
2389
2156
452
190
346
2071
2115
518
222
2665
1468
22
1156
2253
1400
1336
2595
1540
718
2532
922
1170
2347
2345
2182
2314
34
1636
1464
2457
672
24
634
2270
1114
2544
1062
276
488
548
1146
1154
90
1474
1126
784
2184
1921
2109
546
2312
2269
1340
832
1396
84
2358
180
2339
448
1276
2218
2476
442
2277
2146
1360
694
2535
352
466
724
2094
2313
2385
1414
2330
2574
998
584
1512
1993
1830
1476
1540
2496
414
1270
1900
768
1857
208
2140
176
2393
670
254
924
1930
806
148
2576
778
958
532
488
1346
108
1615
324
2325
2392
242
694
1860
776
2581
2056
2240
1452
2135
1668
2082
1154
2134
1358
2322
294
94
1686
106
192
1928
594
1344
2117
228
2236
2135
858
1492
1688
2213
2385
1991
224
2708
1302
984
300
138
352
1050
2200
202
962
64
2784
942
2492
898
2222
954
2390
2508
2684
2188
2653
284
872
206
2440
394
2747
2454
2166
2706
48
870
292
2301
1690
2073
2488
514
2328
2359
436
582
1916
1564
1610
10
400
776
2378
416
920
2052
1506
2372
2197
1004
2420
1092
2410
242
262
1044
2431
2646
2343
54
600
2152
2211
1856
2540
886
2503
70
530
2210
134
2095
2409
460
2169
1978
1504
2067
770
2568
2101
132
2633
2435
896
1484
2963
2731
2594
870
2799
2425
348
2122
38
450
1292
536
2079
1678
2078
2490
1008
1598
726
2373
2138
1961
396
2236
568
6
2312
2399
1174
928
88
2499
1020
2154
288
2287
614
1540
858
2335
1842
156
702
2460
144
1204
2493
30
2510
2236
304
1416
186
26
640
564
1704
962
1628
308
1402
1995
898
2139
620
54
2608
2401
1882
1386
394
478
454
2509
892
872
2740
2300
1662
730
2356
96
1722
696
186
1352
40
2423
912
198
1924
314
2062
2655
1466
512
136
670
1918
2271
2204
2425
808
2214
372
788
40
822
1152
552
976
516
2109
2267
880
90
2346
226
510
2508
2006
2421
2258
1546
576
1948
1114
14
2380
1920
2202
2510
1272
1968
2169
522
838
1626
2253
82
2077
614
2130
432
2616
972
714
1858
1908
1628
520
2386
1328
2046
2546
2310
376
2062
2625
2419
2399
2220
2212
2429
264
754
2439
1226
764
690
346
806
506
2278
2825
1984
2315
1236
1998
424
1146
1044
230
670
296
1925
2478
2614
268
540
2337
1118
2380
120
594
1216
880
2361
1366
2276
970
2241
2212
2484
232
1544
2083
468
1570
574
2060
1834
1788
796
56
746
948
1174
488
112
2580
2561
2373
1628
2383
2044
2614
2376
700
2005
300
1582
2216
2156
2394
90
1592
2016
1004
990
2068
2876
72
120
1876
170
312
1974
172
64
2397
2296
182
1456
42
1164
2168
414
2625
1658
1392
890
2644
1046
1852
2099
728
24
1046
408
1140
2620
462
2609
2675
598
486
704
248
1640
1334
1598
304
1778
2191
14
1034
2233
2450
280
1338
256
2433
2428
2016
1320
1410
720
722
776
456
2604
1236
1432
798
2098
1064
1744
2759
62
1246
1330
400
862
2520
858
40
468
2844
2097
1050
2501
1192
2110
508
1870
808
84
638
1094
152
10
2269
1530
2291
2146
2680
2763
562
176
1794
2318
1826
2152
1132
2104
1008
2479
160
2155
430
160
1974
1697
858
1336
134
384
2288
1768
982
370
1474
160
1800
1336
466
70
398
1184
1014
1250
208
1226
2009
1352
830
1476
1600
424
2365
186
1636
830
566
2326
792
1863
1388
486
1626
1004
1580
846
2672
1616
146
296
2448
590
2426
808
722
2366
1977
550
2765
2293
2031
2331
1266
444
1124
1792
2018
84
1452
530
2367
392
1702
2446
2056
482
2065
2116
2505
646
42
256
2320
1024
416
1014
902
166
1979
380
770
2371
402
344
692
2253
762
562
390
1987
1374
2484
234
610
1656
2258
1967
2104
372
2175
614
570
1866
2340
2132
2286
2010
1512
172
446
2494
2520
2033
2595
1082
1408
432
624
1818
828
962
1600
862
1834
140
968
218
894
688
320
2095
432
152
434
2181
2682
402
304
2326
1826
96
2503
2530
446
2135
2384
2334
508
1068
2433
258
40
2396
1815
272
2637
450
976
808
1278
2237
154
1364
2387
778
1630
1864
2332
878
1330
2366
724
762
1779
118
2210
464
1038
776
488
418
488
24
816
1238
1016
230
332
898
2214
2052
1364
12
2476
1582
1002
480
756
2379
1903
2117
2310
2326
542
1978
746
1422
1382
346
2373
2007
988
1244
2500
1362
448
1628
330
2152
2184
878
1944
1782
354
468
1774
1920
2420
346
2636
1512
1036
80
2133
2142
2096
284
730
318
1668
2050
2424
934
2118
2387
1230
2387
846
2332
696
36
1470
294
690
2351
398
674
1726
1090
1330
1999
524
2048
2406
460
1046
2407
2266
2164
1132
2503
352
470
2268
1102
1804
112
1528
2214
126
466
2510
2816
834
574
2044
1816
450
1912
2265
12
2321
1018
2418
2336
462
934
320
988
1928
1462
1776
2022
1088
2428
886
1734
1912
740
2289
696
368
2136
2353
2080
682
704
568
2280
1274
156
906
2173
882
886
2513
724
1568
2274
2658
1160
482
852
864
1948
1586
1150
1128
554
718
2600
880
1652
540
846
2243
1442
1992
1997
572
2624
2347
730
1210
320
748
686
2030
94
572
1903
146
2242
1834
620
898
964
2050
1364
640
1034
2800
2627
206
2455
840
2250
1532
2175
2388
1360
900
2174
824
2355
210
1876
932
2479
494
716
2325
126
2649
406
2541
348
770
2317
1094
520
1216
156
102
2387
2375
2255
2328
2171
1676
700
1697
1126
2449
168
2039
778
1794
1128
238
766
2536
1720
60
432
1514
400
2447
752
406
1258
2167
2782
768
2247
360
26
2332
2010
2499
2179
1560
288
1744
1052
2160
1654
1138
1536
1272
2362
98
456
2594
1204
1450
2236
308
886
576
214
2276
2386
1324
1822
656
2116
684
1048
2322
342
2400
596
710
2092
2145
558
2192
430
2623
1242
1450
2314
374
2338
1204
2367
524
1290
1742
1370
1294
1494
2256
2237
968
2070
2444
2190
260
240
2360
1428
574
1992
1524
2284
848
1560
1196
2469
1280
2154
956
2263
814
836
1322
2399
274
2251
2093
232
192
1190
16
1026
858
2284
1844
1186
2333
4
2081
162
832
1184
2483
312
1796
1984
128
2127
2072
448
2419
538
742
1658
726
1610
2228
2263
2265
534
1272
514
616
1244
2211
2246
1556
706
2322
2462
2172
1242
688
428
140
536
2406
1580
524
2258
2209
1674
114
2187
1000
146
560
2295
2160
1959
2646
1334
2309
678
132
2510
506
1266
2434
2256
842
2231
36
640
1074
612
1620
2294
2308
16
2241
2336
2199
432
2349
686
1460
1585
428
496
430
230
764
2253
2178
2949
2266
1588
836
2393
2038
1006
2448
338
1444
2097
1120
390
2102
264
1586
2162
578
2392
2002
1834
716
1989
750
2497
1426
2275
1658
602
334
1424
2154
1636
2530
2533
1230
1092
2085
2383
210
2425
254
2582
952
2260
1961
2444
2207
2012
1794
676
322
904
134
602
1210
1332
2096
2423
2302
1036
234
66
114
484
2545
2456
60
70
1892
2653
2440
620
2207
816
502
776
2554
2425
176
1980
152
590
34
908
2334
1876
652
2380
44
110
1748
138
952
6
206
2381
224
2144
282
62
2075
1156
1204
1232
1226
2112
234
2396
2474
2377
2372
1286
2728
2097
956
664
2498
462
1172
2029
1963
50
692
584
552
1688
932
2251
2471
1642
2288
2784
2315
922
1860
316
692
962
2144
1808
698
580
556
1999
2069
558
1790
1780
2266
2188
1898
776
2272
998
1312
464
248
2994
216
1156
12
2623
842
1018
568
252
1516
1418
20
2315
676
2411
2044
418
1262
1536
414
1060
2323
1914
1922
1122
370
1626
2052
2557
1220
850
1436
2506
288
574
2347
2318
1006
72
666
1012
2339
418
2523
804
652
2199
2154
1444
896
2238
1060
298
36
862
2158
2068
524
508
1034
2526
2700
2325
2132
798
300
1780
1656
318
1324
1128
508
1372
2154
2047
1382
78
2108
434
1132
2497
1780
878
1900
398
2352
1430
182
76
2102
2888
2116
52
866
2217
1966
602
876
1214
790
946
790
2502
1026
756
1562
2642
898
2424
402
428
2299
362
1332
2348
460
518
2305
2196
184
1916
2024
2301
140
2106
2537
1024
2209
1610
880
928
1218
1260
2269
2036
2115
1986
2258
2435
894
936
2370
2363
1931
2640
826
2156
996
672
1054
1648
300
868
278
680
808
482
86
1242
448
828
1410
398
502
636
768
2301
134
648
2423
2287
2093
2385
2815
128
384
2268
20
780
398
228
2568
1062
146
1848
2654
814
360
1058
314
2220
2173
1556
2183
434
1184
1824
270
2248
2379
2185
2423
2138
1070
182
2550
2722
1542
926
346
2560
2440
1216
32
1848
748
1642
534
680
1844
2458
818
414
2226
864
578
286
2112
2275
624
1458
518
1720
232
1981
2500
266
1306
438
2086
2498
842
1090
2228
2143
912
1676
394
36
2490
468
2642
508
604
2336
1478
1888
574
2634
1348
2682
2493
818
298
2002
1554
1728
650
58
2489
456
1894
2056
292
2339
1924
1192
2088
2214
2283
378
2251
720
1968
1928
22
1652
1798
2358
1134
1016
508
984
934
598
2354
1190
2082
2386
1968
536
946
318
2092
792
440
62
1138
258
1504
2152
1844
1941
2429
1382
1420
1076
484
762
2587
2589
594
2737
1162
2370
2735
348
2469
2409
2207
2376
594
486
2104
1934
28
672
2293
824
1884
1124
542
950
1406
1154
48
2718
1410
446
690
2521
56
2486
2346
2381
998
2780
2228
590
1360
196
2202
1850
126
2323
1947
2281
2482
654
1096
1102
450
896
3300
2048
1230
2296
2142
652
2022
1348
202
964
872
1190
1208
1446
2502
2049
2500
2484
1182
2404
2034
2451
772
2462
1582
1814
182
1832
1997
342
2674
676
14
254
2096
1894
404
2657
2397
368
1302
1060
850
808
2569
1094
1646
492
178
2427
1979
1286
674
1402
288
2518
1542
670
2512
1780
2549
2087
1656
2170
2220
2177
2212
536
158
352
896
392
2469
1008
776
14
702
712
54
284
1710
344
860
1958
1252
1970
672
1716
2620
2082
128
1682
2489
460
1322
1194
34
436
846
1474
104
360
2284
622
2175
2092
720
2237
104
2374
214
1400
2263
324
1556
2419
428
1178
2372
52
2141
1462
2070
364
2612
74
1775
2260
450
1398
1971
528
2403
134
946
170
2416
1626
2002
2548
2056
2631
1678
1520
1532
1292
34
638
1056
1020
66
1294
762
2341
902
1848
418
636
1464
364
612
338
378
980
2438
1456
856
1726
2325
640
284
2895
146
124
428
2489
1876
2217
2151
2430
718
536
1514
2159
1222
1228
2203
1116
120
2380
2596
1362
134
1088
1164
1174
188
2232
2749
1326
158
1880
1024
1146
120
2534
6
752
652
1392
2177
2252
2290
1955
858
1414
1848
2377
536
1244
1314
1508
568
1826
2268
2072
692
822
664
708
2540
114
1070
2632
930
2346
2509
2322
602
2420
64
2334
660
274
2146
2257
434
284
1840
2003
430
168
2600
496
904
2204
2092
1166
584
810
2269
1694
448
84
2373
1340
704
2560
2586
498
1684
974
302
562
466
308
1336
2059
2395
400
820
1336
2127
674
108
2157
582
934
1142
176
1568
2241
2957
268
2437
2284
1622
2268
1788
1130
2241
956
630
736
2365
1444
562
2544
1320
918
2694
266
486
1144
102
2654
14
262
2324
772
2091
658
2691
1110
2481
538
328
2188
1930
844
1950
2361
2267
62
2279
2191
1280
1470
2082
1949
2352
2799
1748
2423
50
1740
2031
2176
352
2403
2042
1580
314
2335
592
2218
2500
1354
142
2030
184
1092
1924
2239
908
638
402
2111
2298
496
2184
2193
892
1918
1220
406
2668
2426
562
2303
2458
2688
1230
542
1302
478
1566
450
92
440
916
124
350
904
1876
1955
1298
1874
342
2240
1460
1138
80
2331
26
128
896
2391
100
598
2044
1042
2457
1236
174
1802
792
2206
1955
2652
1952
490
14
1918
832
2630
2522
2276
908
306
128
2354
1206
1316
1650
778
2231
1969
1636
2411
2301
1837
1106
46
1004
376
2350
2282
1830
44
1961
286
1326
2052
1108
428
144
552
798
2452
2388
1526
1526
2005
282
766
906
1964
334
2280
570
2255
662
2770
658
92
160
1582
310
2294
446
1732
1616
1440
636
2618
2373
2567
1592
236
1594
1522
1762
1540
14
324
1818
2304
1118
4
1922
752
1940
176
2529
1056
1886
1504
1766
1264
14
1256
1106
194
1928
732
2272
1166
848
2335
222
1848
80
758
1922
170
1931
2525
2593
1052
2380
304
594
2135
1940
142
426
2735
2141
1428
2288
2280
658
2145
1917
1032
2515
514
2740
2286
1704
192
402
764
80
872
2700
2785
418
906
2662
1640
2246
1520
1374
1326
696
2459
960
424
1288
2401
86
2111
1406
1934
1062
2578
2101
584
1392
1428
2030
752
210
1964
40
2270
2135
386
838
1914
1474
2208
362
1354
2026
1080
2240
2222
2845
2158
1252
1354
2462
38
646
1414
2445
70
1322
516
1034
918
2352
2627
1478
182
1955
380
398
2016
42
84
516
1470
914
666
1516
1810
20
340
2508
36
216
2398
2258
910
1268
1032
2386
2459
2451
852
2436
1420
1472
930
2140
242
2471
24
2077
266
2210
718
320
1020
8
2190
2046
1152
1502
1010
128
916
2192
2252
462
358
1568
2087
1336
82
2098
2649
1012
1825
2573
2685
824
2592
1596
28
1864
206
258
2271
1868
2103
1276
2149
2195
1188
164
2221
1390
34
2562
2213
2008
2106
1082
990
116
2117
1688
2583
2325
468
2675
2386
336
1186
1018
2081
1042
2326
2236
1578
174
1230
52
184
2406
88
476
586
1028
2483
470
1616
354
850
2437
36
1370
2094
748
2456
2167
552
366
242
1122
2331
2568
548
10
1050
754
1130
726
32
2385
318
1204
2261
80
1120
418
2094
802
2436
1856
64
1538
798
1030
2513
2290
1518
1718
202
2257
40
106
196
930
702
2278
126
978
2041
2388
510
1052
594
112
2382
2192
1004
2386
240
2501
2274
2323
1962
2432
766
660
2210
2353
410
2010
272
2642
274
2233
2041
1986
2270
2169
1576
2632
1996
396
2450
1486
474
2424
1482
112
610
2432
922
358
234
10
2446
2130
2195
540
542
2194
362
2357
706
1857
2275
2163
2610
2459
230
2656
422
2148
728
40
2482
266
1148
1004
2365
2364
54
1910
2378
2176
2006
2484
746
152
1948
1702
1104
440
1032
246
2285
676
462
2514
2058
2492
1380
1636
1446
2300
316
2547
578
2282
244
70
894
778
1774
2644
2391
1444
398
744
596
476
1478
470
2300
2562
1104
1514
2225
128
100
462
228
460
2499
2118
1196
1290
1460
2092
680
2377
666
1518
2156
2542
2180
28
152
1088
2293
780
104
2439
2755
1004
2522
764
1380
1502
1738
572
1890
2546
308
2270
2223
2077
94
844
2192
398
1354
1865
794
1082
936
2527
1967
2423
742
1184
1850
2425
2410
2764
2301
2411
570
2153
2192
2450
2442
76
1062
2021
734
1266
296
842
1282
1216
792
206
2466
620
1840
2144
344
2156
2052
2048
2780
340
1690
1558
354
382
2439
2506
158
22
196
2188
118
1900
308
2516
128
626
456
674
468
1370
928
2015
2664
2297
2482
2124
2282
876
190
2192
830
594
674
1074
2323
2322
2333
1460
2044
1496
2478
1432
28
1116
2026
854
1832
1804
2653
2394
1130
2024
826
314
2488
308
708
308
2404
1734
2096
2553
872
1934
2317
1826
1126
1202
2068
2101
204
1756
1190
812
2241
2230
440
2482
2343
2161
642
2498
1192
1336
1676
936
90
2262
1870
2237
118
2260
2175
2629
56
2291
2410
1516
892
710
2196
1620
2348
574
832
2449
434
2222
98
708
1720
44
570
22
2013
1416
170
1726
320
2286
2373
2348
2332
510
716
2170
888
548
1842
74
2314
2008
1948
1310
2141
42
332
2669
1975
2121
2545
1454
2080
874
2372
2646
34
2121
1938
2367
2010
794
354
2110
142
4
2121
2192
2518
858
1092
2665
2322
2156
2531
2164
1798
1566
460
456
2052
1868
1676
2184
1746
2581
2036
572
2666
1444
2292
1094
2462
792
1284
1334
2004
1246
252
2797
524
8
260
970
282
174
2517
1670
1890
1924
828
238
1696
2512
2814
578
1142
2619
1328
2382
1508
2482
884
756
1848
380
1836
244
1855
2438
2132
972
1889
1084
2111
224
608
1825
2298
1851
662
304
2724
2431
176
1240
1814
2437
680
1548
2473
92
2331
2521
48
2544
262
324
500
932
1594
792
1750
64
2112
1694
1318
1014
542
114
36
312
648
2681
1572
560
302
1504
136
660
932
2564
1144
744
1450
2548
1119
1798
2578
362
606
1496
578
466
910
30
2292
2012
1168
2301
1518
524
1787
2266
136
1212
1490
1911
492
530
1866
186
1070
1354
2236
1350
240
1006
576
1580
2514
2336
818
544
1644
2018
2115
1270
2226
474
264
682
928
1942
196
2386
6
202
128
2618
1616
1790
2607
536
86
106
2034
2158
766
1068
2530
486
866
2404
712
2606
30
90
2402
560
608
2333
446
462
1870
2383
2048
1334
268
20
1990
1539
2340
2368
2307
650
456
618
1108
1848
2356
312
2678
2018
420
76
46
1572
2405
242
58
2462
324
2397
2137
584
2416
1636
6
1374
2412
1202
2022
1970
638
864
592
2044
168
2459
562
734
40
1838
1458
272
106
2298
652
338
1034
1274
1766
1368
1448
2428
270
1904
1676
608
646
1710
332
128
1788
1800
1262
2000
748
1096
956
1942
2425
838
1985
2796
1848
552
1668
2364
1818
852
132
2657
1270
1914
1164
1625
310
376
276
2146
2214
530
3136
2013
2283
2170
1830
354
2141
1130
1322
720
2358
2264
682
898
172
1146
2115
2450
2472
1598
2090
2126
2542
786
2442
176
1454
2114
1410
354
664
334
668
1386
2174
2359
1898
1532
2428
580
2394
96
2411
2318
784
2169
1264
2028
2535
1460
2002
2525
2195
1130
226
1194
2331
2426
308
2679
1756
2388
2521
132
1470
204
688
120
1456
758
862
1678
2359
1410
1682
274
2517
2580
2294
1998
586
2051
2625
1274
2207
2218
2390
896
2427
1044
648
1704
556
486
1880
2104
2950
1932
2210
1574
1978
434
2384
1236
2426
924
1580
634
1533
636
1962
2433
770
150
1324
94
330
2088
1004
1743
1470
386
214
1396
2446
2797
1564
346
650
1130
1576
2092
910
2290
2037
470
1862
214
1306
1516
688
2390
440
1746
398
1670
2291
246
1732
1052
152
78
234
132
2290
90
2571
36
1942
26
324
1698
1664
1644
466
2214
1676
30
2230
1731
2438
2485
1406
1324
1688
2895
1922
2612
798
534
26
688
1732
3519
1796
2107
1074
1870
698
2499
2069
56
2266
2345
962
2509
2298
778
210
968
14
666
2215
16
2140
40
262
1816
1054
1920
2238
664
2352
1664
2382
478
480
1996
2466
634
1892
1534
2143
416
2426
1964
1971
1946
440
1863
204
1410
656
2123
1296
360
2125
328
2201
974
1664
2106
1534
928
1884
1662
1784
192
1036
664
1176
846
1068
16
1040
1596
442
1618
1964
2614
2060
2264
952
922
1336
2276
556
2518
1062
76
2263
880
1710
958
242
862
2171
1778
2132
2227
2437
288
248
2001
236
156
2519
86
2404
2314
544
1994
168
258
960
2496
754
2178
2559
858
2156
746
2172
984
2205
2618
198
486
1300
836
2181
2315
770
242
2275
2250
2002
356
102
796
2205
2658
1518
1318
92
508
610
2240
2481
62
2220
2118
896
118
434
2234
678
1392
1530
2096
352
2799
2561
654
634
2156
2522
2409
2062
2434
2322
268
2202
2010
1532
2419
1874
1950
610
170
182
146
512
2684
1960
1620
714
950
934
1971
268
2120
736
2575
690
2202
2463
386
120
246
1400
2176
74
342
836
892
592
1133
2143
1558
836
1032
2378
1016
1474
2160
50
2485
256
1128
1862
318
348
2478
2011
2093
2026
1182
1430
744
202
202
1144
624
2082
100
288
234
94
678
2362
2268
2235
2
2501
2271
206
1070
2350
360
2380
1993
492
980
1454
2118
2248
644
1462
1022
2164
282
2014
628
1799
206
1963
2363
2192
2186
492
430
1820
1740
978
542
944
86
672
2180
288
2432
1580
294
976
2434
402
2106
1074
1028
1916
2078
574
678
590
1172
2164
230
2020
1986
672
1728
452
2086
1534
2336
2334
1252
1034
2320
484
676
2022
386
856
1708
1720
2318
1268
1188
570
598
2262
1698
950
2712
1238
2601
2307
1112
2118
358
2070
2272
114
708
2168
398
2322
486
1812
882
1952
556
706
674
1556
2312
2444
2191
2176
656
574
2054
2102
1550
420
2620
1910
2733
2481
164
636
398
2047
2014
2527
1580
234
2054
890
1108
2156
1276
1318
954
206
2314
2142
482
2039
1424
2239
2068
638
1999
2734
118
602
2713
2513
1648
856
1286
108
1068
224
1920
404
2429
544
1020
2443
1330
1742
2212
196
2138
648
2369
616
2219
914
534
2157
864
2431
122
868
940
2034
1876
2316
654
38
328
2190
938
2308
1334
1909
1956
2574
1270
2497
2640
2049
1618
558
2464
2150
16
2502
2607
2178
1112
1662
1078
2664
2044
646
1635
438
2301
2369
952
1376
2687
1504
12
2543
2216
404
2258
1786
1284
992
1302
2777
2126
2400
2460
226
1688
1953
88
2372
1818
72
262
2538
2640
2957
126
2347
2260
382
2813
2719
2143
396
1724
2272
1100
492
150
898
750
1172
306
2394
4
1226
1786
750
1000
2292
710
714
126
2245
1492
2350
2139
236
832
486
2145
248
884
978
2361
2178
1204
2118
1648
1706
2347
436
1040
1906
2724
2490
22
2277
1196
1892
2557
6
2475
2054
2234
2102
2111
340
2500
2272
2019
418
2239
2352
2385
2342
2086
1606
2708
696
2437
2202
2408
936
232
1740
1210
2036
2182
158
1100
776
2368
2345
2105
2484
536
2600
96
428
2356
1146
1888
2373
2105
342
2421
1472
1560
2133
1510
1764
140
1548
2643
1953
2318
700
2311
526
2216
990
2703
1366
2546
994
50
710
2085
1194
1232
2344
2160
1024
2114
326
446
2479
1886
2042
1874
136
86
2016
2232
330
1210
2071
2642
282
1082
2929
1352
826
632
506
2513
128
2631
40
2460
2336
2093
2087
2160
1512
676
1454
2610
2685
2287
594
832
396
774
296
188
800
2293
2132
618
1362
32
1888
1862
606
756
2413
348
466
278
2501
604
750
356
1806
1806
2306
1192
1432
2152
1172
24
1238
2314
1740
1122
398
778
1694
1312
2240
1444
2384
190
2440
616
474
2140
1796
416
36
2493
1592
1454
1296
2465
2148
236
428
732
2427
1216
894
720
2647
400
1580
2339
2141
2310
342
338
1850
2202
2777
1740
2410
716
648
2058
456
756
838
1474
454
1720
1356
1224
778
1066
2256
2507
1983
1894
606
2059
422
1118
526
340
692
598
2192
2068
2342
2120
734
2275
1458
946
2402
82
662
776
2261
2006
268
1882
2786
2329
474
376
1791
2075
208
2322
882
2596
2081
1432
1548
442
1404
1990
2399
2542
2186
1856
2171
1572
1950
338
2296
2141
2076
2229
498
512
782
564
2251
802
760
1914
2372
1618
2241
2602
1977
188
2335
364
2102
1020
230
174
1790
1094
1010
392
1686
2221
218
1386
2846
2220
2471
2439
348
278
1872
718
1874
1288
150
1424
606
608
1510
368
1510
1010
1514
1084
1884
204
2199
2185
882
2616
426
948
2223
1496
660
1992
616
1605
980
2373
466
2445
2456
1874
2599
86
1124
202
1640
1176
728
768
786
286
788
664
1814
364
1028
896
2536
2058
424
470
1164
1596
2651
2059
772
404
1670
336
1777
2458
1839
2122
1688
1452
1696
2046
574
2233
2443
2292
2459
168
2226
1128
586
464
1162
2306
318
272
1516
980
544
2416
466
768
1184
748
582
1722
2338
1296
2454
308
14
1426
380
1518
2278
1442
1550
796
1804
482
1310
464
1992
2414
1070
1734
2258
1010
780
1062
1014
1858
2228
2067
458
2222
2316
1046
2251
314
2365
938
2137
558
140
2114
752
1294
2397
970
2008
76
1966
2597
2140
2309
622
948
2157
2732
720
728
2352
2005
2335
324
1778
1146
478
1218
1992
1724
2675
514
1098
1820
656
542
2581
2224
2384
918
2118
1452
738
2285
408
40
1829
1172
814
548
2690
1114
224
1610
86
2260
2160
2049
1498
2081
30
1720
1842
1002
58
1042
1898
474
1846
1772
2337
1506
2505
1514
2773
1042
2158
1686
22
2546
34
2411
2483
2566
1280
500
2688
2677
2201
1796
2517
234
374
1376
2293
286
1358
158
2288
1276
2205
1370
2265
580
862
2572
92
2296
1430
1943
296
820
2033
2042
2314
2362
38
40
842
2220
514
1070
2492
1959
1214
732
1891
2244
284
1016
2013
1424
694
74
990
1126
798
778
2376
932
1807
1802
550
900
764
472
26
636
2000
2444
2312
12
1830
1426
16
386
964
1746
220
2058
1829
52
2362
1796
2383
2110
2338
1490
1588
2526
432
990
382
488
56
2443
2695
2433
1196
2116
974
1311
188
508
2308
1692
2393
154
946
2284
524
758
972
776
2287
2088
2086
198
24
756
546
452
896
210
2252
1688
34
2222
542
2600
310
406
2261
2504
2296
832
2686
272
2345
2036
2319
2040
1134
2673
2707
1668
2174
1412
2609
948
856
2116
2536
2179
2407
1632
254
2097
1858
2131
524
348
1770
2497
1720
2551
28
2546
2104
2373
1298
738
2544
2416
10
2435
98
1172
2472
1658
2094
1660
256
676
1588
2222
2562
1774
1496
2555
2069
1930
2156
1066
1316
1486
2254
110
822
2588
2212
2833
2240
40
540
114
2390
1586
702
1334
514
792
2231
1356
2442
630
1634
1796
2069
1878
830
916
780
72
2548
2071
64
666
2321
2723
794
1956
2332
1020
2980
1204
1934
1844
2058
512
2170
2189
2635
12
1222
2436
2219
1948
8
18
230
314
484
160
1072
1858
248
2117
2004
2156
2605
2544
1710
306
2252
2230
1074
2058
2328
2321
2290
384
1238
2184
2410
786
14
2224
2603
1320
2024
2010
594
1758
152
820
2073
1808
2165
334
1859
42
48
870
2176
2363
2368
2142
112
76
2428
2218
1470
896
2469
294
176
2465
140
2078
680
2642
740
180
2236
2608
388
186
2332
2243
1128
2047
1874
2004
718
676
2173
1530
974
944
126
1084
2040
2
1986
88
54
448
1186
1976
2551
2106
886
1276
1076
146
1556
1654
1847
794
1650
748
2604
600
734
2541
1322
2465
690
1512
196
1978
2293
2870
1712
82
36
686
2362
910
1064
2090
180
1958
2474
1640
348
768
534
134
2113
890
1560
636
694
2497
2714
2724
580
620
84
1642
2448
356
2304
502
202
2202
972
1872
2022
922
2434
248
2192
2480
2303
596
2016
982
774
2002
1969
1928
1997
2404
1064
2268
1692
626
456
1026
1732
2317
1458
670
2410
1526
1316
2690
1266
2495
1088
474
2186
2805
2538
2365
1566
2103
2561
784
1224
2136
356
2246
2038
1692
736
2497
2261
862
576
854
292
584
2026
2124
568
150
562
1954
2208
1080
118
486
1408
2220
2102
2453
770
2282
1948
536
2297
2276
28
1286
1080
2263
1418
1826
1230
2209
698
282
610
1228
1460
414
2472
1306
748
1474
2214
1144
2479
320
1022
2232
844
1648
218
1284
1130
2013
728
1178
26
2250
492
670
170
252
1070
852
290
1240
1312
336
1746
1130
1310
1500
74
2207
1368
546
1794
696
1432
1922
1738
518
1062
1952
588
1218
1918
466
2266
2152
164
402
1398
636
2665
972
44
746
736
2225
8
2484
2632
302
188
1832
1750
1434
1592
370
1178
664
2622
2587
112
300
1898
980
504
64
1104
448
340
570
152
1212
1838
2464
2254
408
824
440
448
176
1764
778
2430
2687
776
30
454
90
2297
2064
2387
2134
450
966
1414
672
2198
1158
1944
1026
2625
300
364
158
1881
2604
460
258
606
1708
2547
418
576
786
1250
496
1402
936
1514
2169
536
256
1000
2312
2269
2246
1882
1946
42
2639
40
1824
2394
388
1580
358
572
1590
1056
2942
284
2386
2676
458
244
2040
584
2324
2484
1744
788
112
426
354
2503
892
952
36
2531
2102
1134
38
152
670
996
2242
1450
1508
408
1584
2034
46
636
1364
1678
1620
546
1076
1114
746
90
1554
534
1424
2287
1040
2297
1698
770
582
476
1516
906
4
352
2431
104
2183
1396
1448
2356
2103
1734
2280
130
448
866
242
2592
1158
652
2454
722
2325
986
2036
2334
204
734
2617
2032
2304
1034
1757
102
2106
320
2413
982
84
1078
904
2767
748
714
620
914
1330
2397
2054
422
1162
1978
1128
2561
84
208
2565
720
202
730
654
828
818
1636
892
338
1742
158
1950
2601
2119
2388
2401
1934
1330
2457
2159
2262
2365
2509
252
2668
1772
1422
2212
2571
1052
2272
150
2345
208
1422
2344
2418
1890
334
1254
270
1284
32
676
508
2380
686
30
1937
728
1774
2166
1906
74
2411
558
964
2506
478
2082
1342
2188
1976
340
34
530
390
2263
2226
2702
254
156
2184
508
1768
2723
362
452
1318
106
862
2260
1182
1306
2295
2058
330
2420
1058
2433
630
758
2120
1410
46
2370
1002
1104
2309
184
2504
2047
1752
1814
2350
58
2090
2252
2085
256
1244
1248
1426
1062
882
2589
624
1388
1000
2411
334
1892
1672
88
670
802
2073
2147
2208
1374
914
840
1732
222
2138
198
2287
2238
412
2364
590
2059
60
550
1018
1514
1148
2292
1664
2339
2443
1848
1930
658
1342
1064
2384
58
2332
192
2111
1600
1112
1981
224
2169
2324
2088
846
398
550
48
1136
2162
278
690
2280
926
140
2125
1826
760
2194
2055
2502
1914
1782
1712
2797
568
2099
1594
238
2630
382
2452
680
2482
2793
1956
366
1554
776
2654
1756
236
2322
604
2036
636
1332
1885
936
968
1322
2316
822
454
2258
564
2476
528
2309
1848
770
434
2530
1446
1044
2036
144
2519
352
638
752
1310
2710
2913
448
564
1302
1960
988
2660
2125
1390
2816
1136
422
1830
1158
2080
882
2175
690
2414
2410
808
2496
678
682
2582
296
968
2395
2456
1172
1590
1978
1032
72
1064
1883
262
2473
2469
2796
780
784
1482
2324
2429
2044
890
2630
356
1439
582
1888
440
374
896
228
2269
1940
574
216
2139
110
164
112
102
594
842
2729
1422
2028
342
966
2114
1298
2443
1330
590
2553
1014
932
36
2205
2578
2287
730
2332
928
268
606
2353
764
2283
2035
1524
224
1520
1460
2175
2485
136
1622
1929
2097
970
2422
812
104
2022
802
1576
1368
2158
2260
2068
2214
2160
1982
1568
270
2323
976
2189
224
1552
2270
2431
2084
1650
1734
2496
180
958
2265
930
1690
250
1542
2558
70
2563
2465
516
208
2173
334
1810
2352
672
740
764
2125
2123
180
950
2394
1452
944
1082
144
2410
2374
806
818
2693
2664
130
1684
2321
1142
554
1622
2446
2749
2375
2262
2350
1092
2258
2646
1960
494
1040
1770
1640
820
2104
372
2139
1888
2681
524
1780
1930
36
1932
598
2552
1710
2636
1656
948
668
2512
2192
1670
458
708
1834
2397
2404
594
2577
2560
2315
546
2191
1536
2608
1190
312
70
2516
1712
2432
832
2114
744
710
192
1106
1896
2512
222
2269
520
2499
2706
2416
186
128
2196
1938
1268
2235
744
946
1202
36
1596
1096
682
1368
2484
2366
1816
498
1748
2060
2224
2146
2295
242
278
392
220
694
2526
2450
2467
2007
2311
518
2629
2508
1546
2588
1020
2099
1028
1942
248
238
2166
2225
2170
2514
506
1807
2745
2164
2437
2036
1816
144
240
1310
404
892
1656
1356
766
2661
2432
458
2358
1990
1094
1036
1884
2
2690
448
162
782
2106
2244
978
76
1470
2135
1594
1396
1968
598
2281
176
554
408
940
2250
2185
2456
522
2056
2235
258
2304
394
20
1420
368
1770
2762
1206
2006
1998
564
1132
488
2303
572
1628
1156
880
1992
418
26
184
2429
2776
2781
726
38
664
1696
2845
1910
2226
2352
2565
1808
924
1542
68
804
2305
2444
2066
2221
230
1146
1825
1844
676
2298
1380
804
2134
336
1412
166
1344
2282
2315
1154
2205
44
628
1660
462
1708
2578
2159
1436
2238
990
670
2231
1524
1090
2299
2080
176
8
148
1750
1286
624
2459
2236
182
170
2257
1014
44
1746
866
1926
872
926
298
946
1964
222
1510
644
430
218
1970
2564
336
312
416
1832
184
2600
2304
596
594
152
1346
1304
42
2388
488
860
904
2390
98
216
116
2571
2559
2219
2088
1860
440
2719
432
610
1864
2084
1722
2354
2161
1734
1950
2218
792
144
1898
1827
546
2103
758
2098
1536
68
1004
1918
1764
2121
2225
2407
14
776
1724
1972
2335
858
678
512
1666
630
2286
1888
106
2478
664
186
108
796
1030
2292
2806
2330
1622
650
126
500
706
924
860
240
2065
2335
1896
2370
2425
1880
82
532
918
2250
1664
530
1500
2256
586
602
1360
402
2219
678
2038
638
1338
2688
2271
1004
456
2542
142
1572
1716
2390
1990
2168
1818
906
140
708
1004
756
172
1312
182
682
1042
2645
2321
788
452
180
590
244
78
2400
994
2598
120
1408
966
2093
1931
640
700
518
1426
744
946
1398
250
2338
990
2255
162
858
2652
1882
724
2448
2124
176
1977
2308
1734
2256
132
1508
788
84
126
2286
462
948
2511
2310
2657
1552
2382
1550
1044
2457
66
646
2034
246
2380
2509
1050
178
1762
1540
2256
2243
30
1694
2165
1160
674
2276
2491
2120
1971
814
1208
938
1254
1004
1200
478
1286
822
2591
2321
2625
1508
1976
136
874
718
2100
436
1186
402
1716
1727
502
476
2293
398
554
2724
1940
300
2147
2352
270
2036
1983
2267
532
348
882
462
2277
386
738
2355
1066
2503
1494
2894
1402
2288
136
278
488
1888
74
2305
2054
1642
2533
2534
2192
2195
510
2281
1206
652
1570
872
1754
1754
2694
2245
1176
1022
366
2575
1886
2148
2231
1590
2369
2029
1642
2471
1220
1792
490
2209
230
1114
2417
150
1228
100
2038
262
1852
2543
2371
322
2448
1182
2554
1326
116
664
500
268
902
2663
812
2095
1098
2310
908
1942
1884
1886
482
356
1008
2406
1370
988
2239
2560
1796
2282
728
782
860
878
2478
588
274
2189
970
1963
2092
746
1770
1442
1114
2679
886
2294
2082
1552
1150
700
2010
1712
142
494
1698
2541
2375
688
1586
1488
2296
676
2274
802
462
1310
158
2726
2236
2112
426
1428
2682
2558
596
2146
852
618
52
2380
1090
2248
286
2190
2257
1130
1836
370
1206
58
404
1488
414
368
2318
582
2479
1960
2457
560
312
718
1779
2399
1888
1656
804
574
2734
882
76
2560
206
1194
592
2262
540
214
1156
374
1448
2617
392
2543
1615
2608
132
850
1140
116
1802
358
2155
84
2300
2417
630
2228
1450
302
686
2286
1060
2629
844
48
2386
1682
2411
2572
2222
2273
408
218
24
534
2253
48
934
354
276
762
198
1270
198
226
1594
300
900
1242
52
2209
292
2062
270
222
450
1636
712
3371
2198
1785
938
1640
414
324
348
2189
524
2578
2475
816
40
654
1196
626
1476
2140
706
418
1454
2348
1714
158
1468
1254
2011
2648
872
1670
1692
2320
232
2524
2410
2096
1318
56
1774
2099
182
2500
2507
286
1728
2209
1875
2276
2378
1090
2495
18
348
1556
2110
2327
2650
2417
712
1799
892
2474
246
332
1154
32
1414
24
1636
838
1124
2730
266
1072
2306
358
2224
2723
2247
2405
412
616
842
2189
50
568
64
180
2353
180
1888
12
1942
1884
2505
2658
2264
72
38
604
2206
976
2260
648
352
1666
578
64
2348
494
2184
448
712
2124
2210
830
1280
2315
944
184
492
208
2410
934
332
712
2534
2368
1424
994
2482
2510
466
1376
2198
2425
1886
116
1226
398
1226
2288
232
174
1620
2508
2105
1206
140
2309
2053
444
2208
2586
1652
2049
518
1824
2352
2171
702
850
978
2611
284
1826
74
2481
454
2408
2113
2429
2475
1877
1566
1400
2223
660
2080
2250
74
2381
1846
2274
2
82
1836
2388
1126
2219
2084
1204
150
2140
448
118
2456
1518
2277
2374
124
2792
2164
502
480
832
222
2077
2608
640
884
2821
986
56
80
2222
2277
2722
2290
1036
1980
1234
2194
114
2218
176
1024
2457
1004
2439
80
1086
330
622
10
2558
2489
2250
2580
3214
762
1276
2154
600
1160
410
2164
984
864
1902
2018
906
806
2419
2237
224
2032
2313
2040
1826
934
468
1134
146
2061
482
176
744
2485
296
1897
1870
88
2006
1846
218
488
1810
250
2166
2072
1436
1244
352
2412
1971
2387
2710
886
54
1538
590
2334
1034
494
1224
2068
1088
2301
1396
2675
208
1018
2509
870
2038
94
2733
1304
70
154
170
374
1852
1494
656
694
764
60
558
1582
732
1314
848
492
2429
1776
2359
536
2613
1306
826
2188
194
1978
1590
2478
1961
692
342
1592
336
148
502
1776
1618
2552
2017
1054
98
1824
1784
1738
352
2020
1278
1124
2306
678
28
242
490
204
644
1652
316
2233
1924
2475
2454
380
2070
1914
1796
1868
60
2559
2578
566
1638
1674
108
2648
936
1978
1980
1302
442
2242
966
2491
542
66
1192
2196
1138
522
2003
2316
618
2138
788
260
2599
116
378
1024
944
582
1006
2064
832
950
1706
1923
2539
2375
2508
2565
2640
2403
196
1266
1866
1490
348
2577
1500
1646
984
1204
984
2292
2084
2374
1376
644
364
2517
88
1024
1460
2083
2346
1764
2314
1146
2387
1022
1610
2524
362
2222
1104
2361
128
1932
1486
2439
1912
658
114
258
1638
282
2443
2086
608
2082
1132
1558
2370
738
2021
562
304
2438
2287
1994
846
1902
2478
1438
234
2576
964
2593
1246
2447
306
326
256
400
1700
1056
2261
2308
2282
2645
2460
1004
2286
766
2138
704
740
560
662
2168
2019
214
2579
1332
194
2440
836
2308
746
630
1822
2378
1804
2270
278
704
1800
846
118
1858
1256
768
786
1562
1552
656
942
2386
302
1492
1270
804
1606
2318
2588
1578
1502
2209
2344
2478
1693
72
446
2224
990
300
374
1390
1382
200
2320
2317
156
2455
444
1200
2181
340
2369
2564
732
2045
2564
4
1937
2080
1194
2526
22
1392
1234
2504
1166
2108
1096
1732
2599
1814
272
2276
52
844
2396
844
2510
2612
1680
2700
2357
1650
1120
1822
1108
2405
2100
240
1810
2421
486
1702
2256
1878
2196
2167
1402
2352
264
888
2027
560
60
150
962
790
538
1658
2126
2271
548
504
234
1998
2235
2257
1703
1142
90
2212
2207
744
414
1094
2664
428
1930
1496
606
2059
524
2553
1986
2042
614
74
682
94
464
946
2276
672
2510
42
2652
2429
338
1266
2176
1296
2216
2145
2055
2313
1207
2102
976
1762
430
2216
428
278
1746
2518
202
550
2239
1190
406
2204
974
38
2147
2500
174
1934
296
2109
1634
292
612
1140
418
926
422
698
2237
410
2158
1888
2420
2074
740
370
404
672
1538
1961
2456
1568
2473
960
2157
1106
236
1272
2412
780
1042
64
322
1580
58
382
408
494
2610
898
602
352
2286
704
2298
640
1580
2484
582
1192
534
2043
2437
186
1216
302
1728
2440
1590
260
1935
2092
674
236
850
206
410
260
310
1912
122
400
2028
426
1740
52
896
898
1208
382
2122
124
2415
706
2503
286
874
82
2126
1008
1452
2032
2119
2324
1286
620
652
106
228
1134
182
2292
2385
222
1380
732
32
334
294
324
1034
2478
2063
2021
2474
304
1688
478
2255
1822
1716
1990
1106
2104
2837
6
2650
844
1668
1186
28
644
1957
1172
1521
674
2542
636
2026
2120
2237
204
760
1784
2300
1662
2286
2286
1983
2254
134
454
2168
228
18
2159
1568
904
2083
1324
666
2430
1066
2318
1805
2610
220
1622
2198
886
464
2650
1950
2308
522
294
344
12
2318
18
2137
1432
2658
418
1088
1868
1014
164
410
2232
1616
2441
78
744
50
2030
1822
872
788
2720
2551
1978
1138
2192
880
586
2428
1992
970
2638
2379
2185
976
2105
2225
862
722
1342
1196
2296
2622
482
1640
344
2604
2430
1915
1116
2163
1016
2244
1188
1994
1778
2545
2112
1318
1418
1192
1318
2383
228
1922
1360
2359
2416
2231
2207
2333
570
48
2772
2046
470
2307
1574
84
94
2380
2224
220
1518
2467
610
520
1924
114
1652
1923
642
1156
2206
978
2260
1152
2076
1732
1930
186
1282
326
2262
1794
1462
202
442
2140
366
244
2030
2677
2578
2413
2559
2279
2012
758
2606
1712
1182
1692
2644
1622
1236
1831
706
1310
986
1914
2188
2433
366
2188
488
2176
2373
2009
946
1694
1022
2354
1044
2017
1244
1492
1594
1282
2418
1416
902
30
220
366
690
1074
730
1104
2663
2773
166
2805
592
1696
1666
1134
774
96
2407
26
1804
1882
296
1342
1714
1124
1182
2815
854
646
26
2355
466
1380
490
1476
278
980
996
2140
2101
1860
2657
2466
1134
1362
2444
2280
2070
2427
2120
306
358
1930
2350
1728
2015
904
1066
2269
1580
30
2310
692
1220
1523
514
1601
68
716
1706
1574
1686
1621
2264
728
534
1428
2091
468
58
2045
478
928
536
782
1418
396
2061
530
302
276
286
1306
2693
1994
150
2447
798
1652
292
1220
780
1040
468
1332
1632
378
2845
2501
1874
436
1032
2398
468
654
2572
476
516
510
472
2454
98
2481
750
170
2092
464
2258
1262
878
1394
266
1642
1412
1746
2092
2664
472
1184
2472
162
2378
2345
2026
1966
940
1024
332
504
2043
160
734
1396
240
334
1617
2286
396
2680
2381
228
1552
2510
1138
384
48
1674
2366
1158
2253
2232
2488
2064
2462
408
326
1916
1944
686
1358
2502
2189
2205
82
244
2406
124
2368
692
2258
2092
2184
2540
232
1926
542
582
2162
2148
6
424
1028
1150
1950
276
1862
2404
1148
316
334
482
658
1799
2642
60
1844
830
336
920
1546
294
156
1970
20
732
588
194
2372
96
20
264
2361
1874
1690
2644
862
1658
1908
1198
2456
2379
900
802
1927
1993
2200
1450
20
2110
800
1566
694
484
2128
1940
732
904
152
250
336
42
2852
276
1728
1052
2449
2238
2389
2271
2423
1668
1460
934
2118
2324
1694
382
68
1482
1260
2365
1777
2737
254
2090
1928
2350
1524
406
430
226
2103
966
1958
626
624
300
2973
1436
2630
2479
306
2384
1012
64
78
2646
1156
356
2020
370
1284
1786
606
2424
1846
532
586
880
1726
2122
116
2541
2292
1152
214
452
1186
2588
1680
872
2488
2222
290
262
2384
1942
784
240
1382
606
184
682
1012
2193
1158
2468
1086
1713
2470
202
2127
1576
204
2265
2149
1985
1548
1152
1868
1018
2322
1458
2322
936
446
2042
194
2318
972
1066
138
152
1380
2559
1696
2274
1782
2385
2126
1330
1240
312
862
2246
2482
424
690
212
122
812
2274
2384
2631
2181
976
2055
456
2338
2201
404
44
1072
420
2521
2629
586
1704
1502
2465
2200
2228
714
1860
2347
1962
568
754
84
2804
2237
1086
1700
368
546
718
444
2166
1646
2340
810
80
2104
1834
1656
494
1088
2335
2390
2459
2143
2108
322
2455
2061
206
2221
84
186
8
2118
906
1312
2024
378
996
824
1506
2367
2244
370
1924
2325
2450
2677
2098
292
518
888
2566
1216
10
1066
2252
280
1040
2192
42
2080
2373
1558
750
2504
666
602
598
544
100
2012
2429
2090
2007
1202
2303
1540
384
572
1198
1428
76
2529
856
2306
2221
2208
926
2252
2637
2649
1436
2470
2082
642
394
2514
454
180
808
2182
2372
2269
2475
2085
1892
2101
2106
876
2110
2534
638
1520
658
1592
892
2346
2492
2486
302
94
2167
212
358
2112
282
2664
2384
1992
1220
244
356
1970
926
872
2306
2480
2132
2144
2024
334
2346
1978
2302
2204
598
144
2272
1000
130
76
2220
348
764
2579
2445
1468
1818
822
2044
2616
1958
762
1336
260
2340
2320
2224
1148
876
2197
1146
654
2322
2032
2170
1196
2729
1542
2575
714
2672
1652
2530
1971
1306
2006
1584
1400
2417
52
1618
504
246
176
116
1548
76
396
2289
4
108
1835
1396
2364
1024
570
816
136
2317
1902
2238
1010
2217
2113
2393
258
68
422
1284
10
1538
1090
2465
206
2424
968
796
2218
2661
2028
1426
2326
1146
2593
210
526
2741
2411
974
2085
20
686
2510
406
2166
1506
1968
2046
88
74
416
1680
1006
1868
2482
2370
1492
2729
1488
424
8
2436
2388
2107
2533
612
40
720
190
136
792
430
146
246
1560
730
2404
636
1388
1754
2429
2232
1172
2064
1746
538
966
2195
502
1068
1220
32
1288
756
2046
2427
750
428
272
778
172
858
1052
434
1802
436
710
2064
98
2766
342
174
48
1939
2126
88
2308
2056
94
1654
2851
216
1194
2413
316
1938
1052
2794
644
1036
54
1940
2586
2054
2254
1748
2253
2297
1418
296
2110
2252
568
2001
578
664
1919
1666
266
2108
566
2191
2752
2137
312
1675
424
1502
140
996
940
36
1518
252
622
2219
592
2368
2384
60
2533
1532
244
2161
218
1000
86
2141
828
1636
1210
2714
900
2105
2645
2415
2016
508
2016
2048
2705
2176
1672
1398
1084
2442
2420
1960
830
496
986
1450
206
2148
1778
174
1410
388
1544
2764
364
1572
1912
1230
2620
2079
64
2239
872
928
1694
1018
1474
616
1688
808
2004
602
1064
1064
1020
2145
288
478
1156
1548
80
968
796
1102
2139
626
2263
1974
732
626
1940
2118
490
2715
84
192
810
374
1156
2156
268
44
474
274
2048
576
436
1392
1902
2471
2589
600
2615
400
1958
78
496
8
74
100
2350
546
2390
638
2187
914
376
2372
1888
1916
256
2676
610
1050
1816
878
34
870
1454
2373
2054
106
2535
1148
246
1760
2147
748
2219
810
2076
516
2572
1928
2471
1148
2599
1698
100
2040
2101
342
2012
2160
642
800
2486
2018
1130
846
2459
2300
1134
546
2549
878
1794
2344
800
190
774
56
636
2208
264
834
1372
1490
2261
380
1626
1038
124
886
2144
536
636
2211
1054
2146
1176
2319
1152
2049
2010
166
1388
230
154
2094
2652
516
2254
1006
2457
1086
2417
2616
2650
624
2018
1042
2112
180
2438
362
2379
778
1200
2488
298
848
508
610
1100
1192
822
774
1188
1602
1482
112
2182
2176
1492
520
2075
2454
694
2114
526
22
1288
396
96
504
1082
2460
346
1740
1826
298
2281
2164
2378
828
2595
2213
2015
636
2374
1748
1994
1972
420
78
1414
958
2310
2460
650
1382
1466
978
724
2285
2382
314
2046
424
424
1262
2272
114
2034
974
2118
644
2231
402
6
948
1188
472
922
530
498
146
690
918
222
1892
826
92
766
1668
2288
2050
608
968
320
2273
2188
2232
1070
2457
2201
2571
714
1876
1630
948
1990
1304
912
1516
368
42
1727
816
698
1126
2637
2044
1216
1296
134
246
266
1338
614
2543
2230
118
2136
1106
496
2241
610
700
448
2456
28
2308
1570
722
1646
958
1034
540
746
1834
1776
480
1786
1874
2179
2042
10
2202
802
204
1414
2273
1770
1044
1252
612
1288
2412
244
2250
922
2380
944
284
1454
1706
790
1912
1390
1933
348
1856
2384
2136
2009
1334
418
2274
2642
2344
1386
272
550
290
2114
730
1732
678
14
894
964
222
2419
2473
90
1012
1902
818
960
744
1186
2597
1588
2184
1442
2553
1993
612
60
2370
2605
2016
1130
1476
858
172
528
2389
98
1414
2584
956
628
888
2289
2481
10
1746
2040
824
532
468
284
1182
1104
1976
1930
992
2451
2783
560
556
2513
2270
846
128
714
278
2217
122
1122
2421
1764
2114
430
2566
2498
1282
498
122
324
26
1540
900
746
1912
1326
2253
1978
2288
556
98
554
1860
1782
1468
468
312
2088
1992
1026
1478
1272
2163
1698
1812
1958
206
1186
2713
1172
1891
140
826
16
2289
2129
716
2552
434
2292
1264
424
1710
338
1918
972
648
1898
1622
558
2318
2284
136
256
1570
1802
2082
2310
1945
1790
62
2689
2442
1468
748
474
392
682
840
272
1030
1640
2051
584
2243
358
750
1452
268
2398
1768
246
1074
2403
82
188
404
2465
2115
904
1660
2463
64
2216
1700
2300
2142
2146
1967
1484
2118
1904
528
2098
390
1014
1278
138
236
406
2578
474
2788
1824
116
2509
2218
1864
1282
550
606
2072
1906
2291
1000
722
134
910
26
248
330
442
1596
2274
150
1116
12
2476
2164
42
730
1162
2593
1012
2040
2211
754
884
2272
2195
1852
1548
12
534
262
1262
60
70
1268
936
102
1028
796
1993
2278
352
54
1416
566
1276
190
2144
628
862
890
1970
636
202
242
2221
2595
1574
2244
1254
870
664
2331
130
370
2196
1584
2248
2236
2165
2407
774
1058
232
2130
2521
2134
2471
702
1782
1898
2280
352
2362
2335
2231
2005
154
1276
1302
646
1694
2692
2133
12
506
2371
2277
314
1748
2544
594
54
558
28
2498
696
2332
2560
1852
300
1148
414
2136
1284
1562
2318
1896
186
1318
1046
2110
302
1188
124
1226
206
2042
1943
248
2460
1222
208
62
2257
2492
986
586
2424
2550
1066
582
956
1010
380
2412
1846
2325
1876
1178
2128
118
1732
788
222
2333
224
2856
1322
2394
60
1782
2413
676
598
2480
1302
1450
222
2325
2282
2532
2380
884
1354
2627
260
1768
1306
246
2263
192
606
2319
742
648
878
2202
1808
1398
2432
1508
2258
2547
2178
1278
2402
280
2634
782
2333
1202
818
2158
2286
480
570
240
2366
428
2114
974
668
524
1268
2312
452
2160
2434
492
1840
1746
1238
674
80
2489
674
2593
2620
2442
2384
600
120
4
2566
454
2044
310
1244
920
2316
2139
362
2541
1528
880
1540
20
2058
314
1844
1456
2008
1586
1048
644
2244
2216
662
2704
2354
2132
2006
484
1615
2340
2030
650
912
256
924
2255
572
434
2197
2410
2102
2167
646
2089
2318
1786
1654
268
2412
1973
2046
2534
922
2172
2396
2374
640
898
2242
242
1160
860
1462
1710
2423
340
446
98
416
2701
2129
2561
1016
1466
378
2545
1964
4
1068
1964
696
1488
2106
256
2485
2423
1944
2142
2611
2513
2276
1080
1340
2485
2378
1400
2322
2416
572
2270
1928
368
36
654
962
1474
84
1190
696
212
490
2073
56
1032
1124
716
222
602
2310
2188
140
2115
1846
506
2156
2000
1722
400
616
258
970
2246
1619
2383
2319
2360
580
434
1898
212
2014
1082
1524
128
2515
230
1750
962
988
1736
1724
2329
1474
72
206
714
2304
190
2529
58
786
174
2362
2510
856
2100
2015
216
2214
876
662
2644
476
332
2560
2278
2390
696
2183
1722
1090
2306
962
2107
2642
234
978
2145
896
712
1224
1256
2235
226
1102
2285
1648
1970
1426
1632
1586
224
1906
2422
2313
1040
2147
2210
48
1950
582
1700
164
1192
474
1324
746
2402
2446
314
1028
2297
1004
18
634
594
2358
1854
2561
154
2310
164
1622
366
1720
1974
944
1086
402
1430
1784
186
1836
2154
1658
1146
1588
2443
1758
2461
2133
82
2139
40
418
132
754
2559
260
2354
868
2551
332
308
1594
2634
2510
1916
1014
2118
174
356
2381
2395
1734
1300
1318
2330
1122
1250
2486
2185
1270
1618
74
360
1909
2188
2757
2322
826
1392
1296
332
978
1016
2367
1542
2496
710
1987
372
144
2389
340
2272
2220
2126
1903
332
1310
120
1660
236
2517
2377
242
620
364
2248
588
2217
1220
1879
2158
2474
2142
2184
2789
1762
2481
412
1148
668
426
1402
32
1412
1486
1466
2272
1642
1954
1496
6
2300
64
2365
598
528
2038
1030
406
182
1096
2012
2183
2499
108
1014
2177
808
526
1074
614
2510
368
1802
2381
1312
780
1807
280
1162
1750
1973
618
2302
394
1890
2104
1396
2103
2626
2272
2505
1889
2387
1920
2255
2168
1848
1692
410
1740
1378
2430
1552
2
1863
796
766
368
924
1817
2444
1086
1584
2183
2380
1228
2243
1797
380
2286
2268
2414
1428
800
946
1260
2482
474
2398
2086
1646
2126
692
1672
354
2031
912
358
1890
510
416
1390
134
1206
526
1682
1290
2583
588
2004
884
622
1284
930
262
2315
2280
1912
2431
362
200
824
152
958
2112
2001
932
1308
2345
2292
176
286
602
2395
1848
1564
1404
1196
1940
2483
1072
4
1102
2589
450
2094
2226
228
94
824
2304
966
1282
1508
2094
222
696
1962
752
2362
1760
2328
1226
1576
130
2098
1056
2151
2284
162
120
1244
1902
2657
2112
2342
116
1056
1582
2184
72
1514
1438
464
3028
1248
394
2323
2458
2449
84
2308
1284
1968
254
784
344
1512
1636
196
1530
2405
1670
2036
1158
2
452
1892
2511
1388
1588
2063
252
3988
410
996
334
410
96
1118
66
282
1844
2496
262
2452
2289
2123
1566
1802
2523
2230
2300
2465
162
1748
890
2781
548
1902
764
2268
2328
8
1020
2334
2460
1779
1910
2208
2229
2117
464
590
2273
1372
42
92
1270
2
50
2736
288
1056
2250
1640
1212
1338
378
2118
2401
2278
2309
832
2544
2229
2668
2260
1604
2042
2311
1050
2335
2743
432
2081
1290
2363
2381
1262
1096
564
1914
1746
16
1952
742
1986
788
2014
2106
950
1698
686
1976
1558
2377
1414
1060
2482
1556
2197
724
614
1522
2474
358
2255
2186
2500
234
2226
2101
350
852
1164
1808
58
2726
2365
914
452
2391
534
1792
2148
848
2874
276
2552
820
310
128
70
1132
1106
2714
902
2408
492
2727
2187
1921
38
1922
1412
1630
1024
2062
2337
2140
1508
210
632
394
584
1084
2246
2017
426
1074
540
2612
650
1116
2408
1256
2186
2590
258
442
2469
1754
2399
2028
1366
2123
2294
430
284
134
1444
162
1860
2238
2560
508
1816
2376
848
2545
1210
1820
318
1080
1322
1028
2426
2515
282
2088
2424
1022
2553
834
1864
858
966
342
436
2369
540
2049
508
604
2024
124
826
6
526
2278
900
1144
644
460
2137
2232
636
820
1262
692
18
1192
2554
672
2263
2266
358
2038
1094
2620
2519
602
266
192
2200
2342
2202
440
2232
2639
46
2453
1224
326
76
2064
366
2447
354
2462
718
910
1552
210
978
294
2548
1862
1880
1256
856
1975
978
496
2572
2596
2541
990
1294
2154
2584
2381
2145
2166
2402
1300
1500
200
98
436
1748
1028
2446
1989
2095
944
1350
1376
6
2154
2613
156
1370
2290
214
2106
2193
1028
542
2326
372
2414
2222
1140
586
432
1092
330
2360
316
2191
1526
1058
390
270
2312
628
2375
2094
2672
2414
2416
2469
104
2480
288
2728
456
1853
1360
2403
2146
630
70
2370
818
1984
2201
2380
2265
2093
716
1966
2467
1574
2561
2184
2584
696
734
800
552
2284
986
84
2250
1956
516
980
212
2689
650
1854
1492
122
2705
2299
1756
358
1734
86
98
446
2216
2515
2360
2237
1226
1934
504
944
1764
1214
1978
2169
2437
264
1224
2817
1006
1920
1040
266
330
1436
44
2066
610
1598
2440
2539
1875
282
818
1158
890
278
2060
762
1874
2465
922
144
2711
2129
1510
432
2552
2298
834
76
756
2324
1398
2548
1518
642
964
684
1484
1372
410
2185
1842
1946
118
812
1050
1266
1734
1108
2270
706
1704
970
78
1500
484
36
160
746
2363
60
1494
2074
454
340
2210
430
692
2552
246
418
2229
694
1146
672
1048
2103
54
1768
916
682
964
2430
1318
1142
2294
1422
1726
276
452
82
92
424
562
2114
1140
414
970
1014
580
636
210
194
456
496
984
532
2288
2347
1446
2207
2338
2705
764
2345
1982
2454
10
1518
2296
2110
922
2513
1542
766
1827
1274
868
2637
2293
1398
2
2180
1164
722
2110
60
1744
2070
2498
712
630
218
22
428
126
1476
1854
972
2306
1220
1254
2279
798
2391
2599
1904
1266
806
526
1532
220
552
214
392
1350
2560
564
1863
318
258
1568
2245
60
2483
886
1070
110
1130
610
1832
1772
832
30
1802
1570
752
826
2211
1148
2130
2338
1426
306
26
1922
2202
2032
1420
1898
2082
1154
2630
756
2524
48
632
2497
2278
350
2191
296
718
1707
2045
800
638
2425
2558
1454
2194
2198
508
1016
2957
938
1589
1842
1978
2085
864
1898
106
2600
258
48
1470
170
1258
2359
830
772
2492
2472
1024
340
2271
788
54
2488
778
12
360
252
134
2459
144
354
2220
112
1694
314
564
1054
442
2000
414
1436
1940
2118
2411
160
1940
2264
230
1842
372
2582
1042
1294
2248
410
1042
1706
174
438
1352
2240
976
2465
504
2492
20
134
914
184
1530
394
2422
1352
1114
1666
1420
136
2588
2448
2260
1358
2558
848
2009
750
2074
1988
1976
2408
324
1994
2142
2208
2312
518
1414
1880
788
1434
1959
220
1062
1990
454
2317
772
640
2109
2214
1440
218
1060
2547
512
146
2094
606
2430
856
2663
666
396
2016
2509
1696
76
2275
970
2188
350
26
2280
744
2665
2044
474
1920
64
780
2374
542
1922
1761
1208
2027
2505
390
1844
2788
12
2177
1804
2571
2563
486
1772
208
928
592
592
84
66
488
1919
2265
2245
1100
2321
152
1028
1122
816
2146
910
1462
342
1740
106
2035
2526
1506
2354
1518
1506
2130
304
1374
374
1108
1044
580
142
2232
2519
52
3038
982
178
590
1366
1154
2297
1989
2301
2429
2304
1264
472
2360
342
2232
2244
566
536
478
1740
2130
1716
2383
1052
2203
2507
952
274
1980
726
82
2414
670
218
2155
318
2667
2509
954
2641
94
464
642
1302
2426
40
502
96
738
2176
1722
2602
1292
2264
2641
2300
2552
218
2589
2203
694
1010
1790
648
2354
2014
1974
1982
504
2778
2377
118
2568
1418
1410
1062
2343
326
708
170
974
8
1548
1432
1468
842
2200
1476
4
824
346
28
1130
1604
2284
84
448
1584
1330
2415
1034
2420
538
2618
1698
1170
440
1598
2305
1694
1909
656
1966
1218
2248
1894
2804
1542
382
2209
2214
858
142
2236
1778
2410
700
2661
2064
2344
48
2331
1513
984
2
506
1618
2570
1916
32
98
722
2014
1226
1040
1842
2528
2125
368
2534
2438
356
824
2212
96
2064
130
1852
100
2547
1126
1182
450
1070
2655
120
1848
2080
252
2449
700
2480
2612
168
2851
1940
602
1166
1410
1896
2376
2010
244
1360
2160
390
2396
2795
716
2186
1430
2506
694
18
2679
1650
382
1600
48
250
390
1498
306
1973
592
234
1262
1384
808
196
276
370
2096
910
466
2186
2351
2259
2391
102
1586
1028
2715
286
284
2556
1354
2086
2226
1082
132
776
846
2235
1326
2328
1078
122
2735
1228
534
1026
2336
2563
1781
168
274
1534
288
2212
474
524
1798
2182
1504
328
962
1424
2432
602
414
2164
512
26
2512
1358
68
2144
800
1360
2384
1470
902
2445
1270
1803
2256
258
1862
730
1560
2122
326
548
1346
1204
2146
2018
624
610
1312
2336
1674
398
2018
634
8
668
2216
880
48
1198
1208
2383
932
1288
622
2014
2352
1955
2324
1012
1538
1132
208
1160
1488
1520
274
1870
1512
156
222
2540
480
242
170
620
1944
658
658
2211
932
236
42
510
308
1008
2489
376
2177
2354
2193
708
2469
72
2133
148
78
2129
2386
66
2128
2011
2955
1832
510
1436
1420
210
1542
510
830
1486
842
1812
114
1178
576
1006
2306
1978
542
1284
2284
2240
1510
1986
1224
1922
24
10
1110
354
832
1518
2358
1058
60
1232
1248
1348
906
754
2352
228
2815
2213
2255
2519
546
2179
1436
1126
734
1316
2093
358
922
832
260
1616
410
830
2176
1156
584
192
276
2153
222
138
130
1948
304
2496
1977
514
886
786
512
904
2174
2051
1000
178
358
1708
80
494
2350
162
644
1716
772
1368
1442
326
126
942
2408
2303
524
530
2264
984
1714
1320
280
1162
226
1492
2161
180
1204
2871
2246
2400
2442
2100
440
2364
1330
48
2015
1046
2110
1228
1784
34
264
416
1562
2040
2269
2391
1248
384
1550
520
2314
870
2178
1410
592
1694
1398
1160
2146
346
1160
818
62
2312
158
174
114
676
196
2708
196
374
322
660
2572
1908
892
1434
1962
2450
2611
58
2368
2668
554
1100
344
598
1244
1496
844
1534
1100
2320
640
524
2896
1216
1564
1562
134
688
1678
370
710
282
636
136
1584
78
2196
2244
754
2428
2596
1436
1166
850
1230
2281
1602
390
2187
1176
2245
1382
1008
1738
266
2365
1910
358
1036
1786
414
244
2597
2410
22
2158
176
1026
452
8
1452
2580
910
1676
782
32
712
278
2180
1898
2417
640
1192
1226
2674
1316
480
1874
580
1864
996
782
2132
192
2658
738
2124
234
918
1732
2341
584
1064
172
2346
264
2649
1258
1858
12
2159
2478
206
2279
824
56
346
744
1816
2354
1496
2220
1899
8
1718
52
1076
2399
1866
316
2168
176
708
830
1754
1052
76
1932
2291
160
2764
2570
2443
1872
2173
4
580
740
2182
84
604
6
2363
2530
2162
1268
750
2359
108
32
94
1394
800
834
1632
2454
256
2329
1386
2100
2262
496
744
2316
2314
1748
932
286
2178
748
1506
870
2206
598
46
732
170
718
2385
1718
2318
1310
210
1950
2474
1044
1322
2115
408
2712
952
2110
724
16
1710
1774
1140
442
2163
526
1374
1118
2553
1839
1038
380
842
858
168
1750
2407
938
2054
2663
154
2350
2280
1262
2019
60
2083
2663
1320
374
1922
2500
2565
2075
1948
2562
1026
764
2354
1927
534
358
2570
432
80
2703
2617
2016
2132
2370
2602
136
2348
2356
246
1596
1952
1040
146
2040
806
914
52
2182
1190
830
838
2181
2271
2274
1736
2072
58
472
1280
2469
2671
2333
72
2340
148
2358
802
210
2602
828
220
966
64
576
72
2092
160
38
230
2667
2679
1034
2136
60
570
2391
1712
2242
1771
1731
2350
2593
1602
2628
2515
526
1442
2447
2059
668
2461
1762
2484
1766
2220
480
2560
262
2306
1644
2067
886
412
912
436
1084
464
2473
2130
2743
1054
618
1374
800
296
2550
2164
1991
720
1092
2702
2142
1080
2084
888
2240
1354
1666
2628
1480
2261
2649
2136
662
116
268
2011
312
2260
1260
1926
1969
1789
272
510
1816
2660
310
2353
2228
2370
158
1318
574
1780
826
1170
2046
1870
182
1078
2228
736
1268
1498
1630
2318
284
2132
934
2240
1933
1070
1950
814
100
502
20
2311
2546
2146
856
2038
232
1174
60
1968
1172
2477
2366
758
26
1548
1676
1140
212
2710
1028
1734
2195
1694
1422
1940
1754
2286
1712
2196
614
2200
512
2332
1276
928
448
250
1200
1516
2498
2456
276
140
1446
680
1330
748
1050
2414
2323
2316
1116
2252
1256
820
2542
302
1550
2404
1956
1781
2389
1312
1190
1030
2132
2557
2236
1152
2576
270
2389
1130
2410
2157
1462
2056
394
1138
928
594
568
2341
2309
1986
808
46
2427
2532
406
76
2200
1026
562
1376
1096
1568
1620
2034
2296
2232
2433
254
2128
952
1834
2000
2330
2486
2224
16
2282
338
1966
736
854
852
1938
650
1124
968
426
1396
550
1074
50
216
1410
2048
1952
766
2168
2330
2014
1968
510
918
624
308
1066
1076
2066
2706
100
2437
2628
2428
2024
1042
720
976
2546
1050
1072
2164
980
1634
2236
28
2338
1858
1586
226
2472
916
1558
2630
2155
2171
918
2600
448
2452
2202
1746
1120
1796
1644
702
2153
1850
2304
392
2310
1062
2170
1718
214
46
372
512
866
2806
1510
228
2562
824
84
1266
2376
2155
2363
98
724
2065
1930
382
2420
2059
2584
2283
558
450
2506
940
2127
2375
350
200
842
270
148
2474
980
824
268
2626
2274
2507
96
1764
32
626
1026
838
184
182
1990
2549
160
580
1860
1706
2402
2433
1902
360
280
2060
44
2455
1358
124
194
656
1604
2442
1830
1096
42
2225
116
2186
80
1949
250
2318
1528
2392
972
1396
1996
2163
2556
576
2806
378
2082
608
2644
2604
194
318
2376
514
2503
1879
650
2292
458
2529
2762
1088
516
1508
1634
1890
2096
2580
2558
2388
898
2190
1258
2538
1204
2649
312
2582
2346
1344
316
1188
2467
1426
124
984
1942
1290
2004
278
96
2235
1330
52
864
818
732
2224
444
2300
1718
858
946
1990
2189
642
822
1198
1042
302
1364
2174
780
40
2152
1258
516
1985
1200
2236
26
2238
2010
1778
2220
2524
2160
1694
2500
2044
1322
14
2289
2282
2493
1546
2282
2029
290
1232
1388
1276
202
1470
360
2352
520
364
1624
1256
1998
2558
1346
1654
910
988
698
1316
2100
2548
2296
466
438
2562
2180
16
926
1120
726
1324
1668
2102
4
2488
118
1254
1414
518
2287
1825
82
2461
104
2042
2527
240
2431
2506
94
2190
34
238
792
1606
1054
2470
2980
1944
146
1940
124
2023
1086
276
660
1246
2088
62
366
1930
2146
1935
2727
564
2084
2757
2018
2160
2591
2605
670
2864
44
2612
518
2511
2153
2441
72
1860
610
1386
2374
352
512
890
1916
394
2273
422
272
392
2173
2233
2385
2236
502
1804
2143
1819
2454
2205
1298
30
42
1972
2170
992
1100
1745
2396
2182
318
2204
942
2439
854
2412
1748
2039
1761
602
2351
1994
2797
2547
2015
1770
1178
2071
454
190
532
2498
1728
1996
1919
902
180
546
1658
766
1931
1240
2865
318
288
2386
1388
402
2401
932
2232
1970
2300
2192
2751
2277
2338
444
1566
118
104
398
262
2319
672
1218
1783
2254
2457
1550
94
1486
520
32
2228
1570
2342
740
666
664
2014
2600
200
1210
1154
60
2388
692
1712
1652
2480
444
2682
788
1982
882
956
2008
2612
154
698
1896
558
1158
1168
52
2688
2422
2586
2511
2177
1636
1990
18
328
2138
1594
330
676
696
474
502
1626
1078
1146
2523
1764
962
2279
138
636
138
630
2238
968
2742
1332
1218
2507
2123
840
1734
1348
146
2456
2448
790
972
2473
286
2211
1396
2167
332
2178
50
438
2310
2432
2306
48
2399
2745
1746
1690
2081
2463
2053
1831
1906
482
902
900
596
820
2272
2453
1400
404
2472
216
1420
1396
1733
1940
110
544
498
242
486
2299
1694
2364
2627
54
1410
212
514
1108
1050
1106
864
2453
2535
54
756
2411
2337
2308
2256
2005
1584
2124
2362
26
40
2150
378
904
1360
1148
94
344
2959
1963
2202
2427
1024
712
330
202
478
624
2720
2106
346
2722
1282
1360
1118
2109
28
2144
2317
808
2124
2323
120
86
862
1566
1626
516
1616
790
850
2437
2094
2368
854
596
218
2077
1807
1402
2402
2123
2595
1528
2361
1000
1182
1250
98
1688
618
1713
100
84
486
778
1344
2489
1284
2320
36
1774
1856
928
2368
216
2362
2002
2308
808
28
2162
2214
818
2316
226
2270
2325
8
1392
1206
2328
1236
788
452
392
1674
1736
1174
2659
2439
1826
2168
778
2245
2385
1096
160
868
846
1596
196
972
2111
868
2508
2187
1216
2529
1546
2458
1984
1850
1848
2541
660
500
808
438
2279
1238
2679
56
14
600
2172
2299
2164
2051
2246
476
612
648
730
2460
2189
692
66
1634
94
64
1060
730
1913
1014
46
548
526
816
2118
2160
18
2570
2070
2258
592
460
1842
182
2547
1096
1738
566
570
2327
1306
962
368
982
2366
1536
2464
916
1917
128
2388
258
210
2215
50
2816
232
2490
2071
2113
24
582
1480
1018
288
1230
3158
216
2042
2376
2314
1056
878
344
1676
452
888
1684
1454
1810
2547
2408
1938
16
270
148
372
130
148
2286
2188
466
2061
2217
2227
462
976
1626
154
606
2333
2019
754
1312
802
342
668
1862
2048
1362
886
2077
998
1984
2140
2203
536
828
384
2357
2496
2330
1020
1338
974
622
340
266
496
2641
2294
1280
416
746
1368
2263
1146
2352
618
1260
1432
2385
420
2532
446
102
2198
1558
1332
1024
2309
1214
2167
668
730
2053
1266
2267
2197
2308
1454
8
902
2259
2551
2394
948
1364
640
1182
2242
1390
2378
622
792
2788
974
380
1558
478
148
204
734
2667
2026
2104
2318
2580
576
38
440
1980
136
518
1072
834
572
556
2110
2178
2189
1700
272
874
1056
298
646
1834
2199
1154
2602
2233
256
2098
2655
1166
4
2341
2448
730
1467
630
394
1240
2640
518
1594
2391
1042
2051
1032
382
126
1546
2470
2008
2356
1926
1720
530
70
2557
1312
2100
238
2312
272
2628
254
2117
1866
746
1250
40
376
1444
2035
452
2005
2040
2
1884
354
1968
1472
2414
1978
1416
2658
1516
1154
1324
854
1066
530
1554
1942
1987
2573
1953
762
146
2135
2616
436
2404
1474
208
686
1542
1558
2390
1136
2135
1250
1722
2660
764
2026
576
2244
1538
1434
2562
24
304
1136
2445
1732
42
1968
1824
656
2033
1194
2016
2061
2387
1882
2328
2362
48
2411
658
676
584
2074
100
384
2435
478
1042
1834
1658
2352
202
2440
1110
1108
2261
1730
1256
2493
2314
2416
498
184
2092
448
138
404
574
2141
2492
1268
896
1106
2602
2401
2172
26
2248
2105
1012
1018
492
2290
2562
80
62
106
1454
1318
2670
562
1778
2279
2057
154
1800
216
2488
1970
1540
986
148
2008
2088
2460
1154
1972
2202
2433
1600
2537
2044
1674
2020
938
1861
2058
2465
1108
834
2090
2459
448
2203
336
602
1192
48
168
1446
2045
2707
490
986
890
918
658
2522
688
430
2346
600
1232
694
1785
94
786
1044
914
500
2571
1344
2349
98
1228
972
146
2607
1022
394
2147
1468
1398
1410
2502
778
2322
344
904
920
2284
1286
2725
216
2207
1766
2608
874
2564
462
1058
910
568
550
1266
1972
236
926
2598
2398
538
1782
2062
622
