1526
2444
2298
462
1716
308
700
2322
2497
960
1326
392
1490
1180
1964
2057
2138
1394
1354
836
500
638
738
320
2092
2618
2158
2056
1698
930
1066
1282
2215
2487
288
100
1014
548
978
2370
2844
2377
2420
2472
2042
1794
2254
1978
446
870
2226
2068
866
1866
354
2628
1204
810
2266
2052
1938
28
242
870
1244
1987
1874
968
378
986
36
2387
1226
212
508
896
2024
2046
1538
2421
438
326
384
934
2419
258
2099
1762
70
2479
1828
8
2654
1918
2422
2080
2354
1312
2047
2630
22
2305
498
2515
566
2493
1084
1282
1866
2174
846
2170
64
2164
2638
922
1046
1510
2538
2708
592
2346
236
2140
36
70
1824
1972
62
2088
882
1062
144
2186
1348
2204
1798
1932
50
124
846
1550
2523
1302
1880
82
198
2410
1970
666
62
1945
66
2354
1388
1784
854
2073
1258
1198
2152
386
2276
1856
652
1678
1804
1685
452
782
1696
1398
652
384
1606
2447
988
2276
2226
2112
1796
280
132
1132
2576
2034
90
2430
476
2179
528
1934
1122
1956
36
454
2455
304
326
320
484
1496
2513
184
82
920
1440
72
2552
992
654
2446
1088
672
1931
1648
2227
1754
1230
346
1988
1134
1566
600
1048
998
196
164
560
1106
2014
2084
2449
1230
282
934
1206
880
2257
2608
2467
1058
2127
576
1878
1648
48
428
2388
234
1573
2465
1380
558
718
1366
1772
2490
936
1913
360
1146
2297
496
1692
234
2039
2179
328
858
252
46
650
646
678
732
36
142
1036
2510
2297
1040
2236
712
1414
22
1794
2176
256
2291
1940
392
856
480
1614
1410
1456
206
114
68
348
812
886
2492
1330
1814
2695
826
2475
928
2140
2060
1670
2486
1318
430
2169
136
700
456
2131
1054
1128
496
340
840
1046
1948
1588
1368
1928
316
1486
1132
2110
502
2611
140
464
1714
1498
2422
2202
138
2196
230
2112
2203
2158
710
478
2358
522
2061
2655
266
2056
2099
2396
2522
2210
1862
1134
2136
748
1140
16
618
2379
2278
1008
1112
2224
554
976
2167
232
2348
2672
852
1896
484
1588
2435
1180
596
2346
1348
2573
436
302
2720
2409
530
962
300
2028
1700
82
2294
424
2574
2422
584
154
54
2139
552
2478
2317
1144
1112
2585
752
2538
176
132
2318
462
690
2375
2434
1172
72
1941
2136
1072
1676
186
570
994
2328
1894
2263
28
1778
2471
1566
1842
364
1504
2042
2253
770
158
634
2424
2281
298
1140
718
2114
1156
76
52
2326
2000
460
848
1466
1764
716
574
368
290
316
2262
1710
2515
2302
280
200
1902
1438
2512
2425
124
2223
1632
164
2378
2732
1098
378
164
2694
2154
1450
496
896
2267
1710
1242
782
2542
434
44
362
2328
2004
2489
1814
704
2280
158
980
752
1640
598
2331
1744
312
250
2210
334
1752
928
2146
940
350
1606
2305
170
1326
720
2736
816
2415
2341
2362
228
586
2134
1958
766
736
1770
2196
820
100
814
222
1766
2538
1770
428
2589
2326
2602
2207
944
2236
2453
2291
1210
1941
330
372
526
168
2088
1646
1506
296
2368
1460
86
1982
1544
1048
2059
1414
1328
2355
2325
2220
2557
830
544
2390
1424
1544
26
2112
714
478
2131
2187
2360
2265
1334
998
1528
140
1010
2096
512
1378
306
2395
760
1112
1630
458
2385
1350
58
1132
2446
56
1870
1036
368
950
324
644
1978
304
1186
2110
800
528
632
1932
2067
438
700
1888
2
1520
638
2210
2573
2414
1913
1276
82
1666
1782
948
1632
2246
1624
2162
2234
1404
134
1002
656
82
610
392
466
2290
2566
2548
1538
1895
690
2382
2025
2070
264
1074
2369
656
2204
78
2130
316
2612
1644
880
1618
504
1996
1044
268
2716
1790
2339
2327
2142
282
178
2176
534
1914
220
184
270
2036
296
2004
1344
2260
122
2425
1548
2154
812
2432
1108
1802
286
1434
546
498
2068
2154
974
384
116
772
2006
398
1496
638
1100
2554
2489
1520
2693
554
2120
156
1900
636
2180
1414
2276
1320
674
2157
752
266
2004
2409
542
2781
78
2072
2127
620
210
680
472
138
94
2187
2831
2042
1900
2520
340
96
2059
772
1600
2192
746
710
322
2162
2398
2319
260
2171
1846
1804
1288
2276
2485
2552
750
2836
1380
1586
92
2572
290
2121
220
1248
1174
2109
920
556
2499
346
1336
1734
2487
1312
442
1950
1608
838
336
2204
134
2438
1800
2211
1088
592
2386
2539
436
2385
2302
1206
216
2022
918
238
2358
2449
2218
8
2316
890
2542
2342
1456
782
1202
542
1090
2230
288
1282
2296
2412
80
2266
2324
1120
2352
2003
2131
22
494
92
2052
2387
282
2336
2109
1870
1336
1833
846
1400
2340
1318
1200
350
366
1948
658
2478
612
1068
2582
2272
572
2208
1206
664
1874
268
2344
626
1684
108
2170
802
2097
350
1194
484
1004
74
944
540
508
1426
560
2318
350
2373
2400
1634
2498
2322
200
1120
898
240
68
1352
2056
530
2394
30
2270
1034
1470
222
1772
244
1902
550
302
1452
230
2124
1172
492
378
2645
1062
628
2183
1470
2353
1230
1022
514
1592
1774
816
892
2262
336
1004
2194
1742
760
210
1839
2291
650
106
1078
1280
2364
586
16
14
2180
528
2108
1288
2361
1132
2088
134
1346
2026
248
374
2406
168
1786
1750
2406
1020
2144
884
1212
2600
156
362
2500
1506
634
1496
2223
106
2330
2677
352
1270
2228
642
384
2895
52
882
968
846
602
4
2687
2239
2383
1950
2181
438
760
1730
52
306
212
580
2700
2132
650
258
2120
1074
1856
500
190
912
2316
434
812
2157
1208
324
1920
418
594
2476
2198
16
636
624
2509
2349
1408
2402
1856
1096
2204
344
2375
2424
218
2380
2076
2386
60
454
1114
2182
38
2484
2720
1908
2328
780
2333
28
660
2446
1706
30
408
34
2230
2406
1334
2212
92
2339
938
316
1728
164
508
1704
44
430
1174
858
1168
1772
1766
174
1564
970
1270
120
2793
2425
2028
734
2404
1104
2112
266
1760
2133
410
2570
1008
2579
644
1920
2
98
620
446
2376
988
508
2078
2048
2108
1496
528
70
2148
1500
2016
2206
14
1494
424
644
532
1662
1430
632
2347
1204
1256
238
2080
44
2271
1162
2632
676
146
336
2104
118
2074
2455
2136
840
2362
2174
2081
392
2510
2056
308
2473
786
2180
94
1948
62
1678
892
74
1004
906
1434
2295
2269
2255
2312
516
404
1556
1454
266
154
1046
768
236
240
866
432
284
2082
2226
1052
2421
1685
524
2258
52
2567
1480
2212
990
1432
2528
1298
1916
672
1138
1562
2306
298
2538
1326
2166
1688
2376
724
658
786
838
1512
144
294
2391
2259
444
2336
2206
144
1590
1536
2104
1917
572
2450
1554
2593
1814
2628
2091
2256
2089
1438
508
2524
2733
906
270
170
2219
2291
2196
2281
146
2241
2203
1940
2043
152
134
2520
2183
1928
1150
876
2010
214
2023
496
706
490
136
2196
2555
276
268
1636
1610
2291
2240
1480
1256
2358
2786
762
564
1178
840
586
2713
460
180
2094
2273
604
204
1152
988
2270
148
1350
336
2419
2212
2399
1164
398
2326
222
2405
2129
2252
2128
970
592
2132
158
1964
640
2119
3224
1819
2472
106
842
1368
1893
578
1132
338
226
320
1438
774
942
130
2664
1212
968
1998
1890
998
728
1048
1254
2515
258
2401
2412
2254
1432
2312
2382
1306
2150
640
348
2181
2463
418
2635
128
2618
1530
1474
350
2250
486
1020
848
972
46
724
2147
992
310
276
492
788
2194
670
2004
1294
1018
2111
2371
2310
2370
1702
2435
2087
612
2089
2499
2190
530
2556
1322
874
2198
984
1080
1822
192
2355
952
2370
872
346
1310
2027
338
1522
304
2303
568
98
1628
2425
2047
2505
2037
1382
992
2132
308
2082
1706
2202
1808
2260
1298
2383
2585
1914
1885
536
1316
774
728
1262
414
834
1768
2573
2261
2176
974
1676
1786
1266
780
1658
810
1890
2648
1238
502
70
2270
924
2003
2465
2199
536
234
1976
1929
2232
2270
14
960
2108
1114
2728
1024
2275
1148
1252
1864
2684
2366
424
936
2158
1268
900
202
406
2013
2149
530
218
966
2564
966
278
510
602
12
918
2299
632
934
2241
1918
2155
1890
744
1648
2216
2151
590
2156
362
2298
1848
2637
2435
1606
1156
1362
794
2240
1979
692
378
2403
1710
2874
802
2256
836
800
80
2725
2388
326
322
2263
2479
1130
1154
22
2331
460
1384
2363
754
628
232
998
1350
120
1346
988
2345
2576
1376
1350
1100
906
1760
1120
1038
2100
2310
18
936
198
1976
140
1662
566
1956
382
1516
2776
154
1380
2364
2
2388
1462
844
1550
1510
1106
2183
1464
1886
428
2318
188
1852
388
794
204
678
2114
1052
174
816
2255
950
1262
28
694
1628
1432
1802
1252
2439
410
2134
568
2036
1542
890
942
2458
2476
1552
838
128
552
2022
2320
1448
1924
1456
1008
726
1520
2544
2158
1776
2428
952
948
2191
1748
716
522
2314
1004
2898
708
82
704
2001
1014
1721
2286
42
1030
2458
388
2285
136
262
1108
248
2277
1134
1434
998
2521
468
2749
1676
1666
2357
2554
772
2014
204
570
1338
2163
1284
384
2153
2474
2604
1488
2076
844
2463
2009
640
548
2386
620
1858
1304
658
554
1150
628
2068
2002
2517
422
410
2237
918
322
1186
2296
568
1568
802
2116
950
8
2284
2058
152
68
266
1480
2671
232
1864
2232
2088
2382
2644
2438
2629
2307
2052
1950
2343
2442
106
2462
1096
1392
2030
484
698
974
2119
428
654
106
1200
382
2223
2507
2361
110
1208
1174
102
320
1178
1296
1230
20
874
1486
400
1730
1456
1890
414
2004
158
2220
164
2276
166
2529
2412
910
940
522
1478
1276
1932
2866
998
162
1144
194
2659
1598
1620
1906
1898
2176
1254
1394
2156
454
2393
1406
1012
736
262
2304
2127
280
418
2068
80
942
2594
602
318
2260
1754
948
786
1068
122
168
2789
1540
140
1748
72
1020
2450
928
282
2088
1440
1566
1040
856
1384
2297
578
1518
2242
2833
860
1504
980
170
366
1543
1488
692
604
246
2437
2176
266
1576
2357
2282
764
956
2036
1236
2508
28
36
450
462
1990
1782
836
78
54
1100
960
592
212
1670
704
2334
2599
1638
1194
1852
1158
2011
2215
2342
2271
122
1350
1210
2155
2107
1910
828
2195
396
1204
2690
2446
2089
624
1164
404
2356
1724
2050
96
1848
2256
252
968
1622
1202
270
388
230
1834
978
2644
2157
428
2142
154
162
898
548
1973
2824
2012
2210
448
2160
1720
2066
1834
2503
2065
294
320
2010
2025
6
440
2508
1568
1925
2236
358
300
974
122
1408
2303
1366
1818
1038
1918
2435
1668
596
662
1312
1779
1554
1016
796
1748
1180
10
2215
2153
2129
1298
2554
178
2012
2836
2374
428
1889
1200
484
1817
102
2547
1548
1960
2387
2354
976
1562
2115
802
2442
2134
154
2332
96
2746
38
1908
2317
1146
20
2167
2098
2202
578
72
918
1999
1974
2730
1260
2270
2341
590
2469
158
310
1376
384
2067
2117
2342
2341
182
490
442
436
2158
372
850
1094
2128
812
2340
1058
2337
2542
74
304
2257
2486
1890
1758
2296
850
364
1822
2463
426
1614
2000
1894
618
2303
2062
2099
2534
724
1302
844
2108
2195
1790
56
654
2656
862
1344
2133
222
2148
1050
192
662
1314
2270
542
138
2038
1894
94
1590
1288
2144
1714
470
264
2677
934
1622
1688
116
1464
934
418
14
2033
830
48
2231
1544
1172
1106
1736
592
168
2344
1574
2208
2018
1502
2257
266
1084
330
1713
2296
2183
2162
1270
340
2301
260
2368
1712
1028
598
1900
866
2466
1708
2503
912
144
984
1996
320
116
1540
1818
1554
878
96
1342
2534
876
1368
900
804
650
2506
1814
302
770
668
820
1962
1966
920
1852
2479
2352
976
1624
1118
790
344
1977
2098
128
432
2874
2300
2844
358
1384
2271
2214
2522
1812
474
620
1224
950
2450
750
1958
424
2598
44
2337
1978
1600
1962
366
476
2358
2669
1898
2262
916
554
1872
916
414
1552
2420
704
1468
412
222
56
1580
266
2149
2588
26
1918
2200
58
446
544
1878
2320
1264
964
1436
506
1710
2436
122
166
46
2263
558
330
146
1676
1198
1122
2042
2436
2581
2246
2441
706
380
2689
2141
1436
1300
2414
1980
216
402
120
1624
540
178
1894
1032
1418
730
618
10
2879
1490
872
1870
2190
2607
558
1080
1288
2546
200
1250
458
1954
1312
428
2382
1837
262
2349
18
2352
1012
2292
322
2749
280
2490
2299
1048
430
2483
1122
2200
2483
206
2696
376
1192
2562
2558
276
2529
1058
2105
402
1414
2846
2551
2288
518
224
2352
1730
1100
2180
2365
846
84
702
740
1160
34
1969
1368
2557
396
408
140
802
14
2264
86
2536
1296
2038
572
440
64
2684
2380
2227
478
68
480
2603
1350
2261
2171
1858
1494
724
1132
1418
1520
182
48
2651
1098
1048
218
608
1648
1821
1684
2014
2201
1222
680
714
1570
280
704
1868
386
256
1188
246
2602
1680
306
1066
1728
1604
66
106
1868
616
2521
962
2393
2231
838
846
626
2262
2148
924
2334
1588
2478
890
250
862
400
1422
2250
904
1116
934
1152
724
100
886
406
242
1478
1036
684
2080
478
1250
1428
2325
128
404
22
208
1526
1684
940
2626
2407
2580
2461
608
2278
2274
2435
2392
980
2254
2636
1942
144
1266
718
2452
1777
1444
1434
1296
950
2402
912
2394
954
1484
1152
624
502
2346
2250
358
34
2369
614
988
2241
2552
1264
2101
1114
896
250
2460
432
2428
448
376
1294
2754
2034
2198
2456
2000
1566
1985
2441
1917
2290
1988
2579
566
160
1852
104
2506
2482
1154
2416
496
500
1302
346
2534
2175
1162
1364
1268
2250
2455
2076
1996
2224
124
420
1905
2460
494
1907
2044
158
2309
952
72
2526
402
456
282
252
756
1414
142
2417
2414
54
2472
862
868
1326
894
1200
372
668
884
1806
586
2291
590
586
2101
2272
2325
346
1578
2551
1626
1010
1414
1300
1306
2367
8
2603
2095
2336
2341
352
444
604
1991
552
74
2399
232
2062
364
1198
462
578
2392
648
2399
488
582
930
856
2411
1714
1749
100
712
1734
1688
2568
64
2520
2002
510
1246
1202
2215
978
2315
680
2785
758
1550
672
2520
2050
2375
784
414
526
2066
218
650
1868
1054
124
970
1006
928
208
808
1999
986
2148
256
2129
1728
2547
2066
2537
1066
562
462
1928
2141
1652
456
844
712
2089
2106
2558
2173
1702
2342
1866
1914
2387
2198
2077
2299
516
430
28
266
1254
180
546
1632
118
1572
30
926
1056
1184
644
1624
124
2424
2209
1454
1968
1932
148
2482
2385
1994
1510
1106
1915
1664
186
320
1949
898
2316
1837
1134
36
30
236
276
236
1162
42
694
280
1046
536
1096
156
764
606
686
882
88
344
2405
1808
926
128
1744
662
1560
688
738
2635
1418
1350
1682
1884
148
1986
1796
1396
1644
1566
2629
766
2322
1298
1930
422
2648
1766
596
40
2143
286
1220
1004
2791
1360
1164
1945
986
858
2374
444
226
1212
2724
2
458
2337
750
344
442
1102
2009
616
2478
736
2269
264
2096
1350
122
1682
1390
2405
482
2429
2161
756
1866
2100
912
2322
2190
922
876
2504
1076
2276
2756
588
2120
2346
2462
172
2145
2296
1908
1364
2051
416
2489
2386
1224
2041
1002
518
918
1640
1022
2544
2326
428
810
2356
288
706
250
2068
1442
384
2134
634
670
2555
2531
964
1216
2321
320
2080
368
868
2414
1984
1112
2246
826
260
550
2022
706
1792
2327
1862
2620
1036
2566
736
172
1054
280
2445
118
1480
1620
2312
90
2305
1852
2590
1850
230
50
88
2176
2227
2104
1208
1994
2452
2506
1260
892
2123
388
2391
564
188
2367
2017
580
520
2334
2059
1500
1596
2148
2472
1960
1612
1186
2253
2558
1980
394
1666
1929
2396
422
2014
242
678
2053
2165
1298
2170
884
1598
2452
1900
1380
2068
1892
2102
880
1902
846
2375
1826
356
372
914
2245
2868
8
2012
816
1380
2569
248
1810
2240
226
2300
1904
2148
1048
312
2420
1078
1060
184
490
1208
1860
2024
700
2338
2583
66
638
1996
2280
820
1202
656
2471
1394
2019
2080
534
2020
1560
424
990
866
2018
454
870
1352
20
676
2634
2064
2715
736
2482
458
2211
560
34
1591
2428
2182
194
1906
1987
2304
2327
28
1856
234
2070
1941
222
2106
980
2118
1456
2283
1826
2447
1853
2144
2066
430
1736
700
1918
2545
328
486
2116
2684
138
1644
112
858
720
2248
1734
2080
678
808
1978
1420
500
1548
2011
784
2471
1768
154
2679
716
272
2313
1108
2002
2408
944
2287
2416
2338
2341
126
656
614
2145
2182
1262
1704
2301
458
98
1534
56
204
670
2582
214
614
744
444
1710
804
1412
1564
162
2479
2672
2206
2535
124
2228
258
480
2088
2027
1278
1396
672
1208
448
2319
2249
2390
2665
1766
488
396
508
2029
1390
2317
842
286
134
2385
2092
60
1372
2227
1288
2286
2769
1750
2550
1879
2361
1000
184
2444
372
444
410
194
864
534
1894
316
52
1194
752
2556
278
130
1706
92
2078
2214
2366
2566
2533
2428
1702
946
158
142
124
926
908
2303
1306
2164
2469
2322
356
2567
2160
1056
2546
2386
1750
1574
850
2958
2131
1070
1368
722
2424
504
1216
2353
678
516
496
2567
478
2694
822
2132
834
2360
2589
2051
174
2431
962
1354
900
1612
512
2736
1172
10
164
1786
578
2439
98
1728
2120
1146
1646
1032
2377
1875
414
1912
876
658
226
1168
842
2082
970
72
1781
26
2414
2237
2046
1300
2634
1230
2390
584
1804
340
2239
1248
622
732
1330
1122
2571
1754
266
2321
1790
64
384
1776
2315
1642
416
1961
2058
1456
1388
1368
2441
10
2305
2439
2674
20
1610
338
2606
2410
90
42
654
1018
1402
2074
2785
2435
94
2011
888
738
1838
1586
2006
2163
382
2190
674
728
504
994
824
1244
2308
670
136
392
2353
826
964
2323
2250
204
218
2016
502
2003
1254
258
1876
792
260
1700
2254
200
622
2372
2681
1062
1486
2334
202
2758
2180
2393
1142
322
50
1008
2085
1670
2089
2334
342
1977
484
2385
1966
1440
1226
1746
2534
162
154
1032
2184
1674
1142
10
1718
464
430
1602
914
1380
2174
2710
506
1176
1771
408
506
102
1186
18
1340
1266
1824
2200
2051
2213
934
2207
84
2308
46
344
1886
1670
60
1356
2187
1512
2431
2111
816
778
2038
1728
2178
632
1948
1806
1302
184
1296
494
1940
2202
1968
2277
694
28
2826
290
2208
186
558
2223
18
2638
2451
2465
2493
282
830
592
1448
624
54
2215
2260
2201
1252
862
2165
288
2389
566
438
2990
1836
2376
2083
1014
2491
474
1212
420
1950
1432
690
2347
1058
376
2237
1596
222
1176
2124
1020
250
738
1752
1686
2514
2027
2171
1740
1681
2309
722
116
114
116
1676
1644
1899
172
358
2533
960
82
2095
2036
132
2517
1706
1938
822
2169
2599
338
34
436
740
1648
1028
2182
572
304
1932
364
2204
768
76
918
2814
482
2472
98
2504
102
1296
2288
2350
1174
24
2074
286
2040
2431
416
1014
846
442
1858
1104
2436
398
1138
946
226
994
2267
704
1214
2125
1034
2065
950
728
538
1578
2450
338
2173
1600
326
1242
728
202
2046
2403
454
712
1838
2638
2449
262
2517
1724
840
2486
1516
1650
88
890
2626
1144
2726
278
2238
1980
1886
432
668
1900
58
1294
50
2109
2403
1504
2189
1486
2631
992
2294
556
1948
924
2323
74
1210
2272
174
2221
2208
2248
1998
1702
2153
2728
1112
2181
2292
410
2620
756
2874
298
1392
1632
1748
1938
914
30
256
1779
1908
2433
1782
2486
190
1914
1490
2146
278
2039
1478
2501
2178
814
2651
14
906
248
208
144
2433
428
2638
50
2317
360
2518
2175
1094
994
420
70
2646
654
2468
1484
742
1928
1028
310
220
2429
1429
2272
964
2494
1412
1818
48
684
2690
1946
2302
364
2339
2403
924
394
486
2292
2358
68
1200
500
1452
2606
2118
924
2426
2341
1412
1410
2586
1404
218
24
3084
2082
770
2477
2352
2072
996
320
796
2065
460
158
2084
2496
944
2077
732
2565
2224
2381
1156
874
404
410
124
1936
2286
774
2637
8
136
1636
418
32
2651
2434
2349
2749
1236
2392
1162
2540
874
1184
2654
382
1718
2218
1704
2178
1644
398
190
1618
2070
960
1238
2547
386
1552
2243
690
346
1226
1868
1983
2116
2530
2738
2216
696
798
2288
1190
316
2535
584
2253
2280
1200
62
468
212
1566
1412
426
60
2304
1736
994
326
8
588
2334
874
2020
198
106
1572
1062
1902
414
404
1418
542
982
2466
326
2086
2254
318
1558
432
2678
2184
2491
992
1956
776
852
944
2464
1888
214
2639
2383
810
1606
2210
524
570
2241
2330
2171
1596
618
562
2528
2040
456
2405
2334
262
402
68
2396
556
666
524
2826
206
1440
1044
402
910
2307
888
1920
1326
2463
854
1994
704
564
1004
2394
842
2172
424
1350
2346
940
854
1136
1414
1732
1344
448
38
1118
664
842
2174
538
2539
34
828
1188
2620
742
1166
2105
1566
2388
2583
2265
2230
968
238
822
2656
1990
704
2280
406
762
160
2018
2526
2536
1644
1744
354
2062
296
2101
258
1014
1770
1398
2071
334
1488
1706
954
2388
2911
202
10
1460
2143
1596
2526
80
612
2488
2497
962
1896
1128
1156
206
158
272
948
782
2126
1340
2164
1020
128
1548
2319
2383
2340
2212
2405
2727
2249
154
1900
2020
2027
838
1132
2639
2702
1918
392
1881
2242
2462
358
1292
602
1954
1328
2077
368
2497
592
2529
2444
2023
2063
1258
1926
1764
150
850
480
1980
2063
1466
2100
2370
2302
2599
1944
928
1786
2304
214
784
2238
2770
886
2484
566
1026
2356
2242
2200
1248
1202
634
2507
2421
870
552
2417
638
358
708
1877
972
224
2457
68
2088
722
196
1434
2170
1612
414
612
2165
2454
734
1542
1992
2408
2315
1630
1064
1740
1843
1354
2521
1384
2461
1878
592
2091
408
550
338
2154
2642
2527
1848
1226
370
290
2417
2598
2332
1888
1304
84
278
1879
432
1904
812
520
2417
2092
100
2501
2466
214
1272
2362
1162
2236
2551
1814
384
100
2537
2206
1734
334
2432
2067
2427
1708
44
1889
782
1344
110
124
1938
2160
2299
1936
950
320
998
1756
502
596
2677
804
2575
678
2401
372
240
1496
1853
632
370
2187
758
1526
22
2497
1612
224
2562
506
200
810
2122
2485
2293
130
1098
1344
132
450
892
2573
2173
2324
102
2465
414
1280
460
386
30
1292
2218
392
2092
1220
512
2217
2424
424
2020
864
2270
1022
2651
684
1754
1158
2167
200
1948
2401
1720
2345
680
2016
1146
2380
1452
1584
668
2148
244
82
162
2625
578
634
536
2216
88
1784
2356
2278
2313
340
766
2301
1178
1968
1412
724
94
802
2217
1062
898
1238
1392
2517
152
2363
294
330
834
1464
2237
428
808
666
1236
70
1330
454
2397
1348
1434
2190
948
1529
36
810
2113
2520
192
2458
986
22
2143
1956
2006
414
840
34
2341
1823
418
204
2291
1368
1490
308
360
366
2499
1740
2369
206
322
340
134
2430
690
968
2370
2461
1090
1894
1842
2286
414
840
1892
946
1926
1058
2087
1160
1428
1526
1668
902
246
2630
1386
1828
1963
364
2426
294
2502
298
60
2264
2388
540
1570
2262
2072
2036
2847
2060
1158
1934
424
176
340
2352
1794
2591
264
2037
2050
662
2677
2264
2055
536
406
1718
254
1400
106
2280
1520
404
2369
424
486
436
20
2126
1000
2741
466
6
986
440
1892
574
2350
2187
1320
168
1214
12
910
2100
2462
2373
2327
1058
1822
1832
2641
794
986
2432
744
726
614
2435
2316
2601
1632
1408
2147
2091
1398
2000
1084
2864
2116
1892
2604
810
1110
410
942
1314
104
114
2162
2250
590
96
1528
2176
162
2745
1714
2268
1780
2788
18
2410
974
436
2496
1446
168
1802
1518
822
1284
184
2052
598
186
250
1030
554
2396
1144
2178
444
458
2356
1238
36
276
2416
530
530
204
136
1899
1412
166
1636
2227
2248
2246
1798
1806
2171
2239
918
2440
2201
2547
2633
346
940
910
2717
1234
546
98
398
942
696
72
1110
914
384
2041
474
2143
202
182
1428
326
530
378
2450
850
12
2165
794
2644
34
814
1994
796
528
990
766
1864
1264
1354
2130
8
1186
1784
566
254
1118
638
706
566
2484
2564
2228
86
2041
114
852
332
1406
74
2458
2680
2160
292
2239
1779
2161
714
338
1772
1558
214
1014
896
122
2360
1124
1720
360
616
2054
1629
418
1348
2325
2164
1210
1720
898
2252
430
2685
948
2535
2106
1358
380
2105
340
1752
108
1526
284
716
2232
2498
1884
444
2550
2009
2814
386
2118
1266
796
94
2327
218
2352
722
1100
132
1402
350
1174
874
346
84
2193
914
2442
74
1218
1348
1849
2228
54
2232
2367
460
2026
1876
1650
898
1814
2722
1352
1867
24
1998
242
1508
2077
2018
2190
2228
84
270
986
698
1030
2227
648
1749
146
540
1744
1278
1816
50
1254
1824
1418
264
578
1166
668
638
2690
2269
1610
2652
1949
1170
2222
702
1460
724
1420
2621
1128
266
1524
2563
1826
1178
2080
24
1632
768
512
306
408
2039
1176
1830
2448
2632
460
1466
754
348
84
2623
996
70
2251
1058
250
1562
1994
632
134
1260
1600
46
2485
2264
2156
948
946
1835
2496
74
842
2073
1924
2500
122
646
432
460
808
868
2511
1790
2288
20
262
2451
2181
788
2124
28
300
28
50
286
1142
362
2104
58
2209
148
810
2466
358
834
466
1752
926
498
2017
1106
2474
178
2223
1132
500
896
2319
2179
914
994
1300
228
2387
2417
2371
834
510
1672
666
484
1922
808
2636
1102
2261
244
964
392
196
980
4
2365
268
954
1982
2429
324
2366
2785
1826
2163
396
576
1997
926
1498
1256
258
2233
2122
2078
164
2434
1824
674
190
816
306
2401
1302
778
586
2063
2325
2085
2456
72
948
1280
1776
2552
728
2369
418
2187
2473
902
2250
2507
100
1032
478
2379
2239
1232
2575
2048
2273
1866
1068
1744
148
710
1286
762
1814
478
198
1072
330
134
2224
1928
2111
278
1354
1632
1872
1727
286
500
2468
256
1750
1336
668
204
424
1336
1914
592
1028
424
22
1120
226
594
408
214
210
1284
2225
2096
2491
1514
656
276
920
1953
2674
2168
1332
1792
1140
1112
2332
1076
1318
402
1927
640
2382
286
314
982
656
1052
476
1868
294
1674
1372
4
466
500
2305
1116
660
356
1572
2317
2624
2001
1678
984
62
234
2043
1970
372
90
986
2002
346
266
1026
450
1892
1752
2262
672
1839
1366
1410
1294
150
764
192
1790
676
426
2673
1804
334
118
2447
2140
418
310
410
30
1238
712
2370
236
2067
2144
650
2432
2479
454
1612
1132
1462
1476
1806
1948
698
2543
262
30
664
1354
674
542
1883
1996
1058
2324
2272
2157
1804
324
2275
2338
692
2378
108
350
352
722
522
204
1498
192
2243
2743
582
726
422
524
2096
580
622
2091
264
610
84
2162
2329
1392
220
2215
700
2102
544
510
110
2414
2215
1490
2054
2087
1374
2100
882
1544
2452
1560
2281
2405
1152
108
642
2088
1972
386
522
1935
304
76
1952
84
250
2281
32
2351
482
1374
1562
2516
358
1610
240
782
2185
408
1928
2148
296
1552
2028
2204
360
2070
252
880
2012
592
2246
2290
242
2088
94
1826
790
1062
446
556
246
2627
1694
1114
636
444
224
504
470
2261
938
988
2554
1916
1494
556
414
1082
290
722
2323
2270
436
198
330
1224
1032
278
2590
1386
1078
1632
1966
446
1954
2603
34
552
2092
2237
922
2468
2124
2384
2574
2013
1772
2467
1928
750
2517
2374
488
1218
564
2223
254
2286
1875
2397
2211
1904
1470
1668
2282
440
40
2118
376
1844
722
474
684
136
978
116
756
856
1582
1796
2330
2218
2665
2205
664
958
1206
684
2581
192
2205
16
208
286
2218
2468
2445
90
1942
604
2689
818
2283
2568
2522
244
1488
2339
960
996
754
1138
1901
1866
2265
632
2433
2217
2182
1922
1786
860
876
1468
222
2326
394
966
1834
188
2414
2076
1308
1842
830
2317
2297
1076
574
424
676
426
4
2355
2324
788
54
2190
1548
622
1006
268
220
1888
918
1972
2202
380
24
778
1868
2082
192
760
2012
1784
2052
228
666
930
1106
2137
1998
1628
1794
358
988
246
894
2061
1642
1066
2300
1424
2682
142
2117
540
2279
1058
2514
270
1424
768
1570
1977
2056
2620
216
2552
2221
2752
1286
820
1418
1570
1274
1692
428
26
578
2230
2124
602
1782
2119
6
1838
1282
358
920
2583
868
1094
156
2203
112
1976
2338
722
2522
2347
1076
2207
1080
2167
774
94
2433
2287
2730
2232
2603
1040
2613
2221
2558
644
654
502
1030
2660
76
582
1486
186
1787
600
138
1156
392
2770
1738
1658
796
2359
276
736
2648
756
2478
618
1921
1652
2443
408
296
816
148
1126
1918
1062
240
2102
1742
2298
2560
514
568
244
250
2498
972
2379
2694
1376
1876
2462
1720
546
2413
2314
730
1876
1280
2874
1868
846
858
832
2796
1238
1476
2289
62
2300
260
2255
694
1636
2223
2481
2551
1980
1518
1474
804
2554
2449
2051
16
476
710
2434
2200
230
922
1186
2290
2307
2372
1164
2456
2087
2310
8
2309
2458
1786
2490
1988
246
534
188
1977
2308
2402
2328
436
2425
666
902
162
204
2409
1704
2387
314
956
340
1698
2120
2406
2268
1302
2308
1924
2365
292
2791
980
96
2180
1860
2338
430
1883
1934
390
2464
1168
1716
90
1194
154
734
692
528
328
432
2219
1608
2073
8
712
476
2362
2091
1993
1196
1994
132
2415
2368
794
1144
2426
134
2380
1164
2394
664
2207
2196
390
1114
284
1450
190
2138
1146
758
1326
352
986
2380
2488
2032
502
2063
496
1636
1448
1444
54
486
1320
94
370
1112
1910
2373
2284
2174
1740
378
224
708
944
672
2220
958
336
2407
798
8
1442
450
576
2193
1266
1402
1570
2670
1292
844
2272
124
1258
416
1182
98
2241
2116
2323
50
790
2613
906
2024
1434
1913
2195
1052
1136
1814
828
2307
1830
2319
1078
636
382
1444
1064
1688
1312
776
1676
426
174
472
1484
494
222
976
2198
2255
1256
1566
2036
2161
2182
400
30
1502
666
2372
2036
2266
2346
2269
472
2093
1740
224
1818
322
1744
1488
2440
858
2236
2750
2044
172
48
678
812
990
292
254
2721
1226
40
50
1272
2515
2514
2232
2044
434
642
996
726
638
1776
2498
2553
2336
2596
344
1424
2103
2552
1252
958
30
1036
18
1530
2085
1426
1942
94
1974
1554
182
2435
856
1282
1002
2
670
2331
2114
1372
1334
2112
1612
336
504
952
680
1570
1086
1672
2050
2500
76
400
2078
1262
1322
2462
146
2519
2405
1192
1504
2274
520
2617
152
2056
26
248
1350
2059
284
2300
1598
2765
778
1088
1556
268
476
418
2135
2156
2184
710
2262
1562
2315
620
1324
370
1584
1152
1544
1238
746
1570
1050
1352
1000
82
694
1338
2466
1442
960
2089
1006
176
668
216
908
2474
1328
1804
1196
924
1604
374
196
70
748
746
2272
1182
142
1308
2024
908
1624
2402
1270
1836
2459
958
1989
970
458
2224
900
2159
2164
1068
34
1856
2292
552
132
2631
2855
1924
2198
2659
2334
2186
750
1760
2655
2662
660
62
1698
1548
1290
432
1774
634
1578
2627
1408
1272
1014
2144
1744
226
66
1660
2112
172
2479
324
2399
452
946
1138
1070
954
2559
2831
2534
1630
2504
1798
2011
1674
1500
922
1094
2374
38
1226
2212
1168
288
376
134
130
1018
1042
870
1472
2500
2176
1336
2189
648
1366
1662
2551
1882
746
760
566
68
2224
1667
2243
722
2582
606
794
1865
1326
2066
140
904
1280
1904
1234
282
608
1636
2611
634
850
2576
2218
302
2368
244
1132
2260
1854
1332
830
378
78
66
822
2254
2227
284
2121
940
2429
2565
2234
540
904
496
1882
568
1778
746
118
2113
2437
840
1144
856
2127
2269
2471
2355
1206
990
2458
2007
2250
2262
764
1738
1216
234
2328
1256
1226
2753
184
1984
1098
746
166
1270
2563
2502
2495
2048
1316
2210
2566
1186
350
116
352
2650
2212
812
1378
2050
1926
678
364
2076
360
282
2270
2814
2468
2608
882
1969
896
2840
1466
394
2335
1702
1286
574
36
888
788
1178
876
2307
56
994
1362
878
2316
2184
2706
986
1526
910
212
224
2391
2150
82
2
2506
760
414
1182
1998
1186
1346
2381
2021
2682
188
500
2735
1642
516
2659
1204
2537
792
2006
2126
2176
2228
2414
444
824
1344
2453
2054
1402
2151
1822
2077
242
1084
426
704
954
2218
1172
2285
2352
94
2240
1482
334
182
2262
618
1826
2520
2229
596
412
856
1232
742
2472
1254
2095
2334
2084
226
2530
2677
856
60
2220
58
854
226
400
1136
382
510
1790
1816
968
1038
708
258
1724
1384
176
1080
920
458
636
684
2194
2019
374
2365
2185
252
1064
1912
146
2048
750
902
1614
486
2204
1000
718
326
18
794
2091
1224
888
1132
2177
2322
2259
1382
712
1830
1230
2500
2153
2593
106
2151
2091
1308
1681
1660
1092
2414
2133
520
784
1528
1092
662
1226
444
28
238
548
2201
16
576
640
1034
2204
1859
1622
148
956
642
2165
746
1254
1116
394
2590
182
2373
714
652
2151
1560
1012
2018
176
426
1610
246
2386
1424
650
828
2234
2180
2574
664
2322
756
914
1124
2298
1700
2411
20
130
1818
2418
1740
30
2433
1474
484
668
6
1380
186
934
360
1506
604
1778
2080
1250
2558
100
2492
436
2127
1530
1776
402
2162
906
2266
1052
642
288
2480
2255
1384
2421
460
2411
1592
2252
582
450
2159
1052
2443
316
492
1922
2482
918
754
1740
1886
2026
242
144
134
1316
506
78
2127
1780
2473
2614
2049
1836
964
2379
2135
2577
2182
322
1418
1070
2127
1058
2582
2034
1960
2245
2567
1100
2318
2446
176
2329
2361
2042
2530
2345
2056
662
310
510
844
16
2742
2290
2279
2307
2326
432
1744
2410
562
2349
1670
532
1722
98
2370
170
2672
2102
1144
2084
2255
796
2684
2164
2232
770
754
1166
490
656
1546
82
400
2226
2227
1178
2330
2303
2004
2069
308
2124
1616
798
938
2204
2605
1931
2233
94
2291
2415
2518
984
22
142
1078
70
326
530
434
2502
2223
74
2802
2450
660
388
40
1802
2252
18
266
754
2198
382
98
1146
938
2342
760
206
1882
1146
1706
2047
514
44
1972
1410
622
2838
2699
164
1366
440
798
1010
1240
60
334
594
510
846
1878
1642
150
2438
216
96
6
604
112
2394
900
412
92
2315
2088
2301
218
2388
1046
234
512
2508
560
776
2835
832
680
1360
1542
164
1020
2488
1420
2241
898
1132
2358
108
2602
1706
1624
762
376
1984
1992
748
1542
404
1528
24
1654
1180
614
1604
560
718
2308
1408
2159
2031
678
2146
2138
2124
2589
2261
1654
2956
1598
2741
1204
554
116
278
2240
1988
1572
1934
1600
136
1308
58
170
844
1072
84
2365
782
928
74
254
2319
196
2312
1566
2433
2237
1558
972
2293
194
18
466
274
1278
2302
520
28
1610
2459
286
2468
1302
1306
510
762
10
1096
328
2160
562
1882
146
4356
938
2072
2480
2408
2706
2604
664
2344
428
484
2455
90
180
2424
1562
1214
1530
1896
752
696
2373
2289
778
770
2150
1184
750
1896
2363
162
2046
256
22
60
2498
1332
1258
286
1726
2289
524
1016
1128
1642
112
2369
2452
862
2471
2060
386
1485
896
1969
1570
2212
202
112
422
1404
1394
2471
116
326
374
902
2461
120
98
224
2330
90
748
712
2041
1056
406
664
2307
2685
2018
1026
1912
646
2053
544
2420
1124
634
2566
294
174
2224
2543
1294
2622
2370
94
2228
2125
1328
2166
976
586
112
2065
960
2469
136
1272
1202
2212
2218
2265
1290
2010
490
228
2359
2
2246
1112
2056
1634
518
2422
742
152
2276
60
2600
32
2265
164
1420
18
820
190
2561
658
2231
1366
2087
1878
2184
300
228
1990
96
2084
54
2529
746
1912
290
924
2086
1102
584
2312
680
1954
1712
404
2320
408
1967
68
2264
2187
2534
240
258
354
378
674
2482
2267
872
2000
2010
200
694
1234
1244
784
1940
2232
1024
2332
1246
1150
1092
2373
740
752
2504
1674
934
2687
2266
2561
2575
2415
220
2426
2354
2342
1170
312
2440
2830
20
444
1440
2506
792
2237
2150
2095
1038
2292
2250
2640
686
1168
2084
1772
1620
1592
2291
104
2516
242
2449
630
2723
268
1869
2050
2158
2290
2309
1880
336
314
502
1360
250
582
652
2583
636
2416
2665
536
1676
2484
2174
2309
356
2020
2619
1266
656
560
2749
122
2281
2297
1396
1074
416
1574
2195
2349
2381
2348
2399
2348
1166
2784
912
1002
2724
1010
2906
1608
250
682
2451
1054
276
868
2060
2402
946
2461
1006
296
136
458
980
2383
2104
2377
2341
1056
444
698
104
212
2284
1666
584
2578
948
908
774
1938
702
488
1634
2108
1026
764
1918
838
2538
2317
1184
2124
638
2235
1640
62
702
146
912
380
188
590
1210
606
1586
766
712
94
1296
446
1886
834
892
562
2365
1312
2385
470
1773
230
1518
2097
530
2370
738
42
2152
2160
380
884
2559
870
2282
938
1668
2345
182
1814
686
926
184
2316
2532
166
1590
2164
400
2839
2220
2455
2415
1576
548
832
1070
276
1852
1440
206
554
2164
1868
1978
578
1344
774
846
896
2019
594
112
112
832
156
1334
2353
1342
116
1248
672
922
570
372
2370
876
640
2050
970
142
2330
16
2625
2408
1860
1304
2315
126
2151
726
2194
2370
2107
852
574
2062
1844
2008
478
1302
138
394
614
42
2459
940
2038
884
2684
1886
1640
234
934
154
500
2254
1914
2504
2569
228
1336
2444
1084
582
800
80
2425
1174
532
92
274
216
1400
2193
1514
2682
968
2023
1726
1098
2503
64
376
1142
1378
1574
838
1558
20
2360
1104
2420
2281
2437
1208
1708
2396
856
228
1994
1406
2215
456
4
2064
1942
1662
2320
1680
2455
1935
448
338
2356
1648
1924
2489
1208
304
538
2765
2032
2188
836
1875
1434
608
372
86
2060
1220
2442
704
894
2083
2267
594
1172
874
134
296
2428
1136
412
1302
2278
272
2352
2053
300
2218
1372
1602
566
2340
658
2060
120
136
306
1028
642
1318
228
234
1784
2144
646
506
2053
518
2426
370
1820
2234
552
2088
206
504
1214
672
2250
102
1846
672
1988
614
532
1808
346
2417
170
834
2392
478
1926
826
1048
502
2466
2468
2585
2148
2138
2484
10
238
24
2275
1892
34
2249
2429
2170
1136
2469
876
50
4
2510
436
782
1876
1308
2040
2689
2479
1044
682
2312
1458
1120
532
1412
1298
1204
976
916
2025
158
494
744
1014
750
2426
1030
1978
2300
890
896
720
1172
414
2142
1944
1760
644
2034
2087
166
218
732
826
2448
2173
2325
2135
384
2046
2079
2678
18
2308
798
2333
350
2480
606
82
1708
2178
1426
240
86
404
2466
622
316
1026
1692
574
856
2036
1294
1300
640
1964
2207
2321
1730
628
1774
1804
1450
140
2073
1358
204
2713
94
770
2062
2106
796
1988
976
962
1316
812
838
298
1166
768
1694
862
2357
370
2393
2362
1338
72
652
2567
632
1382
494
172
1304
380
2475
1708
2158
1988
566
434
622
626
2401
2427
2491
2314
2384
1396
2455
2389
2248
1696
2211
12
1764
238
2240
666
1280
964
2050
2509
2137
374
2226
1076
2304
930
1736
1066
554
422
2478
2321
60
1952
2238
1058
350
2310
2331
708
2508
1414
1952
2007
382
608
916
2269
2673
1356
2037
2398
1222
2674
2344
2318
1920
278
670
2260
308
2580
560
1224
522
632
2363
1304
2227
2478
2286
2043
1248
1202
1234
1782
418
1624
1992
784
372
2460
72
2311
1278
408
2529
2399
924
2468
2236
48
52
152
2196
1726
968
1326
1780
12
486
1350
2142
2337
2056
1928
536
202
1482
556
842
2003
2346
414
1382
1128
1438
552
1876
530
2386
240
768
718
246
2009
558
1600
1096
2204
1940
110
2617
928
2355
98
88
196
476
2344
940
2140
280
1912
2028
484
1416
2361
1830
1556
1318
2399
402
912
2035
416
2561
2510
2298
1892
2139
1948
2066
910
254
1464
2650
1602
140
2383
2174
764
2082
1552
586
1716
864
1784
94
2192
408
94
1190
2268
2212
2240
362
1176
1492
2128
660
2482
2418
102
2204
2144
2457
16
2489
2786
510
1278
1164
2352
984
2419
2446
362
102
60
2452
2003
2026
1843
1980
1990
430
602
1188
862
590
616
2086
118
320
1788
672
2365
1254
356
62
634
1587
430
380
2597
992
560
1030
1850
2074
2028
2157
1146
2062
22
72
2158
800
2287
2132
864
2383
2458
670
222
254
2807
1794
2156
218
1872
26
1490
758
368
1620
2178
2197
526
270
2348
2540
2235
490
490
590
1332
20
832
2260
152
1446
2496
284
868
2614
206
2415
1074
1956
576
2528
2415
776
290
1146
302
2356
662
138
2282
510
1234
446
2239
2372
2485
2127
2616
1222
2144
1656
2374
558
2619
2560
1956
2017
1490
1556
2024
2472
1566
134
318
376
1032
1056
1034
1016
2060
1706
484
2431
490
338
2298
662
1140
1218
1270
2669
2537
1390
1260
2445
86
216
2457
2459
708
2625
1444
2141
18
1262
320
2318
1610
984
1880
946
1959
2188
724
2120
1840
2580
2199
2364
1468
1062
146
2312
2538
436
2521
956
680
2494
2158
216
2491
2061
1368
1750
2089
2332
2201
2345
1804
118
2137
732
1934
42
94
484
2040
2428
1428
1244
1352
384
774
1374
512
2281
1340
1356
1492
662
2171
1933
1558
1394
2242
1088
332
2266
704
2290
240
2378
978
466
168
2257
530
412
248
364
1158
1540
2797
240
1418
2130
2087
1326
1020
350
108
318
28
812
1478
844
146
2543
2072
1144
1910
2056
224
2360
2118
2399
546
956
1028
1212
1778
2248
1724
146
936
898
2196
2520
678
92
114
848
2375
840
1064
1264
2879
1236
2186
112
2028
1180
406
2258
2190
1850
2490
2641
512
2587
642
2076
848
2187
2179
378
1296
116
2295
312
1498
1200
162
512
906
550
1198
2329
2240
2456
388
1728
1676
922
36
418
1324
1152
2328
1560
1122
1208
742
1830
776
2068
1112
1774
892
2512
2577
452
878
338
2334
2166
1270
500
94
1688
822
1224
2214
1334
1046
2132
1454
1758
2367
780
2276
932
88
2395
2189
2478
436
138
856
2568
158
850
546
1190
1170
2285
2522
2351
2385
1630
1344
2284
582
1696
4
2369
2459
1366
2376
1921
2046
248
2032
768
2508
14
2324
1868
456
2586
70
1066
180
124
688
78
932
490
1038
2546
2036
440
1236
2241
586
2002
1984
1480
78
40
2676
1962
2638
2658
722
148
56
1634
556
1865
288
2363
470
22
1962
1496
1890
240
720
68
856
2211
2558
1804
2478
120
1948
408
2248
1804
1986
804
452
2692
2142
1184
1240
2487
1300
2432
2313
282
2198
2053
1664
1756
2436
350
498
2014
1346
1938
2281
1929
328
426
546
1811
2339
2164
480
2610
2521
1546
2497
1858
2616
2165
2312
1072
2109
1302
2241
2321
882
116
318
2098
532
1306
2170
2233
2035
1598
2226
874
118
2649
1980
40
762
342
140
2404
922
1388
748
2226
664
1224
1122
1516
1466
594
1788
1606
854
2685
2300
2124
462
2253
540
780
866
1688
1000
138
2095
1964
2353
1590
1576
1362
2500
2674
1434
126
1759
212
1492
186
706
720
1376
2445
300
56
1948
1602
2320
186
196
664
526
1862
1964
2048
1456
2040
2359
282
1930
732
1398
2440
2137
2487
1468
592
548
2422
6
570
446
916
1943
1066
998
236
2364
246
2112
1918
8
520
2614
2135
1134
2382
2536
2268
1008
1156
42
1332
2234
2411
56
574
606
468
2157
2511
1812
832
640
1302
1984
1864
1608
906
2024
2226
2144
2386
1026
274
2378
100
2319
220
2534
2617
2090
434
2185
2129
70
1444
886
1348
2320
2274
440
2683
1180
1294
164
112
334
2170
2288
1144
286
2397
124
462
648
264
2445
652
2643
2542
1078
2180
472
1620
740
742
196
2158
2360
2533
2596
882
2027
1060
2164
656
1202
188
192
1986
1962
592
832
2097
2453
1940
2306
2232
1544
704
294
1026
2284
1192
710
2509
2495
2286
2514
528
1270
1282
2178
2136
192
2465
2628
2146
320
718
2477
2379
1866
1110
2044
656
2143
1554
2180
2306
392
674
882
1502
54
678
1578
2234
280
476
360
290
1132
2338
526
2884
2225
2070
402
2055
1420
2130
2604
2084
2055
1516
1781
2754
2022
298
66
706
580
2309
826
2218
1674
1428
2429
2108
84
294
1260
2394
604
34
2374
1012
2233
1890
1180
2340
2120
1482
2383
146
2292
858
2336
26
546
1818
302
764
1278
1622
2357
760
1150
2126
688
1552
2300
564
2061
4
2156
1604
2059
1118
2069
2036
2244
716
486
2221
2660
2340
2557
538
564
434
298
1656
1338
1342
918
620
2438
1452
1384
324
2542
1382
1686
2445
1721
2619
2571
948
630
1762
346
468
1418
1142
2307
230
912
292
2167
1462
772
34
330
2536
530
678
1432
2580
816
2060
808
1392
692
1798
2034
1074
364
2626
2387
2593
2533
2300
1270
1380
1224
2437
540
998
1142
1898
2450
66
572
434
576
1716
2190
1556
2080
1983
1146
794
1276
1022
592
2349
2141
1988
680
2899
288
2251
2393
202
1800
1790
560
2326
2014
2108
2470
946
1570
2036
2343
1268
152
1604
1698
1748
44
800
1082
2001
1712
1963
284
2205
350
274
2200
1672
2802
2207
2392
1366
2187
2470
146
1082
100
1240
2518
2456
1838
2379
2185
62
550
68
1750
662
1886
2488
1908
1958
882
112
658
676
382
1780
132
2720
626
2215
2186
2729
1284
886
2202
854
258
2474
2452
270
2741
234
666
1715
1304
2628
1932
416
2214
254
1796
1098
196
2359
140
1356
1948
852
2418
674
576
202
2744
1902
1974
2034
2345
2349
1863
672
978
2284
502
1748
2386
210
1552
1854
540
2072
2462
922
666
1174
1018
2253
1606
1252
2216
2274
1306
764
1708
2622
2186
1052
1386
638
1602
382
2508
1788
470
654
2278
56
382
38
186
2137
2626
2030
360
2473
182
114
1970
616
2132
964
2040
630
2244
1248
816
2298
2268
238
1836
2333
2350
716
2644
986
2384
1614
394
2692
1554
2431
88
942
152
422
556
2004
1036
1328
2565
1724
744
2036
60
1182
2302
2052
1214
2405
2625
2360
2116
2642
2063
746
1258
1416
306
284
2557
660
2624
92
392
676
174
2150
566
1276
2154
432
372
2435
336
604
2305
1436
2020
1664
1774
1054
2133
2100
2554
8
2407
1514
1302
2473
2302
1264
2444
2355
304
614
1713
78
2196
2671
202
2010
2444
2121
1326
658
950
2562
2662
244
2457
2338
1016
398
436
2306
2389
758
36
316
1258
1110
1960
1978
2
1965
2107
1410
2088
2348
1290
3298
2308
2584
802
508
2259
2231
690
530
114
1884
2463
2180
2657
1992
2240
750
1518
2475
2452
1914
584
1848
1442
2276
2500
1074
2090
2285
412
2426
2063
836
2519
322
58
832
2491
2079
62
562
664
2062
124
2338
2309
60
2130
2220
1126
132
1588
142
108
2482
2464
2132
2034
2569
452
332
922
2108
474
1046
2314
1849
128
74
568
126
2649
442
490
2138
504
2313
862
672
900
2616
20
2099
76
308
2067
2402
2483
188
2603
2116
62
322
1084
2480
2279
572
304
106
1254
204
246
238
304
118
1614
782
54
2383
2193
2527
2015
2153
378
528
1420
130
2172
2228
656
2217
408
362
734
1460
814
2394
62
976
2597
358
64
242
2342
2247
2342
170
206
2670
66
1942
2440
2152
2177
2160
638
2416
2005
2582
2286
632
202
206
782
990
386
2891
58
1754
2455
626
418
284
2194
2215
2360
264
1292
234
502
2576
1554
816
2231
348
1872
906
104
1340
44
1668
846
2164
1550
2623
1986
1170
2271
1066
2111
1352
2014
2646
1780
2510
2242
2272
108
1858
798
2380
82
334
124
2288
1182
1308
2428
2374
96
2631
1924
1686
468
1524
422
2132
1904
400
88
1886
2588
2613
1410
204
304
2506
2463
2374
1408
714
328
2650
210
2158
2415
1174
750
3162
2007
2355
516
516
1786
570
1616
2364
1168
2421
782
258
2031
2359
976
244
486
326
1786
1836
224
1770
2406
2362
2126
2558
82
1212
1182
518
1026
2244
1414
708
2191
2356
1732
2024
72
68
1922
2150
2350
1996
906
656
340
1144
2353
1080
1260
1186
704
2145
28
350
276
930
2709
2119
2559
370
524
650
578
310
1182
434
2272
2406
1760
314
1374
2188
1998
2637
158
2358
1512
878
1154
688
1848
2543
2009
2043
2292
2118
984
2230
1384
2615
664
2586
386
176
2000
2529
2176
278
630
1478
16
2118
2196
302
2082
2338
644
1244
260
2750
1616
900
2098
652
808
2584
1960
2316
2167
2074
2207
1818
368
102
1210
2499
2212
1930
1766
1138
830
2398
524
8
222
96
974
700
1112
2533
1618
2369
1262
2106
244
936
176
2234
44
2523
866
1784
438
1038
1572
1490
264
2180
2407
2261
900
872
1156
804
398
2466
230
1630
618
856
58
606
584
28
146
1651
1770
2456
212
2305
1008
340
684
2293
2700
1862
24
986
782
70
1158
348
770
1504
294
244
2481
2282
826
880
1546
138
2012
476
1980
2522
2272
1658
1874
1596
1416
1866
2136
296
1574
920
6
2337
1380
252
980
118
2139
1882
1228
890
1118
968
2270
1176
1144
1582
1770
2113
1868
254
446
1852
580
1344
1434
2422
942
2279
764
2164
1464
530
1798
360
300
1980
1134
2367
1024
1192
568
590
1990
1712
1534
704
1820
766
1220
1982
476
922
570
490
454
2405
968
842
262
2553
614
472
30
2156
166
1392
1268
414
740
518
1724
2611
2790
2343
2049
2144
2555
2990
1146
334
268
2415
2444
1092
328
2120
38
54
660
456
288
794
162
1100
1720
142
1010
1474
652
2010
164
2079
1078
1949
1520
1676
1993
2469
2475
1706
2100
188
2550
804
510
2062
2083
2387
2370
1942
2602
1336
1100
1044
1908
1798
1746
1804
2675
2329
2464
2648
1512
2521
2387
52
2266
2607
2835
480
2377
2356
1701
198
1580
1988
1558
1488
1538
2014
56
2448
2288
1194
1350
932
294
920
2286
2552
672
2364
2225
34
2230
2131
514
588
2214
304
346
792
966
104
2198
2647
1322
1120
2510
852
392
690
1550
1492
1280
1078
1881
622
616
1416
2802
1146
2086
18
434
1980
1958
2181
1102
2116
2126
1416
2304
2821
2563
2374
982
60
148
2073
866
2031
56
1216
218
268
2092
522
936
2096
2154
16
144
866
2466
1378
702
148
2492
590
154
2229
78
1120
2329
2182
1970
340
1304
1960
470
1866
128
1246
1300
346
330
1962
1814
2434
468
2580
370
380
2213
114
450
172
1654
232
990
2386
1036
862
2464
86
2038
2618
898
2391
2696
2568
222
2647
2748
2198
16
2419
106
404
792
2165
2410
410
514
2142
944
730
2102
2413
532
2335
1896
2147
40
2681
1978
332
2241
1828
1174
2596
2337
1494
388
2150
528
1058
2100
1472
1064
1274
2699
182
2526
2355
424
2264
1655
244
92
2302
40
1686
2602
2270
1662
2750
952
1342
338
2737
788
2746
2281
392
738
632
2135
1286
2278
1444
986
384
1614
2144
1254
1438
1558
978
696
138
2508
1110
1644
2497
886
2219
1934
684
2558
2718
1348
192
318
2100
2159
1022
630
50
1428
1788
2624
2380
1937
680
18
1674
2353
1840
2403
692
1278
2247
1210
1498
700
904
932
854
300
782
2460
540
2475
2363
1082
1800
1752
2427
246
1192
2410
728
204
2433
196
2291
1810
652
1210
564
308
80
1410
1776
248
586
858
726
1908
296
578
2533
1602
2212
106
454
1676
2647
120
266
2626
1624
208
2032
2112
508
1496
732
1554
1656
2212
1668
1434
904
36
2524
2678
1046
1796
542
2742
2600
948
1344
76
1762
1616
1958
1416
1274
1010
2443
2014
254
900
2109
768
434
948
1813
1966
572
1872
968
1212
96
2458
2200
1274
80
2082
1786
994
1912
2367
278
2149
406
326
604
1490
2241
510
2257
2697
202
2415
1430
2495
658
2223
1062
2429
2
52
854
12
1082
296
1406
768
1956
112
948
1744
1020
1170
2505
2558
1006
1210
2008
2233
2424
558
616
802
94
2557
1883
220
2309
328
968
634
840
738
404
1662
2607
2072
1150
2017
76
1174
608
654
1328
2294
1644
2058
2124
2207
668
766
478
2021
2494
2102
72
2161
86
1496
66
386
882
300
618
24
708
942
1404
2289
682
440
378
212
2471
2741
1404
1686
2731
2203
1730
2229
2004
168
1054
1544
2094
2363
2784
2350
2833
2161
2621
1174
1374
290
2291
2323
2427
2360
1965
816
1246
656
2709
2197
1038
98
288
1386
370
682
928
2575
250
2634
1770
2265
2441
2112
2237
2228
2596
2484
2227
1670
2476
2337
2669
1322
1278
1942
1638
828
2058
2116
358
1274
654
202
192
2445
2406
224
248
2911
518
170
246
980
342
2239
154
208
770
90
246
10
2353
80
2284
2824
64
1206
840
458
2314
870
2001
2194
876
624
390
2429
2503
2319
1384
1280
120
608
2754
2176
1384
2107
1598
2642
2586
1924
1004
156
788
778
2718
892
320
54
2177
1924
2386
2026
1388
594
336
596
780
288
942
2349
1568
500
1728
712
212
2275
678
2492
962
2026
1886
1886
418
254
1228
2827
2310
2348
2690
2555
2371
2173
2244
538
846
2243
1362
2412
2017
2670
1344
2295
670
316
1356
384
266
162
2536
860
418
2546
536
1326
1650
2098
2673
298
2469
1048
2
910
244
2887
1792
1236
1806
490
674
78
442
88
2529
1992
2330
298
1852
180
102
118
2220
558
1334
352
2529
2574
1860
1024
2674
816
2192
620
2154
2177
48
1494
2126
626
1666
304
1144
1268
622
2431
1853
256
1784
620
2004
180
1476
268
2160
2329
2457
238
1108
162
504
1490
1958
2224
1984
1913
2255
1774
608
442
308
2160
102
1244
1922
1710
956
1860
2144
992
2864
1584
1062
156
1692
2300
394
848
552
2686
340
2500
2130
1252
1888
2110
432
160
68
2217
892
1642
74
2094
830
532
2334
1736
2659
2134
2238
542
2600
422
12
1920
420
910
328
450
56
2291
1236
146
852
2834
1120
100
1406
692
2557
2413
2416
2433
318
342
274
2173
186
2242
1442
2382
1432
2156
54
898
538
2519
72
896
2716
1480
2031
1566
2120
686
2494
2533
2519
212
178
470
2095
86
2240
592
2187
1444
1806
1428
2332
1662
1378
1278
1190
2525
888
944
1322
858
334
2374
2426
2295
686
424
2444
340
196
1578
2253
366
1638
1770
274
1860
1354
2087
2244
1852
2237
1510
2416
2503
2131
1692
332
886
754
2384
1478
2262
276
2215
792
1394
2420
2434
84
374
2462
2070
1831
390
2259
1910
2360
1362
532
2038
680
1066
158
2469
2297
1614
606
2283
106
1911
2158
2263
418
2376
1394
520
596
2058
524
974
192
1274
2300
1400
790
2498
166
1102
420
582
264
568
352
1754
512
1924
2328
1242
2376
2166
698
2201
132
2623
24
134
2484
2546
2088
1340
374
870
338
522
132
2218
2422
292
2521
14
2225
1552
2216
2151
2361
1474
568
1594
2198
1986
1698
1368
2061
474
1951
2500
2090
2548
2161
452
32
106
1968
2186
1320
844
152
692
2660
614
1578
2694
2078
2451
2157
930
1912
1296
754
2247
1704
2179
384
2321
1787
704
2322
2758
2440
2730
112
1110
1082
2083
2461
2391
1096
2224
702
40
1426
1248
1678
2674
418
302
1366
220
468
2516
830
332
98
2003
182
892
1952
1732
1500
1190
752
2285
1686
1996
2643
432
2302
408
2532
164
512
2163
2951
1982
882
2443
2306
1418
164
462
2434
508
2372
2286
1902
174
2204
1148
1362
1254
1986
1016
1582
158
2232
2010
2162
936
2044
190
284
744
2429
2448
2052
2591
1000
1466
1751
2416
684
2186
1626
2020
2596
148
2270
316
1130
802
2085
2239
1608
2038
782
334
220
2576
1954
2170
2178
330
2395
1540
2096
2116
464
2150
960
250
2047
408
1518
28
358
1976
490
1650
1274
1252
2676
2656
1158
152
1592
2228
1372
2219
2248
168
1624
142
272
888
1821
2414
2607
1822
2452
422
814
248
744
1304
1056
1194
1196
516
900
564
2632
276
1332
426
2160
2205
1456
2493
22
2490
1418
1380
300
420
2116
2100
504
94
2620
2516
1980
2596
2296
570
506
1224
944
354
2550
560
2901
1942
1748
804
1382
1560
50
2753
2254
840
106
1959
1086
2308
2653
114
584
356
488
1428
1798
2400
728
44
72
698
2532
2296
2306
396
2262
2255
730
2649
80
166
2243
152
588
668
522
1982
522
2354
126
2365
2360
840
2243
2393
892
2607
2260
702
242
2337
2060
438
362
824
2612
2301
532
1758
1202
388
2493
2344
1826
2032
2037
2367
2424
632
1954
1254
1692
382
2355
1960
944
2584
2206
346
516
222
1134
914
2408
1432
1476
2132
2438
1863
2391
1856
2426
868
2544
2658
2234
1194
1922
918
1198
2487
2143
694
862
1736
2403
1648
2168
2438
2406
316
2531
864
2251
2209
774
156
1840
1560
996
1304
226
1488
162
20
2658
970
746
2260
2033
86
2065
190
2390
462
848
170
826
940
1272
2072
296
2730
320
1204
760
1880
340
792
262
2366
1454
2102
12
608
108
4
2193
2307
46
2439
2558
2641
1246
206
208
1938
2198
2140
122
2320
432
2445
2179
1310
2518
82
54
302
784
98
358
1468
530
1518
664
504
2312
2324
690
50
836
282
938
2668
1910
440
934
1542
1954
2255
548
990
2554
2209
2108
2323
1860
842
2242
2648
354
584
1054
22
154
1074
2447
2352
1122
794
2490
442
2375
2189
1988
1962
798
618
2351
2524
1871
788
1138
32
612
2367
2288
416
1096
2720
138
76
1014
930
1574
2289
2310
1000
2604
1476
2052
948
1492
1468
1935
358
1490
2121
1472
986
2052
24
718
1118
72
1046
1410
1980
1362
884
604
2571
242
1739
200
224
460
2765
2229
2068
82
94
138
2715
2485
2708
1780
592
80
456
806
506
750
2191
2559
2158
512
2196
2621
2319
264
1064
1836
2570
794
326
2744
954
2236
246
2353
2103
1382
286
1674
2221
664
650
2730
2278
1926
432
1882
486
20
78
2728
626
1985
302
1962
2144
2255
2560
2566
6
2534
208
1018
170
1038
2507
100
2807
1292
690
1508
2064
360
474
2786
518
2417
2334
1853
850
1982
1192
224
2161
574
360
2639
2632
542
482
2422
1150
840
714
174
30
2249
2054
1050
676
2110
2216
192
1959
462
2359
892
532
310
2176
2328
2269
2193
1194
600
106
1993
1472
158
1320
490
884
2341
1128
1870
1930
2593
232
2514
90
104
2517
2331
1324
2514
2164
1636
770
522
82
592
2473
966
290
1530
1162
2304
2751
82
2036
2389
374
1544
2506
1966
1556
2202
648
302
2470
2181
2201
558
2426
198
604
502
1890
248
786
686
190
98
1384
868
832
242
976
2073
716
2615
238
1404
22
1648
590
320
2448
412
636
2461
1981
928
2304
2012
804
2423
562
22
1420
1664
2338
2162
1780
792
2358
2032
2410
126
310
1262
372
1206
1026
2087
1654
674
24
2311
2481
968
184
3000
236
590
416
2300
230
2446
424
450
1887
1464
118
1977
2192
2351
1882
140
1964
244
2460
420
2086
2136
148
2196
2363
1892
1190
2343
2705
1092
342
228
2079
1992
1724
1034
672
192
772
108
2115
206
304
158
1074
1618
2067
2385
2070
1050
1833
626
1568
1228
2488
1506
2196
396
970
322
2012
2174
1476
366
2423
2192
2438
2620
1502
600
910
2523
1879
1352
2268
1935
1078
844
2760
1933
1058
402
92
1214
2149
242
36
2148
2175
1884
2345
654
1968
306
938
194
354
1944
2614
2381
2031
1158
1877
1162
422
600
2346
912
1178
440
2567
656
1810
1837
660
490
2504
570
686
1778
684
988
952
504
260
1398
758
1288
562
1762
2472
458
1700
2160
376
604
1024
2754
2246
1266
2224
1048
498
2514
2107
1148
2171
1920
1394
2530
2308
2424
338
2401
1416
1204
412
308
2252
2312
2394
2450
136
2412
544
116
412
534
2507
2562
2640
1314
2254
2228
2386
1224
1874
1170
556
1602
2451
2244
956
1940
752
2290
2235
2377
1858
1414
2012
446
520
2664
1632
836
2408
2391
236
324
438
2340
288
2108
1676
134
2228
2734
514
1324
100
1674
1396
2527
2542
2661
102
22
1558
334
2367
366
2382
2544
1286
956
486
2618
576
950
1078
188
1961
2623
2584
2185
2507
2192
1950
1106
1964
72
1817
192
488
450
1882
346
614
346
2276
2072
672
370
1962
368
2021
2422
920
1500
170
2136
1070
262
836
746
2
74
2656
734
1046
1404
2220
966
1768
906
766
102
1660
2224
1480
1382
2373
2601
1222
486
2124
2152
920
1184
2612
2156
282
244
1746
2300
756
2255
2643
884
2028
328
78
264
1320
20
80
208
2495
874
1438
2435
1892
1294
2596
600
2291
1076
2076
1939
1752
2296
696
2824
148
2216
144
126
202
598
2072
1440
2467
10
2074
220
2630
2496
496
2503
2544
1778
2412
2551
1000
444
1384
1426
304
2591
194
1252
898
548
772
2155
286
2249
62
118
2540
2575
2313
500
228
1686
2592
1324
34
2145
28
1997
646
462
130
2112
48
2460
850
100
2780
374
34
1694
632
1402
140
2691
606
2924
1568
874
780
1292
1834
62
2514
1076
2254
2178
1760
2094
2174
432
86
1587
2396
282
900
1962
1664
584
2328
1858
936
580
170
2070
2332
524
2007
2202
1856
1904
1306
1706
2155
340
1216
1422
2209
306
2458
2376
172
210
470
1046
2777
2011
474
972
1278
2414
2219
1188
2546
2455
2047
2528
2180
1034
754
2090
2121
282
146
190
176
554
1872
764
356
1946
1652
10
1808
1108
44
264
2555
2553
756
2601
382
2315
1528
390
2367
1794
400
64
1644
1864
2756
2619
128
2278
106
40
278
1374
2116
2318
1472
354
732
2505
754
94
502
2223
1930
1676
2320
814
200
742
1048
122
838
1952
1254
2462
524
48
2157
1770
24
2185
2369
2058
2488
2272
1872
310
328
2170
2402
2420
1666
494
290
2156
2554
490
848
80
90
2559
856
472
1490
196
236
1582
2432
542
598
1182
2000
1214
2591
1899
2369
1580
2439
1826
1983
2189
1144
1334
1962
2503
174
2339
1984
2060
2292
2359
8
2365
866
106
312
1772
830
1566
1710
656
2078
1030
1270
352
1596
1708
620
2054
1542
2276
1706
2660
2482
2446
2578
1902
2551
866
2280
1298
2190
54
136
66
2260
1090
2095
70
2039
426
1556
1660
12
2472
1808
2196
1726
1534
2190
2147
2136
1334
1586
102
2367
1124
302
2107
92
324
128
112
2461
474
1898
1604
726
1843
766
398
598
1396
8
2014
1170
250
2123
514
2357
168
1716
66
746
2158
1244
2341
2493
2445
338
1512
30
1936
876
1470
1943
2273
1980
2202
348
492
1262
752
2698
2600
846
1048
1100
392
2582
468
2355
734
322
52
278
2455
854
2546
1230
2026
1996
60
2338
2310
2463
2305
974
1622
102
1738
1244
2352
2377
2109
670
762
2382
2339
264
1100
520
2405
32
420
662
120
1646
2361
790
2506
2315
1626
72
592
1364
1816
1780
726
388
686
1358
2046
2649
2358
466
1630
2567
2329
2501
2473
1698
520
1725
388
66
566
68
144
682
2108
770
1176
1432
1194
2564
638
150
792
460
128
430
1718
2667
1038
148
1096
1224
1654
1180
644
1454
2449
1968
2440
2250
2509
468
2541
3274
1364
36
2287
1474
682
2481
1400
574
2310
2356
2415
18
910
440
274
1579
1076
166
928
2278
2362
36
962
558
90
496
2574
1883
156
894
392
338
410
2090
1834
2369
1410
2423
2237
2348
2529
2216
2508
1404
1862
748
1722
2172
1098
2503
2397
2234
1940
428
1032
2432
2287
2410
32
2350
1104
2464
2825
126
2159
618
784
2043
466
210
246
2480
1036
2291
2418
498
326
2176
2023
830
2497
2326
104
2411
2237
1648
1412
2070
2331
1833
2532
2305
2104
2126
112
432
440
142
1174
836
1562
2370
376
2214
1424
1162
158
922
1822
2450
2394
1646
2005
2253
564
1168
964
2156
1158
2223
766
2370
110
1046
1814
2749
110
476
696
2445
144
1951
490
940
2181
2195
2487
2418
1514
1564
154
352
2092
1814
2147
2295
792
696
388
890
1430
1862
234
1466
2303
2233
1508
2456
184
1728
1524
132
276
2471
2028
4
336
2154
1536
1624
1985
462
1210
924
1112
68
714
410
2305
38
480
660
962
1478
2610
1262
2002
214
392
1484
886
2072
2107
1662
1504
1694
476
804
1094
918
2036
1990
1994
162
1588
182
2619
322
2333
2434
1032
758
1478
88
256
2470
1881
148
2519
188
240
2221
1906
1548
836
2230
878
2423
736
1388
992
660
2204
340
492
1248
1376
2528
1354
2609
1278
508
1994
2592
2153
1074
1932
494
36
944
2580
1246
1498
176
2303
2448
2381
640
2513
122
2507
1884
2474
394
1740
2503
2644
226
2560
2396
1908
2300
1814
1956
2510
364
2132
1072
260
120
1918
2666
2038
36
380
2221
674
2180
968
74
1918
2451
2340
2366
1865
2119
554
2371
320
28
1896
62
2543
332
12
2094
1930
104
1034
912
1148
1326
2172
770
98
216
1768
1364
1188
2529
2379
2627
1875
1242
254
1776
2162
812
172
1518
968
2510
266
676
2724
2574
1782
1376
778
2408
1480
2292
1678
2244
960
2332
2458
724
1482
2214
3070
782
2391
1488
2610
2238
164
2022
1379
2319
1752
582
1748
954
100
2555
2623
366
1280
1579
2435
1082
384
1979
1438
2050
2293
182
2060
458
2034
686
2156
2059
2234
1816
2698
468
746
1256
1836
372
668
398
666
2360
2297
318
406
672
2305
248
2012
2549
2456
2310
1246
34
506
634
2274
458
2515
2406
190
68
616
1044
1314
20
1316
1362
2455
2300
2489
1594
2438
2033
2132
2049
1732
920
386
874
1973
228
416
978
1494
2202
2427
660
894
164
1712
2445
2438
1280
2627
928
74
1560
2356
2516
582
1786
988
2572
2297
2339
382
1396
2300
972
330
1984
50
300
998
1952
2238
1178
1402
2279
1964
710
240
514
2216
946
722
2426
1704
168
2222
18
2026
340
26
134
1734
2178
338
178
2296
2500
2510
890
2467
84
1874
1336
142
1716
2101
2006
1548
2114
2439
1718
182
1058
1664
672
1164
2576
488
1488
2454
734
740
2632
594
932
1708
724
2096
38
1324
670
1940
2436
658
1126
2265
1266
2289
2621
872
2266
2547
54
1120
422
808
2440
32
2326
122
276
816
2150
1971
376
256
778
2486
2326
2090
2068
1248
38
38
1764
20
1460
670
1656
2102
2051
2526
410
2377
2191
2421
234
1114
210
2862
234
236
2229
16
1172
1294
1108
1510
1959
1268
728
1560
126
828
1384
8
2144
2288
2731
2118
268
276
2276
660
1830
226
240
2532
2201
782
2998
234
2424
1660
1274
1028
2443
2394
1252
2378
2102
1550
2207
1948
2423
2243
2494
114
2208
1106
2435
2116
252
1216
552
462
770
580
2140
470
244
80
2878
1296
1692
1764
1210
250
2334
2227
698
162
1980
1140
928
2476
1848
940
588
96
436
478
2234
296
526
168
672
330
2025
304
2370
912
1200
2347
964
2266
2055
1312
2384
446
2152
2351
2027
2073
1386
1962
1206
2144
42
1500
2346
2124
2217
876
338
128
2309
2704
1062
2009
1556
2205
370
2527
1834
492
1210
1877
1602
2186
874
1016
2223
502
2609
780
2406
136
878
500
72
2254
1968
904
2444
40
1142
874
1809
856
2310
344
2231
2285
262
1848
1280
1698
1989
1436
2118
36
2540
736
2358
2603
1858
2076
884
2374
582
1492
952
2187
436
2122
2246
2355
330
2366
2328
536
2231
1286
152
2252
326
62
410
2373
98
1963
436
2376
164
2327
1410
672
2183
212
520
722
648
2406
306
564
2486
2482
2291
2261
2263
568
1344
672
2393
154
2159
208
464
2207
2178
752
2138
800
778
2756
1740
1086
2116
2328
2123
850
1890
2496
962
978
2488
388
2241
2341
1062
996
1941
2250
1820
884
2103
252
1888
1896
2038
2292
2258
1873
110
2115
1840
2442
1064
1876
2098
520
2443
2597
978
244
2112
136
144
1786
472
858
434
1844
1718
16
1024
902
844
332
84
580
154
1336
198
466
1532
1844
1220
2494
1716
1999
1666
2431
74
1834
854
1416
2318
2317
2594
102
1768
170
1244
2222
786
2356
892
778
252
2556
2081
412
202
1450
456
1852
304
386
342
2260
1560
2030
2240
218
500
1776
2717
196
1768
2327
1974
760
140
128
2443
2420
1218
1933
776
2363
2117
2253
702
238
2262
720
1034
1074
1504
340
120
998
282
204
1516
1016
454
790
530
2102
1256
2459
2351
2163
2545
1792
2002
2738
54
850
1724
394
1694
2478
1964
278
74
1964
2420
2070
2451
2158
1822
618
1706
2152
2141
2418
1876
580
2192
2269
612
1224
1790
1012
2997
1180
388
1800
1518
2373
2419
2319
214
124
1076
904
538
2356
2298
1864
1328
162
1370
2312
2103
2451
2541
248
346
2547
872
1456
2164
1896
1987
2071
1154
1949
2395
698
1004
448
1274
1490
168
1308
1554
970
638
1984
2230
232
1334
566
1092
692
66
396
1400
1402
1010
136
588
2216
58
1953
1932
174
402
2355
2389
2377
2412
2158
442
1784
102
2263
1832
392
3094
1572
1414
2128
730
1158
18
620
168
568
2072
454
1888
168
2008
1960
1172
822
530
2194
994
2006
866
2512
1876
2713
1364
2124
676
1960
2289
1170
696
906
2312
838
222
2085
650
2006
2371
2684
1120
726
1658
1048
14
1992
1366
1012
2356
1414
814
2340
1844
18
512
1656
986
2365
1120
1744
1196
2726
760
2533
346
386
1514
128
274
1486
70
2581
1168
76
364
1316
1696
2244
560
906
532
1146
1140
2176
2373
2321
2296
2756
428
2260
1538
1296
1322
1566
1512
1114
2213
226
2196
1050
560
2527
2399
1726
1248
1552
304
2103
236
2177
2538
1926
916
2320
218
210
2654
2611
976
134
740
2492
646
2465
148
1242
2530
2617
1930
1738
512
2143
148
2359
1748
192
2304
2075
2254
2326
