2333
782
2040
1590
2387
2148
1462
724
2467
466
2502
944
238
954
770
998
96
2451
1512
286
1508
1042
318
1474
1735
1184
934
1718
1221
738
1100
1268
1974
2203
1468
936
1653
342
2796
306
226
1809
860
520
1785
2212
1541
32
1762
688
2436
1202
1022
1618
340
2256
776
1148
880
416
2167
878
164
2090
358
672
880
2472
934
1086
2259
2345
1334
556
2358
568
1454
182
2288
2469
334
282
436
1454
1140
1934
202
320
176
344
2234
1932
1940
858
2411
2142
1372
526
408
232
2184
1622
1918
1448
1932
1752
446
114
994
918
1930
2394
1660
668
1128
2580
2606
2234
2367
778
1308
940
2685
164
2339
2006
742
2285
2068
2230
1534
1150
552
2167
364
2548
26
78
142
90
2190
138
192
20
1972
260
274
1580
1890
528
158
1072
2173
2084
66
1978
936
30
1922
2071
1957
548
2610
1630
72
552
256
56
1380
2241
2368
1997
692
928
2216
168
1308
460
2161
2463
2726
2151
834
1590
1472
1380
2127
374
2054
824
1911
538
2743
1244
2403
2009
594
696
2633
2356
2071
1736
1150
2370
894
494
2682
268
132
906
538
328
700
1430
834
1240
2267
456
120
2656
2577
148
2598
2594
2374
682
1826
148
2776
608
2280
1722
1696
66
2114
606
770
994
820
666
2696
1232
674
2304
1146
768
1706
34
550
134
2040
452
1490
2837
274
1990
234
264
72
2102
2319
2551
2571
2481
2374
2562
32
2131
1226
2031
1530
22
470
206
96
1310
2192
2264
2454
2450
268
954
2285
2727
1396
2340
512
1954
550
2349
1034
2556
1372
780
2102
590
1332
2343
390
2241
412
122
874
396
900
1286
1902
2635
2477
2014
2167
630
2393
710
2732
1631
654
24
284
2054
64
452
2364
2009
1798
492
1418
2010
2720
2246
736
2346
246
1740
2088
558
2270
2338
2308
534
916
68
2253
2549
46
2224
482
2265
1212
1322
2511
434
102
498
732
2321
586
856
1908
820
796
670
1292
2310
100
982
2641
888
458
2274
206
2529
1954
734
1244
40
2466
662
96
510
2316
2360
1967
1332
2576
2098
816
10
956
2066
218
1422
254
1188
2723
712
546
1826
248
2311
682
948
606
2097
592
1978
1976
2565
198
2069
1982
2182
640
1516
260
1756
526
1014
1398
132
244
2677
2224
2334
6
2375
38
1494
190
896
2283
140
104
96
1548
1214
1350
708
2278
1977
2761
2419
1902
1148
2296
1938
1564
1140
168
166
1326
2195
1722
2069
1346
2490
2033
1078
328
2418
2196
394
1498
940
388
1598
398
440
2283
1970
196
1306
186
450
548
1698
2502
504
2454
1730
456
754
894
1611
618
506
1510
2042
2364
2189
2565
1392
398
2401
2206
1134
346
504
2336
2334
2238
2376
2421
2408
2118
2147
2092
56
488
2517
384
606
2024
1220
2290
1947
204
216
1404
404
60
214
274
98
2251
2266
1446
464
6
566
1368
846
1390
2218
2953
2725
1952
52
1418
770
882
2138
1232
272
2531
880
2522
790
2395
1824
4012
972
2119
2471
512
102
146
1514
730
1882
2346
2497
18
2424
2184
1556
330
2305
2408
694
1950
2546
2079
2222
1100
232
2705
1970
96
1630
2532
1264
322
1576
1846
140
2553
1556
2840
670
500
2747
2458
1961
2721
770
2029
2666
2152
106
2512
454
408
2353
1826
2315
938
2060
894
2584
942
1562
2413
428
2149
1288
2345
200
1958
1364
1730
358
2434
1958
1968
2617
2453
338
674
2082
2620
1738
2138
50
136
1838
778
2210
234
950
710
1946
314
1566
2438
2509
50
516
308
1388
2505
736
1925
756
924
2001
2292
2281
2088
450
22
1692
2452
1342
1652
1888
1842
2245
1398
2325
2351
1206
1264
1983
104
1608
2496
2350
340
2181
2577
696
2145
2029
1910
1258
694
386
284
1644
1686
1048
2243
2170
634
476
550
2374
534
1646
2295
1126
222
2267
2282
28
488
1558
1840
490
294
388
114
2483
770
290
2427
1555
988
764
2036
182
2086
262
1434
1572
1998
310
2596
2682
44
2392
82
370
898
2352
1188
1550
2096
742
640
1885
2075
904
1122
2169
1340
1174
2268
270
2057
30
110
1110
708
840
2296
1478
1608
2008
634
1550
220
274
2592
1692
2372
2380
1306
1206
1350
1997
1956
338
2474
2366
940
2252
512
1366
140
888
1262
1520
208
1890
1270
36
2329
1304
2377
568
794
1524
1887
1762
388
46
502
582
1276
56
134
1406
2213
2247
2664
674
126
2682
438
740
2269
1154
352
936
418
2466
890
354
2577
716
2699
2675
1858
340
1178
226
980
2236
1300
1914
238
1012
1002
428
2112
652
426
1850
1800
2511
590
2300
1883
682
380
816
2262
2425
1310
1134
892
306
52
54
1392
366
1882
2219
620
2270
336
1198
2209
1086
408
2243
634
294
2193
2239
2608
12
2085
2200
526
792
1758
1440
1794
638
2230
2147
638
2300
464
1532
2389
2437
1580
1496
2192
1688
2227
2314
2216
2391
1636
1502
1500
1876
1670
2079
770
514
886
210
2213
2406
1498
2484
824
54
1044
1006
1690
2446
1480
2124
1688
194
2278
1996
2086
2501
2329
2278
2438
2054
384
2491
2010
2428
1306
186
20
1410
1486
2506
1486
1412
1978
12
6
1140
112
1928
36
1488
2149
642
2101
2231
1818
2441
2563
382
114
1358
270
574
1414
1538
2558
676
1044
6
2580
1854
452
2295
414
952
2138
472
2121
836
176
1206
40
202
2452
318
226
150
1752
1892
200
1010
1388
362
2336
2217
1440
950
1400
724
254
348
240
978
2058
436
1116
2291
2571
102
1586
560
1602
58
1134
2500
896
1753
1416
1540
1390
1182
558
2479
178
1194
2322
362
1896
56
504
2080
1700
1632
284
2487
226
872
252
1700
2437
2360
2114
330
1764
1058
516
2517
2568
2178
2357
1236
2015
2115
2735
866
460
2274
2459
2178
468
2318
2265
160
1228
694
1764
532
806
2494
692
1997
4
780
2508
852
10
1683
1262
20
2271
994
2079
966
540
3014
1680
1872
146
262
1766
2399
1998
2099
2377
474
2349
1082
2474
294
742
1470
1140
2094
1272
376
2497
104
2130
24
840
2262
2349
1382
1993
2275
2528
498
722
1094
396
606
2329
1614
2164
1990
1720
304
726
1258
264
2158
2594
392
290
1480
314
818
668
676
456
1044
1822
2427
830
1480
2175
1836
2533
808
2073
956
424
86
2543
1112
48
220
346
424
256
1320
2116
1564
1126
50
1328
1052
2760
2209
2278
2450
2278
1240
2588
1044
132
452
504
172
1120
496
718
294
78
2138
1300
2057
2189
1232
990
242
350
1104
2097
1853
2302
1170
2369
2033
1356
1142
922
1992
668
2004
1382
586
1168
1190
770
1760
2425
758
2124
1958
2480
206
2674
184
2423
2557
2064
1909
660
86
1574
2547
2486
2184
98
154
416
32
996
2018
828
1136
390
242
470
2501
552
1856
1710
1400
1526
418
1212
2136
1886
166
152
396
2198
2260
506
2454
554
730
524
2034
700
2497
1276
622
2357
456
856
2462
1580
2405
82
22
2215
2117
2369
974
872
64
2265
996
2292
654
2026
1846
2104
1358
140
32
1306
858
1764
298
18
1536
8
2047
482
222
1400
938
918
1162
984
2581
2327
2480
226
404
728
644
48
220
360
2428
2052
2036
2610
768
1404
528
2829
330
2252
2072
2314
330
1460
710
2473
2158
1614
444
222
660
1400
1556
598
110
1436
920
8
2757
2108
1240
610
284
84
562
1964
514
86
762
1540
1380
2817
1044
2151
314
404
1588
1338
2211
1684
746
2216
550
1294
368
716
1054
2560
1472
682
972
1726
1110
620
494
2360
2361
664
1084
664
2098
444
2542
2558
2468
2594
728
606
352
1086
2126
788
1574
1082
1951
2527
926
1438
262
1220
564
652
170
244
222
150
1152
2226
1130
2485
1548
742
730
206
448
1414
1132
218
1918
884
1506
352
1532
810
2627
2212
356
734
946
2245
74
258
1560
646
2553
2374
532
742
1983
1134
524
1128
2056
1168
154
1132
2167
2457
2686
1406
58
1618
330
76
2198
2213
1470
2343
2009
2133
602
1066
2907
930
2192
1834
1116
1442
624
558
1564
410
566
24
2169
2180
264
2049
1698
664
658
1936
1932
1878
780
892
2424
24
2195
1538
184
1496
668
974
134
2307
2437
570
266
2327
1276
2580
2122
1334
2625
1362
2049
1256
918
178
356
148
2219
2070
856
184
458
2288
2716
172
1674
2
2136
1422
2363
1871
284
1380
26
2329
2259
434
2445
1086
2056
1594
2699
138
582
2510
680
412
430
336
526
1602
1006
336
2135
922
62
1668
526
2477
1102
1112
2138
1450
392
1376
2308
2252
14
696
866
700
342
44
2288
2985
1666
1416
318
12
2187
1610
40
38
340
2219
2489
2043
2160
2065
1981
232
1144
2503
1250
204
2245
140
1096
2465
490
24
488
2256
2200
2004
198
2513
388
1250
2738
180
868
1070
554
1914
1504
828
2002
2591
2131
1356
100
2398
2371
898
1854
2161
440
516
2083
1768
282
2313
480
110
870
934
422
2541
398
1718
1605
2317
2101
1823
674
1472
2194
1590
1825
2258
2348
1714
2012
2169
36
480
1502
350
482
2316
1198
214
2188
1194
20
2273
1458
2593
1452
2344
2635
158
2644
462
2061
238
1118
1834
2520
304
264
2258
2139
2482
200
2868
1730
2054
1340
2364
1252
1951
676
982
808
1640
1618
1590
1636
1138
2053
610
426
458
1318
2433
1174
2165
252
2574
2080
2288
422
2184
3198
2212
338
124
1200
2392
906
4551
1158
40
754
2162
766
1902
108
1562
2189
1290
2512
466
148
2375
460
1740
810
1734
370
1340
148
1140
2270
190
2359
2018
590
2361
1050
2449
6
1346
1700
2011
2293
1590
2479
2548
2684
2038
210
714
430
98
2362
2200
1738
410
1130
2420
98
1152
2422
1116
2260
2350
2362
2686
696
2722
944
2161
2278
1726
140
1758
894
370
2358
138
1738
2201
2440
330
2341
2301
2532
1654
1520
1472
208
132
1660
1376
2354
1326
2227
2241
1706
130
2177
230
1966
1362
2234
2010
1422
2104
2611
846
256
1849
568
2470
1432
1654
74
610
2512
1552
124
2271
700
2667
2112
138
210
50
1938
1052
2170
400
148
186
618
2135
2285
252
1458
1556
2382
94
1870
2058
2136
288
2206
346
2204
166
1198
1294
2430
1812
424
310
646
1036
1132
1152
574
2338
2033
2683
1030
2228
1542
1476
1794
46
2270
314
1779
1200
1008
510
2176
476
2116
338
2485
1752
1012
708
202
996
362
552
988
784
2647
678
246
318
990
1524
1904
706
2273
2353
1438
82
1814
2296
470
490
2037
932
1312
392
2228
2548
1306
456
784
1036
648
530
68
1670
1438
310
2172
2978
2078
400
72
528
538
2053
2042
364
1686
754
390
1762
1568
2328
2256
2426
2039
4
2078
1617
2032
340
1312
1324
1968
70
2488
1972
1398
362
642
64
2904
288
2594
2471
2165
1528
2028
120
2158
758
2003
1382
2639
2177
1722
24
298
1986
1062
1188
2555
1296
52
1106
1934
1452
682
80
970
252
62
2201
2175
838
2069
2283
1490
1492
2821
1146
1056
1996
2317
2354
524
1556
1694
1470
30
208
2474
2208
986
842
2228
310
1422
2100
58
1782
2622
674
1076
1894
2078
536
2187
1146
1054
288
256
282
1106
1865
786
2259
2310
2200
2680
176
706
2310
908
528
590
936
2546
1814
2268
658
110
2102
1712
1944
334
298
1792
466
892
2512
2381
2086
644
1932
200
1216
568
2378
68
232
1446
2504
1934
694
1018
1230
622
2162
112
144
2541
1362
2254
2447
282
876
1414
710
1582
732
790
598
182
2064
510
516
2252
1230
1956
2522
100
2576
2382
662
472
1540
1102
2085
900
1448
2439
66
1154
2087
216
1498
60
2410
2618
168
2484
218
742
46
656
1832
174
928
1514
282
2351
778
2302
1644
1448
1460
236
230
270
1244
110
1532
124
2336
2370
2559
1680
1308
2142
2614
2726
2383
64
2168
822
294
1738
1724
1586
2217
1170
2102
2171
346
1146
2050
942
2411
2396
2218
990
648
1818
18
2626
2645
2225
1608
854
298
494
1050
2472
908
1228
2300
2535
1430
2463
324
1542
862
568
2544
400
26
2252
126
404
1340
2104
222
2610
932
2722
1046
18
2482
2060
380
596
1634
2136
316
32
1242
320
2264
2335
1656
538
164
2472
378
1854
1716
1920
1970
1966
1602
2038
2531
2584
102
2148
116
1036
2136
2232
34
780
274
686
294
238
2139
1244
2041
2020
638
264
2205
1112
2239
370
462
226
136
2260
1684
2275
1434
80
2317
1362
142
2244
486
742
736
38
1350
338
2133
110
2450
190
616
2306
964
2167
2342
104
784
1292
2633
274
2140
40
26
2743
94
588
260
750
1210
1728
1822
2433
248
514
128
2246
770
636
62
1658
1524
234
822
266
1148
174
2199
1160
1374
574
2425
318
2321
1310
2512
2575
2637
2210
2293
1238
266
1134
586
934
2336
276
1108
2070
940
720
2394
1456
1446
2292
392
2262
2191
1612
1962
2231
2108
1938
2286
1000
1116
596
380
2219
2016
1246
248
1530
1018
494
2016
2138
1172
506
2086
1704
2372
2668
850
2259
2300
2404
1042
118
188
2390
458
972
2456
172
1370
1188
1580
1230
200
114
2147
1164
1342
998
368
2068
2323
2145
212
688
18
2601
1902
18
2134
2382
2350
2402
174
2071
1390
1978
1082
890
82
676
1448
1700
2545
404
1888
258
3199
1138
1802
2152
854
2024
2146
974
1136
36
1358
584
834
1756
1206
734
2433
684
2390
1903
1486
186
2261
150
1702
1224
380
2348
990
1110
658
58
744
924
210
1816
538
990
242
1224
2490
1790
1802
1636
2302
1464
2314
1600
1928
1760
458
162
1056
186
100
452
2481
342
2219
318
1764
2037
1582
1740
2134
1826
2384
116
2133
922
514
56
584
2571
2621
628
86
454
2748
472
1782
1470
2279
468
2166
18
2290
1228
2390
1996
656
62
2491
142
2058
2541
2222
84
2128
2226
142
368
1406
320
748
1258
1796
1308
2281
2760
672
2651
2099
1214
2262
2412
562
720
2070
2277
100
1514
54
1862
30
1454
1804
2714
342
2235
2314
2429
1544
316
224
1082
2221
2108
1488
416
986
952
644
2182
2483
738
2222
2594
904
1088
1932
310
580
1470
948
1568
2173
716
276
2203
900
1010
466
2084
2026
2179
1172
2138
1654
390
960
2140
998
2271
86
654
1368
196
396
2728
1000
1050
1873
2024
1418
702
1894
2399
6
622
450
2271
1160
1988
514
1170
544
2617
672
2142
988
2357
204
1068
464
2460
262
2313
1246
2528
1366
2042
1500
1198
2194
1644
2630
2383
2189
178
2774
1882
202
1918
2076
516
1284
1298
658
994
106
938
2220
508
2578
1446
88
790
366
134
2553
2197
2482
1816
362
512
1020
746
126
2610
2
1012
764
1736
2536
2697
2361
880
2399
2495
298
326
1050
852
706
838
614
700
1612
1012
2367
980
750
1222
2601
2611
1785
2236
2386
50
2555
948
2740
1950
2344
252
1348
1742
2535
1304
1802
1266
2689
922
1090
1482
2595
374
1044
1214
784
2639
1440
2078
104
760
2058
1440
294
2022
2395
518
566
1134
1970
1392
2662
1434
338
170
1532
2230
1308
2557
2096
1156
28
606
2064
1770
2009
56
266
2100
878
756
334
194
904
2310
1843
906
1480
2689
244
1050
1910
1310
2287
324
2543
2416
1942
2082
2446
2432
578
488
376
2625
1214
162
2062
2170
298
2526
1566
2898
730
2278
2564
728
1542
2540
792
608
2434
1380
2255
1776
908
1850
1358
502
984
298
480
1198
2238
1974
1298
770
2000
2556
2502
380
176
2072
132
2262
2034
46
554
2587
2430
1524
1400
2018
2378
458
2096
314
2211
1556
2258
516
2115
876
2519
1162
2228
858
336
2257
1652
1364
1818
2705
434
2032
2219
110
1684
1128
498
700
160
1938
2461
2006
176
2308
470
1226
1997
2376
2232
176
1834
560
1795
2144
1200
2089
1508
1882
2115
2563
1192
1812
1652
86
2317
780
2246
2288
1394
588
798
682
2
506
422
2263
22
564
2280
106
2124
2242
2180
542
1682
532
844
1590
338
2311
2425
1310
112
1268
262
1396
22
1150
2051
2184
1432
2060
2536
2427
2476
966
1818
628
808
2496
1032
1414
1770
1890
2530
814
554
642
2472
476
350
1074
1406
2089
1850
350
2548
2042
2059
950
2474
2662
1676
2476
2361
482
1678
1754
384
2401
1206
356
654
554
1508
2675
1128
2236
340
2152
246
350
2706
724
1210
668
1234
924
2602
1338
136
1032
1988
1590
754
120
80
1158
1070
454
916
2104
2295
2122
56
216
2193
2434
2015
692
1468
2212
2326
2583
24
850
732
22
2428
508
792
1780
116
1090
1362
1008
2450
830
772
2681
460
2113
1757
628
2042
1572
1866
916
1652
468
644
2499
2659
2064
438
2318
68
2560
2426
2351
590
906
1891
254
1907
756
2317
2246
248
182
710
1336
2132
2146
1898
616
24
194
392
1372
1468
2708
946
2077
2153
2656
690
950
108
1178
1712
1966
2732
2320
1874
246
884
2254
2178
2025
2363
784
298
182
42
510
856
2479
2192
1610
2352
2548
408
796
434
2505
2137
1076
1903
2203
1992
840
122
2058
634
1993
2105
2512
402
290
776
490
656
2300
48
556
2158
2230
1048
956
2611
976
858
2346
1376
2468
214
282
66
284
388
362
2280
504
934
1970
2260
2350
200
1082
40
78
1470
2413
2334
2666
262
2219
398
916
1696
2188
1580
480
38
1100
1938
1384
1744
2129
2211
1961
82
348
1402
2336
2502
662
1996
2072
2225
2052
2604
2304
930
2148
2474
2030
1805
1206
2448
2770
2066
574
2702
2431
2421
2486
1746
912
446
798
2342
472
716
760
24
14
1206
2549
608
1042
1714
1468
1783
2578
10
102
1922
2755
2073
2016
1912
1432
20
298
1800
672
752
48
2721
482
332
696
64
1712
256
992
176
438
1330
2121
2419
2453
1660
2089
1316
964
2345
1774
1908
2260
2752
810
706
292
494
74
2507
2372
1560
476
1805
2590
88
2372
1648
2478
2134
2551
2048
36
374
1050
2472
114
2342
120
1170
1482
16
854
2599
1855
1626
1532
1122
2656
1094
1200
2253
2434
30
972
1994
378
1758
130
2272
2716
202
52
2030
2422
2418
1996
2308
1362
698
2535
1302
2299
2000
1750
2704
1224
2371
2100
2253
290
2002
1979
1538
2363
2489
1846
2488
226
2411
1950
2186
324
686
678
534
2644
2102
542
2377
534
2218
2136
2146
1326
2344
120
634
360
1780
2339
2173
950
2341
1334
1140
1192
2438
510
840
2226
1082
1364
952
2348
2157
1778
2310
1336
1322
304
1658
1284
1652
44
2339
1126
1806
684
2316
594
2742
2364
688
2033
2208
2388
1146
244
1202
898
2334
482
2374
2209
2301
2032
402
2103
778
1994
2348
1000
924
236
2262
2511
1262
2485
1196
1014
130
1968
406
2587
2178
1586
986
286
2171
2378
2216
2607
768
1438
42
2216
2574
1598
126
174
2234
1695
1304
2416
2436
1090
2068
42
2275
2638
2549
1995
98
2341
894
372
2171
2353
328
1428
2159
1392
58
1530
616
578
2127
148
2157
2490
578
292
1316
1146
466
1088
2128
1310
384
1536
2332
1518
2428
124
1322
2286
380
752
2285
50
2632
2218
78
38
230
532
322
422
1624
672
478
992
108
1853
296
2329
2132
1278
118
1614
2408
2332
68
2401
1952
588
1872
810
2086
142
2898
322
186
2391
968
1950
234
2315
378
1862
1286
2438
2105
6
1182
1284
2164
2231
1986
1628
974
2281
1170
1376
1308
408
2342
1326
1684
540
2309
2457
2227
1030
1466
2458
2615
1240
1214
600
1786
1648
1554
672
746
888
2265
286
1716
2378
1500
936
1200
402
876
1564
1496
1318
1158
1378
130
2283
2380
2059
2343
2262
150
572
1644
290
1888
866
52
2174
34
2387
2578
1772
580
834
726
796
2589
1976
2381
2565
920
34
2608
1344
760
504
1726
668
2722
2096
114
504
266
786
278
1322
1924
524
1966
2477
1040
862
2128
2492
2014
1634
1416
796
252
2318
968
270
224
706
1362
2512
1326
86
164
436
2355
446
564
1384
352
774
2574
34
852
1892
1128
496
342
434
2530
1752
2032
28
2171
1566
1985
550
2085
204
2107
1034
626
1318
1474
2195
1959
2216
2515
1114
356
78
2218
2196
2326
2351
1544
2182
2098
1264
2284
138
2075
2204
2136
738
1834
750
2074
2269
290
2268
2442
2275
784
1666
972
2355
22
2406
2479
174
1058
850
2352
2455
58
434
1384
2272
150
568
1516
2315
396
1628
1384
2266
2184
440
2605
396
2444
534
1965
682
254
2304
174
246
252
466
1472
92
98
2268
2232
2555
294
2493
2583
1424
294
560
2032
798
2140
2000
930
106
2156
1154
924
2616
386
742
1738
2213
1310
254
2114
2499
678
2431
314
1260
1916
754
1993
140
2308
2383
2602
2597
782
1314
180
2252
384
2500
2211
2494
1613
154
2558
1566
674
914
558
890
2271
612
1660
1898
1412
1420
2134
182
90
2613
2035
1834
262
1102
1642
2556
450
2492
1024
1744
2697
1848
178
2208
458
638
912
1200
1232
582
1818
1376
2146
366
1634
146
2264
526
2000
964
2604
712
1460
982
1656
1206
726
2054
1592
2630
1156
688
2317
1682
316
1084
322
226
2222
2307
1937
2522
996
2615
2376
2494
6
1214
538
2394
2285
936
1122
164
2634
362
2441
2568
1142
2056
754
356
2783
2296
94
1640
1356
1787
1842
1170
1372
760
1674
1378
2494
2161
2133
1184
1118
4
1992
96
336
876
2198
736
398
2292
1942
2006
1608
864
2194
934
164
2704
580
1370
1360
130
452
256
774
2061
2041
2061
1610
620
1945
2322
496
322
2293
2206
264
2178
180
884
1078
1296
754
1876
184
456
72
2522
2248
2258
1274
2654
990
558
2283
342
536
436
2355
1056
74
2166
1966
2516
1512
2066
2542
12
2212
1756
856
1966
976
2141
2554
1730
308
2464
148
668
1534
2333
2403
762
462
1370
514
1510
336
890
2367
58
632
2294
1764
1504
154
2632
12
816
2002
2357
2449
2024
582
1294
130
2529
594
1560
1274
956
2176
18
1314
2328
1656
1106
1426
788
1030
2596
2354
350
1128
160
1416
2435
420
2084
952
1436
868
924
2313
1240
2537
2777
74
166
1558
2317
426
1046
2452
694
54
2004
826
2369
2387
794
1880
2346
2157
408
876
50
710
434
604
506
606
1176
2700
1520
268
638
686
2693
2376
98
236
2732
1520
2458
1400
2344
860
2345
1664
754
2497
2251
2264
66
1994
1526
2580
2218
2267
2363
560
538
1596
1792
2118
2373
2274
1212
536
2273
1635
786
160
2725
1670
1924
2570
1322
2376
1648
228
2269
2175
1688
914
1882
308
80
1974
1032
44
1394
510
550
640
1056
2024
2297
1700
332
2387
2578
1887
402
32
2332
698
1796
1534
1942
260
74
306
2252
2600
1478
2347
1772
1788
2486
1314
1212
470
2259
1392
1016
2112
558
16
2357
526
2174
1266
646
1124
584
436
544
1862
2140
2074
416
930
150
1788
766
204
770
1546
2180
836
1252
1228
1963
290
1606
2281
2394
2348
1622
540
3236
890
454
1258
1366
962
1368
1576
2008
2262
934
1506
2683
2278
566
1936
1302
672
2133
358
2552
836
2105
618
2186
444
998
354
2204
732
220
1356
416
2301
478
36
1294
1930
398
350
1218
2466
2467
694
1700
1040
348
416
612
2255
306
2211
1708
2314
40
2212
2507
2304
2304
1828
2459
874
1626
92
108
2424
2739
150
820
2086
1460
2483
1468
2298
2124
928
290
2528
2468
2108
210
2430
2653
1502
1592
858
306
150
2014
780
896
2109
2725
2240
1466
1808
1428
1268
296
2237
1916
420
170
56
714
462
1292
182
20
516
136
2384
2618
2072
2586
744
788
980
572
2477
2255
2036
2363
356
522
1564
2215
2196
396
886
108
902
2186
2121
130
2384
1644
2571
2784
1198
664
1782
2542
510
1962
2426
186
440
1190
2282
150
2417
2320
1026
106
2610
2387
2144
2550
2094
628
72
48
2468
2174
2696
1208
1350
1744
1366
2651
2331
510
448
2186
1612
10
388
2354
2641
1662
1902
948
88
1996
896
1284
1372
2472
1702
2682
884
1728
114
388
2178
1040
2509
16
1892
272
1842
1907
90
242
1914
1996
2206
60
242
1118
806
448
732
1538
1720
1326
1722
1456
846
2531
1638
532
1720
2315
706
1242
172
140
2419
2192
182
2114
1190
2343
98
1700
1598
1428
1146
1254
1266
2255
2198
744
2537
904
2597
612
1264
80
1058
714
1870
2314
1260
2420
1206
2283
622
2277
532
2095
2508
2393
2183
1002
2598
698
542
24
1482
737
98
1134
1658
1010
96
2531
2389
2181
2402
1775
232
566
2334
96
1022
936
2106
144
266
1520
1248
54
2322
2972
2064
970
2480
1466
590
2592
1410
2300
12
1196
788
836
416
1532
1328
1898
2116
2458
668
2299
364
2430
1116
32
58
1326
94
2074
496
1288
1944
2683
2453
2430
330
6
1504
1126
364
2396
2353
1304
398
2332
2574
938
126
1732
1990
310
1220
708
382
1816
2187
992
2656
1112
1658
1813
388
500
980
2052
354
1354
440
2135
736
1352
2422
1848
1106
278
1516
2146
1274
2215
1891
2215
2276
2050
2342
16
1072
420
238
712
572
1532
2449
252
438
2005
146
2162
2452
382
468
350
496
924
744
1708
1150
302
2085
1838
1420
1158
84
1270
1986
1406
896
1240
2563
2040
1284
816
2169
1950
78
1570
2469
610
1896
2221
1859
2516
1186
2424
288
994
2048
1748
2228
1923
1788
1170
1995
772
240
2592
552
386
2675
2230
2881
908
202
1046
1552
1474
1022
2114
1624
344
98
984
2655
2867
130
152
2582
146
2238
2491
114
926
1200
2234
2215
172
2169
1844
288
1746
570
1114
1464
252
2550
2430
1048
2500
1767
1020
1732
1729
1350
742
2498
1744
102
746
350
1222
126
2324
1484
360
954
2272
1990
2444
470
2418
2348
2789
1184
614
1818
32
120
524
2562
46
980
1182
610
810
804
1224
2438
2174
136
2743
1620
476
376
1190
282
2210
14
448
908
2111
58
392
2191
2668
2256
326
926
910
1248
2114
844
606
2382
2395
276
594
666
2010
1336
234
2469
338
514
28
2454
324
2472
648
436
736
2364
1981
2516
1176
2240
446
2620
2382
198
1621
1994
2192
1038
2136
2356
2081
354
978
2314
616
346
2206
2612
394
1554
594
418
704
1352
814
512
1561
542
78
12
2224
1502
2682
2388
780
2511
52
2026
1198
62
1426
2311
1736
2142
382
1142
2126
232
1276
2452
812
1122
2227
456
762
158
2104
514
354
2182
64
264
2129
186
436
1390
2456
1588
1098
1112
1956
2163
2257
402
1556
70
2164
380
2411
1378
60
422
1006
10
106
2297
542
1668
2776
942
2199
802
168
1938
2288
2068
884
84
2198
1008
1552
2028
2228
2022
2039
956
2373
458
140
798
2246
2041
752
2221
1392
2457
532
2331
86
2194
1366
1804
364
146
164
636
412
1478
106
1971
1602
494
1814
60
996
1416
2165
206
1532
2012
1176
412
654
2552
258
280
16
1620
438
1734
1166
2395
2448
594
2533
800
2480
2244
396
2273
678
1952
580
1814
976
2458
1602
644
1790
1264
968
268
868
1912
2127
2252
2018
2068
658
492
4
190
1476
312
1762
2367
2510
866
682
2649
1919
2232
2657
2546
266
2222
2274
1986
2120
330
692
1732
2330
1004
2195
2910
2192
2119
1084
1426
68
384
1124
2833
580
1042
912
2341
1050
1448
2553
2008
2370
1784
2421
2586
2110
2091
164
1468
1662
2086
3276
6
320
942
1014
2220
1548
2232
1530
2260
1540
1032
530
276
1773
16
144
620
1490
2362
1244
2397
2669
2401
2410
2396
742
2520
2671
218
1704
724
378
2303
746
2744
2430
176
2230
2594
2174
1863
1714
628
1596
1182
1852
2200
862
100
1724
40
450
168
630
1004
2175
1052
1172
504
1290
338
2554
1084
1208
2485
1080
2011
2442
172
1600
2353
1935
518
1562
2146
142
1140
1908
2316
236
1778
34
38
2390
2186
464
2296
1968
898
426
954
1536
1518
10
1172
402
1954
630
566
1088
1000
2094
1686
80
32
696
246
2164
1140
2322
2014
1878
1784
1466
810
908
2625
1764
2526
212
936
2386
576
908
2240
2237
304
2239
2632
2095
1966
2168
2320
1831
812
1338
718
642
2561
498
824
358
1657
1827
142
1008
2512
1852
2210
1302
2226
660
14
234
70
284
528
1974
2231
1867
282
1120
112
372
1016
2134
176
520
740
32
312
2716
468
1014
1998
292
112
1318
2473
1824
1288
508
480
454
658
2165
414
2168
1302
2177
2204
194
1196
1504
2038
2736
1722
600
2510
2615
200
2037
1910
1670
486
1316
782
2143
2117
1046
1190
1830
540
2158
2
2318
1564
640
958
2018
2244
1490
2434
296
270
542
696
2645
2188
1512
2048
54
572
80
1926
1386
1080
1342
2485
2044
356
2409
1300
1592
2554
3116
880
1969
536
438
648
384
582
2434
2421
688
2501
2454
262
2168
452
672
1454
1242
70
428
646
2210
684
1803
1970
348
2672
1792
942
446
2515
2152
2052
1611
1024
124
180
376
1556
2286
52
2520
1700
56
2138
2407
2368
794
714
838
1200
430
2039
1979
2140
1362
764
2402
1134
48
1170
1420
1578
2494
2550
460
104
602
776
1098
982
984
2547
2109
2015
2404
1578
2036
950
2210
2661
1406
2137
2560
1340
460
2790
2544
150
42
998
2
400
1450
1016
1022
336
772
780
868
2250
66
90
2562
2057
1556
2265
2247
2096
1955
2061
1160
216
1968
716
552
660
1052
888
846
1772
1948
2013
210
1156
1658
1090
48
1676
1670
796
2192
2226
2440
1852
1638
2444
1860
396
2522
1274
2188
224
2307
78
2300
396
1712
106
1384
624
2073
1891
1554
2166
2617
1932
2343
36
2292
2121
2442
2286
1992
714
2644
1946
2232
644
198
44
434
222
1845
2586
534
2350
2677
730
818
2286
2094
1004
202
448
1384
20
2103
1238
2465
204
2018
188
2719
2383
22
154
234
428
1824
1180
500
772
382
344
798
2667
788
728
1198
232
544
1230
1130
1162
1324
550
1220
2280
6
1090
2421
726
1226
832
980
252
2316
2294
110
1518
2639
1240
670
682
1100
664
1414
2245
2048
2232
684
2046
280
316
2224
2228
2174
2406
2430
50
138
2175
2238
160
1180
362
2511
416
226
2522
388
940
162
2023
78
686
294
2218
526
2486
2082
962
2416
2246
114
2415
2155
98
32
1884
1594
1970
1082
2218
156
2120
638
48
312
556
218
94
2348
1964
1928
2294
480
1740
176
990
2406
1364
16
82
1220
1500
204
270
1476
2167
116
884
1444
2216
94
1022
2438
2365
2422
1012
1714
1278
1955
2015
2475
238
1928
2398
2067
2192
2026
170
1494
1938
2421
2273
542
2233
2260
1576
108
606
2436
1332
622
2253
2640
1316
1272
2505
750
1572
2080
718
1366
862
2384
222
2274
20
1614
1990
2369
896
370
2412
1020
224
828
2443
618
578
1430
2235
1992
2234
2524
274
1262
438
1927
332
2206
1506
792
44
482
1338
1442
1284
1286
82
2069
2244
422
172
962
2574
670
952
96
2167
852
474
136
1330
2721
1162
2496
2074
10
42
1126
1874
352
1248
110
1394
258
2541
202
2371
2034
1736
2488
2460
808
2360
92
2753
44
1062
2396
654
1326
1558
302
546
816
538
822
1144
2128
526
1018
294
2486
514
170
770
2253
1204
552
52
492
2265
2707
2285
1228
338
2498
590
2700
2098
1756
2143
636
912
786
92
2590
2576
410
202
2629
2026
2492
2593
368
1728
2047
584
1176
126
774
2515
2335
2224
66
1868
544
216
2444
746
1188
1852
2705
1752
1338
336
32
1342
2371
2208
2076
834
352
988
2425
284
24
2302
1848
704
1060
2255
932
1446
2548
2625
1592
1484
62
2096
2898
594
344
2075
32
1450
2044
2565
1594
2307
756
2378
2074
2147
160
1260
542
210
500
1084
2176
2192
2414
1672
2039
1915
1468
1344
760
1586
686
1182
380
1726
606
2418
2261
2010
172
2059
1652
688
4
406
2427
1414
122
2275
750
486
2400
2296
184
2325
2353
2411
360
360
774
360
1586
2344
118
1342
2110
2095
2472
2045
104
2056
496
1740
462
2334
1744
2096
268
1822
2062
458
1706
704
504
2179
346
476
2055
1587
2316
1808
38
2320
1286
2278
644
1814
1296
1946
1966
662
30
1108
2582
1766
712
2567
2081
2164
888
266
2427
2198
1338
1706
586
2406
2147
2224
506
2132
2065
70
2222
1829
1968
2503
1818
2469
1958
1548
1122
2264
588
666
2535
8
730
2281
1548
2503
2538
78
2369
2541
1604
2064
1690
1718
1690
2584
310
1594
2520
1638
2163
506
1278
556
2475
2024
38
256
2825
1480
2050
1508
586
566
2208
278
300
2009
2274
42
88
2030
902
1314
1845
1512
2028
2705
2056
1726
332
400
2537
428
492
384
3634
2305
2339
152
2126
676
2484
2002
2340
1480
1788
1060
1004
1916
2116
2016
2282
700
768
776
444
2011
520
2045
978
350
578
2568
822
64
2457
1160
504
428
1920
2517
2352
312
710
2097
2106
40
2644
2872
348
424
690
196
2333
2254
1852
2496
2325
622
2327
912
2330
2014
722
2149
1580
1416
2113
2597
2318
2260
1742
208
2303
1998
1370
132
1216
1646
2695
2019
1910
1794
1888
2482
912
2443
572
2576
344
2392
2060
464
1802
206
30
220
2316
518
50
1068
2218
1632
736
1470
1458
916
2332
2311
1814
60
214
2458
922
852
2297
788
1952
2456
452
1820
2498
92
1202
2447
1662
828
158
766
678
268
1416
2344
3042
664
1782
2116
448
1742
1446
1952
228
1920
258
1240
374
1464
516
2111
446
2504
2655
734
1970
1490
1960
2517
1522
2404
240
1360
30
388
148
1980
2376
2504
74
402
2200
1840
500
342
46
1638
2249
890
2149
1258
1898
2115
368
400
1120
1969
2682
2504
1208
1446
2395
1954
1937
1278
1286
698
568
574
2072
2526
80
394
592
8
610
912
1996
352
1710
2006
1368
538
754
552
986
560
938
2023
546
872
218
372
2275
1356
1350
1118
1450
2377
2124
368
714
552
2006
542
2165
2503
2303
2143
2166
1768
106
1922
1032
2207
1210
224
2274
738
1930
24
1832
38
988
1732
338
2135
1260
362
76
56
552
1186
36
1268
1466
2184
2168
628
1194
2158
972
2538
1536
330
2657
1512
116
932
1610
76
2212
2606
388
2290
2236
108
2339
1638
618
154
1042
936
1640
1931
470
650
84
2426
2003
2381
486
2396
2995
884
1062
2368
1104
1906
1122
154
2479
2193
978
2784
1528
1156
1590
2183
1552
1542
2472
2170
380
2196
208
2531
466
1806
1082
424
1966
484
1722
18
1969
742
1999
632
1988
226
2118
2074
1986
262
528
2339
1104
2288
1132
510
2002
2131
244
2629
1222
552
2057
1998
158
338
2416
1450
896
354
1612
2033
2010
2511
122
2424
226
954
1610
2123
2578
44
1434
300
526
2086
154
462
576
496
184
2508
1674
2456
1982
1967
1386
2240
428
728
1456
576
2291
2498
2357
92
2273
1114
1416
210
2447
152
2332
2058
206
816
2128
1236
2586
2170
758
1202
2382
2176
438
1976
2160
2454
478
2276
1898
2264
426
1817
168
724
2603
330
2510
694
156
396
2020
402
786
2352
2700
1238
112
2463
1690
222
164
308
2598
2157
806
114
380
1006
812
1094
78
2247
158
82
1850
1260
1252
1144
2456
494
2278
616
668
1122
110
736
2237
2268
554
262
832
898
2829
2334
2075
2412
2031
1460
1300
1741
346
402
684
922
1208
1374
644
48
208
2352
204
324
940
2285
1566
2313
1896
2454
2326
2293
1818
726
2488
1999
2246
2384
2198
1068
286
2647
2199
342
2288
1428
484
736
2292
2334
350
1891
574
1234
218
2522
408
2336
152
498
2020
584
2387
814
1952
860
1146
598
1926
1018
692
172
164
2457
626
562
2427
2784
2622
1904
302
326
1076
2328
1188
2182
1156
1326
2233
2440
1862
644
2416
1680
632
2613
1946
2578
964
1678
2622
336
490
1142
1560
2304
1010
586
90
320
2214
390
1815
158
2584
244
1912
212
220
510
2596
2283
2611
20
2123
1428
1040
342
1662
536
1048
2259
692
1386
916
2860
642
652
2274
2694
1190
1318
1922
1782
366
154
2415
2449
1878
2472
192
1144
2076
2063
1672
518
1316
874
40
632
1448
218
942
324
302
578
46
2752
1224
1178
86
826
2312
2404
2236
1792
594
1950
686
340
2426
2191
2312
2342
30
52
2130
2093
1472
1462
1791
2379
2264
1770
736
1394
998
282
978
2259
1180
2589
652
260
1280
2317
2243
1160
126
938
742
2370
226
500
1370
1798
764
952
418
2451
2072
1092
1782
2147
1650
2099
2218
2012
1472
2564
2336
632
2241
808
2218
408
838
1126
350
48
544
1446
570
1160
750
2016
560
162
1880
576
556
6
2605
488
2368
1136
264
2210
1228
1310
1220
2134
2579
1202
1447
778
508
2215
2215
2167
2254
92
84
724
2176
474
2192
30
1941
2910
348
1324
1538
428
1946
2116
2583
1814
1070
266
2394
1880
2014
910
532
110
2019
1486
2230
2542
1406
268
214
1946
66
1472
12
576
2550
2627
2596
880
2034
2639
2382
1434
2464
828
158
728
872
22
2072
2050
660
58
948
1642
956
2628
1028
472
2674
1962
2404
972
96
410
608
1440
964
732
2727
1432
386
2114
1114
2416
2203
636
2142
1408
964
814
1516
2430
1430
1278
2228
1812
2264
2025
2180
2557
1710
1735
642
204
1696
1194
2252
380
604
1042
1544
3033
1426
2342
188
246
428
276
1985
1234
2139
900
76
854
1174
2500
218
1388
2415
26
2499
138
138
810
840
2697
2010
2225
1872
1316
2122
252
626
2192
2435
1272
964
448
1544
2580
2312
2268
1026
1664
312
44
944
2295
330
2347
2290
220
752
1010
192
182
1622
2437
366
942
2588
2251
1846
1752
1847
2402
82
1786
2026
946
1018
2646
1458
816
2279
2079
2281
1110
2410
2030
2164
1246
566
280
1608
284
962
2570
2483
1552
2340
784
1336
1900
1108
2435
1818
152
1996
1220
2321
1470
1058
764
576
2514
2205
1196
586
2308
524
2078
346
2741
966
2048
1300
2230
1032
368
12
692
1560
58
6
54
454
626
636
688
1748
946
1802
416
2273
720
8
1342
586
734
464
126
2032
498
30
280
2688
1460
2488
492
1436
2380
460
758
2277
2794
400
152
1950
2042
1588
2256
46
644
844
1920
2205
2066
1136
654
160
2048
284
2185
2370
722
964
738
778
918
178
898
2444
2313
488
404
272
1184
24
46
882
1172
2171
1182
2060
502
2542
580
800
868
276
1826
60
2767
382
474
1605
2035
772
2183
1766
256
1608
386
2027
120
1968
672
246
2007
126
2114
2232
1667
2229
184
2274
2408
1558
1732
1944
2598
2627
2272
960
344
2219
502
2584
364
2754
2261
2492
2224
6
112
450
2440
332
772
184
1836
2014
436
2429
1522
1812
2332
526
268
1862
1034
1792
2230
1062
2024
1038
270
28
1290
2232
2509
1939
510
1464
746
1160
2462
2300
424
1184
2362
1570
2144
66
2558
2067
1440
1776
1959
2089
1926
1162
554
1688
330
970
618
1572
2163
218
1916
942
670
1952
2338
1678
1664
920
468
1458
306
1170
1972
2565
2689
708
2037
526
482
2338
1136
764
2550
974
2340
350
892
786
2491
696
512
2366
2238
1786
180
1822
2088
828
386
76
2366
250
1302
36
234
98
1304
2083
190
1170
2382
734
1046
132
136
1138
148
1034
486
2078
692
2445
268
586
2606
1670
1758
1930
2581
552
438
2195
1988
286
2006
750
718
248
1666
520
752
72
646
1840
350
2481
1406
1830
2426
104
66
1236
2116
2541
2473
976
2449
2321
1905
88
1769
230
904
478
1748
2461
864
1692
1884
2074
428
714
1500
1034
2170
1390
742
994
1986
2057
1658
1510
484
2298
948
642
2052
798
192
400
902
1122
2503
2184
938
1242
2320
2502
282
1300
102
2485
710
354
138
2325
2484
570
658
2639
586
48
318
2434
1704
2617
2342
2394
118
270
1926
2005
1202
514
1430
2149
682
1370
2414
10
2437
158
380
2494
1638
2150
1260
138
1582
1992
128
1686
2214
910
2331
2524
1832
882
1724
986
2588
310
798
1906
1896
2178
410
1818
386
1366
2539
2008
968
240
2132
1198
2464
1935
1762
658
384
2400
716
932
940
1714
2007
1536
686
2194
1898
2580
488
442
928
2306
2668
1828
762
276
2373
694
2255
2201
784
2197
2215
996
324
826
2499
1502
726
2444
716
2196
2206
2632
2222
2198
1188
872
482
480
1888
1450
2198
2049
2745
1068
2116
2324
2581
406
936
2498
204
2098
426
166
2258
2236
1174
2671
450
1718
2366
1738
2509
2248
2788
1400
56
2190
1074
440
1835
2383
2539
2100
2495
2101
322
2330
2151
2256
2162
1744
2132
2726
2490
1138
230
518
712
2339
956
444
2359
676
2186
162
1694
720
190
202
2516
724
2082
392
308
2741
610
36
2196
686
2135
2718
1882
436
1086
1314
350
1835
2346
855
348
92
2568
2180
2139
368
1268
550
1976
1562
2162
936
2384
1406
964
1160
2202
496
1838
1080
2384
2310
1148
218
256
384
112
2555
432
1268
630
1086
2459
1056
610
2398
2569
2541
2322
50
1798
2094
490
436
1356
110
210
1846
456
644
1436
2048
2145
2255
2651
498
184
922
2837
780
166
248
1256
2026
1062
1846
2232
168
1342
138
606
1148
2340
1354
1618
1254
910
176
2142
2217
86
962
22
656
1768
712
2423
600
2145
1290
1740
1280
1176
2526
68
252
1190
178
2614
594
922
2372
1662
2454
894
1160
1911
1630
1354
658
2278
176
2413
720
32
1060
1961
1104
2218
226
1010
2406
1024
1066
28
1608
650
1404
2407
6
1334
12
2300
2106
954
2578
2100
2635
2110
552
2588
1202
2037
2095
2486
2303
2675
532
2438
1764
2600
1432
2537
68
402
2394
1758
10
652
1028
1616
8
854
1454
480
324
54
1920
958
2286
652
1656
624
706
2245
818
1634
2320
470
2388
1398
2146
582
228
2100
2118
166
1328
1845
132
242
2440
2220
1962
2310
370
2363
2102
1412
2263
1222
2158
1144
1608
1504
2154
2219
1810
2093
2462
2153
2150
536
598
1400
628
522
1676
1960
1136
1743
676
1342
1966
404
2471
2140
2158
1064
574
42
1846
768
2076
2493
2175
2356
1838
2502
2142
2016
1850
2414
2460
454
1658
2469
310
1360
1450
348
580
1680
242
2416
1963
2671
1146
2289
184
318
638
2435
694
1766
750
86
1216
2322
2621
2180
896
2623
1824
494
1010
2168
2651
2593
1494
2026
654
558
630
2519
1604
1888
526
668
606
2256
1830
234
2014
1142
2127
2323
2481
2626
224
2478
100
2336
722
2350
1044
2672
158
36
2576
1074
2769
706
450
596
578
2316
522
2198
1266
386
2444
722
2591
818
730
1374
284
328
2112
496
2399
2431
2629
2587
792
508
1568
2295
836
2165
1102
354
1947
1440
764
722
212
1144
182
334
398
2315
974
1932
2418
2222
2338
2079
680
584
2414
1364
502
1066
2186
2371
2273
2286
2238
430
382
316
1988
2225
400
302
2304
2273
2253
2327
1928
340
2453
112
2665
2337
2011
376
2101
2174
2220
1762
648
1868
1780
2437
314
68
1676
1264
2324
874
902
268
2385
1488
1876
2121
6
466
1550
2071
1368
446
4
160
2407
312
744
1796
440
1580
366
2303
2550
924
732
298
2203
24
2201
1172
1768
778
2412
1052
470
1694
30
1172
1138
1832
2465
1128
176
1878
2481
1798
464
42
1422
1464
2149
1840
2379
2088
408
2422
2157
2287
768
2314
104
1456
174
2140
96
334
984
1336
2348
1812
2595
1106
1072
2390
2254
2416
2184
2222
1898
1034
364
460
2285
1672
1839
1442
2510
634
404
2206
1026
1910
1446
1692
2283
96
582
1282
360
358
2540
2671
2204
2161
2307
230
2634
1450
1272
64
1328
1124
1476
2508
228
1864
1656
2280
1188
2252
718
2272
220
76
1440
2196
1784
2026
1136
642
748
2522
1596
200
276
932
1664
584
2600
480
320
266
1144
2292
210
206
1886
2000
1084
2047
2001
848
334
682
374
2535
2462
1930
1412
276
860
2216
412
1210
2402
2559
286
2350
2325
248
2165
356
874
1174
1052
2209
814
420
252
928
1240
2261
1794
1742
694
1870
1610
2262
500
54
1458
536
1820
122
1188
772
758
942
2058
2175
1368
2541
2444
2152
628
2064
566
2000
2434
2663
2143
18
1742
810
384
2236
1372
916
2272
1596
2260
938
1068
404
2188
24
2601
1888
1262
250
322
2443
896
2023
270
1406
2183
1642
1024
134
2432
910
800
552
636
2258
2288
1460
2415
2372
586
1794
492
44
240
1270
2259
2395
2303
2058
1074
1004
1240
2352
2352
2745
1942
152
2226
800
2632
1921
298
1482
2400
2194
1546
752
2002
1386
30
2524
2669
530
2014
2480
146
2370
2258
2374
2558
732
1666
1190
2413
166
2014
266
1616
1116
2408
2337
1572
1002
1852
1576
190
1006
1284
1938
2006
1966
890
418
2306
2476
1998
2312
2318
2841
488
228
2505
1622
2480
1504
1036
828
2312
426
1576
454
728
2392
440
2008
2118
806
1886
1616
1552
2308
216
960
728
46
964
156
2116
1887
912
1534
2006
1652
2242
2102
2500
118
74
2095
1144
2035
2325
2185
2005
768
682
1248
2415
1694
1286
2830
2125
864
1266
2118
676
162
184
214
1930
128
1100
2319
474
1370
108
28
1006
1380
480
2122
794
2415
1382
120
204
2335
604
1987
1854
2667
2467
2504
2735
214
2477
2375
764
1710
2347
1668
2419
570
218
2205
106
1122
1086
4
562
664
2206
1750
708
1498
2254
234
2325
910
1462
292
1290
2454
2370
2217
2170
2370
2449
432
314
2166
2182
1116
960
2228
2207
2455
368
2222
2370
230
1728
2349
2664
288
186
1416
78
1975
2268
1116
1010
2034
206
726
106
96
706
374
2487
1984
1174
828
2025
2254
2406
1592
1890
1590
80
2166
2040
868
2377
772
1454
1246
2451
1416
116
730
1908
76
146
2180
2229
2566
570
1352
654
1508
1488
1498
302
420
1674
1294
292
2092
720
300
390
394
2430
2405
644
452
2477
900
2076
256
2483
1424
1230
846
96
302
1750
1004
670
2216
2405
654
318
2140
1364
194
2387
1444
2628
492
2156
2033
2044
2052
1094
360
2146
2157
412
1392
88
2058
1556
950
774
1054
1870
1738
654
2568
446
340
2429
860
146
1798
460
2366
2723
2038
576
514
2301
2411
1932
850
1969
784
378
2014
308
688
2325
1054
1442
2635
1750
256
2497
2405
2386
2304
1218
2487
298
2707
2068
72
1304
2124
2084
166
2128
1505
318
2340
770
2614
1815
878
1068
1442
12
2411
908
2076
2180
1530
2166
2090
1072
2190
1070
142
1594
578
642
2491
1184
702
242
260
2031
1682
204
1978
2331
2422
2328
1274
2417
1636
1504
396
1098
276
796
258
390
220
796
152
2489
462
2466
1857
1466
2368
1856
1254
784
1032
82
748
2357
1774
1364
806
582
824
488
1654
866
2811
116
2161
1210
366
2601
2220
2356
1914
46
228
376
2438
390
116
796
696
444
570
618
2086
810
40
2482
1813
1985
1506
1414
1006
2613
480
2153
160
2265
2368
44
2425
334
1932
392
2192
76
130
1454
1212
24
598
726
2251
990
538
2200
1176
66
490
404
1524
498
1832
2107
2306
2091
2076
2666
436
582
612
2125
54
1488
2287
2701
820
934
318
2262
2368
418
2050
492
744
2198
584
2125
292
1884
970
650
494
330
2108
752
2838
1228
1516
2451
2037
1022
364
1342
1936
2600
1550
2370
1946
904
1872
946
952
2471
1138
336
2282
944
22
2012
1688
278
2310
2340
1862
2508
1984
228
1140
1504
1674
1166
960
1104
2097
1016
2383
2342
1882
314
2100
1960
1284
2260
2303
2165
2477
2375
2544
190
28
1074
664
2268
2636
310
2430
302
2505
2446
1480
2428
34
1036
806
2484
1370
1894
378
448
878
1110
2235
296
1834
2122
358
272
752
866
612
2479
746
2790
796
1704
2305
224
2398
72
2468
1678
2618
2348
2199
8
2498
2151
264
498
290
608
1162
6
748
914
638
2008
844
8
2459
2094
330
2222
1868
294
1066
688
1474
120
1582
860
2353
2220
164
2074
2459
828
1932
2373
118
2080
2476
310
142
98
2281
2594
2417
1094
2542
2294
2328
2296
464
2388
196
2908
1352
272
1294
824
2138
1999
482
252
116
2314
2190
1546
1422
1981
2248
136
1392
1902
816
112
2089
568
2659
526
1830
22
1880
644
598
2274
496
216
1130
514
908
1386
2030
478
390
2535
2014
176
790
2171
2092
4
258
1220
1374
36
384
1462
2370
1322
2383
2058
230
602
24
138
58
60
2634
2005
52
2329
886
2598
2566
2263
306
1278
1094
96
1118
2631
2461
2061
1776
2313
444
1816
1284
2245
2347
1957
332
358
2172
1020
2350
1434
1412
392
1036
1762
2152
1902
110
816
452
2396
170
2244
2011
2296
1188
348
414
732
2115
2230
2007
2062
92
690
2223
2082
294
142
2366
2316
1134
1368
316
356
2620
404
20
2600
968
1350
2197
730
960
1676
520
56
190
2397
798
1438
1938
2154
1360
2354
542
2474
100
2258
1074
150
620
490
140
1270
2574
1030
2260
1886
698
594
2340
2407
2362
1420
2090
792
1010
1122
72
112
312
1941
486
2515
2122
1880
1214
2444
1846
2334
1692
954
374
2555
244
2176
392
222
830
1156
2316
698
2012
1726
1838
2099
338
2336
832
2513
2049
988
906
988
294
2128
1787
1816
2322
1894
1878
824
2414
198
728
2592
178
168
984
328
230
444
2298
1742
1656
1976
2528
2835
2571
2032
340
1196
980
1862
128
732
344
2343
804
2194
2286
1812
924
1734
1250
854
2450
1198
36
1868
2473
932
820
1790
1528
1144
260
690
2138
644
1080
652
522
876
1302
1972
526
2177
2234
276
1162
594
2126
2727
2037
1254
728
136
2558
1674
1684
78
2094
2156
572
1380
2087
278
144
194
414
2177
2062
1650
2110
2229
2487
1032
1714
2359
176
636
2063
2022
2317
542
590
2170
2182
722
758
1580
398
402
660
1446
2121
2367
182
2060
1220
2138
2575
1372
1732
2142
694
1800
390
246
2232
2228
2257
702
710
1690
292
316
642
526
448
2194
1792
698
646
2062
2275
1730
1924
268
2428
530
1328
48
1666
906
1054
142
2239
2307
2066
780
738
1100
2236
1540
2190
850
1166
408
1548
2409
2230
92
2446
2728
1218
1932
96
2062
2034
372
2448
2252
1588
2042
1918
2338
1166
1338
168
88
732
2276
2032
1452
302
2373
2140
608
2229
536
1712
850
246
1434
2751
496
1120
310
780
736
590
322
226
2729
2315
2809
296
860
202
2118
2283
1756
1226
1088
1176
502
2097
2573
188
796
162
1928
536
574
852
1860
1150
1426
1630
2127
888
1740
192
2519
2364
1016
454
2010
2246
1392
1094
2567
324
2276
2231
950
758
784
34
2658
2620
2306
2106
1136
404
1951
754
1864
2048
1896
1990
82
2214
1530
146
2461
1066
478
1774
456
2248
1944
1911
2466
208
374
2669
2430
212
578
1124
124
1839
864
2064
2583
960
118
216
2543
92
234
1112
2199
2426
2140
600
2331
1020
1058
2062
2047
376
2730
464
2492
262
1612
1038
2198
930
166
268
1945
1222
1820
2575
1198
420
312
360
656
608
2044
740
2134
1188
568
1470
480
1839
1740
2215
2266
1850
294
1354
10
1278
2448
1911
800
1112
284
786
200
2169
1102
1370
562
2412
1907
2620
1620
528
702
2162
948
1866
1596
2529
2539
2372
1822
1970
2583
2263
2421
614
1822
2221
2009
182
322
2129
1094
172
2163
2369
672
370
2301
1500
648
2207
2588
204
2265
2213
2476
2197
334
1930
2408
76
2189
38
1532
178
1772
1878
332
2474
1888
70
1840
924
28
472
326
2414
936
2261
2629
310
1110
632
836
2099
156
2217
646
1993
2564
110
890
1226
194
1158
848
126
436
2132
776
432
2288
2082
1128
832
462
2475
888
188
784
2068
2658
266
580
642
990
1406
1030
378
322
850
1030
2092
2198
2558
268
72
2372
1914
838
308
2429
1148
1760
274
484
2607
2122
1538
2181
2140
2035
1890
2315
2585
1884
1940
914
404
2422
2886
1282
402
840
2170
2523
144
1626
1758
1156
960
2638
2129
1394
814
2136
718
2275
1064
2020
1558
648
2369
1158
1044
2362
1860
2280
2317
2656
2476
654
124
248
978
260
2307
704
1182
370
2150
2424
2594
2701
608
1869
568
2444
1720
1232
1882
706
2068
2400
2282
76
2668
1510
2099
1958
1664
358
2056
1394
948
1172
1970
2303
2223
1690
750
2624
84
8
422
358
1754
2567
96
1328
2109
20
2344
2316
60
326
822
1212
1146
2458
1212
216
502
1322
1548
1890
98
1832
604
24
460
2610
1780
1724
2136
2008
1452
1808
1038
132
1714
238
2172
956
2101
48
2639
934
2135
2284
2394
2767
1684
1404
2726
650
1983
592
64
2154
264
142
1046
436
1798
2142
82
570
2353
64
1382
2532
590
2076
818
1940
1975
550
274
184
1578
1708
526
690
214
1008
266
1852
2065
528
2048
2682
616
2222
1262
1985
2345
714
2722
2026
1224
348
2636
1452
2333
32
228
2564
2665
66
144
1526
2414
826
1146
1724
618
2316
2024
2671
820
172
214
2339
1188
130
710
1512
2305
2220
1572
1310
1366
464
2450
348
382
796
2333
136
2075
456
1508
836
946
820
190
196
1516
1530
2244
2484
602
2157
786
2389
1963
2242
36
106
2036
1508
2620
424
1614
46
1440
1024
1352
1378
1456
284
2632
1144
1876
2186
536
1462
474
224
106
2072
484
2235
2144
1388
2182
454
142
2625
1822
852
528
850
612
2200
878
886
1268
192
1937
508
1136
2232
1904
324
1438
54
1572
1512
160
244
1988
1526
2380
2033
970
926
1518
1564
1306
2152
1916
1504
570
2263
1196
1669
2056
992
2712
2274
2270
2285
2374
2606
2594
264
2104
2406
434
88
434
1128
1652
162
1378
1401
2787
72
656
1784
1406
1094
2284
1386
2358
748
724
2260
500
68
484
1038
1354
876
90
204
2380
1328
2033
274
1348
2333
2552
1828
106
1324
1208
1839
246
8
456
2465
2400
1584
830
904
2240
670
856
2148
642
334
2303
1206
2025
136
2482
2116
706
2088
446
1884
1268
1672
2498
1146
2560
226
2091
456
18
1172
658
2223
546
2466
1376
970
2151
1726
262
1088
2212
696
2118
866
1704
1002
982
2032
530
146
964
574
2599
88
1726
1980
1839
100
1486
1062
1302
402
484
348
1974
2356
1656
1636
1610
192
180
2224
2355
680
2013
620
502
1612
2235
798
1746
2333
2430
1636
1602
1902
984
270
934
1106
660
1308
2312
1210
918
726
88
2290
370
340
1604
1186
1540
1596
2295
2213
112
1310
1959
1980
1196
2147
378
646
12
1404
662
1762
64
1258
2298
2104
1878
596
934
216
288
120
194
2260
802
2499
776
1690
1552
442
670
1959
2009
2360
2298
1780
1750
2457
1326
604
970
688
732
338
2368
134
728
2116
52
402
1918
1576
222
2315
2748
2266
836
1860
2408
4
740
1214
2108
2377
2653
1050
638
230
306
2109
2181
1606
692
636
200
2036
1158
582
1186
772
180
252
158
2046
480
1718
178
1180
1674
2530
1522
2615
124
1921
2697
2733
1950
1922
1280
1228
1756
2602
172
1136
2278
834
2120
434
2479
2142
1220
1652
12
1470
2472
2213
2028
2259
2598
1882
346
2458
2139
2230
2269
440
1680
1476
192
916
2619
2570
928
1432
2092
2588
2592
386
286
2102
1182
918
2157
2292
598
1334
124
2514
2212
56
416
746
2110
2293
216
164
758
2426
2662
656
1660
2571
2171
430
892
2439
118
1670
1004
78
96
2263
120
254
104
2197
770
2005
570
1790
576
904
814
1310
2792
2240
124
920
206
1838
628
2336
1728
2357
1560
384
1086
120
1284
792
2095
316
200
1724
1752
2165
858
516
156
2510
46
560
428
246
1306
1282
450
2300
70
342
1248
1330
198
2481
648
278
608
1330
870
434
2255
1812
2612
1898
1734
310
1606
2026
2094
1314
1698
2839
590
2581
1960
2228
2141
2323
450
2443
994
2524
1600
1296
246
1264
2598
690
212
2440
814
2048
322
1946
2315
122
610
1414
2265
1016
1552
1158
796
1926
2346
1570
936
860
458
2092
1992
880
412
1650
2318
124
1450
2289
986
1156
1682
506
430
22
1452
2424
1058
782
2015
1256
2131
2030
1526
2218
186
2249
528
2170
96
2410
1558
470
110
380
870
976
2222
1114
286
2483
2049
1288
274
626
428
902
1766
556
1578
1558
1868
1018
762
1216
2510
1993
834
1684
988
8
1062
2528
836
2136
2537
2140
730
904
2256
2566
838
560
808
2312
778
20
768
436
752
616
872
1142
1670
1374
2742
2209
264
2102
404
1812
2019
184
2049
1927
488
2208
1268
650
1604
122
1676
1996
1498
2268
1931
268
350
1588
1710
1970
2685
1862
2540
118
586
2318
1058
618
68
1350
220
110
2262
912
2106
6
2148
2096
1552
442
2436
2788
2849
2610
1082
702
420
1852
510
1098
1640
1854
2425
4
1722
1890
332
2088
216
2287
2834
606
326
950
1282
458
2628
1452
922
822
720
1198
286
2650
2277
224
2048
172
2658
2577
2493
800
234
1882
420
2065
164
2346
1626
1512
1236
2248
1424
2784
2280
1841
158
2198
398
2136
736
2121
134
472
1098
1566
440
794
284
2573
2425
1940
1922
2066
1686
1572
1444
1666
304
1918
2
1796
46
2321
2544
2215
178
2237
776
2123
116
2178
2291
714
468
1962
372
2331
2353
168
1452
260
1040
1658
402
2175
1518
1212
772
2157
996
2447
2347
1660
230
350
1859
2660
2168
1890
2156
2308
1934
44
2264
1340
1448
728
1188
308
616
2055
2574
1998
1032
2201
268
224
2354
46
390
346
1954
2132
2539
1030
1186
512
332
502
1486
1929
2422
2690
1726
1122
1959
1334
2394
1452
2269
82
1420
1154
508
48
1434
988
760
282
804
428
2327
2100
1162
2596
2202
416
2052
2490
26
80
120
1868
310
206
1624
592
2464
2098
1937
2362
2150
1450
2497
2308
1252
2080
2308
2197
652
186
1318
2359
344
320
1636
330
370
250
2023
1456
2438
1168
2471
2080
2243
546
1664
2182
2284
622
140
2312
158
1986
334
532
2437
160
1976
290
1816
82
282
350
1010
2502
2134
114
1944
1940
1858
2288
1118
1872
2237
2204
2298
2488
458
1826
2120
210
2087
588
2725
990
850
186
944
986
208
2103
1162
2338
844
2380
1988
2177
432
1046
570
2029
1886
2107
1827
1624
2203
1342
2227
860
628
2235
834
472
1620
176
748
930
620
2393
2341
952
340
328
1306
1106
808
1450
306
426
2840
338
38
1616
1384
180
796
448
72
1504
2271
260
2515
2085
2115
732
338
88
1958
186
1262
2615
2056
2254
868
762
360
2328
1102
2629
62
1969
650
288
1931
450
282
626
1038
228
2019
2370
2303
2247
1855
1396
366
1008
2494
2669
2909
826
450
2054
254
1100
758
328
1942
2
2102
1404
1686
226
1838
544
232
210
432
2384
136
1890
288
216
82
2057
1811
682
2302
760
550
598
1392
614
2122
868
626
2056
184
2002
206
640
792
1332
2127
2430
2069
2266
1006
914
1054
38
2330
2560
2602
712
2506
1980
460
196
1380
20
1576
154
1968
904
468
376
2660
540
1176
2074
2
638
436
2210
266
1192
1190
1134
2108
734
1300
2572
212
980
2264
972
1052
766
1186
260
122
2272
502
60
512
2530
504
576
1346
1905
2185
1218
1010
648
2727
1404
862
2372
932
1902
2303
346
2654
2138
614
156
1644
80
1598
2578
2009
2198
2180
582
2561
2697
1764
1858
106
1166
2183
2181
2122
648
248
416
2168
2089
2175
308
800
644
2749
2036
114
2764
1958
198
222
1446
2238
2469
2390
2396
2364
1376
322
2470
46
2454
732
1974
1122
88
130
2192
1870
192
682
2431
798
1104
52
2558
2154
480
1612
842
2102
2070
252
932
494
956
574
2497
322
1302
232
976
2706
2374
1018
1286
476
398
24
1528
470
340
100
248
1014
2433
40
1888
1790
1698
2477
1590
52
1532
1064
1718
2457
976
2119
2175
2274
2448
1504
398
608
2591
2234
106
2171
2137
2300
1072
104
276
1628
102
2524
2186
2213
508
1280
2135
2290
242
962
2460
230
1316
572
1388
2393
416
2047
2371
2350
2401
1744
2173
1952
2216
1658
612
2166
200
878
1542
598
2344
720
2401
438
2165
142
1980
114
2274
2464
1578
1434
982
200
464
754
2503
366
2262
2646
636
592
300
330
1734
2568
784
2257
338
830
1740
1808
1168
2262
756
334
2508
1694
384
198
2190
832
76
1148
470
2160
700
1450
82
560
104
2476
624
678
214
1248
2399
2057
554
2056
2084
1760
2532
2411
2013
788
1116
2083
2384
2436
2290
2423
1992
2292
1492
2433
1427
736
176
548
2123
2623
276
172
424
404
276
2208
554
1026
2449
302
1542
1438
1969
2089
254
1488
68
1982
468
1352
2523
1682
100
2824
130
370
510
2339
2148
1324
2382
156
1984
176
2058
1660
388
2278
1704
2548
1282
800
2398
1370
414
1022
2351
1846
1868
572
2580
2860
2474
1651
2222
2027
1246
2512
2206
1104
1636
2483
358
520
2441
2235
2043
652
2239
1228
1044
514
2402
818
1844
716
1134
12
468
766
1068
2477
2628
668
2205
1294
248
2522
2184
2162
1234
784
1002
2364
42
832
880
2210
700
486
2086
116
2074
2000
1750
1250
2394
2734
2680
1360
1010
2403
2660
2380
2671
2350
514
2037
1404
2506
2567
1702
2346
2173
400
2274
76
2216
14
6
1786
306
768
202
390
2102
28
322
2356
104
138
1572
2583
1400
738
610
1014
420
2266
848
2096
682
2024
406
2477
1090
2562
2360
864
432
2312
1042
314
204
2343
384
1508
2235
104
62
66
1234
306
896
934
2510
1248
1120
2209
2
490
408
624
1122
1750
2039
2205
1342
1947
4
2246
470
532
850
1788
2611
418
450
704
2279
822
1436
1126
2475
1636
1092
446
1899
2074
612
530
2581
1106
1388
1860
2185
514
1596
608
2005
2534
2598
2272
2274
2108
2424
2295
2662
522
2136
894
2512
632
2444
1658
2215
1870
496
388
1968
2451
1878
1072
434
2274
1172
348
1963
1846
1450
1504
1258
1150
1030
562
2650
884
2193
574
256
2508
1362
2236
256
774
532
2525
1378
328
74
306
1901
1520
1246
666
2118
2644
348
2210
1929
844
1907
660
1975
530
520
2279
2288
380
184
1088
2309
1462
2045
1146
20
2228
824
48
2276
298
2496
2192
1228
2461
636
146
1360
528
2249
2659
56
1680
648
2175
2032
2106
1928
634
1690
1226
376
1928
2187
1152
2214
354
334
2466
2177
1792
1914
1298
2421
1626
972
702
122
2376
2431
6
188
2232
1710
116
56
1958
1921
1300
2223
2199
1170
1776
1382
650
1430
2488
2286
2607
1198
274
372
1998
2190
2282
508
174
1548
1082
2379
2220
2319
84
1148
176
262
2232
794
182
2209
532
432
2128
634
232
2358
278
1462
2337
2432
1510
2144
984
1346
2154
2180
2594
34
2152
2096
2363
1508
22
938
830
1098
2113
2254
2535
272
934
34
510
448
10
790
2524
1000
2467
2440
162
2634
1302
506
980
252
1594
2045
926
638
2224
1730
1696
320
2303
2178
1182
2547
2200
892
2110
2274
1795
2611
498
2364
8
254
130
44
1968
1586
2086
1966
1050
1573
988
1878
330
1490
2576
2384
2178
550
1324
136
282
694
74
1236
2066
446
840
1867
462
262
2079
2366
756
234
2070
2376
1506
352
138
2554
24
2382
1962
1616
1958
1650
360
10
1546
1100
290
1924
238
2506
1338
852
1934
158
2323
2014
2362
284
1422
560
1682
1768
752
204
1492
994
716
1126
696
2276
1174
2009
580
1298
2122
1894
556
322
2479
790
774
574
1030
612
2590
1692
1364
880
1394
1670
2365
1837
140
1938
2657
1962
2499
822
840
1898
2399
1234
924
826
230
1906
654
2186
58
946
976
82
722
2494
2234
2545
762
2121
788
606
1472
2512
2072
208
2219
2118
1958
200
756
2810
2547
574
90
1983
480
1364
680
814
1952
504
2104
1712
218
182
1620
2284
2339
1648
1132
1320
934
312
1158
94
1040
2259
2388
14
2452
2138
1846
1276
10
1790
730
2359
2123
1828
1634
2586
1156
530
2228
1854
724
2541
2513
2482
158
40
1868
1624
740
714
274
2281
1398
252
1666
2125
982
690
2064
680
1140
400
2176
2323
1310
180
2277
168
1951
2608
442
354
1032
1338
1466
2450
1919
1046
18
330
2346
1922
2196
1434
1236
1903
386
248
550
1338
704
1926
368
394
2210
246
940
1002
1998
1552
1250
992
68
924
2149
694
1814
2660
2131
1696
1640
418
652
2645
156
1894
534
1868
2623
136
2464
2058
2507
1208
198
230
394
2443
2256
1944
1570
1412
1382
176
620
2411
488
1376
1166
250
1722
2185
908
344
66
534
762
642
2045
982
678
2168
840
2050
194
214
560
564
308
1640
1002
106
2409
1228
2019
910
2159
108
158
2297
1044
1308
2612
2752
450
876
1396
2174
2162
558
1008
258
498
814
2280
1856
2397
1520
2296
330
2125
1412
576
1908
2129
2146
2630
2401
1362
276
2479
722
560
700
2076
762
2345
822
420
1160
1484
2427
606
620
938
2311
1498
262
2046
2016
2321
800
2458
2288
1988
2368
2518
438
2538
2291
798
866
1911
384
1996
2133
1784
2348
2481
866
1874
614
1574
2204
136
2497
1914
2759
2134
1016
856
2528
2600
1666
304
1410
1802
1783
582
2291
2274
2076
106
1740
988
2500
552
152
1234
1792
1012
702
2190
2438
1246
2248
2471
816
1470
860
1440
398
230
2113
2368
1222
1542
1014
916
1164
482
466
2604
1896
2050
1632
1496
120
758
418
228
994
2168
1122
254
142
2167
218
438
2113
2056
2178
58
2114
2230
2218
884
1768
804
1470
2245
236
706
1002
1734
2251
346
1052
1516
350
1982
1312
2480
2334
124
1170
2214
1524
1966
84
440
778
364
494
2059
2281
2038
2046
2456
2142
1912
188
1760
2401
1718
1848
994
2658
1977
1194
414
1558
2514
2217
1604
424
1146
2164
686
2361
190
658
2279
224
370
1502
748
436
2627
2216
2
58
2406
790
2775
1890
1566
156
170
1698
1912
1100
2045
1312
382
474
280
180
254
1901
222
1076
1482
70
530
284
2132
838
1948
2614
1448
2548
2515
712
620
1438
2128
272
1652
2400
2285
2879
2326
1220
2189
730
2394
2460
938
2236
120
310
24
454
646
1979
1104
778
224
118
1134
1326
1994
2037
2357
1108
2162
2469
2048
2403
1626
1948
504
2285
12
1116
1620
2466
958
1662
1016
1252
2325
1252
680
2637
632
44
950
1738
1240
644
1398
544
828
2010
1144
2292
2632
2086
2486
326
660
2489
1676
84
2418
218
366
970
2605
2459
1154
2295
706
200
308
686
2560
632
416
2274
338
428
36
1150
2322
2643
2664
2546
2700
1156
2060
2656
1508
748
526
1222
1602
1936
1378
120
2430
522
34
1254
1474
168
85
2305
910
1062
2047
2615
1554
430
896
572
2248
2482
1948
2642
1633
460
1660
1034
262
554
1734
2214
1232
908
1530
810
1126
2334
932
1968
344
918
1925
60
2112
1800
912
2458
2297
1012
188
1722
1652
1328
1034
192
758
2547
1310
2405
914
938
418
2366
1034
1852
1142
2560
216
2154
268
2463
2661
582
1000
2264
2116
1872
174
1710
834
2001
2031
42
446
2106
204
2095
2446
2189
2479
1132
82
826
2256
916
230
274
2182
2515
2258
2116
346
2450
130
834
2162
476
368
2514
518
116
748
4
2175
266
2456
988
238
2196
22
6
2214
1939
2546
904
196
70
2342
2506
2060
1080
376
2254
644
3077
2330
2341
2048
2132
182
696
1026
242
2265
324
1592
596
2113
1170
2096
1868
1830
2302
2296
854
642
54
2519
1668
2371
1568
440
1922
1350
660
1890
602
12
1296
1296
1290
442
2452
2273
2552
434
2580
2357
534
994
32
540
356
112
2310
154
2332
1656
1802
32
122
1560
1596
2086
858
2509
572
2090
1352
490
1380
1172
2121
182
2150
1610
66
198
1094
472
2189
1112
592
1240
284
1394
2654
2562
534
500
2498
104
2170
732
66
1682
2154
2216
124
2384
784
2633
372
50
140
1546
372
1022
2108
1552
548
462
1086
348
152
1782
718
2180
2570
712
2138
1452
8
2370
562
2328
2292
2554
824
1362
462
1578
854
1086
570
2794
2402
858
952
36
298
396
1182
70
408
880
1530
2153
856
386
2584
1723
758
2289
200
474
330
2352
1936
2321
180
1368
990
2302
266
58
2054
496
2287
420
1230
2210
1608
1106
2169
1214
2390
1238
1252
838
1010
978
1266
2100
2598
1024
1142
2369
2415
2392
1274
750
1564
1304
136
1826
552
1046
2300
892
1022
226
1438
1180
836
2327
1032
2139
940
2110
32
84
1915
150
2481
1674
2516
1770
96
1820
1378
130
764
2252
1146
2213
260
1496
2553
116
352
2566
2216
2302
1980
1020
1949
2308
1510
2240
442
1560
2528
646
156
494
2467
2315
1450
136
2567
422
1152
1636
1482
2793
300
334
1102
960
2738
1126
286
530
566
2348
2052
2508
132
1342
1134
2208
1860
70
874
2359
2316
1486
258
920
2187
2597
300
778
322
580
1642
2231
1232
2212
226
202
2522
1782
1570
480
800
186
1222
1780
2188
482
2268
2478
2310
1260
2255
60
398
1460
2150
2302
874
468
2320
286
36
1490
76
2709
1856
1738
2306
1704
906
1826
992
1822
476
376
528
72
2013
104
2711
706
1726
2244
2222
78
1506
152
408
1612
1314
1892
2429
2317
126
656
512
1198
2210
1254
2400
2451
860
70
184
504
2444
2534
602
74
970
1446
1644
372
1732
1808
1054
1606
440
1424
870
2588
1524
850
1851
2391
2482
2681
592
2569
122
2091
1342
798
2023
462
804
888
1398
1925
2017
136
2528
684
2203
100
2389
252
960
34
2450
1506
662
1806
2242
2576
686
2264
546
582
392
2470
2024
724
2297
2034
2539
2185
2168
744
1680
2350
384
648
2050
40
2206
2201
2010
442
2480
2204
878
2556
2571
1084
442
1534
214
2139
1972
1784
2387
2208
2018
190
2076
2118
2525
382
648
816
618
284
2576
1898
2356
1594
2749
490
2269
2404
1977
48
2608
350
2368
186
700
206
464
1622
1898
1242
2266
2566
1878
2465
264
1324
2432
1172
800
2178
1168
672
328
198
2184
1390
614
1632
58
1902
2135
2454
1168
2196
2221
1592
2397
474
2034
664
2200
1106
1550
88
414
1130
1938
2383
2325
438
2368
292
2440
2625
220
2513
1136
374
1202
2343
1610
378
1824
2066
882
2646
1724
1722
2197
2133
1372
2651
526
1430
906
1096
178
2125
448
2138
2073
2146
660
1012
384
684
2687
2429
1690
1414
