1468
2476
2416
1532
2055
2285
2316
1270
1006
1372
890
1972
1696
1168
568
1670
1348
1300
648
2858
1552
2005
2378
1798
2160
1478
800
1206
1152
642
734
1913
2575
756
2485
282
282
2566
2608
1310
544
2054
372
2596
1790
1008
2448
2457
1988
28
2047
2366
1350
1922
990
1350
992
1346
2530
2362
622
844
1566
2394
2237
2109
478
2235
1228
1474
1896
104
1500
178
90
596
2329
2135
208
2508
1520
1971
2314
1486
1632
788
1750
1062
82
384
2289
136
2381
2579
2102
210
1436
1116
1940
2272
1148
724
548
2765
640
776
2179
1898
2040
782
530
2486
1040
1776
1024
2349
608
1166
1923
778
2739
126
2636
848
2359
2264
2271
1304
554
1240
1108
166
2222
796
2509
34
2112
2274
964
614
768
2597
1302
494
406
1774
1954
696
2065
2342
2692
62
74
810
708
712
1286
2336
282
228
1854
2123
40
236
2706
2104
538
244
2324
1308
2783
516
542
1932
1778
578
362
2484
2240
594
960
2093
2233
2547
2788
870
2434
1128
2029
2494
2487
474
1518
2316
324
1566
522
1600
832
10
2032
592
1962
998
2059
374
1786
368
2728
522
2174
2447
2298
2564
122
384
824
1056
704
1162
2544
2813
22
714
56
2503
1472
586
434
594
2370
1610
2688
2444
1696
2358
486
2537
816
1438
2320
326
1846
988
58
2521
352
828
578
2348
32
500
1192
2369
748
8
2158
2140
2424
2366
2145
158
1060
2084
2514
2738
2538
1827
1466
2353
2017
1144
2282
1878
1666
884
2556
2262
1718
708
2435
788
506
1136
1798
638
1764
2094
16
570
1600
542
2385
978
2460
1088
742
2318
408
2432
442
62
1704
1528
2377
986
2495
814
1826
2122
342
1670
2057
932
1268
2620
180
64
2566
1989
2530
2173
2349
1748
802
2194
266
778
2910
1130
538
1160
1128
2291
808
612
2378
1254
1736
2442
176
694
1084
822
2468
2209
354
1368
1424
2542
1188
456
106
1234
1486
14
836
2255
2344
2513
1576
1228
416
2144
560
660
1450
2302
2214
2534
500
994
2830
414
2460
1172
1034
162
2018
2510
1632
2747
2534
2432
2382
1592
206
602
1356
2616
896
2779
2575
2503
2216
834
1190
1150
934
80
536
1920
804
2517
1742
158
2544
626
2111
1152
858
2446
722
1542
160
1156
2094
2228
2245
2287
1694
388
2004
1644
2229
642
2334
2217
2004
32
22
2187
416
88
2196
756
2561
452
2337
2414
2027
2018
1992
624
2371
2351
2660
32
2130
1482
1993
1384
46
1756
2324
2214
1760
1016
706
298
2168
1286
1780
1450
2240
2178
1942
2402
816
758
172
728
1902
1606
700
268
1012
2446
816
2634
1994
92
2100
2249
2088
2741
356
144
990
2492
1068
1672
294
1996
582
116
2297
294
1536
566
340
504
1346
644
2074
2326
1410
600
624
24
2475
2393
2728
452
2238
408
826
2552
280
2252
2166
872
2211
708
1782
2342
2314
384
296
222
2152
2514
306
1894
2230
814
444
838
2549
1630
2254
230
828
284
1470
2463
2398
986
2360
610
1068
2555
362
818
1894
640
1226
2296
1040
924
606
18
786
534
1312
94
768
2491
1911
2394
1874
2513
1978
1270
144
2531
2516
2308
2191
138
396
1736
518
1398
1102
74
2022
302
2472
158
1150
2159
2624
120
634
730
2329
708
2070
652
2126
566
656
2014
254
1248
98
358
372
2302
12
92
1786
1862
2345
1450
534
1712
200
1242
2593
2086
2363
2442
2203
320
968
2024
200
2171
728
1836
624
678
134
1794
682
1684
1100
740
2228
690
1290
1780
1564
644
1430
142
1712
1626
1532
2436
1142
2225
274
312
1424
2096
442
2293
1994
770
832
524
2240
1676
854
318
856
2120
1092
704
2447
2281
848
264
700
2057
474
2214
352
2427
966
2491
964
1002
386
1698
1028
2678
240
584
2118
496
862
628
438
2078
1650
4478
2479
2476
2110
2045
1977
150
272
1666
2062
2098
856
994
954
110
474
1994
2437
332
1996
2022
1238
360
2388
182
1038
2245
904
1260
628
1678
810
814
252
2193
140
1894
1784
1792
126
560
304
2269
2017
2286
1392
382
1898
2462
90
2468
404
1400
848
1506
2454
238
2244
768
210
2533
1862
1428
556
302
1984
500
1558
1470
1838
664
1558
1006
440
1699
1176
1294
2452
2257
1474
32
1088
2018
1862
1000
926
924
2489
2527
1943
2489
72
516
42
946
2060
226
440
2045
2304
350
2222
258
88
1700
1136
2251
2180
750
2382
2348
2048
1988
1372
2368
1480
696
2446
2542
2180
272
188
1832
142
46
1700
876
1396
2116
128
278
2177
1284
460
1562
1626
2154
330
204
1970
422
1446
2469
510
2618
434
1632
1076
1258
1056
1592
996
1812
1538
4
2711
802
2489
690
328
2657
1652
2876
2365
180
168
1990
590
2428
778
2308
256
468
1136
2091
72
346
698
78
26
2489
2130
1028
1322
1862
838
2428
2568
2365
1540
94
2721
2272
92
2099
2365
412
2097
768
118
2866
194
1458
364
1248
1700
312
1670
2612
2477
2258
730
1572
86
2576
624
374
804
2232
2057
2561
804
702
492
272
2160
2577
2258
772
570
288
732
384
962
2628
434
2319
2068
1744
156
2515
2277
354
1158
1800
342
2722
520
2043
320
674
794
436
2234
1728
2
1434
802
626
1188
914
766
1124
1963
512
1736
1430
2394
2466
1048
2038
236
2437
432
2702
1018
514
2329
376
420
2004
410
2336
28
882
172
2412
1214
1768
770
1116
1148
1900
1804
78
1078
2421
2352
2001
1070
814
1348
2328
786
2052
2205
1300
2257
2492
860
1568
64
24
108
566
2427
18
2365
384
554
2496
2174
2306
880
34
376
598
2254
1218
384
2010
1968
2204
502
1150
2040
502
126
630
1716
1552
500
2470
848
1112
2366
320
640
1324
2020
518
1726
2652
1024
276
32
1468
498
1656
2158
102
2658
1824
2399
680
1870
2097
2058
2443
908
2200
614
542
32
1178
474
1022
2766
308
2042
114
2321
2296
1700
1420
2257
1012
1884
134
1388
2078
2192
1534
66
188
422
2252
1278
2106
334
118
2232
1048
1522
2202
398
2309
2281
102
1222
364
12
572
748
2450
2501
1486
2361
2495
2417
1166
2342
1254
76
1208
1982
1850
2531
544
2626
560
1818
2164
1732
1158
564
274
2096
810
1054
584
1662
560
140
1786
1644
484
3026
1726
2047
2312
2065
2300
2508
308
404
2351
1484
1606
1980
1312
674
196
918
744
2318
858
2460
1108
1470
2347
408
1632
142
512
2285
252
2381
564
2163
2536
292
1066
660
612
2385
1266
1102
968
2003
2440
2590
1366
1022
2321
1780
660
2028
1890
2247
442
62
234
942
2128
96
114
124
1550
1444
1218
204
184
2234
1112
504
648
2002
2496
1960
926
412
766
22
18
2344
2338
2483
2129
2381
1296
1858
2229
2433
2508
1414
2256
62
76
418
1866
652
1778
2539
442
18
264
2617
1960
2251
1480
260
810
338
1434
130
206
2503
2255
2608
1734
2356
736
2039
1728
526
292
2440
2286
524
818
2426
1740
2452
1991
2024
2045
2536
2240
1984
2826
462
76
1874
2446
170
1884
2278
238
2233
2620
256
1222
880
2161
2016
254
2182
588
2310
2459
570
2363
2074
842
2248
398
1824
2211
2200
1890
440
408
1580
712
1456
844
96
594
746
528
924
410
534
332
54
1802
2294
2138
260
1656
766
2165
2231
1832
552
1086
2613
856
278
2387
2465
2438
1272
2144
2239
68
1292
1922
298
156
2334
818
2728
1668
1674
148
584
1666
36
1826
2753
2082
60
1374
2594
266
438
52
932
2300
310
838
504
2219
172
798
2415
348
2682
2118
92
1137
2548
64
298
962
1442
1000
1869
28
2823
100
1172
2575
558
1914
2149
648
262
1312
2032
28
2355
1410
2117
8
212
2496
686
2617
1218
2556
638
2084
2206
570
34
892
360
1132
806
1796
1620
604
270
2409
1042
2323
2324
1534
2233
2348
908
2164
1612
2036
224
1650
946
1008
670
186
1182
1826
790
696
2365
1770
1136
110
550
612
456
768
954
922
1302
198
2291
2156
616
2206
2143
2485
2380
1180
1304
2209
1812
920
870
1318
844
898
324
932
1953
1290
2393
1446
592
182
368
2589
618
1508
2272
6
242
2282
2038
1452
2323
716
258
218
220
1274
496
784
638
2661
2114
720
342
1208
1438
98
208
2149
1824
2401
1726
360
2311
1476
2313
1684
1406
738
122
2673
1380
360
2020
2223
2063
368
192
2358
490
2192
1386
2330
2696
1416
562
146
322
2479
394
742
2556
2455
1896
2432
1400
384
196
458
2367
360
1843
50
2035
2541
944
18
264
966
374
1926
1476
570
1454
488
730
322
354
846
2134
38
2125
2125
2471
724
722
160
1946
510
760
1982
248
2
220
482
1242
2110
612
1550
2453
422
902
1936
1122
1086
574
122
2362
414
2127
2421
922
1552
2330
2390
434
342
240
226
2674
1008
770
780
2535
2189
906
1214
162
2214
2578
2128
2094
808
2233
936
64
1958
1532
2381
1286
1014
2411
1092
722
1760
2083
372
2254
802
812
2398
438
2026
2
1840
2283
510
1134
1128
2375
2090
2823
814
2283
162
2132
562
1909
1044
1266
1416
56
1748
500
1084
564
2350
2351
1090
2256
2741
1958
2488
2004
2302
2606
2367
2338
2692
548
480
418
2012
26
666
1358
2359
2598
1694
1872
2354
2187
2692
2296
1738
2179
2270
414
2228
1262
2501
2092
488
1738
2257
2188
2697
1138
378
2056
1380
976
2700
364
2485
2219
392
440
2276
2310
1878
1850
1708
2040
2577
510
648
450
958
184
380
1254
530
1390
1922
2260
1184
1966
258
2497
2514
556
2498
2536
502
362
2563
994
430
626
344
866
2044
808
2368
164
192
686
2569
2493
1596
2304
2227
2400
860
2524
2465
472
1902
2316
664
326
2409
46
1530
2229
280
62
1558
2722
2116
790
1844
850
2049
286
2356
2133
1414
2273
74
2168
814
210
1898
2096
1790
700
2231
14
426
482
2293
1372
2062
1750
2485
2463
1834
134
1116
72
1134
1364
358
1540
508
814
1318
300
48
1412
1314
2197
564
1628
2566
418
438
1128
2307
2365
2336
240
2308
996
1312
902
370
150
1766
1006
824
1050
1906
408
2302
1028
2347
1710
1060
870
2407
668
1736
2102
2672
1424
2534
2605
1842
224
2238
1774
1876
2122
360
8
1400
2006
1828
2487
2234
2164
2365
2349
2289
188
1344
2389
330
310
126
2438
252
500
70
1360
1644
1676
1036
1042
2054
1700
616
12
1997
860
2645
2120
1038
224
1696
2387
1158
1072
1674
1090
56
4
176
2053
1254
696
1548
2268
2588
898
30
842
942
1406
1082
2033
44
956
2123
1140
2212
410
1020
2248
2203
2787
2688
2531
2527
2143
26
1754
52
1468
1188
796
150
2650
574
1128
2361
2366
1162
1212
110
340
338
2386
1168
1348
564
280
2108
2130
328
2098
2611
1775
2791
1334
1886
1092
1584
2158
1836
2274
910
2484
2127
1118
410
418
1666
598
2254
2397
1708
132
636
498
2519
1904
1916
162
2000
2097
2053
2330
32
2217
1252
1836
2211
1216
1306
2746
2768
728
2270
2042
672
682
2202
2360
1394
120
1966
1370
532
488
2326
1856
176
1306
2004
2284
2242
396
444
1196
782
2387
562
228
1230
2187
2226
138
2257
2483
1704
266
2398
598
2002
2146
2044
2512
652
1948
1162
588
1990
10
948
332
1644
1580
846
492
112
342
840
1150
2021
630
1828
2569
2026
828
454
2400
2082
142
870
2242
2162
1452
2537
2237
2295
2062
2793
2682
1382
816
2474
1404
2377
1950
10
154
2280
240
826
2340
2136
1742
2607
1432
62
560
2048
1418
2383
282
802
2436
592
574
512
1106
318
1932
728
298
956
232
2207
384
2476
2515
572
450
2338
2558
790
258
934
2492
72
1808
1870
2341
1997
1006
2452
202
1750
2658
546
1022
2610
2584
1116
628
628
2336
890
1202
2362
1056
2254
606
2212
1070
892
1512
2387
2038
2167
390
1456
1412
2333
2239
810
2085
1640
2030
2458
2521
392
1148
1979
466
2105
2492
926
2463
1282
658
1306
560
1174
496
466
1586
2056
312
1942
1993
984
1104
312
650
2394
2264
252
2219
556
438
2056
1236
2695
178
718
2348
724
1364
36
2351
1754
2012
18
1078
250
2217
1062
496
2054
830
2533
2351
2302
1984
784
2183
2168
658
2789
2587
552
268
1224
2321
1716
2194
2530
470
2518
1696
2531
238
1974
2165
64
2584
152
216
2069
236
2120
1020
2675
948
204
108
142
20
2491
1362
2383
2396
1948
264
1758
1174
2079
794
2328
1558
162
108
2
2596
1656
1438
1568
1480
270
1306
2549
2076
802
1526
2218
2396
266
2360
2118
94
1654
194
1520
1072
1364
1152
1328
864
1730
1836
718
260
2340
2409
1358
820
2147
2824
834
1540
1693
2442
2612
2246
928
714
1470
2309
1792
88
692
1610
2553
1600
2074
1538
1516
1988
2576
1034
2152
692
1158
2159
2133
708
1456
2722
1456
30
832
1174
1788
234
82
2250
2026
620
618
1690
176
2074
2510
66
2176
52
1484
1834
2088
2636
676
2190
1374
766
16
1154
174
1420
2150
110
686
488
1226
2079
682
1190
2313
2325
2191
2364
1174
2454
1226
1574
2116
878
1439
2107
908
2594
2389
960
2382
848
510
450
2270
1488
184
264
2636
446
1186
854
2303
2597
2581
622
482
1446
364
1484
706
506
356
428
186
128
760
300
2234
1064
2469
2589
712
1394
2453
1308
2764
920
1932
2160
592
652
248
2380
2552
564
1570
1950
24
292
2026
2388
2123
128
2061
2313
512
468
786
168
712
1106
1152
2310
1380
980
658
720
2188
2078
554
926
2708
2438
2317
2427
896
2078
2564
74
4
352
438
1676
820
2048
2229
106
156
8
2256
1010
778
1658
698
1492
1142
206
402
332
1872
524
1488
2244
476
2431
1208
1012
2260
2422
334
2822
162
2265
2500
1744
424
2116
2206
1838
110
2243
18
262
2048
2616
2376
1078
2138
1342
2402
396
218
2512
608
1922
2634
904
210
632
642
572
238
1132
982
688
516
488
2164
2469
16
1330
1964
1294
2322
2268
908
1773
1940
2182
1102
1500
2281
1050
1530
1154
100
2274
1364
412
2086
390
100
2453
1082
540
742
2449
514
810
2700
2133
832
984
2624
2638
2341
2321
456
2644
1662
1992
262
2226
2564
324
594
1268
1598
1670
786
172
2048
2299
938
1124
84
1392
130
1302
2236
38
2769
1458
2227
624
160
1308
576
1076
2005
2006
602
2233
48
2434
2469
116
2306
1920
376
2279
514
1112
698
384
1933
804
2373
298
2535
2516
2451
1250
1588
1062
2165
98
2412
880
1790
992
1272
686
740
1712
2149
862
1516
16
2308
1396
740
160
2504
824
1494
2104
334
1428
40
1154
1540
2143
2110
1454
2226
190
98
656
594
1999
418
2434
2432
2325
946
714
46
1060
1250
1782
1200
648
814
432
2103
2048
228
586
1871
960
648
510
294
1634
2200
2118
2571
1608
446
2221
2032
842
1560
2409
250
870
636
966
2482
1394
838
764
2163
6
254
850
2232
2394
1606
1104
276
2050
1334
260
1880
2006
274
168
776
954
616
1514
142
2563
2125
744
532
2570
68
1574
1584
1400
1036
1502
276
1690
576
2398
32
1274
1630
2517
1114
1900
1134
118
1881
2389
1354
384
1434
368
98
830
2393
2066
1424
538
2406
2129
1092
2150
188
1836
516
1932
1326
2110
98
644
2034
1862
1382
806
434
2570
394
1394
1046
2594
1983
2334
746
1364
110
274
2250
1512
256
2548
1170
2274
224
2090
1916
1028
2218
1040
520
864
58
42
2036
998
96
1816
1294
2352
176
684
1628
132
870
438
806
982
1206
1238
2560
1694
346
354
1334
1852
1064
148
1152
116
1881
2052
1178
2186
870
2424
2181
2984
1184
2070
2558
2252
668
1146
1512
1967
658
2606
996
1738
1822
2561
2620
694
1410
720
2366
1244
378
310
2558
2405
576
1890
1948
1568
2034
2240
578
1640
1234
614
2400
1174
826
548
14
2182
2150
2467
912
2068
2542
1984
1888
432
812
330
520
1594
1302
680
20
1836
510
140
2656
1642
10
2800
830
2357
2836
904
2340
420
2408
2263
2273
568
2481
1068
1306
2661
840
1976
992
190
788
256
2514
2364
126
456
2091
316
440
2912
832
2633
1374
478
120
938
2419
458
1020
84
894
2332
2032
2150
998
2172
2417
1030
2081
2504
866
2184
1861
1494
2332
1772
282
246
610
842
2389
164
1332
408
1966
912
1334
418
960
2283
1396
286
1784
1376
2290
2247
2222
2242
2227
520
1622
806
2553
2098
794
1728
2483
526
2332
1000
448
2306
108
1116
2283
1404
2026
1438
2645
2206
2138
1592
2441
2288
2634
126
508
324
2122
1846
212
1816
2300
478
104
470
1148
2078
2479
182
296
758
614
620
1310
1268
1288
1784
300
1622
332
1330
2304
1052
200
2288
32
148
1700
1050
1014
704
1950
1992
1582
1308
2009
536
834
2177
1390
400
1964
1850
2438
886
2133
784
2439
646
1108
782
434
502
2152
2763
2238
1016
2442
1466
150
2364
390
2078
482
696
1020
2256
2653
680
20
1996
2220
562
1218
200
2211
2435
1168
962
2034
2267
2016
518
568
1954
2354
1330
2520
2514
1578
1930
2481
36
1622
1530
240
1730
1516
216
710
240
808
2143
2522
614
936
322
2323
544
2421
448
2014
2545
978
16
2303
1904
622
1614
938
1606
918
956
2406
1620
2425
202
2701
752
1124
1829
2184
2359
1068
2000
2200
596
2199
442
956
328
2504
2417
2272
2304
1436
10
792
450
1232
2004
694
2538
1876
2377
1384
1100
2530
2495
722
834
682
1284
1348
2570
1916
226
2171
8
998
808
626
1656
1262
108
1932
2359
2631
2358
1992
2040
336
462
2300
896
640
544
1634
288
2378
2281
2338
578
10
2102
1110
806
1842
2119
190
422
2062
2405
1118
1002
2056
1308
2151
2052
672
1340
1470
1582
2414
2525
1910
1728
600
2038
2059
2162
690
102
686
578
1678
18
300
622
2106
458
24
252
510
1092
2426
2161
2114
376
242
380
1708
180
2222
610
2357
1220
760
2365
1504
716
1394
904
866
2417
1718
1850
110
1434
338
2307
2261
840
1923
1290
450
1932
1328
546
122
844
2317
2158
2340
1944
1442
652
2561
440
256
2475
1076
2440
2566
2301
1354
2656
2840
1940
1404
612
2125
2055
2607
2664
1510
2242
478
2207
1696
2182
2156
700
1066
1420
1232
1032
2518
2721
2172
70
2540
2
1850
328
12
1906
988
1132
462
1684
2382
1144
1792
1410
996
1590
2184
38
102
88
86
2202
1986
2668
2395
2196
312
2404
1916
32
1903
1946
1988
2014
2261
864
220
1088
930
2388
38
1596
1786
1796
2633
2455
2022
2157
2182
1394
1639
54
700
2257
2821
1488
1940
2060
302
1118
1931
1106
2015
56
1434
2282
1742
1078
466
858
2134
2256
2358
2324
216
2513
2272
1994
444
2250
2082
2610
1140
248
1614
614
1438
1667
176
40
2207
1588
786
1522
2571
678
120
1478
1130
740
64
186
1582
2524
2224
448
156
1868
2059
690
2258
816
2041
1692
2769
712
1870
1314
2634
2502
1392
214
2325
2402
772
2164
1324
2280
46
1746
2368
810
2299
500
2488
1400
458
2573
244
2438
2306
2426
696
846
2179
1282
1474
1494
1848
578
2740
718
2296
1160
210
2062
2477
1896
286
80
770
1946
596
2510
2533
406
1516
944
40
468
1430
2246
1564
2346
412
816
30
2238
82
588
468
514
448
534
344
952
1394
826
484
1066
2370
2406
2139
374
1526
698
218
1270
440
264
2623
2028
352
2064
1870
2210
1796
1866
1444
1810
2092
288
1282
1012
1266
2568
2403
222
1860
2230
2192
1554
2576
442
1874
900
2276
2296
2488
2429
1732
708
904
1184
622
2073
298
2331
1382
1706
2200
930
2347
530
1489
2651
1991
2476
1701
2263
2828
2878
392
1974
1570
2409
1688
162
222
246
410
2613
2383
680
330
1378
1266
274
1116
298
198
1971
2165
1864
632
2088
1780
536
24
2128
1494
2230
2341
230
2097
2299
2390
2537
10
432
86
2161
1404
2025
1086
166
2171
884
2508
2377
2093
526
1494
2691
2188
1960
2223
630
1506
276
290
90
1632
2162
412
1396
982
1104
1896
128
46
386
2216
2006
2146
1650
1104
2367
520
108
232
78
1460
66
4156
2056
2178
436
1718
1692
14
1656
1786
716
36
2215
766
186
1106
492
1426
2357
174
144
1678
346
1884
826
2268
1838
368
718
1696
2072
1828
2304
2467
1160
1846
1676
288
1966
2370
198
2615
2311
24
2132
2073
796
804
2264
1942
1812
2342
84
532
1448
1448
1630
1666
818
2171
2170
578
420
434
2177
2618
2142
2192
2139
286
802
808
42
1076
778
1764
2341
1054
2796
26
1200
376
698
260
1843
2369
678
2388
248
182
2188
1278
902
1000
514
2518
330
600
2491
1782
2400
1906
170
416
2
714
2411
1410
20
266
1358
2111
304
1444
750
2605
682
182
2254
52
1996
1408
398
2193
608
1988
270
2381
2355
2250
908
2468
1525
134
2293
652
1866
1684
2662
304
588
1608
778
1472
2756
548
780
2010
218
738
832
2242
2347
1324
312
1864
2112
720
1532
2002
2732
822
464
2691
1488
1496
1554
754
1518
2117
950
2504
2519
1162
756
996
2162
438
1580
440
2060
920
1852
16
800
1340
490
2319
1540
1838
1146
2267
1796
2022
2277
1864
2212
2457
1450
524
2397
2397
2078
848
1552
110
942
70
2550
1204
52
2240
378
2279
1942
46
1882
982
2004
468
862
712
926
1732
20
780
966
1922
64
2313
984
1266
684
844
1148
1198
2351
674
2352
2191
2098
950
624
6
2096
2129
2550
456
2064
190
1270
616
2228
36
2027
472
1965
2375
2358
1384
2396
764
1828
2294
2091
1236
1112
2153
1186
634
224
2492
2713
1134
274
1835
2206
1062
58
2334
2338
2414
2126
1180
150
1162
368
172
434
2427
2172
1496
1072
694
1226
74
1978
762
2284
78
1220
2053
1022
2546
2139
2094
868
2081
2257
2373
2528
2048
1342
2664
2266
2744
1932
918
1012
1396
270
2680
106
1582
2511
1310
1440
166
656
2033
1146
230
1754
1953
586
1880
866
1766
1124
736
2582
2485
1060
2449
890
2086
2045
2124
2082
2376
270
1622
1270
2430
1304
1376
2680
494
1652
2360
2474
1316
90
2269
2477
358
266
36
2232
150
356
1074
2169
776
1566
816
1250
1244
592
476
2218
752
2246
2130
174
32
1152
1030
2291
448
116
344
2179
436
34
612
1472
30
248
924
2130
2098
116
2432
106
2034
314
542
890
26
1890
554
142
2306
2320
2508
1622
1878
184
818
50
2789
336
2600
2244
2564
2317
280
2102
2477
2148
2318
1812
2047
612
1767
2425
2403
2362
1130
1364
18
2045
392
1232
1328
2407
580
316
2554
2016
2036
2032
246
564
2779
466
1922
1468
1010
1230
234
86
1444
2438
1456
624
412
20
314
1536
1960
734
2158
594
2174
2252
2204
16
680
450
2182
1658
1680
2184
1768
2210
2076
1896
190
2175
6
2092
458
632
2698
2078
2649
2576
44
614
1898
2012
2418
520
1156
2469
1056
1958
1514
1784
2341
72
1190
2
1750
2319
1958
2679
2403
1042
370
1892
734
638
1864
2106
2411
2152
2252
1526
636
1924
716
176
528
1903
1882
32
490
86
420
1916
256
2488
1989
2200
986
938
610
1670
818
154
320
2164
2281
1132
780
962
126
708
2464
1318
336
304
2217
398
1422
2578
1108
2074
262
640
1412
1964
136
1828
138
488
1742
1902
260
2254
722
2157
688
1220
1910
2563
1236
1714
1648
1198
846
546
650
2100
2527
740
2214
2464
2287
1260
984
624
2538
316
1708
1979
1886
102
1536
1816
1656
1004
1322
1768
1415
1284
2418
2008
268
4
1894
2586
2192
188
310
2280
212
112
954
2654
2180
2154
442
1846
754
304
1282
2193
38
88
1156
288
1728
2237
422
2594
2301
1136
44
1983
1098
2170
72
2238
2348
1826
2433
1050
352
2043
1104
1044
2238
1280
2797
60
2182
778
2259
2522
2210
2094
556
1126
2508
2596
2716
118
486
1310
1993
2417
448
2214
1992
30
1938
1718
1314
160
862
1016
2180
368
1238
2360
58
532
2245
378
2437
2435
762
1212
2197
2490
744
1092
340
522
906
1642
504
682
1302
600
1002
1396
28
1254
1170
1292
2379
2553
1696
1484
2368
1390
1570
366
2207
714
2511
84
540
2493
356
880
98
278
1274
1276
612
2309
1226
1112
2150
2149
1648
420
2301
18
1838
1746
652
1782
2674
1370
2121
562
690
1090
2017
334
2128
434
1646
2179
1164
578
392
1737
2110
1948
1994
136
206
2208
2300
1216
1326
754
1594
1884
464
2209
1914
1350
2162
1108
2688
1940
2181
1934
2470
890
744
1702
6
2407
2219
456
3058
1674
1976
2303
546
1302
2437
766
546
2064
502
1130
2700
2175
1872
1668
1794
1978
1154
2506
1264
1618
2244
1834
810
2426
586
2133
2310
1302
536
588
850
664
1258
514
2208
870
1682
1584
612
2054
1550
236
50
50
186
616
1122
2689
1858
2326
1760
662
2337
2232
2559
634
1186
578
328
1472
164
278
486
1864
2676
2563
28
1146
46
2142
2490
124
2011
1920
2194
238
832
2225
58
648
794
824
668
2214
1344
490
2605
2410
1872
2214
2315
1218
646
1710
1374
2515
870
2598
1130
2094
1456
1990
1931
2127
2338
610
1640
2124
580
2391
1242
1964
2011
216
1984
2580
1476
1350
172
2174
2570
364
2445
402
160
1368
2242
828
2550
1836
1414
1548
564
1968
1006
1558
1754
860
2586
1406
2128
1044
314
1902
858
1070
2796
594
2123
1116
54
2415
1726
1022
2836
1136
1312
388
2427
234
442
494
2454
1872
1990
2004
2829
550
148
2322
2548
750
1957
2424
2472
676
74
2449
570
114
690
2077
256
2034
1128
2718
974
2428
2514
2461
532
2188
532
2801
2156
2504
1474
2685
2551
2109
2260
2918
680
130
38
1388
2164
426
806
2438
1172
208
2202
122
1870
1788
1564
2430
322
234
2426
450
1002
622
6
624
2373
1138
582
2544
2182
156
1862
2297
1088
2449
2323
2101
848
2410
2346
2342
1318
96
1368
1044
1516
620
1918
580
2475
1292
1190
1108
1036
2346
1212
2131
386
980
756
1640
2077
2048
1742
1896
550
1196
924
64
70
2402
2430
2828
96
2074
1864
972
10
2482
2732
392
2625
1666
2589
1712
2112
146
2144
1850
810
1230
380
1046
710
992
1106
1186
2094
942
1158
1004
2560
1656
2437
2463
1104
946
1589
1308
2416
830
2587
2542
1989
2416
2412
1200
1810
554
248
2082
108
60
1652
1124
154
1498
820
2102
1250
2457
2180
2296
1144
2272
1662
120
1380
240
752
48
2828
828
442
2214
2571
474
274
216
2574
292
2236
2522
1988
1932
2158
112
1120
848
158
274
1992
2224
126
408
2345
1670
1918
1917
526
198
2244
1290
1728
10
1520
2435
550
80
1660
1904
90
2155
586
2383
2829
2709
2381
2204
1172
2375
178
1952
2174
1198
2328
2030
1590
510
718
2539
1554
2137
2450
1594
80
1804
1530
916
2501
1154
112
662
2516
1984
2569
1808
2468
1871
1806
2465
2477
854
2163
1858
656
1380
504
2299
402
130
2149
2148
2092
804
350
2602
2162
1718
2347
594
2290
444
2430
1264
2418
1836
698
664
2671
1948
866
140
1612
2402
346
982
334
386
1214
452
306
978
206
654
2214
2167
2194
304
842
1764
2233
1544
2561
78
1624
242
1928
2017
2748
2277
1326
2307
2365
458
1480
882
2369
2368
954
428
2447
1046
630
2224
2148
1562
212
2290
900
978
184
702
2553
2375
598
1971
2410
2132
1352
654
154
342
2105
230
2787
2036
2192
2509
1928
1344
976
1604
1698
474
1615
2300
918
1384
2380
1548
2531
1994
1088
2596
30
1174
2019
330
1010
2224
2109
2
1894
1150
1834
344
612
532
74
2076
634
750
274
326
2473
1376
1026
206
1870
1966
1090
1216
54
2113
2595
2072
1708
1008
968
2054
1750
2432
2341
150
2130
398
2042
2311
702
406
2783
2506
986
1778
1882
170
616
2145
2250
2171
66
800
712
134
1426
2345
1690
1846
98
1558
524
2210
2494
2124
1893
2358
1916
496
142
128
210
1366
288
1630
1806
2231
2782
176
2478
2156
2219
2412
440
1678
958
680
336
196
2048
1942
826
154
1902
822
2218
1772
2381
470
1508
2555
2752
28
478
1618
1310
2441
2351
1902
294
2155
456
212
128
2021
386
2165
762
2244
1530
570
64
30
1124
798
1622
2538
1046
362
2050
212
2718
2665
1438
2033
70
312
224
68
862
2018
2070
266
1901
1120
538
1760
1968
2326
2720
2497
3236
2007
130
2448
2209
1462
2096
2430
66
2330
2434
1338
2204
2050
100
188
248
534
1042
154
84
2187
50
58
2103
2130
260
2177
2382
186
2442
1108
324
2313
834
518
582
1836
2100
350
2820
2002
330
2335
734
2317
640
2687
472
1888
1056
184
474
346
172
672
2175
578
1058
1842
1770
1756
178
2241
1836
698
338
2359
730
348
438
152
784
2349
2362
120
2375
1048
2230
26
1603
2394
1660
2188
1030
16
588
640
498
820
224
2256
242
2234
440
1974
2492
592
2412
2668
1992
64
2164
1626
1102
1130
452
2204
398
104
1450
2020
1736
214
108
2277
1829
2404
202
2093
2307
1010
2258
28
1836
336
2039
2332
1484
2324
2046
1322
2077
1094
1570
472
2523
2094
1655
2008
2376
688
2532
300
410
1046
2447
94
2339
106
2268
220
780
920
386
2626
580
2367
2325
2145
766
1040
2209
68
1360
1779
1712
2265
2484
2348
34
1782
690
2485
1780
1962
644
412
1384
1530
44
56
1012
126
2491
974
2454
294
610
2064
1904
1076
1030
2295
40
686
172
2171
2526
2388
1418
2597
1456
952
2479
2147
1998
754
128
2234
162
2273
310
1945
1682
514
1824
596
138
1434
212
2399
340
422
416
494
824
1708
368
2763
312
178
2255
672
1628
402
516
2213
1550
2498
476
524
2239
2257
566
1706
2036
700
1670
2308
2121
1216
1274
2253
682
312
26
610
1352
2382
460
368
2383
2278
658
1492
2341
2421
480
1358
364
84
2208
414
1986
432
290
2208
272
326
2740
1106
158
2319
2348
4
2470
2252
74
2530
414
1342
2495
2565
1530
2460
1871
2230
2650
988
718
1774
210
508
1220
796
362
228
572
2060
1472
270
1346
2431
2452
868
1774
580
1200
112
1782
2001
2291
2463
276
1006
1292
1494
358
938
1060
2064
66
1044
2706
150
394
2388
342
970
504
98
1984
1820
2028
2348
2296
256
372
1080
2234
2670
698
48
634
1186
1786
2111
1048
896
172
2348
74
2696
2466
2132
1752
2249
1312
1782
2205
2548
1850
340
2959
1088
2587
2798
2084
608
234
390
1534
2075
1754
570
1194
6
2255
2278
2493
2076
1594
2239
1168
1845
204
120
158
1634
2615
2127
1148
286
644
218
44
976
2317
2507
154
190
2424
558
1404
270
1038
2126
394
760
712
1210
886
1510
2243
450
2085
532
548
1606
986
2082
1442
2088
1120
838
2421
1350
1872
1590
2005
1364
2346
1498
318
2064
148
1814
724
530
320
1498
1050
966
644
1168
2788
1940
2563
1232
846
100
550
872
2351
2270
2707
2464
2644
1162
2777
2765
578
2264
1924
952
510
2075
1568
1522
328
1154
1088
416
1490
2565
1480
704
2090
1730
158
16
1859
2060
308
298
2671
50
442
1318
882
2104
2206
1826
2410
1530
2322
596
1284
648
914
280
834
684
2239
22
2128
1666
450
2639
156
2275
276
1370
2044
1592
1957
60
982
2238
2394
1958
1110
2504
2338
1056
2418
96
402
1240
2230
778
724
2686
1690
768
1142
1774
2210
612
1680
380
1752
1060
2664
2049
2177
570
802
1204
528
1070
1949
2306
770
1482
484
2307
2402
20
394
1874
2529
1000
1446
222
1952
2130
668
1098
2064
76
2228
836
572
2506
1230
642
2022
2414
1638
2010
2518
560
2175
658
558
236
1462
2380
538
1020
988
1084
1026
2474
2320
2514
650
2174
884
8
2680
60
416
492
806
668
2610
618
400
644
1228
992
1144
2362
2464
3236
470
1692
328
1808
2400
2131
2472
260
1214
2086
2684
1054
1102
2190
2372
2528
1758
128
2
380
2228
136
134
350
2105
782
2218
180
1434
2276
612
2034
1340
2144
2349
2791
1730
722
516
366
302
2072
930
2228
2120
1214
2018
2306
2341
506
1036
456
864
2249
2435
76
1432
662
694
2792
1416
2192
118
2312
1752
728
212
2321
1220
2151
2162
688
1512
554
854
1116
2391
2312
1638
2098
972
1904
18
2030
1604
676
1542
790
2122
102
142
2432
1332
2221
2280
348
684
2028
2447
344
1726
1707
2371
120
1496
2657
2238
2522
1322
194
934
1368
1414
2123
2464
750
2220
2448
1556
940
320
616
792
752
212
708
1904
2237
646
2590
314
1476
1008
1146
1366
1528
1286
2535
2413
2
2369
314
592
2383
428
2358
1332
2273
232
2189
520
1222
1632
1838
98
116
46
822
110
1596
2225
1140
2015
762
1410
2255
618
548
1982
2302
2233
2620
792
244
2201
2255
412
276
2196
2050
2261
2344
2357
48
2295
1574
2283
2203
362
1114
2475
178
754
820
262
1486
1344
870
2481
2153
136
202
18
616
1066
220
1590
298
1378
532
1000
1862
2404
2041
1872
786
670
540
1528
2470
716
960
1974
2941
1310
2629
558
892
2246
246
2602
560
798
1022
1274
874
2330
2059
12
1182
2002
182
2623
2398
336
2458
2630
334
894
1834
192
1878
1636
1914
2336
1104
1384
314
1000
1106
1728
156
1192
1780
420
1098
202
612
2405
232
562
1256
164
2143
2496
2600
470
2104
854
1036
2326
814
1494
1998
2533
258
2570
1422
1370
2590
80
354
2338
54
880
418
68
192
1254
400
1972
2511
378
1476
2585
2094
272
116
2421
1176
132
1244
1250
2377
2090
188
340
2653
732
2228
1216
92
196
2130
2092
1422
396
2062
482
1866
1052
166
308
1897
874
2620
654
218
2717
20
578
262
208
2293
1592
2135
182
458
162
54
1664
2066
1934
1146
1484
2464
1806
1852
1442
1448
2792
1024
48
336
350
284
2054
1388
244
2280
1722
2090
222
1946
396
998
848
26
2032
320
402
2527
2078
106
2310
674
1658
1660
2528
256
1727
262
714
108
2461
2025
820
130
2003
240
54
2576
2406
1040
892
508
1544
2057
1022
2137
2111
2077
656
90
754
658
598
1172
170
2163
1258
1118
1164
2614
1186
770
2110
380
2188
542
2366
2117
1888
56
638
78
2598
2394
1742
2707
2077
2384
1650
1050
192
764
2516
1634
156
58
2710
808
534
2420
2169
1498
2168
2266
532
860
2375
1258
28
2405
1034
846
2312
2434
618
2214
1656
976
270
834
20
1290
672
2174
344
512
2262
406
2451
428
676
2362
1268
2516
832
260
104
2239
386
2680
2218
320
1448
2092
1146
660
2373
146
1450
2
1326
1892
2258
402
758
1973
2657
152
390
2486
1022
1588
122
436
2689
1614
2321
2121
1464
746
914
468
2276
1850
942
2283
1484
2127
1158
836
368
1558
684
188
1794
486
1626
2514
1262
10
1118
722
990
1052
1228
2326
2239
596
900
2340
796
948
968
618
172
2467
2738
2683
1926
1298
630
982
1777
592
1724
1172
1100
2444
1680
1350
2351
1866
1788
2145
2164
2336
32
2365
2061
2525
562
1034
2072
1194
2352
1896
2300
318
1998
2193
1026
2308
1100
1352
2612
1200
1166
2159
1742
2593
2305
2358
2
1840
1406
928
2084
2149
970
796
1206
2324
1324
2269
90
912
1968
2086
2551
2318
2716
492
1100
374
28
1831
1846
630
232
1962
428
672
1240
2818
1300
2193
2362
878
2004
228
1992
152
2114
20
18
548
1346
784
160
2423
1691
2202
1564
2091
1728
2246
260
88
186
2265
2385
392
2287
1042
2635
870
2347
410
976
2011
1736
2828
222
1576
718
2184
1410
1706
1818
2418
1182
1966
872
674
288
2066
2507
2432
2548
1240
1320
1128
2094
2123
2397
2432
2628
1818
2134
380
640
1656
216
96
1920
2235
50
2368
2625
966
2650
152
332
1894
668
124
1998
2207
2115
1880
1230
894
1022
1118
886
546
258
2523
2362
442
2494
1216
794
1196
1746
1916
1246
932
1846
752
32
2474
2012
1022
2027
240
1676
1660
772
1390
2582
772
2342
178
134
1686
90
2395
1224
210
2782
1590
2301
2377
2474
1876
2255
834
962
284
2500
1987
1622
2693
306
830
1909
1860
2173
1943
1486
692
2606
1936
1967
310
2174
504
1790
258
1700
984
1866
940
270
1888
2317
286
136
296
1912
1458
1356
2152
258
66
626
2993
864
1756
276
718
50
2204
1340
676
556
2637
1160
2344
1156
720
2155
790
436
2640
1272
1144
1690
1988
836
2434
724
466
2261
1828
508
42
2448
840
2578
1364
206
1498
304
210
46
210
944
2133
766
1012
38
1098
1812
2273
2600
2484
2282
2239
2224
1996
308
1192
2704
2453
1512
2287
1104
874
780
260
1486
2421
2361
1060
668
310
692
1444
1314
592
2068
2436
2023
1162
490
2336
906
2541
1242
122
746
814
1800
1214
2289
684
34
240
2426
1892
2523
1916
494
2361
2465
1416
876
1370
2349
674
1985
164
1444
960
1914
1364
630
1798
1274
1902
286
1972
1180
1162
1110
2516
2314
1066
1550
2048
2336
1430
2704
156
194
992
1810
2330
2548
1096
444
1928
2480
408
1202
400
1134
508
2617
1158
534
1592
512
2325
1899
2463
578
128
2046
2164
1002
2184
382
2195
2000
478
2622
900
420
260
116
2560
698
1935
1892
1570
542
2406
280
2371
42
2501
1886
2352
1846
906
2572
1266
2296
1420
2140
2524
2352
28
1849
986
1860
2095
2134
498
586
426
1418
364
824
228
2539
2453
64
1907
1688
2538
934
1094
1054
390
2180
2623
350
66
400
2696
288
444
1588
422
98
2274
602
2109
184
1648
1136
2028
2048
1948
2554
220
2342
308
336
106
1606
966
496
1526
2174
304
186
238
516
1360
478
1941
2640
326
1827
2330
1578
2502
2230
36
2083
1844
1734
302
134
1588
720
2260
924
1006
1110
1866
500
2269
118
368
2012
152
738
996
2178
2470
1912
1284
2176
1598
2322
48
394
2566
2240
2511
1008
570
294
598
250
1570
204
1999
624
2603
1878
990
52
546
670
2100
58
656
1788
1956
2591
622
2232
430
40
2142
1354
2694
2422
116
1990
2279
2592
1690
844
696
628
1910
2763
2165
2114
2391
1690
2343
2533
1074
1054
452
498
450
1240
90
2293
2758
2444
1737
426
510
1288
2135
2151
82
2057
158
2235
598
366
2748
1672
1106
682
1828
2024
46
1104
2326
780
2456
1116
2238
896
1430
962
988
198
2247
2566
2202
18
2389
2344
2241
2184
426
1927
2463
1989
1138
1926
2346
2184
1650
2077
204
1278
2114
36
354
34
478
2135
2274
210
902
2355
2327
1172
1814
2611
2866
1004
1678
750
1552
2314
52
246
270
2818
1096
3030
1064
2427
2142
2756
92
2420
1010
922
774
2389
26
1492
1514
64
330
2110
2270
2054
876
1888
1836
276
638
2488
852
2179
500
2263
1867
76
494
184
686
794
1933
1102
2642
2260
492
2279
2296
1995
1372
330
44
144
1320
90
452
2259
2023
2646
170
1926
2201
2044
1110
1118
1496
1862
920
2276
2641
1558
2264
1168
1002
570
976
1182
1735
218
348
2103
1622
2159
450
1264
2166
2786
710
2620
1852
2570
2154
640
1432
1020
1860
308
2248
242
2220
338
2071
2104
942
1298
386
2358
398
1919
1394
2732
170
116
848
1910
1138
2259
526
2493
864
1909
1871
2336
1727
2324
2215
1154
1862
1756
2319
2109
1532
1602
2000
2614
6
2093
710
1250
494
1794
2102
2335
1736
262
310
1158
2042
1906
912
2516
1562
1170
568
770
318
2307
2110
448
2515
2128
46
2059
2220
804
256
670
2213
2391
1370
2364
328
1014
316
1124
1942
530
136
2205
1038
898
2209
2233
192
2526
652
1038
1222
496
272
462
342
582
268
2547
164
780
1700
1330
136
2
1848
890
540
2386
2014
442
1106
2626
424
1670
664
836
732
1392
930
1238
2568
2379
958
1416
86
2487
2377
1032
2079
2495
816
2427
2056
1374
1082
46
714
2681
2318
2456
2348
1448
1782
1880
2286
2412
612
2060
868
2027
1220
1286
1632
2260
82
778
2274
366
1162
554
2159
1680
2382
1118
512
1997
306
2167
526
2210
2185
362
578
2485
840
2005
878
1746
336
304
492
1092
306
682
2534
1656
814
1522
1742
584
2203
1972
2064
2056
2668
2124
654
2532
58
1294
908
2167
164
2084
1230
2638
1508
52
828
2362
992
1132
1350
2599
1750
94
1086
1258
1196
2242
526
1002
610
930
830
1788
414
268
2192
1014
2118
380
380
2436
738
1704
1340
422
426
960
270
2314
2300
1404
232
224
1196
962
362
322
550
2061
2150
2156
1506
1366
788
30
148
2072
1068
196
2244
1690
310
430
1710
1138
1124
2571
974
2291
2140
330
206
1902
772
236
2414
748
1072
1824
554
552
42
598
1880
1484
818
530
2061
402
2242
2064
952
2585
688
2061
2112
2651
1644
1454
1394
898
1436
120
730
2221
1138
1849
1340
2210
100
828
1628
624
2293
820
1106
410
2436
1956
192
1440
2198
964
148
1004
216
1696
2162
1248
2428
226
2666
1766
1134
2273
766
1038
1084
2572
1312
50
1094
924
2359
676
1080
2018
2545
1634
1636
1270
2454
2006
674
1044
80
1400
1676
10
1102
2422
2009
2308
1308
74
314
2454
378
2478
1324
1282
1206
976
640
1852
2239
2444
510
2211
2536
2499
192
1972
1372
422
1960
494
2410
74
1002
1298
1336
2172
464
1836
778
2468
1308
1566
2508
2170
810
628
200
72
1860
418
300
58
2468
230
1278
2303
1989
846
2036
646
436
326
1818
1900
1048
580
2166
2571
1827
408
2316
2454
1400
374
1108
1126
2382
1482
2308
772
2370
66
1212
74
1020
2447
790
712
2486
2463
1032
638
762
436
502
560
370
794
2153
644
2238
2410
486
1846
2426
2862
724
480
2367
2333
2262
1828
92
2281
138
1420
2229
76
462
1678
442
708
2328
654
362
2464
2387
1518
1020
1862
308
2161
2682
376
2083
1920
2100
2385
890
562
2529
402
2258
278
1054
288
728
274
2094
2167
1324
690
1896
2451
1144
2152
1038
456
2094
1376
220
1997
1894
1911
934
2424
374
2392
2584
2380
1352
2208
2388
710
918
558
2020
2408
590
484
184
1154
1989
2542
2349
2531
266
582
1876
2999
156
1646
2629
2405
602
672
464
312
792
686
2626
488
902
114
1124
1372
524
1136
1950
64
2440
356
2534
510
1962
2308
916
618
300
544
2232
2317
1858
212
1252
1740
1652
1822
1532
146
2156
666
2200
2501
2394
2256
1986
2283
64
512
2384
1272
2007
556
840
406
1536
288
1524
660
42
1380
874
2287
190
2190
58
1044
106
2245
406
716
2502
786
1870
1362
2608
1892
2111
2278
1738
1726
2612
1822
328
2277
2374
2553
2025
2118
2638
86
2102
2052
530
132
392
2567
436
2026
1912
926
402
1304
882
262
508
2297
184
2496
2335
2285
4
2488
30
2077
90
10
2140
110
694
1282
1398
922
2074
1852
610
1834
1346
1242
1130
1344
750
524
752
2208
2153
520
1204
700
2178
1699
1244
680
2006
1244
1482
2120
690
970
126
1764
2365
1454
1492
1434
1140
1748
1458
1664
426
2785
1923
2322
2131
1078
1024
1520
264
574
488
2004
2646
218
2130
464
326
278
82
2169
1300
1950
1874
1062
2042
2135
994
692
1288
2507
2213
2468
2210
1918
2344
214
304
236
2533
372
2231
602
332
340
684
1622
1570
2172
2247
78
700
1142
1152
1784
332
976
1370
344
418
150
582
378
1418
2357
708
158
2339
2234
908
2012
252
1982
236
2553
404
1170
220
1916
832
2158
1126
1194
1194
328
794
1858
646
374
860
1396
788
2536
2409
1310
2425
2093
1390
2076
1748
1158
1728
1568
814
1924
2337
1969
278
1782
2349
742
380
2462
562
334
1472
1612
932
418
798
1962
1362
366
1086
356
1538
552
1316
1722
1314
890
486
2080
2171
2539
1766
1542
1744
2501
1160
2337
478
44
390
2436
2232
1566
1770
1206
1836
2545
272
118
686
796
394
1268
60
966
322
2515
1939
408
2258
1738
2018
2481
2290
572
1318
2237
324
642
46
2444
1242
2505
940
1716
58
1510
2153
2838
652
2343
356
630
2246
1540
1536
2331
1446
1394
112
44
1554
1766
784
1716
488
224
1786
712
2430
1184
10
702
174
1118
1884
108
130
1532
2206
1182
1960
698
2231
2497
1522
1978
450
1502
1932
2321
2637
350
980
2285
2410
526
2562
1979
788
2451
376
842
1845
1258
1132
610
1430
1200
2336
2763
2210
2306
2334
1376
98
2575
596
414
140
1930
2511
2152
1676
2396
2892
2503
24
2024
1098
2391
1150
2683
78
1478
1692
970
694
1574
2336
2370
2236
1963
1184
1136
100
2314
1138
1953
1316
1448
124
112
834
1216
2566
1382
1644
174
688
340
88
2486
780
762
794
2301
4
358
108
1910
462
982
2225
836
1358
2366
1816
616
2305
1502
2150
1709
58
70
1354
1152
142
1974
842
110
2347
1238
6
2299
460
2255
2285
2294
720
2289
1746
128
2583
878
96
104
1378
2271
2294
162
18
984
1987
102
654
2252
2398
798
2407
864
558
1962
1971
1444
860
104
1252
394
2419
1939
946
2084
526
2264
246
956
90
164
1990
706
32
612
2310
2257
1014
546
584
796
1986
432
552
1667
1404
2121
2273
3079
1582
2182
482
2394
1152
1576
1148
180
1066
886
608
2275
1124
666
702
2484
2456
2098
476
2074
2089
1618
672
604
2372
726
2419
748
1252
1028
1160
2191
2458
178
774
2302
2247
686
998
1572
2248
550
770
1016
572
682
850
300
1268
2112
714
1564
62
1152
2792
1670
2071
1910
2621
226
2024
558
2179
1158
544
358
1266
1829
280
652
270
1958
284
544
2226
2170
2225
520
2335
2451
2438
1840
2538
448
2172
722
2492
2828
1326
1460
1304
1212
688
1752
2236
2194
1178
2442
2358
76
2170
2415
780
2154
2117
1144
146
1956
864
60
708
2318
2538
752
398
1480
198
1520
666
462
2228
568
2417
2703
1584
1408
2362
2105
1300
2703
1743
2251
154
2094
600
2412
150
380
1488
2593
196
628
1224
776
1448
618
690
272
1966
2077
1868
732
332
2354
2644
2296
746
2264
1022
948
552
2249
2329
2509
1326
136
1898
586
154
2171
2078
944
178
1958
1838
2382
266
2153
348
934
1248
1372
354
2270
1370
2226
2325
1302
2244
392
2328
1754
1683
2466
430
2149
1988
1770
378
2224
1716
894
1944
1982
1690
756
514
756
352
138
220
1906
1958
688
2222
2380
1606
1634
748
2449
284
1990
2628
1752
72
2323
1240
1867
532
2239
2572
2178
2444
2070
1748
802
2767
82
1854
2678
2521
262
1252
326
2088
2474
2246
2269
2020
1006
902
114
246
14
352
2605
2524
534
268
868
1466
176
1970
160
2397
652
1624
1394
388
1862
604
220
160
1814
490
2468
2124
1840
2195
2688
162
1572
1504
2365
1880
38
292
1976
1426
2164
422
598
1130
570
2586
1912
1026
988
976
726
1356
2240
2050
2238
26
2440
448
2500
386
90
138
1368
2578
1761
2252
112
2399
136
376
356
2318
1858
706
2278
274
2380
1518
2585
2632
66
906
960
2193
634
1594
456
1320
72
220
766
78
2227
2342
298
314
742
1988
304
1744
1278
2491
112
1144
1098
536
2052
1374
1128
2464
2519
2068
1156
1674
152
2294
2277
86
1048
1398
800
2372
10
2068
2599
860
2123
2268
280
2253
888
1110
1402
76
340
1318
258
2353
1110
144
6
1192
284
12
958
2414
984
1999
1600
286
1234
2269
2421
1140
2374
186
804
248
2497
2397
1294
1574
46
1850
1000
1680
1852
232
2013
1260
268
228
1874
1090
2365
336
554
1726
1519
442
188
566
164
146
1024
768
12
314
1790
838
2357
2063
516
2424
1982
652
2401
1036
1634
228
58
2409
292
2254
364
566
168
2250
1596
2822
1926
168
156
318
1094
1662
1716
1266
88
164
2359
1824
1906
1686
930
1264
2458
2145
1985
2337
1542
2357
1550
748
970
804
2252
2198
70
2124
2101
208
1408
2214
866
736
1936
2071
2581
2392
1544
962
1360
218
58
328
332
2195
688
2189
428
216
1472
2152
2217
548
240
2490
508
446
580
1336
1180
570
2114
1780
2505
2534
1508
668
42
1622
2038
1826
2403
168
516
2433
1748
2212
2026
326
10
1372
88
496
2445
1574
840
700
1862
2344
696
2303
314
1826
458
606
76
926
1200
610
648
94
1510
1839
1410
462
180
822
2123
2619
2548
176
1958
1256
1594
2489
2180
1668
126
979
1988
1034
1846
96
2124
2150
1870
812
2288
1796
1566
1062
832
588
98
138
320
1990
2454
2388
376
2504
930
2580
114
500
1238
2056
554
1298
2502
532
1146
2014
342
2142
2140
1492
1130
2580
2225
2111
2399
678
550
978
222
2658
1760
2247
946
2281
2339
1392
394
1322
1270
708
546
2662
1118
44
2180
472
2422
254
252
900
700
2259
1947
2317
1902
1806
896
1684
604
96
1492
1506
2533
1566
2335
484
2151
2128
446
674
454
1758
2162
2134
94
2176
6
1212
1434
1891
378
368
2070
1286
2172
2360
72
2893
1134
2397
2378
1532
1084
1993
1016
1264
992
2380
2062
1154
2484
2307
2485
954
1508
2452
400
1310
1204
2610
2139
464
2012
836
2254
784
2115
868
908
574
62
2413
1104
2041
2593
1454
1588
1090
1038
958
1544
1550
2435
954
2012
390
2546
2468
2287
2461
1582
242
658
1756
2223
666
508
1694
1166
2722
2177
1506
2441
2733
1286
178
1887
132
570
314
1738
214
2073
2594
1804
2436
692
2110
1870
2010
2148
1710
2450
128
660
520
2403
1000
298
66
1560
1184
406
1056
1256
2342
1892
2208
2
2459
984
2600
2613
2418
2044
2379
738
2117
110
1460
2435
186
952
1146
190
986
2465
1704
566
1712
2036
1898
1294
1612
2445
1910
192
792
2265
1044
84
2064
2553
958
1436
1542
724
1986
462
2398
426
330
286
2108
442
208
1486
2607
2215
694
2093
986
1618
2476
1214
2400
266
2003
740
122
1810
1200
1028
1108
2178
1692
1788
2459
292
718
1726
2186
1476
2406
860
1842
2020
1144
2348
2389
1522
1092
366
1022
2165
958
2778
420
2302
2466
826
2188
2174
2166
1028
2429
2467
72
2336
2194
2677
2430
2098
1484
632
928
2328
1926
536
2192
308
672
2419
2524
1876
2234
854
1346
2545
2514
826
1100
2245
442
1288
2700
2365
2058
2476
198
960
2294
378
192
1334
1943
624
1482
1528
1586
1726
1970
1938
586
2581
2522
1078
350
2353
320
2140
1886
714
2345
2222
1392
1066
1202
1790
32
2169
914
2665
1664
188
128
2006
1622
2444
846
1266
2119
1062
540
350
664
2493
936
2670
218
2169
782
142
466
2130
1978
2464
484
2337
2292
1941
114
2018
1138
10
1458
464
624
2353
1056
2493
766
1642
2766
152
384
1496
600
1112
248
606
1072
2855
238
988
924
450
1638
1989
2602
2045
1790
558
200
490
2616
1486
398
2364
644
1324
14
1146
372
1449
388
520
890
236
436
710
2508
1328
270
2239
2690
682
1768
488
442
466
2090
2237
60
1010
390
162
406
2243
436
22
1490
544
2112
294
2311
418
2560
2010
2552
1864
1314
1992
1090
2551
1242
766
2031
442
202
900
2095
1544
1770
2152
2641
2484
2092
1612
30
1210
2536
1946
2209
2669
1178
624
178
2248
2378
438
750
1642
1232
466
1676
142
692
42
1388
686
2400
806
2182
2059
450
220
1705
2527
2189
762
2154
426
774
2458
674
2
580
880
374
470
1156
1058
1416
2494
1202
298
2
1976
1470
218
1364
2614
58
2327
2513
2639
2022
1454
1028
2410
1320
980
180
132
88
526
1960
2506
1690
2195
160
1818
464
1318
1534
2115
2246
1252
2322
2363
1680
612
1398
424
88
1897
802
2029
278
1512
344
1020
264
624
680
2221
346
1829
428
2783
2064
2012
158
1156
2614
364
2315
724
88
2699
142
1448
422
40
976
1958
796
768
2291
514
1605
158
130
350
688
1836
1086
2706
752
24
90
582
464
2418
2354
2291
1386
1802
26
130
2540
1342
1088
996
2154
2144
208
434
732
100
1302
408
2476
1884
2520
2124
1600
2578
2412
536
1524
2126
1580
576
1296
930
2658
58
1852
258
1300
1236
1715
2794
1048
2788
328
2153
2697
1946
2393
10
664
1580
1308
1907
2269
2262
588
430
820
590
832
2341
914
2309
220
720
1980
664
528
966
1040
914
2460
1597
388
2228
2140
1054
2102
1184
2504
2276
2355
2315
1732
996
2214
2056
1816
2327
500
2507
218
1726
2436
2378
404
2197
484
1896
2535
1290
466
2118
802
568
2254
1658
592
776
2672
2479
1210
1156
2620
1780
948
2370
2396
2146
592
1412
2249
2076
526
602
1898
1702
320
2606
1606
1562
2057
1968
1914
2422
2279
154
400
1054
1286
1286
238
2068
868
1100
2224
2584
274
2653
2166
2081
1718
2346
618
1652
106
846
768
636
2703
2217
232
2106
1084
496
2075
1774
1996
1686
230
108
2487
672
50
1330
1544
2217
1042
52
944
2036
838
438
1438
2208
1926
1364
1744
196
1818
846
210
1252
124
754
2047
432
1966
1054
134
1706
2707
970
478
2196
2341
2216
2246
2830
28
1182
1170
430
2098
2423
144
340
320
2240
2442
462
672
1094
2132
56
2704
1810
2656
566
1578
2655
1781
2826
2587
1168
1638
2300
1202
2076
2459
898
66
2070
434
1720
2049
1490
726
2286
2446
742
732
704
174
1224
1818
904
1776
952
2545
1150
6
302
2138
144
1274
690
94
1866
218
576
318
762
2110
106
2455
2689
326
906
984
2020
2380
1128
2548
430
784
846
1642
2892
2363
2157
1126
58
302
192
522
1164
324
2161
1188
1126
580
248
794
2072
80
2127
1656
158
2647
1138
40
664
786
748
808
1554
1478
1650
158
98
2601
2135
2315
1392
2436
1098
1586
684
1878
1628
110
1606
294
1118
2224
1098
430
752
366
1182
2701
1458
230
2437
2208
2388
1924
1662
2175
108
1948
1993
1646
34
2296
20
1236
1874
936
1729
2454
2260
76
2519
116
2284
1670
346
2344
2589
2177
246
2434
1130
1372
1832
1894
1678
334
868
2600
602
1044
396
1424
160
1206
1532
2269
772
12
754
382
1248
810
2254
596
2136
2346
1160
2095
1974
368
314
1154
170
2123
2192
186
2224
348
2718
2481
1638
176
790
888
1990
1930
2093
2320
2519
1312
714
422
2417
1130
2190
1985
320
310
2268
1332
322
1226
2391
1242
1156
1464
1532
2847
624
1710
360
1554
2195
2032
908
2314
2129
630
2136
1308
444
1346
1430
606
560
2427
226
30
2131
1988
2635
1658
1444
1820
800
2173
662
2338
184
2058
952
2352
1968
1414
1132
658
1048
1466
1334
236
36
1064
102
158
172
1140
2502
152
308
2216
2218
892
648
1974
1068
290
62
2072
1072
1108
2661
1324
2105
2155
1912
1056
928
2177
366
504
1272
1432
72
998
1520
924
2128
628
1644
816
2019
218
740
1774
958
1664
328
624
1194
2249
426
260
2472
1418
2105
752
2109
136
328
2044
1890
2696
2134
1106
2139
1544
72
1148
2124
1014
2376
170
150
372
470
1699
2394
832
428
2616
1992
1953
902
562
56
1006
1438
2134
1352
1128
1256
422
1916
662
2355
248
190
2220
534
974
2610
2354
478
518
1336
1028
1312
972
854
358
562
468
88
2398
1894
2590
2468
2124
2332
2733
2644
408
2284
1584
1236
458
1336
432
1846
1190
2217
168
2265
974
2370
746
2239
42
1414
1062
544
1202
2231
1962
2439
1196
1228
440
1194
882
2505
106
2621
1492
2608
1440
2344
1855
1954
2298
2281
88
1300
2211
1987
60
2355
2464
1962
382
2137
2461
868
1016
2170
2453
1988
804
1908
2376
712
2198
2011
750
2347
430
114
854
46
2316
1988
2527
194
60
1916
2260
2230
2472
104
2243
1788
2514
2465
2288
2466
296
932
190
180
2516
840
2062
1936
1308
168
2477
2412
338
2303
328
218
398
1644
1898
2414
1788
2142
2480
164
1058
1900
370
2212
1979
1812
220
464
774
2584
442
1058
1302
846
2370
84
774
2057
1248
1702
2879
998
156
2383
1422
2553
704
2474
2186
1532
584
1832
518
414
236
1146
580
298
1694
1670
1100
1722
2223
1812
640
450
194
1586
1708
1302
2353
2203
994
1016
1482
1102
2059
808
878
2421
1166
1096
86
378
2279
340
578
914
600
584
1714
112
504
2216
700
32
158
734
2210
102
882
2091
1126
244
1941
2684
1580
1868
778
1034
2177
2181
188
122
378
1657
480
1892
1548
2205
2634
2331
336
2698
1384
2016
2454
62
324
2296
1702
1896
2365
2287
2182
1692
2427
834
1658
1598
2066
512
2870
2634
2408
336
602
2330
906
408
108
1640
2042
414
1248
508
1990
2399
432
2547
100
1546
1880
2230
1952
624
88
1436
2617
2052
2723
2426
1921
710
924
732
1616
1762
2262
842
900
1878
464
2414
282
202
1036
2445
2444
2561
2855
448
2451
2423
1622
328
992
1486
2198
2514
2120
1396
2201
2228
610
436
1438
392
572
1694
2149
256
1942
378
916
1374
1158
242
1558
570
2292
610
638
774
2016
310
2030
1640
2781
1902
942
2755
284
720
1204
1590
1958
2464
2239
2327
2494
2667
922
1144
2079
1176
262
680
2554
2041
2549
1368
628
218
1748
1482
62
1786
916
1414
2774
94
1768
1156
540
988
2232
370
1242
422
1518
2006
728
2437
1876
760
1110
134
2471
420
398
1408
878
1592
1810
1390
1972
456
2813
76
2705
1346
2335
2152
316
908
442
2036
604
1720
334
2473
726
554
1258
104
334
2447
2268
1850
2629
1608
2390
234
174
2425
740
1190
914
586
2272
2079
2010
678
492
2358
1646
1374
1238
1738
1780
922
1148
2230
2034
12
1768
1184
2392
3118
1742
152
1332
2270
1472
1038
2522
184
2356
216
1914
1074
180
2785
2537
80
1242
1088
2260
94
326
834
986
1892
1722
2315
2066
1720
2375
2031
254
512
2227
2556
242
1928
1576
90
1680
2318
2123
600
148
1826
1060
2184
616
2469
1092
774
392
1380
912
1162
740
2558
430
674
256
2378
1058
928
1144
2208
1876
862
86
146
2554
196
2403
2156
2115
2120
1976
480
1042
2305
1452
2576
578
2084
1488
1394
1772
1882
810
1778
192
2575
2551
2395
528
840
972
2181
1630
2214
290
692
2439
20
1922
2990
258
1172
574
474
886
1714
2234
2547
2472
1222
1286
2069
2338
98
590
1154
744
2185
2239
794
1650
380
78
1084
2559
1222
2018
2271
982
252
320
2220
1460
2024
416
2206
1840
2132
1780
2528
1332
170
404
844
1800
1058
2014
1394
10
1836
2173
506
1408
206
2334
1370
2319
2613
2327
2090
2323
2198
1134
2376
716
1334
2186
2666
1920
2532
2147
1270
712
2106
268
76
998
576
766
2339
1250
1808
2149
50
1612
1845
800
2475
646
1012
1384
146
1964
1022
1174
294
68
2377
1842
134
2602
2431
594
1202
720
2446
2678
406
1442
2260
1112
1728
828
2613
2505
326
776
186
2524
198
816
2005
448
210
786
186
2456
2319
156
2194
766
1924
164
78
1644
1852
780
150
2236
980
698
1456
1705
2148
166
2418
2219
806
362
926
656
52
216
1572
2126
1652
2255
1430
646
2177
1270
2345
2584
2572
988
46
874
78
498
404
1608
292
1730
2438
730
2420
1160
2466
622
2533
1888
1688
1222
632
1956
2470
2322
12
2470
1144
1528
6
1098
1294
286
1970
1464
1588
2322
1868
1398
980
1240
520
2503
1972
1302
1972
628
1948
950
248
866
1898
1860
2102
2166
1718
56
118
1858
274
1790
2292
2075
58
2164
1934
2224
1040
2396
1959
364
3146
2241
1780
880
674
1932
702
574
1640
1996
2787
760
738
2501
1388
794
2007
130
634
1648
1074
1514
54
2377
164
1568
2442
42
2075
10
1987
484
74
1692
1104
2574
984
40
844
2256
24
2201
2625
2516
1166
234
2409
366
2240
424
930
2583
382
2478
84
28
728
932
2562
244
1108
1110
978
80
1470
2527
1390
2178
2155
1056
658
368
92
26
1564
2199
1118
382
1938
2096
644
584
2329
2281
352
1278
558
926
962
1952
538
660
166
2654
2521
2560
2219
1714
700
50
234
1128
2592
1906
2250
858
2419
16
2276
1044
2448
178
1110
2565
2357
1090
66
2183
856
818
854
2558
742
1962
60
514
2267
2566
1454
2244
2610
2400
1740
890
1775
1664
1980
2277
312
2348
204
1618
2042
2520
2018
2
574
2464
260
3070
2258
2268
98
1508
832
2450
2397
84
2073
558
2276
1535
356
2464
2250
1564
2840
2242
154
1426
524
1554
690
972
1214
2235
2468
1260
794
2448
938
542
646
912
2091
1971
2404
1360
650
30
570
1524
2503
1790
2276
242
2022
1258
784
2613
2553
2258
670
778
2472
2126
1980
1228
466
2178
312
638
682
2433
854
2033
758
1888
1718
570
2321
890
158
434
2144
1154
2259
6
556
1900
1488
2148
1066
2428
2246
2465
2822
434
2291
1584
618
74
1250
542
862
316
2312
2339
342
1018
1776
84
1440
1078
154
1180
2158
814
526
2369
1732
858
514
176
2183
1268
784
114
630
1616
1636
1042
52
1916
528
1975
2610
752
2401
2067
1702
346
316
100
340
814
638
1884
716
622
1376
2234
1658
2507
500
216
450
94
1240
272
948
1062
402
822
2036
590
2832
598
884
2124
2126
2498
532
1072
996
2308
2374
728
96
2152
872
308
2064
654
122
726
1506
1690
1382
706
836
2302
512
578
942
482
1686
56
2017
594
230
1476
982
154
166
2614
84
814
1516
1076
2060
2060
446
698
2343
1184
56
538
146
2788
1994
254
1080
652
2579
1054
1570
1064
1948
2157
1288
2128
1985
2253
2261
1998
106
682
1196
78
2282
2150
2151
2695
2216
34
2412
2599
2292
754
2452
620
426
2244
1358
1532
2433
2151
2146
1822
2117
1510
988
2344
94
1860
2503
2190
1662
1858
10
1124
1636
2635
492
378
90
1346
2418
2093
2211
1056
1796
700
2134
488
2288
548
1906
2187
2414
1178
1142
1944
2294
2502
876
1780
1322
466
796
1320
340
562
2290
1680
482
2691
2051
2506
2280
1890
2420
2744
1580
2347
210
1078
1626
1768
694
2313
540
1682
2440
1254
164
1432
138
1856
448
710
108
490
2221
102
1681
1876
272
2253
1262
2179
2426
402
1150
1518
2258
1230
464
2767
2592
698
2410
296
2170
1362
1953
500
1892
892
930
664
2320
2192
1532
444
990
2393
1192
2008
2046
482
1750
2050
222
2542
676
254
1738
626
2660
800
82
1452
834
698
150
1873
996
2193
600
850
2498
748
2193
532
1787
992
1056
80
1490
146
904
1144
2445
1628
2458
1326
2084
184
456
612
1833
2001
2351
2142
1760
284
1338
2240
2330
462
2010
1144
1054
2503
1662
488
1412
2856
2348
2543
2114
494
964
2323
2168
1556
2000
2248
2144
302
386
258
334
1978
228
1666
22
166
1722
300
1166
2008
2254
260
1358
132
2296
2353
12
1002
2661
436
890
700
1296
230
2219
638
1881
690
2593
1108
340
342
792
638
664
1744
2283
72
1102
390
2329
2446
2468
70
1308
242
1776
2105
192
1774
2268
2024
1564
1476
944
484
2118
1294
1464
1752
482
580
150
2126
598
292
2317
2031
228
2593
2395
652
136
2282
418
72
2660
2310
268
2429
804
1170
1858
2345
2046
2284
132
1632
1002
1604
618
302
1536
2338
2421
578
12
2618
1658
1919
270
692
18
2198
2038
2491
192
94
1398
2184
1858
2150
898
42
700
78
1208
2177
2651
1250
2292
438
1989
118
570
2333
2316
954
932
2355
270
2004
318
2224
974
148
2552
1612
1907
2239
2055
444
1188
2219
10
1390
1196
1120
2282
208
464
1374
846
186
700
108
2246
618
2072
300
1616
516
958
2427
1220
2643
2210
1376
186
1168
292
1604
6
1170
382
2016
964
20
1396
2370
2064
750
402
1823
2027
1212
2821
268
2721
26
2729
258
2404
1660
1022
890
1406
82
2047
232
462
408
636
700
1112
2161
2252
926
466
1084
496
102
1948
1310
262
1122
1736
910
56
1664
2185
1080
438
768
428
620
2499
282
712
1030
162
2436
1320
1808
1416
2482
564
450
2150
390
310
660
1972
734
2205
1396
1322
2910
2841
2317
2767
1240
660
1662
1088
2008
2354
142
2306
1152
472
2012
88
1314
2622
2176
252
1952
2098
2275
2469
116
1670
1854
1412
2658
2702
22
240
296
2010
2360
492
1544
350
2469
2276
2014
2118
26
2578
74
84
976
678
850
2302
2502
2228
2204
2072
222
908
1560
1812
2696
350
1987
640
2478
1962
2345
1434
2637
8
466
1950
1126
2111
32
690
2251
1506
812
232
2312
1446
1406
440
48
1672
938
934
118
1730
2272
2122
160
112
944
2453
54
528
1002
514
2430
2218
2447
450
956
1917
836
2183
1518
2424
948
2209
2401
2212
134
1806
2194
788
294
1886
1660
2114
2742
2150
1804
482
1344
396
2279
106
704
1040
678
1092
94
2267
2327
786
984
2161
2084
206
90
126
574
1254
2182
2504
180
2402
4
276
1110
658
1096
356
192
162
280
2504
1996
1056
2246
2125
2280
2316
156
638
186
2092
1794
1028
2224
786
2567
2091
1704
856
420
1250
2042
2032
2104
782
2119
2206
2202
1930
376
138
2438
2054
2493
490
280
740
926
784
2277
2365
2242
1652
2446
2281
2118
178
158
812
1958
2635
1152
2019
148
1969
2492
568
2183
2198
346
480
102
368
1076
546
2405
362
846
514
2304
688
1849
1128
2106
2651
598
552
2073
138
520
1168
2386
948
1888
1724
1200
1278
306
1370
824
2429
2221
16
60
456
2526
1912
2320
238
2179
956
158
2351
2478
1672
2172
698
2148
376
1780
2378
2380
2062
460
110
632
1560
2434
2519
2439
540
1466
2595
2180
1554
36
2170
2424
372
1258
324
2913
2287
374
1938
2506
900
2271
1392
2112
2330
2602
2268
24
1016
2096
624
394
468
892
1482
730
938
264
940
2217
2182
482
552
168
294
2000
872
1600
970
2563
1860
560
1778
1516
2524
46
952
2428
1278
590
2218
118
2218
1240
34
2445
2603
704
2086
2285
126
1000
2401
1976
1806
2348
656
28
822
430
662
2504
2205
230
2061
2154
766
924
2072
2038
1806
1578
2226
116
2050
1900
1272
2388
2158
2367
1973
2327
2415
1164
192
1870
1368
2593
2118
1974
434
2765
268
938
648
998
634
90
2096
216
888
2481
2253
508
1980
1174
60
2250
2710
2098
2392
2314
2296
410
162
878
1736
2553
2225
2794
2503
962
550
960
1803
1302
822
564
484
2172
578
352
1862
784
392
626
492
666
710
1180
2174
1076
250
2463
1290
1961
2525
2634
964
2404
2363
856
2435
1174
2413
1214
1190
924
2750
2214
2474
130
490
426
432
1252
2061
212
2128
794
2613
1554
1148
2287
1982
1666
1640
1500
48
2254
1814
140
770
2308
720
2526
964
1998
2232
446
2333
1680
2293
2370
2161
1713
1370
192
2028
142
2025
1030
2524
2450
1136
1208
434
572
2488
142
690
1674
2198
20
78
756
2102
2622
1686
1292
1642
574
1532
80
2297
1638
734
798
284
2464
2343
348
784
868
1174
1050
2114
930
880
2367
2602
1218
940
1556
2350
322
1266
354
786
2362
2483
2083
1348
1430
2530
2516
816
1622
2558
1084
114
138
910
238
2360
1442
1086
110
144
2552
1108
2211
1598
2768
2673
508
740
264
696
2444
304
2855
1418
1300
2752
1200
1176
166
1738
330
294
1246
2098
300
2502
1880
1664
1912
2300
2000
1704
1992
760
1986
2307
2626
192
2625
2368
270
324
20
40
1060
2138
1694
2422
234
2263
2002
262
1946
200
1380
536
706
656
902
2088
400
808
2540
252
2048
16
2610
1686
926
2318
2242
884
242
988
1908
1538
1942
1298
2087
1581
868
1776
1102
2236
2333
562
2138
1100
1746
1982
236
2164
588
860
288
2117
886
2382
996
1518
2557
2186
1967
354
1204
34
902
2342
1380
1408
1622
1811
224
1760
730
2182
150
614
2179
2442
994
418
330
704
268
2296
1304
1248
220
882
2544
112
2323
1370
588
2064
314
1698
318
2078
992
2010
2085
256
2590
1973
2262
2342
2116
624
2134
152
2344
8
202
836
1456
2367
506
756
2272
2238
318
2253
1186
1428
1008
1374
2310
1866
2761
878
2090
608
300
2577
2258
1070
2060
342
1314
2540
280
2069
1368
640
2408
2854
840
274
290
2152
1342
2404
2327
2514
190
610
360
2030
2174
150
2517
1836
2054
174
2272
1486
42
2251
670
846
2588
2233
1006
854
438
584
2334
628
1116
98
2263
1820
176
842
42
2010
186
96
2370
1012
708
36
2176
2159
1624
212
1260
1896
2252
1208
444
2318
2384
46
1860
2212
726
622
158
2370
28
2854
358
34
2327
2589
2248
142
70
2224
704
246
1668
2183
1390
1380
2383
2051
1634
1989
576
1354
848
454
288
624
2000
1456
692
560
638
1742
2510
528
1652
440
534
978
1830
1076
466
2073
578
374
2182
618
1048
2184
1922
2228
422
1908
106
2273
30
120
872
1612
2620
2213
998
2266
214
1314
1954
732
2656
2022
2466
2050
2689
328
878
894
2638
404
2410
2376
790
2540
2072
2034
558
2714
166
862
2236
1110
2436
360
2660
2180
1910
122
2766
2584
540
202
670
1776
530
604
424
750
288
2342
704
448
2576
2143
944
2154
1178
526
2580
92
190
586
2089
2236
2171
2646
2248
2450
364
1664
2170
1804
1424
1078
118
586
1006
1056
2659
2425
2323
1808
258
1876
2721
588
18
2196
1915
2660
88
1488
2295
1860
718
2010
582
1140
2242
842
516
2143
2503
2108
2427
648
2299
2404
288
540
2236
230
1226
496
2475
698
914
306
178
1704
1594
1356
394
272
1268
2131
1518
378
348
1748
894
636
806
710
772
2184
2212
1094
2331
1210
2688
380
2094
766
136
1742
422
200
2604
1950
2348
2012
1853
312
988
1074
1058
78
1840
448
2626
600
182
4
372
2080
146
1892
212
1580
156
2586
1290
966
1028
2289
2496
1050
366
146
1698
2414
2460
1868
2396
38
2662
1152
640
380
330
1186
2191
700
2296
2104
1300
512
1424
1932
1686
752
1496
2114
2594
216
232
1642
2404
82
828
186
456
476
2618
842
258
702
1132
282
808
2309
388
602
2259
1728
138
2549
476
208
2225
2568
36
2434
2003
2621
550
1358
52
2060
1372
260
1662
284
2380
464
1120
2310
1890
2032
2435
202
624
2701
304
2370
2255
2422
636
946
454
2458
124
588
424
2381
1842
2469
1792
1470
2333
1340
2158
1350
62
2198
2500
1574
1322
364
2311
1973
2004
1318
658
1466
2532
818
1296
440
1893
1428
2021
788
974
2425
636
1762
934
340
2564
2432
