324
1900
1931
2097
10
104
2060
1444
1286
132
554
64
1190
502
166
1136
2715
28
284
498
2594
484
1396
1842
1750
2338
1118
1588
1844
976
2262
642
86
2576
126
2467
282
606
1046
66
578
1952
936
2708
2135
1764
462
2292
128
2384
836
532
226
1034
200
32
1258
994
644
52
470
2327
2620
2126
648
876
2318
430
1318
42
2389
2533
1790
310
46
192
908
778
2225
1194
174
74
914
2377
1854
2271
194
2493
2441
2377
2596
2100
1512
166
2643
164
1846
150
2092
2212
366
1092
1060
1198
1274
762
2359
196
2377
1100
1654
2531
2012
1806
2107
628
1586
680
2394
1740
924
2518
230
1076
2238
1758
134
2549
1666
1170
1950
1188
786
2176
604
2177
1924
656
844
2624
2225
1434
2837
2287
1252
2423
222
2296
2244
1028
616
766
1008
2564
1580
1386
2230
1979
1899
1516
1808
2358
2298
606
434
1778
2412
664
382
976
1620
2154
718
2111
156
1908
1440
2206
2147
1620
130
1468
336
438
2638
914
2125
1352
2484
2382
26
118
514
2266
2258
1940
968
42
272
52
1688
2141
2546
646
2110
1208
994
782
2670
1976
2372
378
2240
1020
10
782
22
2240
158
898
2445
398
210
2148
2105
2198
2250
376
768
2074
726
1874
2833
2188
176
274
2544
2216
2428
2398
1034
1942
980
1356
1894
30
2476
950
102
334
390
520
1296
2420
2568
2444
18
2498
2234
2258
2275
2432
1234
366
618
590
44
2453
954
44
534
2610
172
464
652
572
1896
614
66
532
220
478
2288
122
930
2202
2389
1136
2047
606
698
2403
332
1822
222
440
338
416
986
2437
1622
2452
732
1468
2343
124
336
2502
732
2138
554
2074
1132
2438
2278
2294
4
2333
288
1764
1050
1612
1754
2140
2070
1782
1464
86
1410
916
50
248
1826
2585
774
1983
30
1948
10
742
1348
2608
2092
16
726
2430
2225
2092
498
1834
1891
2038
1556
1978
2219
160
1626
2059
1452
360
270
484
628
2491
1709
1226
1874
2394
1968
856
2745
2428
2891
752
2220
2158
2474
2411
1420
484
2192
2429
798
416
290
564
1378
548
2486
936
2493
364
512
2152
414
1166
262
1400
2043
692
2306
2358
1702
2170
670
2619
1982
1468
940
1524
1288
1246
1120
1106
184
2750
2221
2363
896
238
2270
1378
274
928
1016
2528
1290
260
2087
1470
1430
84
100
222
306
218
938
2549
1078
1476
2663
1652
132
756
2303
2455
2428
556
620
1584
2575
1526
32
614
66
232
222
2486
1254
388
910
2597
1908
2316
2588
172
1416
1678
196
1184
676
2626
2402
2132
198
1798
2506
2178
2404
1842
664
2183
1875
138
1420
800
1510
310
1272
644
258
602
2242
1516
1016
1156
208
592
1084
744
2448
676
2394
1854
1720
2122
1052
1022
1602
154
2005
884
886
124
1999
294
890
1108
2414
2249
10
1580
1868
2454
1977
160
468
950
1716
2448
1520
342
1702
1855
170
2824
2061
398
2392
514
2115
2397
350
1302
126
1420
2106
2314
1836
368
3077
292
1334
2770
1016
2435
442
1790
2474
246
1350
596
2587
1718
2718
2502
1960
888
774
820
274
1398
1238
2150
414
2128
2454
1980
812
2140
1626
642
270
1324
1150
1430
34
2399
86
834
1828
2292
2482
162
514
52
42
2096
2360
2652
948
1130
154
1604
2616
2056
710
124
66
1200
444
1504
608
102
224
1628
1388
1244
2299
1202
358
2414
2327
838
874
2251
320
1188
96
912
348
734
794
668
114
774
1484
1710
620
896
10
286
1584
2141
920
1458
222
840
1014
1982
2176
2260
642
2548
1618
1989
136
876
476
1596
1398
2477
958
436
2398
568
1308
1428
782
2207
196
554
982
2459
324
2282
370
1999
2324
206
752
2146
84
150
2028
598
2194
2204
2512
2447
76
1774
2435
96
488
472
2304
1778
408
1548
352
760
1864
2496
2337
2399
2102
2082
2276
2395
64
1573
2146
2426
274
1352
346
138
2024
508
964
388
2664
594
2059
178
762
444
1682
768
610
1554
258
404
970
1130
2110
2149
320
368
964
538
1681
2284
2939
1286
292
1832
1234
1176
2895
2417
88
2346
90
1298
2292
1350
24
656
1972
692
2378
2229
344
2094
1594
2448
374
902
2288
2423
112
2559
2843
322
2083
830
450
2164
2444
2257
298
298
1270
1012
818
2415
1866
2435
1818
486
378
1208
2104
2350
2589
1832
210
2016
2578
712
514
1272
718
2354
2313
672
2310
2206
2484
816
2658
156
1090
900
2304
1240
2139
1112
2414
24
2144
120
322
2411
2050
666
2218
228
1270
2448
1586
76
1699
1708
2002
658
2118
734
106
526
1874
638
292
2083
860
1776
2190
246
342
2475
2337
62
1683
2458
484
950
52
390
2650
2633
750
280
1058
942
1950
2645
1732
438
2399
1973
1615
90
2321
1144
1142
1310
2455
1086
1924
2306
1596
152
1956
1923
1782
2487
2118
1090
2196
1626
2317
2188
1440
1446
2422
1268
1989
1676
2361
328
362
244
890
28
1174
316
768
1998
230
1422
2225
504
854
2216
826
2132
940
86
2640
706
88
328
1212
1604
1074
2328
1502
398
258
350
1148
1350
2750
1906
1925
1036
2455
582
550
1594
122
2364
212
1920
1080
1066
1374
2467
312
562
1168
84
246
32
206
1396
1940
2324
1606
4
2240
2236
506
2042
2014
1006
1860
1622
2313
446
1758
422
1470
550
1398
874
394
332
2478
254
1929
384
1270
1809
1292
2751
106
520
2420
664
2312
1910
308
802
2147
1875
2048
908
2198
888
2361
2360
2048
792
948
172
2187
768
2182
1066
2663
904
750
138
2158
278
128
2412
2071
116
552
2054
2017
2102
896
268
504
2172
2310
946
1258
1766
2550
1712
12
1804
902
260
2102
226
622
2526
2214
432
422
602
2149
2484
1226
452
2555
492
2372
424
2002
238
296
356
1100
2466
1284
412
124
2600
2336
812
1576
1070
1422
946
2445
2162
1704
1925
142
1910
594
2510
2116
1742
2428
1984
26
486
2374
24
2260
1510
464
2618
10
514
2470
2167
2397
942
2477
568
324
2298
1154
144
2191
1014
824
506
582
2315
2726
1592
44
1356
1440
1258
2436
1630
1272
2342
1878
2432
24
2638
30
216
154
2088
594
274
2606
2510
1716
1830
72
242
2246
1080
320
2411
54
1972
2526
2032
1516
608
2551
2103
94
2075
2420
1794
832
602
380
866
594
1074
2627
170
2480
446
1710
2400
210
2330
2374
580
1188
2362
1638
822
470
1158
364
2032
2424
2260
258
1248
240
2014
1370
1788
2383
130
2181
2555
582
780
2504
862
2010
2258
1742
858
1286
1912
1900
1991
580
1650
1180
442
2261
290
2532
2364
1442
1188
996
2439
176
152
2164
2114
2151
2393
2298
694
790
2308
2276
256
56
2591
510
2196
1106
2826
154
2200
204
548
1070
1004
2405
1168
722
118
2440
2116
2279
2354
2451
812
2421
1857
2317
1895
290
1168
2135
1960
380
2323
2212
2332
2669
2239
1722
2250
1818
2372
20
172
650
1442
2178
2170
1584
524
2318
2195
2775
2457
666
24
2612
2244
2519
162
174
1076
406
998
1562
682
2755
580
326
2192
546
1306
632
272
738
2265
2234
946
1230
2228
1062
1568
1626
104
1410
638
1160
160
174
844
558
1422
2326
2391
2143
2518
1970
122
478
558
2062
640
736
2229
2452
734
1120
450
1934
2225
2026
610
2466
146
872
2280
2482
1508
2264
284
926
1762
454
2262
2341
2013
2204
2317
2096
676
230
2339
2108
2191
174
936
1668
170
894
2239
2575
2020
82
2534
136
2695
2114
2145
2558
392
2137
2654
644
2250
150
832
182
414
2455
90
856
614
1692
14
2509
488
642
1022
2136
2182
290
2380
864
166
2416
1640
1673
1868
72
1434
1992
1384
2019
1792
74
588
174
1478
104
892
1254
2461
766
2303
2035
270
22
1734
1328
1546
1648
140
2096
170
228
532
888
168
1006
2082
2235
620
688
2636
536
646
2378
1188
2260
2154
1520
2186
818
178
730
1554
1964
1272
2359
2302
1978
488
638
544
2940
1965
1658
2320
886
710
144
2247
514
2306
2755
2484
1026
890
278
1488
2568
2248
92
958
1756
2460
2363
78
816
2076
1276
852
2149
2648
1252
1278
1516
540
1660
1318
1376
2683
2190
308
2230
1102
1990
724
1552
1204
754
2449
2303
2477
422
2646
2270
2080
2246
1064
628
930
148
2051
1436
2703
2390
302
590
1666
726
1889
2269
2307
2039
2618
1266
2229
1812
2411
680
1292
32
804
862
1362
838
2724
1982
2326
1934
214
1162
2270
868
194
2278
2447
1362
872
1466
2165
1314
696
876
1929
1946
2292
2586
304
380
1124
164
620
1254
476
2008
1466
216
740
2277
2212
1896
1833
2494
824
808
1142
974
2297
2320
2448
346
418
1943
1904
140
2082
2207
332
2721
1746
34
2772
1138
2348
1334
2298
2166
2282
960
2088
98
2008
564
2
630
1274
1338
1152
492
1224
1344
1370
1170
402
1052
180
2087
2357
502
2955
2381
2464
88
1900
346
2105
16
1584
2354
2570
1986
2039
700
348
332
2390
1186
1763
1933
2324
1220
2332
1278
950
2314
2010
1656
1932
458
250
2209
1804
2342
174
764
1564
1244
1322
2070
2441
76
972
1328
470
2626
1276
626
794
502
182
226
1162
294
238
970
60
1480
122
2320
834
576
1750
1622
2493
2542
736
828
2519
2257
1276
718
2394
98
212
2394
718
2267
154
1430
2469
2349
714
582
1594
460
2149
1174
2385
112
2231
96
1983
2408
312
1784
1140
2046
2048
284
1352
1770
90
1925
1046
430
2062
1040
2699
376
1220
342
1252
1692
934
574
2327
216
742
1178
2434
2556
500
2469
228
1384
568
2659
1844
2390
98
2011
1016
1552
278
238
802
148
2213
1914
260
514
360
2290
2466
2545
414
178
2178
1504
2426
2009
682
2377
1690
2100
536
220
2020
570
82
2477
810
146
2209
184
2362
2163
882
1746
946
2390
2160
2335
1568
1426
2438
2060
672
306
448
818
346
236
2289
810
2104
2088
666
920
2256
552
36
1982
1891
890
532
908
1560
2027
1438
1876
358
1894
808
1760
2436
22
2076
2225
1730
2302
2182
2359
1352
2362
2156
1466
1240
2646
110
1334
164
2162
1540
152
138
62
264
932
682
102
1448
810
1740
2247
2335
2547
494
614
1126
202
1028
2640
1882
188
1854
674
1726
2058
2217
2654
1148
1386
2487
2734
92
1992
2063
2605
1162
910
370
2354
1020
1662
1910
1028
1290
2282
1772
188
824
1432
638
2198
190
1624
276
564
1764
42
906
2191
1482
758
298
1776
2733
358
2415
2213
442
1162
1324
242
2194
354
1404
2121
1466
1302
1042
468
2105
394
1246
788
256
334
1844
1954
2063
510
2459
1943
2252
876
2090
696
2708
1572
212
2477
2342
1598
460
328
412
2342
616
2074
2209
908
1838
1036
2431
188
80
2463
2568
1004
570
1512
1606
398
16
1800
1284
2416
2016
458
1120
2106
466
1828
514
516
2238
738
914
2547
938
2050
62
1504
1714
268
716
1496
466
990
1688
180
2322
494
1534
2133
2074
84
826
2502
2343
144
102
44
2388
360
2508
1656
2194
416
210
600
1586
942
178
2324
1486
2056
2168
2060
2533
2304
484
106
1852
792
1146
2702
1192
68
308
1810
34
726
1442
2060
1350
2305
958
2258
524
156
758
1056
1829
238
492
728
1108
2498
1612
244
1946
1302
1202
1778
1466
2407
1238
544
122
1376
22
278
2364
992
2480
2570
2046
670
82
772
784
1072
2065
1532
454
432
1544
2669
20
616
2352
2351
1856
2158
1910
1096
2325
1058
1254
2137
2204
1182
2737
2192
2518
2458
496
386
1024
2128
200
2095
918
2165
540
2182
2158
170
522
2461
2323
1198
2864
2084
1124
998
1488
1262
568
1982
788
1874
1320
254
2712
554
274
2672
1536
298
310
2478
694
1652
2250
2266
698
402
36
954
186
2682
998
748
252
2549
2495
524
294
316
582
1280
2644
2390
114
728
280
2210
1418
364
2351
1790
2092
236
296
1290
888
1964
1842
2102
2068
2162
2720
1406
2208
1996
1548
2502
2269
2128
2246
2388
574
2405
2801
1326
922
240
142
1402
2463
1136
54
1552
808
2265
1654
670
192
1358
774
38
2272
976
1188
376
2491
1168
1938
1610
794
680
1504
1110
1848
838
2389
2170
282
2317
2097
302
2042
132
2204
2629
2044
1750
182
2309
548
126
1058
2568
2654
2370
2347
798
1876
2631
966
1318
2259
992
42
442
1468
2470
676
1502
1514
808
2750
2488
2057
480
2476
238
1947
1884
2656
1798
2108
2096
2733
2321
1216
1508
1052
1734
22
674
574
1412
1418
1768
164
2078
82
1646
1736
2494
1322
12
206
2077
580
224
1170
386
396
1934
2275
2222
2079
396
1066
534
1288
2182
194
790
246
1334
2035
1150
658
478
636
126
862
2538
218
970
182
1702
1898
1240
158
1162
2047
2565
1656
2473
1204
2383
2305
698
906
286
2163
790
966
1970
2216
276
2532
2696
898
2149
60
1844
2137
1833
106
2472
2456
2160
2527
1104
2102
716
2038
1770
2542
1196
2258
1960
2448
2010
352
2032
1126
456
2070
1938
400
960
1070
2549
274
2648
1334
2695
2291
2484
296
2369
2512
798
2348
606
160
2416
2434
1608
2443
102
12
2332
746
2470
1746
970
18
2343
936
814
1928
2363
1208
2025
2408
820
896
2073
1942
1744
686
2418
1644
2435
746
1734
1898
2591
2396
1746
2409
2528
252
2432
2141
568
2512
1038
2097
754
1122
2572
2350
526
2290
432
456
2586
2220
110
2035
2205
200
750
1666
166
740
2419
428
1552
1062
2329
2833
2175
496
2858
2385
2133
2159
2000
2382
162
878
1758
2112
288
610
602
2267
2140
76
148
1306
832
852
2358
1062
2069
2134
2040
2356
2034
2371
2246
1124
634
740
1972
110
1564
1148
404
164
2010
346
36
374
1650
2249
2904
1586
2220
1737
2401
2285
1138
632
130
2032
2240
1736
2192
638
844
2658
1948
2379
806
2731
664
1356
2497
1884
896
1904
1126
1318
560
2306
1870
1966
148
830
232
670
2139
668
1516
1532
2416
1998
2152
2202
806
166
1990
1428
1278
2467
2495
180
2404
1664
844
2016
764
752
96
736
2466
1418
50
186
98
2002
310
716
1990
1552
990
1166
2170
1798
1014
1404
2362
384
2173
562
140
92
908
1636
2240
1897
2036
530
392
2380
1534
2098
240
384
436
2458
2430
2574
2153
950
1520
2179
1460
228
1802
2581
334
254
2127
2494
1242
2081
868
460
2156
550
2131
782
326
2358
750
2077
34
206
262
298
1142
2432
1024
2224
1858
1862
1170
2215
74
1060
86
382
782
1040
1102
4
2541
544
538
586
784
1648
50
26
2403
626
2352
2258
30
1968
1232
1958
1943
240
154
76
1754
2368
2625
1858
1500
1120
2185
952
2271
590
2245
2312
2075
2245
104
662
14
2300
1746
1942
2183
932
1850
2352
556
2428
1062
572
454
1822
2577
2504
924
910
2381
2450
176
2576
2229
1883
306
160
1150
4
230
418
36
310
588
430
326
1996
2540
1915
2065
146
1102
1734
1162
1096
2332
1188
568
1348
1877
1066
742
1004
312
2521
696
1522
2381
244
2040
1216
68
2380
1640
30
2656
2448
1976
960
252
808
1991
36
2
2418
2165
1022
1610
510
580
2142
726
1468
2022
994
1908
2350
1998
1916
194
1408
1866
90
456
526
1842
2270
2148
718
2012
1454
6
562
322
2465
1320
1100
662
2212
966
1428
1192
162
1086
1336
1470
2136
1975
2095
448
2609
476
134
480
162
1238
1180
72
612
2527
1460
2515
2323
1240
254
348
1910
154
2322
12
2328
932
762
2340
474
278
1344
806
1306
2664
1490
836
2301
612
2319
1702
2212
166
2315
2176
600
1904
1284
184
670
894
1144
1776
1156
682
1792
2210
1962
212
1428
446
2316
84
2666
880
754
2354
2417
902
2179
2333
2442
104
2119
1684
378
2647
1732
2494
244
264
110
64
2235
1604
100
1730
146
502
154
2286
2128
10
2529
2298
700
144
1600
200
1010
218
820
2274
242
788
2531
1964
1830
16
2337
696
2231
2331
138
2022
2192
822
1910
396
168
530
2135
936
2547
144
1654
1318
172
626
1500
1128
50
2483
1002
2172
2114
2225
1386
2177
1762
2181
2241
328
1608
2472
906
784
1278
28
6
48
342
2330
206
2214
880
188
240
2029
146
1054
2363
1316
762
1284
1498
2094
2192
2373
194
706
678
2298
1356
1260
2425
276
2664
1984
2081
368
1899
122
2223
238
2102
366
778
656
2520
128
2286
2155
1682
1988
2319
196
88
314
1526
226
2320
2249
404
2142
332
106
2124
2010
2444
1366
238
2374
270
1414
78
892
358
2232
2771
560
1212
254
786
1150
2644
2285
1578
1064
318
2268
1828
1902
1774
390
2310
1964
2274
2272
1652
294
628
2094
798
1748
1202
1620
128
1883
1786
202
2313
736
818
2363
2168
2461
132
2701
2367
2067
690
1915
752
2408
2084
1932
2033
770
2313
1180
458
196
320
2233
296
250
2140
1969
1198
1000
1002
34
2305
136
96
2591
640
214
2281
436
142
302
10
492
2731
1312
750
2465
1888
990
638
2224
66
2562
2020
2314
1458
72
78
2459
460
2094
230
1897
2272
428
2338
686
348
500
208
574
2590
936
294
1460
2217
982
1900
2447
512
1873
978
704
584
1548
1106
2762
212
2479
960
2525
616
312
2038
2047
1300
210
2448
736
1044
316
2172
1264
2017
1922
2232
2192
1678
570
1302
320
1430
1991
64
1414
518
2027
822
240
252
4
2054
2248
318
1710
2079
2184
2574
1374
462
2399
2561
310
460
536
1868
878
1670
2294
1000
2225
2202
620
104
490
2456
1384
2331
1068
2013
2283
1218
596
1906
442
1724
2070
1374
2367
1757
138
574
1288
2465
44
82
1964
280
2242
938
2252
750
2019
604
1997
2374
2108
2307
492
832
692
1364
2343
2602
282
990
1134
722
1882
2237
878
412
1954
562
484
654
310
486
1350
518
2000
2182
522
2002
122
840
2317
2375
1956
1610
282
1942
1214
1466
704
1954
286
2564
2505
1302
902
1596
718
148
708
220
600
2264
2604
1166
2097
362
2088
1146
1544
2289
720
2502
1206
944
1236
856
1142
566
1818
1633
2097
2196
2248
2617
1658
1348
1950
586
1056
322
2531
828
578
2030
360
2365
2306
2635
368
1658
716
1866
2118
472
168
554
98
2154
1170
1524
2353
1616
778
1994
772
2148
2268
2123
1378
410
2376
2082
2451
1044
488
332
538
272
2014
2419
2176
138
470
2207
2042
942
1082
2109
76
2393
2569
532
2292
632
2510
1064
2381
176
1546
2393
172
2370
612
2304
388
56
2505
2296
778
2208
226
428
318
1876
846
1872
1640
2743
2654
2403
1724
1026
418
166
2069
644
626
1726
2456
68
1712
344
320
2298
1172
30
1654
1802
590
2395
594
54
408
426
2562
760
2045
466
1912
1850
1002
614
116
2555
102
1360
2111
1758
1954
1814
1740
2528
296
2104
2262
2011
698
1585
478
400
1098
1652
1496
2263
1714
2256
2492
1996
562
276
2432
2066
294
790
1238
1866
134
1272
2376
272
952
14
2191
1014
2508
1690
450
1444
744
1074
2199
338
2716
686
2136
2341
2394
172
602
1802
402
2500
36
2088
518
1504
2028
1100
2416
1366
2562
1604
908
178
704
288
2217
2592
1630
1682
478
2241
2064
576
2202
1516
1946
404
2066
1536
944
1398
888
2206
1188
1566
2189
2024
1980
150
1624
2010
264
6
1972
1068
2282
2114
236
1618
1364
784
2433
2332
1576
884
2587
478
1438
2696
242
2378
498
1862
366
830
2680
96
1552
344
1456
2345
2540
1856
2201
1302
1742
82
2501
2101
1823
898
130
546
2232
856
1979
2006
1076
2364
340
950
1997
2228
2094
6
2276
90
616
2370
1332
1672
1014
2634
476
2464
50
782
322
2251
2520
770
1982
2458
176
676
72
2665
710
34
674
2066
78
1904
2035
1339
2606
1964
1000
1786
1997
2448
1700
782
738
816
1016
510
124
1306
428
528
780
980
1640
96
2456
1428
2388
1374
920
1334
2679
2334
86
2226
308
426
2435
2345
1094
382
1584
2568
2054
316
4
1850
464
1949
1530
850
2138
2159
428
884
2028
112
2470
2432
2329
2322
2068
246
2196
2449
2182
2462
2451
1852
2464
286
2243
1960
1660
2010
246
1186
290
1444
298
2341
556
304
2350
2129
1818
1702
1744
2034
2275
2048
924
1914
2259
2372
2154
1996
2356
1778
1850
88
2074
1970
688
2158
2045
1586
938
2090
2506
804
1152
1864
654
2262
1006
588
180
2460
1877
122
2194
632
2002
1933
1372
1974
1172
132
1414
1126
1788
2151
2446
1818
410
1050
1064
1004
514
1924
506
2066
2356
1926
1534
1702
1138
1576
678
328
260
36
1516
2452
14
1130
2166
2032
842
114
192
2600
704
1072
714
1346
2199
618
1978
436
2053
78
80
14
2053
7477
36
1594
2583
576
1338
2366
2742
22
88
92
710
2602
2164
134
2102
2076
110
200
250
656
2504
2745
142
2170
564
2449
2173
730
28
68
2296
2136
620
458
498
1278
1016
1518
1292
2389
152
2292
630
1722
1034
652
1606
1761
278
188
2362
1814
2336
1738
2072
276
448
2776
702
136
2467
1388
2234
1898
474
694
1650
506
2423
1336
2301
1542
2362
844
102
1436
230
2132
2323
1360
2187
2686
1404
230
536
628
124
614
264
2873
2658
110
464
590
2451
110
748
2505
2177
2507
1506
80
2239
294
378
104
2276
556
1172
1707
2133
2301
2148
656
2263
1946
2401
1886
736
1796
2335
2449
2144
300
72
1662
1748
2223
1138
864
1158
1972
154
1382
1462
1368
1684
1432
360
388
2007
2519
2700
1668
2296
2102
2225
466
548
28
2228
332
2034
20
2449
2106
2382
624
1594
2785
1676
2612
1832
740
2226
2177
338
2257
420
2239
2399
2416
362
2165
818
2543
258
2436
100
1196
210
736
866
1678
468
2560
170
142
2450
2528
2361
1422
1744
418
2269
2747
1553
446
1044
2472
2066
2491
2287
20
1186
896
822
524
2613
2653
170
1398
1854
984
544
2082
246
924
1134
1946
92
434
1254
2205
2038
1102
2344
416
1152
2582
2269
286
426
20
2534
98
2068
2236
2417
2040
1636
234
82
2216
870
812
1834
258
2202
1306
1058
328
2411
2512
2712
2248
1030
2281
200
560
1748
622
2113
210
924
2187
1901
2161
956
2017
1508
1372
130
962
2663
2328
1554
978
1816
720
2655
20
1963
1392
1314
2726
1456
2273
296
1026
2182
2058
2630
1984
682
1936
78
300
252
238
2314
2292
382
320
2384
1684
890
472
974
1568
2162
2280
1190
252
774
2300
796
402
738
2494
708
2291
704
1078
262
2625
908
1282
1152
324
1898
858
174
44
1847
2293
2220
60
798
62
2434
56
694
1312
1524
378
2508
26
472
532
2441
1022
212
1560
182
924
956
1468
694
348
1420
2015
392
2530
74
1180
1926
2578
592
2098
2351
2463
1482
8
2483
2366
622
1248
740
1400
2254
2171
1642
2473
1042
746
50
424
2302
2388
1014
2394
102
2468
2563
1430
320
2542
2450
2084
1270
2842
2420
2180
194
1354
1064
2527
30
1108
2274
2202
1654
48
990
2016
872
2430
756
1936
1928
78
618
474
2382
1718
200
2196
706
380
2386
2208
1472
1056
102
2577
1236
1398
1568
2474
2065
452
1420
2489
1324
432
1050
1454
2604
1508
1250
1222
1722
692
2124
1896
1530
50
2301
1952
450
1348
1174
1742
430
2250
1490
2716
1562
1090
552
252
240
108
1975
1704
2423
860
252
1887
48
174
328
2506
252
482
726
2027
2422
2267
1895
2106
1742
406
212
420
2535
1776
1858
568
1972
830
878
1270
2570
1374
2243
554
1402
302
2437
692
1630
1274
718
2268
1302
2044
518
528
758
2316
630
1807
2110
602
2488
1926
160
2020
2209
696
106
1110
1982
34
2157
402
2442
858
162
1829
1362
1058
870
796
160
1816
1202
48
692
1146
1418
1500
2374
704
2074
1484
1292
2387
2024
488
882
298
2256
300
2801
200
436
366
2149
2086
152
764
2002
1536
2872
448
200
766
1918
1078
678
2467
1764
518
1314
2407
2375
1332
2285
2149
2084
2862
2440
720
480
2223
772
560
18
130
416
2336
1426
1700
1779
2176
1794
2439
750
492
58
2392
2216
420
1282
792
42
1056
1066
148
660
1184
1250
72
2435
2112
794
1174
966
2173
2484
1852
1370
724
964
1764
2582
862
2345
130
12
470
458
1304
702
1156
136
2386
1970
202
1616
206
2098
2278
2481
378
2046
52
744
2461
656
2303
1824
2301
290
1336
1084
1576
804
2531
2185
1614
2289
2254
2563
958
1739
2338
2456
1368
1964
196
136
886
1860
2538
344
1144
2216
1790
2107
2119
2340
460
400
1878
406
1002
248
564
1242
418
2108
580
1180
554
802
1984
2170
2304
808
2524
2341
2178
1218
1518
1934
2454
346
1876
2159
1500
1496
1122
460
2278
414
1396
116
890
2453
954
768
992
80
468
206
330
582
2182
150
244
2244
2278
1274
2402
2509
1900
94
2427
1852
1390
622
1288
1880
658
1774
270
2213
1000
1842
2313
2182
924
2220
2450
2319
2282
2384
1148
2715
1408
2190
534
1136
1132
1012
98
162
332
2103
2356
1064
404
2274
628
2090
2518
2075
1008
104
1798
2410
742
1998
2140
2308
238
96
1328
1802
2121
2240
2169
2274
1390
498
2194
2372
108
2139
1024
1881
2308
1726
328
1824
2139
2299
2367
1422
82
950
2410
276
2255
6
1546
2453
202
702
126
2366
2379
1032
1926
2283
116
2444
1164
2536
2520
66
2488
198
2284
2000
2324
1958
1734
362
486
2124
744
2236
994
62
1844
198
2271
150
620
1921
1814
602
2441
42
2218
2399
242
324
256
210
356
208
240
1974
1216
2366
658
2034
260
954
1080
112
2268
1118
392
1418
1500
2344
276
2346
1160
1740
448
2651
1126
1620
2089
738
338
2551
1918
2334
2420
1196
158
218
1998
2397
636
2335
1144
84
2178
2506
2121
1892
886
148
2367
2376
1924
2380
276
1372
804
800
408
1998
2009
1122
2263
398
2267
628
2300
64
270
1058
966
2369
1674
144
624
2450
368
1198
226
252
2066
660
2421
336
328
304
2075
1234
652
470
530
2388
2513
960
620
2293
1116
2525
1150
234
1640
2609
2528
478
1964
1140
1939
1228
282
1770
2068
2078
1570
1598
1186
1168
2155
1774
2312
2012
96
1310
2513
1954
330
510
510
726
2595
2308
38
2193
682
1994
1000
2230
1764
136
222
286
1570
1218
1086
2019
2033
266
640
540
2243
964
120
718
200
740
1956
470
736
94
2311
506
210
2072
1236
2008
1456
534
2311
1266
2356
344
456
762
1800
294
2138
2464
340
728
1482
2269
404
2234
1028
2409
536
498
116
2497
608
1835
1642
632
836
2316
446
1526
2074
1040
256
1430
2419
1634
2146
1132
2168
1936
2643
304
2429
2102
58
2574
84
414
946
540
874
790
1808
720
2215
254
1836
2472
162
1130
8
450
2474
898
680
1992
1516
1724
1700
2098
1734
1376
702
2411
578
1384
1522
1456
1584
2274
2236
2277
2667
800
124
2163
1554
2734
2242
2791
98
1656
1396
2168
338
2181
618
1224
56
1502
2504
1454
1892
1690
2522
1230
2581
2102
580
2232
2214
2173
482
472
690
2384
2195
870
1928
2308
2450
614
1956
362
832
1400
2535
336
84
714
1092
76
2568
946
306
2214
1082
850
2539
248
1310
1896
1466
490
626
754
2560
2335
1034
2321
742
718
1959
2331
2375
788
1946
1954
240
734
894
1702
2026
68
2478
2212
1656
2198
2114
2056
2399
2216
178
2367
2188
2101
270
1394
1722
2042
936
2354
884
190
2249
678
234
2537
2352
124
508
178
94
2050
2745
332
178
2781
1004
2464
34
2712
2613
212
1963
170
660
2360
1960
514
2036
928
1538
2119
2449
604
532
448
1462
1358
2285
604
138
170
446
1068
2251
1586
1008
794
2058
506
2136
2171
884
466
94
1868
2095
362
2488
2751
2603
1708
2642
984
10
2194
2412
1424
2624
772
1952
1432
538
2229
2185
1718
2184
2223
1014
396
338
2223
2323
358
2415
2466
2370
2360
1982
1522
2372
1450
50
480
1858
2332
2450
236
2613
644
776
2078
1754
2489
122
536
322
1122
614
108
2291
902
1550
1492
620
922
2214
2791
2278
2326
98
2000
2508
1252
2484
600
936
1118
2092
178
2494
1480
1096
1912
158
2129
2426
972
1902
2283
614
1012
1694
1606
28
1856
486
486
126
802
2240
586
108
1958
2730
2200
470
810
2379
2341
1310
586
912
2018
2510
302
860
2655
2696
1948
1871
206
1944
472
1598
380
982
1767
160
1526
670
250
1704
124
598
1000
866
134
138
162
1446
242
2502
2039
2511
778
2684
218
368
2293
2566
416
2610
2878
2385
292
2226
1909
904
838
38
2215
674
1072
1014
1648
2480
778
1122
1630
366
1928
2678
2011
2597
164
198
2296
298
2266
2646
2492
1958
2092
428
2470
44
2513
1116
120
1116
1276
388
1306
2416
2278
2487
1478
964
344
1942
1984
180
1638
1350
1918
2460
1188
2209
502
1882
2643
2343
876
2198
2085
458
1540
2323
1368
134
1520
2452
914
2606
1800
1424
2644
3754
1104
2044
1240
2484
2537
1938
2340
1876
2648
1418
1226
1978
226
1924
1400
1464
1947
628
2545
644
454
154
2534
1130
160
1132
1436
2031
1118
2654
1950
740
2689
668
1298
452
314
446
2722
1602
586
922
1396
840
2193
1034
1024
2245
2348
2178
970
914
1978
1454
1788
2390
1484
2263
2301
2198
342
2364
1114
2196
2136
2448
1384
538
10
1252
1963
2337
1172
654
2342
1076
2428
226
1370
1016
2542
502
1784
40
2006
318
620
2391
2231
1598
1232
1154
1958
120
1204
1180
98
1150
166
2486
714
2350
2034
2064
654
2143
418
348
2130
1288
2574
2529
2454
1662
1996
62
2300
1416
892
272
684
2020
2456
682
2350
1004
14
384
2382
2206
2365
1610
2318
740
2252
448
888
562
1200
2279
84
1578
2006
110
744
2682
608
2622
2294
1948
2116
96
2358
2440
90
2088
404
2495
650
594
692
464
2632
2347
1456
2302
202
1052
814
1720
190
2119
896
2469
2436
762
1920
1440
2277
1598
2449
276
2377
850
2006
284
116
738
146
1134
362
1638
1114
2590
898
2049
1424
134
458
2306
2121
962
1676
232
2217
884
316
1734
2212
184
2454
298
806
1184
490
1464
2490
1850
2315
26
206
672
2036
2494
836
1850
408
2513
576
604
2333
1324
2301
1078
1626
774
2111
2116
2891
1806
562
2391
1010
2244
102
1870
2567
2601
2321
2040
1406
654
2780
1719
2037
382
464
1594
150
1916
1504
2356
536
2768
254
458
2311
1164
292
2385
1438
546
1288
2214
2166
314
210
1032
2605
236
2493
2673
410
1402
2206
194
1582
1996
684
558
858
664
622
2411
1084
2121
916
246
1466
2655
450
2483
2429
1036
2077
38
728
1218
2118
1508
2134
152
2248
2416
832
2426
2038
1628
1682
1750
1546
1853
788
2307
2477
662
2446
1300
276
170
1424
2213
2593
1152
306
2394
232
1920
2728
2393
360
706
1246
610
144
448
1246
190
1270
510
1742
636
1304
1766
2440
1864
646
1310
150
1102
1808
2311
1580
1512
1124
1482
886
1686
2335
1176
2018
1418
1228
1862
646
2000
2060
2368
186
2176
2293
1342
2171
2111
530
1932
880
1977
2044
2611
710
2833
70
2012
738
1074
618
1946
818
762
2144
284
2157
500
714
1330
2080
1246
1987
2555
2245
2168
1362
244
2167
2244
2360
2660
2281
2194
1962
1020
328
670
1328
1386
2711
574
80
266
82
122
2640
46
944
432
378
316
2086
2148
1520
2077
190
2176
1900
1416
372
958
1110
844
2408
494
1909
66
2279
1080
424
2372
174
306
2132
1886
1568
72
1758
2078
1232
1032
1636
808
934
1788
538
1396
2663
2299
74
1950
1044
1050
1248
1754
2651
114
1256
532
410
2127
2359
158
1304
394
494
238
700
836
2692
596
1136
1894
2280
1804
2470
2215
2678
1584
2285
1044
1800
924
576
1582
2094
470
510
302
2016
2724
2240
362
788
1244
828
1134
1018
94
1264
1120
168
2235
1906
830
2024
1824
2816
2038
898
1618
2087
1386
684
2370
2342
316
2622
2139
2140
2328
298
664
2246
680
2183
2130
244
1864
798
2326
2642
986
922
1088
2335
250
786
2063
2065
1216
230
78
2185
30
332
324
2351
1540
630
1164
1172
2111
2853
2700
2430
2291
2368
2108
156
2086
1538
318
470
716
1122
2380
1228
146
2543
2089
1694
2185
1130
628
2238
2075
1196
2711
1572
2614
416
2272
2298
182
206
2119
1026
918
660
802
2025
1488
136
2002
200
2221
1544
1568
2364
2289
2135
714
2106
2597
2494
2783
2637
2645
2128
848
2072
48
288
902
414
1258
14
2502
698
2246
2284
2284
290
2749
1738
2468
106
1745
2588
314
1864
2110
1924
1644
164
1052
604
1510
58
2407
564
806
2089
2334
1548
970
70
418
578
82
58
1026
2106
2423
2390
2127
540
482
2295
2529
1434
2221
278
124
2496
530
8
410
74
1426
198
960
2518
2102
2120
166
740
1110
1010
592
2412
1696
240
524
286
2272
260
930
1894
726
2020
1820
574
244
2290
1690
112
336
1450
92
412
1952
234
2255
2364
2538
986
894
498
1172
2153
588
104
1034
2176
360
418
2545
2305
822
862
960
1810
1920
1981
2304
54
798
570
198
382
2168
2319
194
2232
1498
1710
2192
886
1373
2370
80
1062
910
122
2484
60
394
634
2228
396
1400
2406
570
1034
2202
592
1418
110
136
2322
2265
322
618
2739
796
2602
356
1488
182
46
1322
1770
2043
2357
74
1372
768
1668
216
2127
2346
432
470
614
64
1240
318
1472
390
1832
1474
390
40
1190
2452
1330
1858
1755
2272
592
732
2075
110
90
1186
2305
2153
1068
1370
448
2584
520
2179
554
2560
158
646
2168
356
456
2694
2164
2047
138
240
2062
414
266
496
2060
682
2419
350
1814
1939
2954
106
2279
2184
604
1936
324
734
1396
1864
2412
618
68
502
2159
2223
2278
154
2358
696
1424
1746
806
2583
228
1808
160
1730
1644
2358
2442
1978
2181
974
2190
2228
310
318
956
960
6
538
616
1602
512
1004
2434
130
1955
478
894
88
1144
2328
2405
296
1856
834
1942
2467
2200
2104
12
1104
1810
2376
40
2191
414
1296
1226
1424
74
1776
1282
688
1360
814
962
1136
2064
810
72
1933
588
1910
2466
738
2457
1206
1372
1174
2325
518
290
1782
1626
2129
324
2644
422
2272
2164
2432
214
2131
2232
744
2428
8
2056
24
944
1196
2198
2322
742
170
1578
2064
2350
2435
234
186
2420
760
1138
206
2140
2204
136
2126
902
1768
286
1828
550
2210
662
2774
1900
1408
600
2453
2245
726
1350
1234
1188
2302
146
356
2544
1054
294
226
2406
1928
222
562
1806
1851
2066
1546
158
306
2224
676
1980
2162
2492
128
2268
1326
892
546
1232
2104
2520
254
2168
1116
1900
2408
1694
168
2536
796
2203
1416
174
2287
64
1708
2069
1354
904
1304
2210
1730
676
1764
734
576
2066
460
1262
650
396
2301
768
2470
1794
4
906
312
1060
332
350
884
546
814
2168
1608
1480
2471
196
868
736
650
1775
140
1220
2081
1538
2296
618
2678
160
2203
92
648
466
328
2260
80
1860
1078
2269
2108
1206
706
780
2140
586
718
2128
2284
160
2626
2512
1264
10
344
182
2122
1704
548
2191
2217
1864
2404
1568
2161
340
2461
2296
2049
1208
1836
2033
1124
1040
608
664
134
2412
670
2769
2516
1158
346
2049
2275
362
316
506
978
94
2195
2041
446
1350
2382
2026
846
2266
162
1672
1716
2391
1622
258
1506
674
2248
1650
2552
704
2206
854
1901
478
1854
2387
314
1106
92
1358
250
904
2696
590
868
2346
1968
16
292
2396
76
2025
2399
2354
1846
1112
1660
502
1504
1668
2150
1342
940
62
532
2436
532
604
2241
1650
1815
832
40
2320
2600
2370
42
2044
1384
2032
1958
584
2185
2102
626
314
1010
1974
2395
1651
1838
140
2108
2369
2179
2598
834
1572
676
1177
320
1642
2218
344
194
502
2039
594
2356
1200
1886
118
2400
322
1546
1680
114
2516
184
370
1476
440
88
1312
2334
640
2175
1700
1688
1268
2504
2104
2843
2513
2237
1184
2462
2248
366
2250
648
740
102
1920
1306
1212
132
226
2431
1947
1390
1978
346
1512
2502
2294
434
2412
1308
2547
94
1366
572
472
314
356
1840
1822
768
2309
1748
586
1614
2185
1494
256
632
354
348
1658
140
2406
962
560
1726
2472
1536
122
2381
484
798
30
1472
1552
2181
1332
2114
548
2551
2057
1844
756
2366
2208
2437
1807
1496
284
1980
122
822
2130
2697
1786
64
1128
636
1663
2570
2404
1002
1392
184
2466
1286
318
2434
1010
2459
926
300
894
2605
2202
1672
786
866
354
2500
2399
2189
2334
696
540
1999
1148
258
580
322
2452
184
46
1158
772
1758
1302
2305
1274
1142
2641
1886
278
1354
2202
2520
1312
732
2110
518
274
2634
1408
1884
944
2193
2307
1380
818
426
1880
2220
1560
880
2094
482
1464
2397
74
26
2519
2600
2142
850
28
706
120
1086
2676
1911
2022
2430
1092
330
294
344
1782
1670
696
2163
2164
1730
2158
734
236
1196
384
220
572
2268
2473
2089
1964
688
2167
238
2504
2293
846
1832
6
2395
36
1814
36
2002
1882
1264
404
262
1142
414
2550
80
2369
2418
2462
648
418
78
2327
2162
40
2353
580
2639
2482
2089
1022
2005
524
2118
1156
1546
1486
184
1158
1014
1334
680
672
104
1130
2432
806
1684
924
888
594
1230
1724
2235
314
1890
542
288
376
458
1300
1615
2062
1120
310
1480
528
1720
10
2319
1872
656
984
944
2426
2629
802
452
2347
1906
584
2083
332
1302
2100
1114
82
2776
1080
2163
728
1554
2289
2190
1873
2212
1062
144
336
74
122
494
528
1422
1408
2122
2591
1964
1688
312
2379
322
1923
560
2400
2126
2329
988
2274
1995
1942
1600
2359
894
320
550
654
2574
10
856
1922
16
1458
2542
278
2401
570
2339
1944
96
890
64
2464
200
644
2210
1542
998
2059
796
80
1476
1971
1484
2061
2206
2242
1792
1616
1740
1130
1894
862
2136
2121
58
2534
2128
1264
1748
978
2201
2281
1302
952
950
1070
114
1132
1894
2416
2457
696
504
310
1774
1170
2232
346
1108
558
2158
2296
376
158
1160
536
486
2041
2563
526
236
1775
1532
416
2086
410
2181
2564
1576
1080
2674
1376
1168
766
1260
854
1514
774
1300
2294
370
1252
2264
1772
2508
932
2422
1076
2098
1474
2444
2048
1698
1552
2020
10
982
80
844
498
2466
2465
2364
2172
2168
1154
562
2375
544
1911
2165
1734
1727
2662
2366
568
238
822
2062
320
1006
644
2479
2034
840
334
1074
300
2726
2350
434
2288
2191
2022
2400
2462
406
844
2222
2688
2185
2308
438
1170
1534
2087
868
2327
2388
592
1987
396
96
454
862
1354
1680
1808
1988
1232
510
2380
136
440
776
1104
2267
1906
1663
654
2507
2273
154
2199
1869
322
250
2024
1966
1939
408
1630
274
54
1194
1032
1452
252
1038
1070
2743
1526
2296
468
1124
758
2283
672
392
632
614
2285
1258
2349
380
1740
1218
1090
2392
2211
798
48
1178
1732
152
1286
386
1993
1394
174
76
2058
486
1012
1398
726
876
642
2221
174
398
892
346
472
1983
198
2098
1384
962
760
1182
2324
6
566
1948
2123
302
1538
468
1406
290
1860
1562
430
194
1818
718
968
538
672
1090
444
104
1899
824
970
2160
2372
1118
358
2742
470
1843
558
2385
688
1728
1208
246
60
1452
1574
2432
2142
2002
1248
1180
542
2503
1434
2142
36
18
2566
1724
2115
1582
340
930
2585
2365
2773
74
1202
386
2593
322
1172
46
2502
1920
870
108
1452
664
926
1132
2219
2220
2525
2403
972
2515
1444
304
480
862
1954
1282
530
1058
1044
2099
2108
480
1630
218
612
1100
356
816
2424
2211
40
1294
800
2589
1922
2668
886
2282
1062
1050
1016
1172
752
834
840
2719
342
372
1232
2366
1830
2267
284
1844
2296
664
2046
956
706
452
772
1086
506
2114
2380
346
732
376
176
172
2222
2031
2278
2245
1278
14
2550
1948
2116
2520
1366
132
264
286
2320
936
114
82
1990
1078
26
616
2330
176
948
986
172
2134
2370
2343
386
1933
1080
2684
1408
788
2558
128
962
598
700
642
2253
610
1658
1238
2594
702
1627
2197
164
104
650
1955
1876
1652
470
1126
2413
2605
430
1754
2459
2478
930
1330
2235
764
2322
190
186
2325
836
2231
1420
2042
760
630
776
2265
2506
2042
2557
2477
2317
662
1660
2607
940
1014
2310
2400
892
2536
554
2289
2395
48
810
394
2322
144
1444
780
2356
1082
846
2453
1350
2060
446
2246
2702
92
248
966
318
2021
902
374
436
2235
2069
2072
1888
2383
1900
986
184
552
314
2236
216
908
528
980
2185
1968
704
172
2572
2443
1244
2197
1148
1084
1748
1926
2217
258
414
1024
20
2751
2313
2150
1322
2070
2218
2363
2158
202
2450
1560
2905
194
1254
2517
2463
2262
1478
2429
1682
470
68
1150
2014
1618
88
394
936
700
2515
496
848
1460
1768
2314
2323
2154
1844
1284
1628
2102
1784
2579
2775
2145
1000
2264
672
2353
2563
142
152
426
180
562
2006
1656
1871
1974
2609
440
796
976
2150
22
2775
650
544
2655
506
1838
1042
14
2358
1792
1074
2298
2326
1016
582
2012
350
40
2232
2060
710
2142
2476
816
1462
2520
1136
1734
1832
372
114
2192
1950
1598
2784
2016
2302
2101
172
1016
2393
1150
176
334
1356
188
880
1910
1992
1284
552
2242
892
644
1728
2216
2318
2046
2431
2771
2491
2554
1038
2526
1458
2368
400
810
2612
384
1318
2466
2340
2376
2137
30
1010
72
238
2014
888
1130
1502
1278
2266
2252
192
2358
1628
2026
184
2323
2526
1592
546
160
2060
1172
1722
1918
1900
2156
316
444
1574
188
1316
282
608
1860
176
312
2499
958
72
2532
1822
1450
226
1710
2110
1944
524
538
1958
814
336
1360
2724
510
1754
1022
970
230
862
764
164
1294
1871
2104
1256
704
452
1824
2114
2319
600
2039
2159
1016
394
2093
2012
1811
2229
142
2379
864
456
2267
906
2687
388
1590
2640
1878
2110
818
282
226
2093
826
364
420
806
160
6
204
802
1954
1928
1902
1959
2388
1144
656
1032
2386
2399
1174
308
378
2524
1372
2507
2302
948
1790
2469
2287
900
1310
1652
2472
1376
1698
2091
2111
1290
2446
236
1376
1736
114
1386
2210
1786
682
1794
50
1172
126
764
768
304
622
1312
2308
2403
388
1004
884
1994
1090
414
148
2182
1074
2518
292
1724
1214
696
1844
1114
2589
354
2020
690
36
2259
1348
842
1962
314
344
390
1060
770
2138
212
1862
1354
2249
2152
862
2225
2236
230
1372
690
954
2248
1642
332
2116
1986
342
2514
564
628
2349
1426
2205
330
782
824
2108
2259
1885
1973
1574
1730
1078
448
1594
720
2256
2344
2578
760
38
1332
950
128
1915
802
708
84
1542
2097
876
2371
2574
494
2177
2802
368
2224
562
18
2001
1232
2567
1812
2168
2108
1748
2100
1028
2432
2388
1912
532
2329
2727
2439
2432
1942
656
2470
908
1086
1550
936
2094
356
96
2088
86
2282
138
1206
122
804
2320
2643
558
394
600
696
406
2110
1660
394
456
482
2504
2662
186
1502
2747
290
2030
168
854
1552
454
1956
2335
2721
2319
2236
2183
132
2593
1578
2197
166
2
472
1206
1694
1751
8
2353
358
1124
2438
38
914
256
2674
474
218
1090
166
2161
1784
1054
1228
1826
188
2454
968
2660
26
798
292
2482
156
2344
2042
2391
2368
738
1436
1008
714
884
1963
2358
1860
2603
2183
1918
646
1546
2440
1992
488
1480
1626
610
70
274
1886
238
162
164
64
2834
502
1752
960
2439
2202
430
510
2111
1252
18
1908
90
2398
228
1820
778
1472
528
810
40
2132
1368
2036
134
2704
2009
468
646
2200
2210
158
744
2439
186
50
332
1088
1406
192
1669
2434
882
1210
730
50
140
2588
1800
700
2264
2444
638
1558
332
484
1052
2124
72
2299
1634
218
2558
980
1448
2614
2471
1126
396
1822
188
2084
602
2126
220
738
1060
2568
940
2383
2011
804
860
1262
2485
672
1946
456
1060
696
556
298
730
58
900
2174
880
1638
480
1658
1250
2093
866
1310
218
2273
2449
188
1976
1832
840
1897
2218
1484
1508
932
2353
1052
732
1424
2058
2321
744
2423
2254
714
862
596
568
874
88
2517
520
32
1186
2338
2442
378
336
556
1900
1788
1618
18
1106
536
226
294
2024
1568
278
844
2494
2453
1684
2661
1490
2468
890
1868
2338
2317
2449
2243
1912
1348
1570
112
2123
1038
2212
326
300
1352
174
1924
2104
134
1908
404
2546
1246
2280
122
2080
1878
2600
648
1124
234
1190
304
762
2261
1106
22
264
114
1800
174
266
2673
1210
2437
2310
2148
2338
2491
792
650
1028
1664
500
354
1701
1778
2039
2095
906
520
2287
2361
276
2214
596
1070
622
2072
2763
2371
2098
1956
2038
1000
934
18
654
2317
298
782
2584
2421
528
2382
1152
230
424
2769
294
20
2063
1018
68
246
2362
1872
2144
22
110
280
1592
2555
10
644
968
796
724
2402
2572
2616
584
664
2409
2521
1556
2407
104
2581
1704
2370
2649
254
370
478
1874
224
194
360
1918
94
668
2469
1134
966
1436
152
2343
2289
2082
1314
2294
120
2254
1402
26
1132
2476
2629
2193
1062
104
1266
3020
2374
474
2568
1742
1650
2678
2
468
1276
1376
2469
312
2057
1965
20
2126
1600
2386
1654
1382
1022
1202
830
718
2172
2440
2299
1272
1322
1524
1522
1951
894
1568
442
1316
2320
188
2344
2381
2633
1528
8
1928
52
836
1958
2096
2350
2020
1704
230
2430
1184
2673
2536
2637
2227
1887
1196
1188
2274
2573
1718
144
2746
258
642
2351
2221
2380
1248
6
1042
422
52
636
1582
2346
1522
136
776
2213
1663
1942
2375
1578
2157
2311
1216
622
2038
1801
372
1432
1566
1719
2282
342
2604
476
206
138
50
224
2516
190
2307
1208
1944
2708
162
738
2725
726
1806
804
508
762
354
2297
2546
762
24
2534
480
204
970
382
564
76
2747
186
2132
866
56
2323
242
2242
508
544
1820
362
42
2329
2060
1194
1756
1806
496
512
146
590
842
2520
342
284
78
32
2504
624
302
2750
1314
864
88
2140
1771
2336
2504
926
1196
1242
1020
2671
2548
1352
8
2436
774
978
2676
1816
1382
2803
1392
2439
342
880
1937
1751
2797
2153
2270
2529
1434
918
2114
1578
406
212
1048
2422
726
1706
1206
2173
830
178
128
2259
2347
2341
2249
372
1282
724
188
2060
2343
2430
2210
1504
160
434
2119
720
2789
2078
1833
2031
1943
2054
126
1756
2508
2522
2612
2413
2297
2720
840
1334
2210
1668
182
2274
998
2010
1728
2671
2002
826
1928
2709
604
824
1246
294
138
2290
22
100
2111
152
1116
2013
20
2
268
198
48
1518
1260
1502
404
10
1932
2140
966
170
2690
2415
1362
170
928
304
32
934
2391
1430
2236
2460
404
2854
814
2306
364
38
876
2275
2469
368
1676
1346
1444
392
798
2350
2015
492
1934
1842
2116
2166
1660
2660
246
2201
1990
10
666
296
2306
1272
38
586
2396
2225
2311
2508
102
528
2152
626
218
1592
2552
2118
2498
352
2081
304
2196
1758
2222
200
1670
2200
2202
954
1158
200
878
1898
632
232
1494
2440
722
1616
902
1126
344
2214
282
486
2496
1180
1052
2322
1554
478
938
2177
1554
2655
780
2547
1332
2600
70
78
2309
2232
334
2588
2551
1042
6
14
902
378
2710
98
1542
2105
132
36
2436
660
994
388
602
290
408
1344
2182
186
2253
1184
704
2564
2256
1382
664
1864
1024
730
2668
2324
120
612
2058
2407
452
1130
2453
1384
128
96
896
2405
1412
2489
2114
346
1942
406
194
2391
2531
2430
2710
1146
2134
2662
818
1883
416
498
404
1950
2316
2125
2150
34
720
1616
568
2724
364
120
2619
2214
936
1500
1508
676
1566
192
2121
1928
10
2391
1396
1436
2234
180
2316
154
1262
158
2479
896
554
2357
416
1388
2302
1220
2106
1366
32
2249
1296
1062
624
2036
2345
468
650
2490
2358
1134
2448
2476
2318
532
172
66
1230
1734
2302
576
1752
1798
1054
2005
1931
646
298
2655
36
2324
1933
1116
2545
838
2210
398
2183
106
2108
2364
52
608
2536
180
2443
2365
582
390
118
358
66
946
204
902
848
2456
26
1040
178
2534
740
1214
2389
414
720
1224
1048
2426
2441
2297
1178
340
118
1902
2157
1142
1298
456
1596
1628
1330
2599
2009
242
1939
2249
2072
828
2704
910
484
2381
2236
160
2401
622
168
2181
606
348
726
2213
1472
1800
2393
10
936
2109
2576
1590
172
2252
1760
8
1128
340
1158
2444
352
392
882
2426
554
2251
124
340
1622
2145
748
634
36
528
1000
2696
2182
3271
2396
2514
1844
490
92
1366
1624
1796
902
1134
2349
1810
2096
2683
306
2522
962
1668
1757
968
1986
942
940
2152
570
1946
574
610
2688
292
2533
2017
230
2638
1256
636
982
1072
1760
1440
488
1172
1628
808
2526
314
458
302
206
1004
2110
1276
2180
1983
30
152
534
2451
1388
2454
1750
2209
700
2165
304
558
1190
2450
2100
320
232
1998
2580
1340
2226
630
1212
1480
60
1126
138
2202
314
1196
2335
330
222
402
2178
712
1484
2232
1036
2360
950
1474
2330
1992
1612
2105
1048
92
714
1444
134
330
1776
1364
2324
122
192
2654
502
926
2456
728
768
642
164
742
246
2371
1640
2186
1048
816
2636
1550
2498
2474
2688
478
2115
360
1126
680
50
466
894
1766
2202
2194
2055
2084
1738
154
4
2315
2538
1568
206
2015
2395
82
1963
2285
1870
496
480
514
2370
1496
2354
108
1890
508
2088
1740
974
2012
1962
2220
2210
1416
2026
2266
582
2213
1008
2117
236
1408
68
2709
2100
746
1034
1794
972
2503
1420
2706
1992
1248
112
2407
1064
1978
1592
2166
516
252
1334
2058
66
1406
766
236
1814
238
1206
352
2642
508
1600
1368
1857
990
2518
6
2379
1104
1820
2152
2472
560
388
1172
618
1110
2445
434
1573
2656
2409
2700
2175
2751
776
152
2277
1660
2200
152
2182
326
774
2240
326
2121
1170
2235
904
998
722
1470
444
294
2603
398
568
2275
1156
702
812
1726
2065
2639
2035
2566
1636
1006
330
92
110
922
170
1224
1494
2174
2261
284
920
502
2425
2153
22
2108
2100
2102
594
578
310
2543
1916
1624
2346
2299
2315
710
2110
372
2901
2018
290
116
542
2358
2210
944
32
262
2233
2385
2856
1262
928
1636
2233
2508
2389
2588
2437
76
642
610
2477
2240
1274
1850
2235
1864
2044
360
1504
1546
2622
1743
2324
138
784
984
1456
1648
1912
96
92
1780
1986
1260
1422
1500
1416
398
534
2550
1366
1214
912
648
2138
268
2320
2433
428
456
2178
948
2020
1484
314
1776
2312
2366
762
1456
140
720
1212
22
1859
1818
2557
632
376
2468
352
246
584
456
986
968
2200
416
2086
1610
2200
2184
1236
286
2255
1836
2315
168
1034
132
710
2337
888
2187
2252
2016
270
2186
2500
1240
2119
1662
1304
2024
2684
766
2293
2522
580
1678
720
2099
2271
1464
1536
942
2578
2346
1400
2262
2244
1842
1052
2160
2163
318
840
540
1783
2865
440
604
430
1610
2308
1666
1538
2137
50
188
550
1660
2182
2018
86
1654
650
856
1828
104
1590
2548
1584
2412
1774
298
1160
2441
2670
270
1520
1562
2529
950
338
556
234
2785
1630
2524
1392
2097
2392
2530
298
1989
2348
612
110
2446
158
1170
1856
2327
1840
520
2155
1130
914
874
1236
578
1392
798
416
2355
704
560
1820
2391
106
298
790
2265
2070
2091
1836
1490
988
226
2425
308
2248
2080
880
444
1528
1182
342
802
2615
2227
510
704
1218
2488
1739
2136
1188
2343
294
2693
2630
716
1482
2296
1408
1896
2689
2556
340
240
2701
850
1028
1226
190
698
2377
2001
404
242
2395
2246
1322
2520
120
446
1444
1516
616
2221
2173
2229
1528
2551
986
2393
2293
26
624
68
2102
2175
760
2056
2356
1458
600
2703
428
774
822
866
404
98
2044
2641
576
1038
2519
760
400
80
80
1586
532
2236
586
136
1616
2341
2323
2123
2453
192
1096
294
382
898
54
2088
280
1934
2389
1004
1530
700
1236
2645
2159
286
764
88
2070
2146
1524
118
2470
386
2558
48
1260
448
2756
1564
306
602
62
1884
2433
1048
324
760
1902
1712
974
2208
844
590
140
938
940
200
1102
40
2690
1792
190
270
550
668
912
1520
182
10
2124
250
1516
1044
142
602
2498
274
1744
642
920
1390
1080
1818
580
408
2712
2339
700
200
2412
806
2596
54
2384
1010
2150
2318
2638
2297
2184
2109
1883
1330
528
2526
1128
2036
210
1602
680
814
2597
2220
2480
164
2581
2547
460
868
1696
1068
2570
2228
810
396
124
1412
2065
234
664
520
2448
460
2016
692
554
2526
1302
46
2286
2701
1786
10
1240
2037
892
844
244
4
1811
1656
84
1994
56
44
1000
672
1962
2314
1787
458
680
548
1870
1997
360
698
518
2585
1950
1080
2410
1574
2533
2422
2569
2009
624
1396
938
306
1316
2331
118
1288
1686
2678
662
2432
486
778
2574
778
792
2304
36
610
2100
262
236
1939
1440
1272
690
766
1288
534
60
1060
592
1862
1126
2735
718
2458
2260
2619
124
2621
144
870
2138
750
990
2503
2048
1598
8
152
2352
2398
178
2414
2030
2650
982
614
1594
612
1474
838
670
744
1228
1224
30
790
2088
688
1968
944
2248
860
110
2020
2446
120
650
1242
258
314
2483
1582
508
1230
440
2825
862
774
1658
2734
1166
2498
1674
2254
2006
992
2422
2232
328
1688
690
210
2521
2534
2019
2542
1832
758
426
886
66
2345
1624
1128
648
1446
2684
392
936
478
1926
1450
2159
1952
2093
2334
36
1256
1642
1910
1146
1900
1976
2808
2670
394
296
352
2270
2451
84
1384
1000
476
96
2534
776
1986
446
1126
38
2413
778
272
706
1296
1668
404
2118
1342
586
2145
2086
1116
414
2517
2206
684
802
2147
2659
2286
2042
1468
1948
1032
1352
810
464
2170
2444
1026
708
1594
362
858
2588
480
1376
1270
780
2187
1590
1430
2536
900
2049
22
30
1296
454
1104
380
1857
2124
602
230
662
1324
2324
1572
2374
394
270
2702
972
2187
1635
418
2749
1952
1616
2309
344
96
2152
2312
1909
1182
106
292
2363
2211
550
812
254
2173
1666
480
2414
996
2072
932
530
956
2336
134
882
154
2255
726
2347
604
644
2425
2628
416
1074
1040
592
476
530
990
194
1344
66
426
2153
278
3036
1108
2878
614
1982
914
1810
924
752
932
2388
824
432
478
1342
1746
2537
1370
848
408
1318
2342
2060
228
704
2402
554
1104
1214
2507
8
2224
512
1564
594
1878
2068
1086
2224
620
1981
2068
2302
1526
2132
1942
1692
760
2549
830
1084
220
1180
1954
2331
244
540
2017
134
688
624
2136
612
606
1650
1218
598
596
538
1596
532
318
104
1955
2546
962
1182
290
2786
672
686
2481
104
2279
1960
1082
1168
1804
2152
204
1862
1460
1610
156
2704
864
68
1402
662
1958
762
2332
792
1458
2434
2369
2536
890
974
2529
1720
1564
840
1134
346
442
184
2225
2
318
698
1606
872
1440
1166
2350
608
1879
260
1821
1066
2150
94
1722
2284
274
1932
2007
1260
1828
440
362
464
94
1901
2456
1252
1648
1840
514
2110
2058
326
2123
890
2392
462
196
1936
1308
280
1894
2320
2220
1896
778
1040
2722
2423
808
2300
2118
1348
534
1662
58
2569
168
120
2107
1118
80
1432
748
1024
2439
86
1734
2782
234
1134
828
1522
2404
994
670
2489
1154
2215
312
2421
616
1084
1971
1480
2403
1026
1350
2481
2088
1048
532
2001
1354
1526
216
2267
1138
1570
1568
2730
48
382
2550
2375
2084
1606
698
1034
464
1707
1356
1310
838
1392
1892
1728
2490
2227
40
1550
2409
220
114
1814
2236
2414
1220
2456
548
2462
532
1985
2022
1302
1680
2347
656
404
2089
882
2464
942
962
726
724
1684
302
512
1638
912
2424
892
2617
216
1770
880
178
514
124
1432
1438
1770
2266
1934
170
876
314
2128
998
1314
2265
946
2121
1124
2184
2461
1878
2150
2315
8
194
138
892
188
1524
2480
2347
174
2282
152
1358
216
712
2036
424
2437
1886
1813
1198
698
828
734
2347
1492
940
306
1470
2280
2184
636
2207
2370
2205
1108
98
2852
2528
356
1994
284
978
582
2505
710
318
708
2179
2241
1932
2104
18
408
2161
2004
468
714
1338
2840
504
2200
1304
2405
26
1098
2336
2297
2667
2519
70
216
2218
1682
1192
2598
572
370
2209
126
100
194
1875
1128
1002
750
2111
2014
2629
986
2620
1108
2176
2019
308
1192
1636
1098
212
2185
1236
2387
980
2498
74
2343
884
980
868
2022
2
664
882
1116
1050
1998
148
2593
2004
186
2275
2142
2048
1236
1138
446
2204
218
2324
2186
2234
748
2441
2157
2373
2120
900
2133
1248
168
1993
2546
962
1116
818
2463
728
2658
578
32
170
272
2018
320
418
2187
2431
564
2293
2343
1124
8
1951
20
928
2181
44
2133
1216
58
1474
1160
2104
2032
196
2394
2226
760
1286
1294
570
670
702
444
2454
114
952
266
1282
2172
296
1346
2258
2413
2136
2189
2321
146
672
770
1120
552
802
2098
1112
730
920
654
436
1506
858
2164
496
1114
110
696
716
2056
2511
152
2377
1610
298
1596
676
2222
2462
830
2094
2263
2200
2256
2182
1090
78
414
36
1872
2445
1969
108
2335
2258
2012
194
1474
1818
1292
2121
2262
894
344
1972
1800
46
1022
1588
1964
414
56
126
2370
1044
682
18
378
2683
1346
374
1348
2391
1036
1182
42
1592
788
2040
22
2068
564
1272
1198
2129
524
1804
2238
1868
986
78
2052
1900
1164
2390
194
388
314
1274
2787
2195
758
1326
2565
2207
2422
842
978
610
2673
414
1042
2004
2138
2682
1816
2340
2917
634
2862
352
2599
1136
284
1742
2020
1052
440
2380
404
1034
2668
2146
198
2650
1292
1636
1898
628
294
1124
654
1892
1737
380
948
180
1836
534
2493
2426
344
1894
54
2412
2074
760
304
1288
36
1586
732
212
1414
1706
2546
952
2007
2122
844
694
98
2313
552
2502
1588
2264
42
164
1950
1052
122
1772
2075
2760
2423
1106
808
1214
1098
1952
298
426
606
1000
2002
2657
2044
1810
294
980
798
1294
206
2476
48
1692
1676
68
2601
1270
2677
2667
1666
2314
2706
1346
1844
1524
1991
2014
1588
2006
654
2248
508
2094
366
2620
2495
1640
2727
408
682
2206
200
284
1484
108
498
178
378
1448
1102
286
2425
180
850
24
2378
516
306
758
2036
108
1418
1398
972
2052
1706
484
392
368
1984
12
1997
1490
1138
328
2190
2108
498
32
2186
1815
576
2398
2415
1824
1088
2305
432
368
1036
480
1908
2129
756
1752
2269
2495
1536
630
1216
342
1652
2435
2603
526
548
2248
1682
832
1952
790
2397
994
56
2479
2267
1932
2429
392
2054
2557
1848
2466
698
2612
2557
2286
1412
2151
436
2005
46
208
2316
748
292
276
1048
62
2190
2494
2128
1921
502
436
1910
2003
1294
1872
2113
2756
2056
2256
2079
16
2509
1148
292
2447
284
1886
666
1950
198
128
1086
892
2173
1296
1486
2520
478
662
716
172
628
2645
2583
2062
2247
1136
2214
440
844
928
708
876
3077
2038
2172
1534
470
296
1062
206
1538
80
1616
1566
278
1626
280
632
2615
1726
2052
1584
2182
1880
1762
1971
2771
750
60
1082
638
410
2486
978
556
516
1672
1744
2181
2340
2572
2106
316
1856
680
2479
2102
2559
1310
946
1242
2115
1488
102
2498
552
2166
584
1704
50
140
1278
1978
592
2529
2584
2273
890
2227
1850
690
2447
558
838
260
2414
352
874
2345
930
654
2059
2489
1386
1316
2474
1891
2407
2230
1771
2389
1758
238
2709
2202
70
2565
322
2174
1580
454
2475
884
2118
636
1032
1362
2351
1114
1364
678
1464
2444
714
568
2050
1042
998
360
1632
680
606
2086
2485
52
482
1266
1714
1608
1954
2126
136
2302
1128
42
1858
2118
120
2484
1908
1076
34
1972
1384
2550
2166
1548
1622
468
2173
2114
2067
316
546
830
1754
1901
230
2743
74
828
1766
638
168
1286
1454
1890
2553
2826
1674
1434
2274
1852
244
1994
1812
2331
2468
1940
224
2494
714
368
754
1460
786
1758
1770
1360
836
1720
2374
2134
1386
532
862
460
800
342
1200
2144
2232
2648
2008
2590
106
210
2360
258
456
1772
2159
1142
2144
196
2252
706
2291
18
638
1748
1248
864
904
2506
36
2256
2114
2527
822
1907
328
1558
2077
162
2084
1922
2206
160
2170
1156
394
2230
508
2249
2327
1646
2145
1976
1132
1896
2716
1384
2166
1110
2232
2572
2058
816
558
904
58
28
456
1508
2254
888
70
1574
1290
22
430
1814
2250
120
2326
436
2558
1288
1638
528
152
484
122
1254
2670
2060
2470
1574
2270
1270
472
12
294
58
794
34
44
162
1514
690
1708
2122
1665
2207
394
676
84
2161
558
2488
740
2661
796
32
2146
2054
950
2873
1782
552
2323
1620
2018
2000
1726
2330
2020
518
294
2007
714
2417
2521
2725
2585
2019
544
2323
2331
2320
1636
164
810
644
2425
1692
2353
154
514
1784
448
2330
764
548
1142
2436
2011
316
1974
2068
874
2319
1406
1758
2232
2204
1686
52
2212
176
84
2209
2051
90
570
2436
2621
1336
6
2038
850
2332
366
16
288
1524
2835
2618
2276
1048
404
2747
2720
894
2374
2322
960
452
430
2274
122
544
1698
2188
1384
770
1220
280
2565
1883
116
1576
872
246
2060
2808
2327
1230
436
1580
1174
2654
1710
114
2050
1210
2490
2489
32
1782
2424
160
2251
1416
510
1296
642
2267
2159
390
560
1356
2196
302
444
1614
2386
1510
1502
2236
2118
442
62
702
982
1734
1640
2397
2170
272
384
2509
2143
12
1378
2519
1048
92
432
2329
2399
2463
704
1448
134
776
2136
2271
2203
650
2155
848
1400
634
276
2432
2465
1857
1996
2468
1352
1400
324
60
2
644
578
240
144
472
2146
1921
1920
2508
2185
176
206
2210
150
148
2340
1528
1602
1484
2788
1136
2285
2587
588
2614
490
2198
1342
1852
814
1840
694
1278
468
738
1764
1989
2536
534
1786
438
278
398
2521
2228
2098
2641
132
1226
912
1100
866
1984
2088
574
226
384
2905
442
2279
10
204
2231
2626
2202
1931
2168
1972
1878
106
2619
2364
728
298
810
522
1728
1116
1050
1044
288
678
1386
2580
2468
2200
2589
2319
2218
986
72
472
162
2470
2473
2392
2233
2164
2364
1088
148
2544
84
2030
2326
2165
1956
1450
350
1670
1058
958
808
2137
2585
470
2314
1912
1322
858
962
1678
2343
426
1790
762
444
1366
998
2607
378
2098
400
992
920
1428
284
640
2287
2468
842
2431
2141
1202
2059
2467
1056
1960
86
232
2270
338
2326
38
416
2304
1726
96
2227
1158
112
2339
2087
1334
2446
692
1747
2752
2454
176
460
2505
108
2148
2508
2476
2584
2246
3012
2438
2010
1812
668
1858
2614
1088
2167
706
340
2187
218
2322
1944
2480
388
2263
2577
2307
1706
158
1794
1248
1608
1334
474
2298
2195
1632
658
1288
1210
1098
2640
2383
2318
762
1398
228
532
100
1561
580
1346
228
2278
536
2379
668
1116
2414
2195
914
494
610
1898
1202
2303
32
2055
238
252
1020
2102
2317
2102
1190
2227
696
1622
68
1978
1426
2009
642
1016
1416
14
242
1466
298
1370
124
1918
2458
2260
580
392
952
106
2166
890
1106
56
1686
2168
2134
184
404
846
156
2901
1094
1192
518
376
364
312
1458
376
2364
2086
2146
2086
884
212
102
244
2056
1634
1550
36
826
1892
2144
694
2654
1286
1756
2119
260
50
2312
262
2245
624
716
1012
1134
2093
516
1100
2202
608
2150
2252
2332
2172
1720
510
318
2447
2162
152
2221
1014
736
2515
254
702
58
224
1434
2601
2562
850
620
204
26
2175
2293
1476
302
2676
1960
1650
370
2311
212
462
632
1672
2725
208
2078
2410
196
1508
1402
2057
2160
270
2449
94
1427
474
144
1460
2300
1190
2621
326
288
826
1962
2390
12
16
2414
1502
2495
2714
1528
2209
1662
466
2450
2530
2099
1655
1922
2102
1196
1070
38
280
2037
970
556
1088
2440
1656
528
30
2364
1308
6
2048
2280
768
1824
90
2199
2250
1420
2485
1318
594
2554
562
2144
858
2115
2358
1444
2065
42
2048
170
1446
868
2732
288
392
2631
164
1986
1024
1658
984
1758
182
1476
1284
2354
992
2159
566
2162
330
772
2447
776
996
2033
1134
2416
2238
670
968
2292
1010
950
2106
2045
2457
2037
1324
2665
1546
382
296
356
222
1426
2230
422
708
2315
2528
1860
582
276
148
446
1342
376
2132
638
424
2564
1708
128
1906
2354
2825
94
2433
1680
2614
1986
1991
422
658
2095
284
368
1668
1246
1780
2340
2054
150
198
800
1778
84
920
1858
1406
1818
1960
1532
1900
2640
842
1932
2228
122
698
536
716
2202
2244
2432
2576
2321
1973
2210
806
1598
64
1788
864
2726
1776
2448
1808
1148
1684
1368
140
754
412
784
726
1448
1456
2621
38
2327
576
322
1270
2427
1822
1958
672
2317
662
2165
2297
2339
1992
2491
2174
884
226
2194
1550
1948
542
286
3417
1780
2503
488
1224
136
1836
2060
884
1010
2445
322
684
2340
1702
2176
642
1622
2211
1322
2206
2220
2122
1354
2124
2532
2111
1796
560
708
110
2214
806
1500
526
572
2367
672
1910
464
1950
2327
272
696
1996
268
790
308
720
1040
2369
312
720
164
2655
246
2036
2285
1496
2103
1726
76
884
510
1272
606
326
1020
2688
764
186
2216
2086
2385
1802
104
1290
2696
526
1322
272
706
354
2406
218
96
1960
1545
2460
1050
222
2157
2530
174
1801
94
652
152
298
1954
2681
2194
1624
2191
2210
2487
1364
2188
2167
778
2753
1700
2385
1920
542
2695
328
1298
1819
2662
1658
2016
190
2288
262
2371
2263
1284
480
1126
158
2569
586
1172
2204
2505
1066
1242
2386
196
246
156
1680
2443
1502
196
1612
2132
932
462
1126
2095
1636
670
978
2014
2285
764
1526
2444
626
878
1254
1718
2271
2164
580
916
2267
92
2541
44
2053
1605
1590
22
2261
2600
282
910
28
2596
52
1308
980
2720
2629
172
662
2534
2463
2461
480
1890
2484
2034
324
2010
2741
368
420
2621
300
2333
814
738
1836
2380
1668
720
2275
688
1908
2520
2081
736
2158
50
2679
2469
1810
2367
276
8
2181
212
1070
536
1348
1676
1918
2390
432
1967
2240
1508
10
876
1888
464
2450
2180
2559
1316
2013
664
1716
2219
604
1880
2468
916
2719
490
616
1260
1396
828
2439
1652
2481
102
2425
1076
2259
2272
382
2776
230
504
292
1328
184
1568
476
1308
1076
2227
436
2761
38
164
1454
1965
1826
1144
1616
1936
178
146
1322
2106
142
2446
196
1308
1660
2465
288
2412
2399
1444
1350
1096
1284
1088
1132
924
1937
998
2445
1522
2244
2416
2787
340
248
1945
1924
386
1572
1864
1872
1640
1910
2048
1958
2234
34
1282
1018
2205
270
1128
168
2170
966
2221
284
124
844
728
950
1478
2209
2480
1913
1374
1994
2791
724
64
380
2360
2294
2424
632
286
294
2318
1206
1438
2593
1094
1024
2197
2795
1498
1084
1412
2621
492
196
1020
336
2210
2405
1344
1644
2063
2245
770
288
1292
2224
1841
1828
534
1750
560
1246
1302
2069
2418
2042
2004
2018
2468
2508
986
626
1660
934
2082
2492
1402
952
884
1929
2296
1814
164
244
1788
348
2328
776
2431
894
1922
1272
1332
2242
1946
2051
696
2361
2201
78
92
336
2210
324
1628
550
1652
1762
1564
2578
784
2384
2206
1696
682
2066
878
640
122
500
1358
546
984
2496
1156
1592
258
692
240
2030
1340
282
2842
1790
1200
162
2658
434
2254
288
316
2052
2512
2906
2331
2496
1927
596
1884
1082
1470
284
1432
2678
962
1408
772
696
250
1756
2292
144
686
374
2603
2456
762
2259
178
36
88
1342
1708
682
272
778
1995
124
1440
2343
392
1446
2453
2533
1972
784
624
764
596
438
2482
904
2637
926
1516
714
2428
614
1048
576
1836
1328
2352
632
2404
2070
1881
340
2473
2044
188
918
1840
1200
142
2610
1542
2533
2088
2466
1848
168
48
664
2366
1054
532
2247
1812
196
2503
1686
2284
2016
2595
2489
2331
188
2257
24
2301
2146
478
2167
1516
2350
2049
2713
934
816
242
730
2052
2483
222
1048
2062
2831
726
992
252
56
1946
48
2777
402
340
2278
86
1444
1290
2145
880
640
188
1690
72
2305
290
2476
282
1154
186
416
322
2350
754
392
412
360
734
1912
1134
136
552
1504
394
1391
242
2042
2200
2671
2644
934
34
70
2050
410
1606
946
168
1696
42
350
1058
2341
1416
1114
2413
2351
764
142
2481
828
106
718
2002
816
1178
1184
2534
1142
2352
2032
2268
1722
652
2614
2068
78
1168
720
928
2301
1755
850
608
2081
2269
2076
1190
472
358
396
556
2365
1536
1368
1078
1288
2254
518
2346
1850
1570
914
1252
2450
1302
780
2065
1396
1903
1204
1912
1678
2388
2181
2589
2206
1712
1744
1570
876
280
2156
70
1556
710
1184
2358
2415
2426
1150
1971
1630
2224
156
52
148
218
470
2774
2284
1192
2191
782
414
1466
2356
2130
1006
608
64
2317
520
1420
2101
2257
1498
2262
862
34
1536
1092
1714
332
1884
2499
1314
1678
310
2087
1618
2364
970
366
712
1050
1782
2332
1224
3314
2751
2233
486
2215
1014
2372
1784
1420
1628
1404
1094
2012
2004
1068
1712
1332
2458
2290
1788
182
2333
1258
2244
2592
660
1938
1166
846
252
2206
1686
1386
2649
2792
2043
2334
624
1594
2104
3076
2236
2383
190
584
600
72
506
2614
480
1330
810
672
1926
2479
596
772
2234
752
1820
2529
2653
2361
666
2745
1724
494
1370
2547
104
2154
502
2065
2267
2215
628
18
866
276
2002
2100
1802
474
886
2175
2399
1466
296
2553
2340
160
286
1260
28
268
2332
712
2412
722
1906
2339
600
442
484
1723
716
2346
2220
120
864
2066
1176
804
