1964
948
306
1514
1964
1993
48
428
870
2797
28
2202
1861
2124
1214
440
1280
2482
1999
824
1364
704
2169
1584
2197
2635
1580
1114
1757
1930
2270
2014
2117
802
464
2002
1414
1170
2739
1312
2603
1654
2229
506
2378
386
1580
568
594
1382
1374
2144
1818
1606
2104
920
848
2574
2667
532
1506
1198
1052
816
1658
860
132
12
202
254
446
492
2030
2362
1932
1983
2341
166
1540
1190
236
2303
2216
742
2489
248
630
652
30
726
972
182
602
2391
432
510
2524
2253
42
1690
34
160
1310
1166
1274
340
858
1368
1114
558
1718
626
1230
980
2577
2008
1450
2442
2387
436
1394
1518
624
1136
1254
2570
1916
534
1492
2267
922
510
60
2148
1988
1524
54
1808
1652
228
2592
2777
822
2286
914
2218
566
488
1982
362
1266
640
872
698
444
918
890
1518
2231
2358
1548
730
2354
2145
2221
2794
298
2312
1156
1620
1306
900
8
2140
2042
2170
376
1997
1204
116
84
1022
1398
500
34
464
2313
1640
318
2794
2579
2686
824
114
1408
904
1122
358
2448
2029
110
878
2162
2062
328
296
1824
2404
536
2240
678
836
2154
2309
656
1862
1900
1522
1126
3553
1146
350
1040
2348
1398
548
786
1946
2555
2010
1040
1952
510
2401
2687
400
420
2377
2486
202
324
1912
2508
1927
698
1688
2307
2291
2252
2022
2286
1594
572
112
2449
2331
240
1804
496
2161
2497
1542
2507
2324
1030
1304
98
1082
1148
282
1891
108
980
1396
1000
1901
176
676
314
1224
2483
2056
2294
1752
2038
348
1172
2402
2344
2358
480
200
2877
2304
2358
2582
210
1314
1122
2191
404
394
2619
1262
2210
2318
816
1504
1044
2163
1176
2546
894
232
1342
432
1186
866
146
2380
2124
2296
1770
424
1613
2227
364
156
2767
514
1562
2514
556
486
2052
1252
2272
2012
1990
2232
2456
1226
290
248
1540
2167
1222
2569
2250
2502
1196
2063
858
978
1870
2853
62
2145
290
2664
1568
1598
720
2476
2127
2330
2098
232
578
934
342
992
2365
72
1828
2001
2611
710
144
1728
408
1468
1966
1710
2514
2717
1940
358
2633
2523
2010
902
2372
1168
922
532
2361
2184
286
2631
6
2061
2515
2154
786
1432
1844
2606
1092
1048
474
670
1840
2093
694
1338
2416
894
72
2615
1580
2160
472
2106
636
1730
532
2472
1983
1400
2396
1158
580
608
508
2396
2306
2743
646
1292
566
2604
2701
1976
1288
104
1704
2331
584
754
592
1064
248
878
1478
246
2186
2335
2537
1640
1936
142
1576
2335
984
2489
2027
1596
2103
1552
2140
2626
2165
366
1845
658
2048
1376
106
632
2553
2232
774
1328
344
206
300
2248
350
1810
1072
308
1810
2048
984
1776
38
1588
2014
2433
2257
1842
450
356
1050
166
2296
536
910
1562
2406
2248
156
1368
536
2212
1720
2076
372
2163
324
1212
2440
1918
628
700
686
40
2550
1858
2030
760
2092
808
2687
1794
318
238
98
1198
808
266
1950
440
2193
1965
214
1772
1528
962
514
2607
2427
50
436
60
1748
2513
58
1716
1098
1476
678
22
568
1032
2318
1558
1094
8
1094
2166
1312
1038
86
1796
2418
1640
228
502
2304
1126
1690
2236
700
960
1434
600
2599
172
2580
482
202
2271
2285
2169
1570
650
1528
564
1977
928
2076
2041
2494
436
400
2214
2407
274
2083
164
2148
1660
996
2236
2262
184
1080
986
1646
2018
2102
1092
298
692
2733
1502
1380
274
830
1965
564
2207
1154
1766
158
234
590
1754
1670
900
2204
2205
2173
2391
2228
1060
2579
1316
564
2291
848
624
408
1949
2410
1104
2159
1064
1380
210
1202
2481
322
1098
58
1080
1334
2634
1410
328
1826
968
832
1905
2007
204
886
2346
2072
1674
2571
1828
2524
1765
1997
2133
1202
2408
606
1982
694
2352
2468
2641
926
2127
2194
204
2366
2384
2099
1106
16
2403
388
2156
1722
1004
1506
298
422
2193
2090
2094
16
2339
248
2170
180
2084
686
1966
256
492
522
624
420
86
2022
100
210
902
882
2195
2330
2401
196
1058
1382
476
332
190
1444
2363
1336
1726
136
1232
658
2034
552
1340
2202
2318
2137
814
2230
174
1230
122
1190
2467
980
2016
2402
1158
552
760
2106
204
816
2463
2645
2285
1036
1176
2480
544
2548
494
1800
1220
222
184
1090
820
1902
1878
382
2014
1909
2657
2614
1208
2365
558
1630
2130
2265
1346
216
78
420
628
2055
2394
2771
58
1464
210
2532
542
2598
2225
322
460
776
564
276
2665
994
1266
1558
758
184
342
422
454
2198
1300
2172
386
2596
1635
88
2476
498
832
622
60
2421
2546
584
2140
1454
1302
406
1088
1910
590
2516
666
1260
928
1406
80
2772
1028
2470
548
176
2466
1108
36
2058
316
6
1106
54
220
1122
2394
344
1620
2161
382
456
2208
1320
916
2100
502
2031
1907
1883
578
2452
1732
972
570
2548
2536
2383
1848
2099
112
1726
2354
1112
72
110
1482
916
1526
2056
684
22
754
2279
2500
212
2348
2220
2338
2739
2169
34
2152
1702
2679
824
2286
898
1328
264
216
1916
128
2204
2153
2094
2105
1396
1282
926
2256
74
2071
388
82
2198
400
2670
794
1230
118
2588
2276
340
86
14
2358
570
936
2695
550
1792
1020
102
2369
2054
782
2427
218
1382
2376
2259
2270
446
892
2226
406
1436
888
2501
1768
1946
720
1014
1180
658
44
2570
1168
1518
548
2699
2416
2576
124
390
2421
716
1010
1474
1198
650
514
4
2032
538
512
2460
734
2481
2627
1376
494
984
226
2537
2233
506
1006
1310
702
504
270
1504
1600
2313
2395
2350
1310
2307
44
2065
2056
824
2759
2603
792
1900
2051
970
1668
1970
844
2331
172
632
748
1898
2302
2576
332
1226
30
1904
2238
2312
2185
2349
986
346
1804
994
1316
364
2209
770
338
1976
2012
252
2861
622
1704
844
478
542
548
772
1552
548
486
110
582
1810
2353
1962
888
798
94
1046
1746
2488
1738
1730
2095
656
2615
2274
4
1084
2451
130
596
234
434
1356
1162
2072
248
2118
2338
374
2462
672
1792
128
1592
360
934
1424
1428
2704
2156
224
1824
64
462
2598
2525
1812
702
2596
450
862
2319
1856
2219
1992
1958
1124
140
1598
1196
1104
2048
2486
2170
2228
200
2086
284
24
734
186
124
2464
1516
2008
2235
402
1760
592
104
1762
432
2252
1996
1144
2434
716
1396
2250
2255
2309
660
424
2370
2194
102
154
188
1106
1144
454
2724
2471
18
1832
1676
1204
996
2038
564
2647
586
1596
2205
2408
946
2377
2347
544
1770
1678
2416
184
1548
2164
104
1476
316
2276
338
2438
2282
374
806
376
2014
782
242
1364
878
692
1094
736
972
18
2549
366
440
2503
282
2281
2072
1678
2213
898
1172
288
554
2223
2656
110
1070
1664
1886
2317
1967
1016
2437
208
884
1960
2668
218
716
2016
452
954
1142
1490
102
2164
2195
116
1232
2623
1292
272
920
2114
1086
1746
1316
1356
2217
862
2722
2330
2429
892
894
2415
2446
2311
1268
1758
1850
2362
2529
1376
2229
848
144
1760
98
1118
2426
562
520
1222
1140
806
2669
52
2355
1948
1622
896
1430
434
1452
1922
490
2745
2014
926
1216
2245
1550
232
1872
2708
2268
1928
12
2125
1806
686
2250
2316
2440
296
200
1218
468
1050
164
482
2132
446
1368
232
1790
614
228
1484
2404
2152
2297
528
2466
2487
306
188
586
2818
1914
2043
368
2096
322
2010
2154
2560
2380
2249
2088
2814
416
284
1590
1130
2650
900
1990
288
1078
2343
2735
2298
1350
1854
1154
1048
1142
582
2172
372
1622
1662
1814
1550
1526
2254
250
446
2445
2396
1556
2371
136
1500
1714
2536
2312
1916
1734
728
2482
506
2272
14
2114
886
2313
2495
1893
522
1192
426
596
1058
936
1196
1306
42
406
2172
614
1026
294
716
2206
2047
44
526
256
2829
1142
1288
2035
1170
702
254
388
462
2615
524
936
2685
560
452
112
74
738
1302
472
1498
2270
86
166
1744
440
370
2282
2060
2354
2439
1384
1938
1184
1984
2081
640
1518
2488
2286
2281
464
2129
1358
640
2244
1632
2539
684
2266
1100
2520
370
2229
1988
1310
1928
580
594
340
2369
2308
2391
2216
1316
198
208
188
2180
2675
2750
2129
818
580
2861
2456
2330
924
672
2468
720
534
2169
1640
146
2717
504
2300
916
2293
74
298
1732
392
1711
1384
1756
536
1254
2608
2077
636
1176
2128
2369
552
206
1420
800
296
2154
536
2624
644
2181
182
682
2682
2032
2018
1810
1923
734
1924
1410
40
446
100
172
2257
1636
986
1096
1534
1814
2347
2559
696
124
26
118
308
1174
2632
1394
2219
316
2519
914
2404
266
2580
2544
1295
2624
958
2635
1286
2838
1496
368
332
2072
976
1496
340
2040
2077
88
1058
2365
586
338
638
1962
2385
124
428
2385
2517
154
1228
394
646
84
488
1494
2703
1020
824
2118
572
286
2263
2138
1861
2418
1728
538
2118
1180
576
1544
154
134
2222
696
370
1392
1338
1925
10
2515
638
2379
2168
2181
2290
1738
428
274
2628
846
1400
1136
2196
2407
1810
1953
2317
914
304
74
64
1382
2569
2157
410
2183
914
1212
1998
144
226
1056
1944
2099
2464
1476
2182
2423
2399
1176
1794
2558
320
2365
2561
1468
1580
930
710
2128
194
1594
38
1740
2435
2339
2351
800
1772
240
1732
2313
1424
1110
160
74
2303
1456
1943
2491
296
1958
1374
2690
6
762
188
770
2084
2487
1278
2104
2614
2592
1862
668
2984
248
1442
724
2154
1632
978
2391
1506
140
1676
1332
954
2550
14
1104
1894
690
540
2432
272
216
1064
546
564
422
946
1502
1446
990
902
362
2599
2495
92
268
302
2002
1692
2398
90
2044
1590
84
1628
1922
1122
2352
2247
726
76
2169
358
2032
964
432
2028
1386
752
1578
2558
1968
2860
366
370
1328
512
132
2601
1766
2594
2558
436
1088
514
1110
2151
1530
1050
2038
640
2574
942
2200
2998
1084
1926
2036
1280
2248
120
2063
1824
650
2404
834
890
2462
800
1016
2353
1468
1546
40
1989
1856
1988
2175
2030
2233
2264
150
2090
876
94
2520
2494
2343
2419
1162
1122
1028
834
2131
918
2355
754
720
362
112
2165
1972
1028
184
748
26
1382
882
1002
10
2337
798
1124
3244
2209
2547
1410
442
34
1850
68
2462
2196
2086
1488
2092
622
2267
110
228
2138
2194
2692
2490
1925
1248
1078
1220
922
1980
710
902
2025
2332
2603
2141
1014
2364
2370
2419
1198
1766
726
230
660
678
788
2206
2302
256
2240
528
1793
1951
1458
2382
1874
2278
2380
2637
2581
2218
2417
1750
342
734
1656
2270
2362
466
2225
32
1780
2127
166
738
2209
1776
2128
376
652
1224
586
1068
1925
1901
2303
1984
88
1854
356
530
188
1854
286
250
2567
180
2506
368
1872
2008
2035
2096
768
2493
152
546
2488
2378
614
698
1140
1608
2208
1694
396
1988
1380
2608
768
156
2380
946
2464
1556
1174
2092
34
2513
2408
650
2010
352
2089
20
390
828
2104
1690
622
504
256
1370
668
1172
1993
2509
1034
310
1044
2120
1178
2366
2431
768
814
2557
2132
902
20
2094
1872
694
2000
696
2578
2089
802
1584
2344
2299
1614
676
2661
514
2328
2077
1870
966
1504
2068
1598
1636
442
758
890
2154
738
594
2365
1516
1062
112
394
762
2351
42
286
2710
416
984
596
38
2476
220
240
1440
1880
454
2235
198
2232
410
88
1022
798
2377
284
756
2296
2391
152
1256
2619
1582
2097
2645
2632
1648
1947
1836
302
2010
722
2334
480
14
2052
2407
102
1868
38
996
1366
572
2012
268
1000
344
2377
84
2649
2480
2225
264
2310
1514
1872
558
1164
512
234
60
1212
2439
232
590
112
1312
2064
100
486
452
856
256
170
44
2429
2073
1644
946
2690
836
2825
2121
216
1318
2381
94
1036
2535
2329
1768
1803
1382
818
2431
406
414
116
94
2308
2450
862
632
1234
314
642
1220
2316
2495
2081
378
1212
88
126
836
116
304
158
272
1504
472
2721
2457
482
1200
1330
526
152
998
2453
2014
1950
1856
2472
460
2373
138
40
374
760
456
2040
2074
2246
1952
906
172
442
556
592
1186
2401
2212
692
2383
2178
2284
1876
1330
1404
2544
1520
1228
1286
2314
794
600
2221
2430
1770
580
2196
2387
502
572
1586
762
2276
1290
2550
1364
686
166
1124
164
262
952
2246
1360
2294
532
1034
1188
2673
828
2360
2697
544
316
2381
2288
442
1530
1876
552
766
2625
600
908
2176
830
2100
2034
2617
692
1866
1088
24
170
2455
2
746
2082
60
2028
908
2082
82
982
270
1708
2526
318
458
852
136
354
398
1938
1004
2352
1204
1342
238
2069
212
596
398
2077
2448
772
2438
1290
1086
1172
1652
2542
1354
1058
1122
480
2246
1736
204
112
2735
2251
2366
2395
1738
2399
142
314
1238
668
1872
2098
2132
128
862
2436
1538
298
2565
1950
2106
662
2519
236
704
1448
306
106
2235
1008
504
2484
398
298
188
2363
2698
1872
1874
100
2757
2225
62
2473
466
66
2542
2232
2017
1872
14
224
912
1426
2312
2535
2528
36
2673
144
996
108
2453
2666
68
1456
1905
1918
440
1644
2305
2649
1436
2180
1356
2270
780
144
146
2606
1290
154
188
52
1800
992
70
1824
1402
2125
2218
430
864
2259
1504
1800
2242
1936
2340
594
2120
288
2788
432
2290
1078
2015
2567
704
2386
1336
1703
1890
278
1184
566
1070
2474
662
282
2389
2356
226
2202
2487
2486
2214
1052
2415
2206
492
2175
2512
2171
2465
804
2066
1192
1116
2480
502
460
814
1610
2517
2156
2309
2404
178
728
2358
1210
628
196
2741
402
340
194
688
2370
1078
2997
2167
2208
1650
706
1118
2194
698
782
2018
506
1266
920
2399
2275
826
1482
1070
250
1864
938
278
2231
158
1890
1582
1368
1314
2706
958
2149
1456
1939
392
832
30
2280
2292
1446
424
1870
2175
602
2359
2462
1432
2269
1472
2456
1432
2543
2209
1536
2365
2791
1616
1416
2294
1804
1626
124
632
888
344
1148
2116
942
1960
2204
2703
2476
2201
56
400
698
34
2447
1316
2008
2512
774
1972
394
196
336
1130
2265
2187
1294
974
1668
636
2577
522
2248
1987
2107
344
2424
348
2318
1032
1416
1616
1941
2145
892
1748
2657
348
1992
2138
682
2249
1744
114
2156
2205
1932
340
1348
344
2263
1812
1820
1692
662
114
2058
1352
292
332
2282
942
1084
18
1038
932
602
1833
2326
1192
206
2134
1732
2282
1302
2356
1856
2307
134
160
1658
140
2323
2174
216
1968
104
482
46
1390
200
1094
680
92
1238
2472
1874
1492
584
478
2253
176
396
1148
134
492
1992
94
2145
2022
2387
66
2582
2166
1842
560
2418
142
2711
1486
42
334
1284
2498
800
2466
2365
290
562
256
506
2465
1148
1496
728
336
826
788
2000
2422
2062
1192
2625
2352
304
2559
144
1204
2574
1902
1144
682
1354
58
848
2571
616
1022
2103
2407
452
1850
1034
2646
866
1102
476
1504
2726
2135
898
1274
188
690
2397
1076
16
588
2199
262
1706
2249
2072
474
134
1340
850
2148
1897
2022
414
2500
2588
2244
2303
982
2108
2030
116
178
1222
2358
2112
2448
222
1486
2133
1746
520
48
2156
2598
2611
1566
500
2486
2156
976
2336
638
2120
296
294
108
92
2293
850
980
338
1268
1012
2227
1680
1938
1584
2673
2490
1770
2303
1336
1022
516
2051
856
446
1106
142
2179
2164
938
542
472
2204
688
822
312
4
2136
184
272
1124
1540
246
482
2287
126
202
1354
324
1534
1230
1396
1696
934
1554
2685
1550
1656
2268
384
2123
1931
2256
978
1236
2658
890
2104
2350
2598
12
2304
1116
432
1414
668
690
672
706
1732
906
246
1118
106
18
256
886
1936
580
246
380
736
288
1470
1654
404
162
2014
56
68
1364
2370
366
2986
2638
1184
1286
2264
2589
2595
196
2341
64
2427
462
36
482
756
2607
506
262
2050
278
2266
2642
1198
2315
1640
1922
2655
450
1825
1302
1954
1592
1398
1078
838
2341
580
1302
424
198
2276
2421
138
2819
2560
1540
1664
322
712
562
92
500
1222
1926
2012
2419
1014
6
1314
1376
1726
442
2744
1014
576
102
1014
860
1302
2092
2245
2257
18
2629
1546
648
886
816
1228
2349
1884
1672
2173
1330
1266
258
2166
646
2633
192
2140
1978
352
114
958
2623
986
2181
1540
372
240
58
2272
430
1574
1712
1054
2519
416
168
2240
78
2077
1442
2141
2273
34
762
252
2003
360
1938
1230
1138
1010
554
452
1350
1252
216
672
1710
2274
2352
866
400
876
138
148
368
606
256
2536
750
1466
584
2165
274
1200
774
218
946
1838
240
1984
780
1720
1406
334
1756
2000
1198
1834
2304
886
1430
2122
2239
2129
2331
530
2222
1478
2527
22
1592
1436
1122
2546
2167
2168
650
378
2482
124
1536
2423
1044
2204
970
394
2115
384
2316
644
278
2172
1995
2394
1322
1082
400
952
2340
1098
22
672
1136
632
2311
2158
1002
2198
110
296
1914
760
2014
2280
2365
1885
590
1454
1806
262
648
2456
494
2527
956
2688
1584
2577
2075
2153
1702
56
364
386
2288
2228
2310
2142
2221
158
352
1444
440
2543
1432
938
218
866
320
2606
1498
2477
2662
786
2158
646
1904
432
2239
204
630
2421
592
514
1314
176
530
2287
2638
1352
1134
2222
804
244
288
2537
80
1414
604
2302
1802
1208
1976
1706
1188
1560
2558
2369
1334
2577
2182
464
986
2030
52
1332
764
1086
438
1522
148
2176
2235
122
2457
2144
2044
1942
288
2992
1374
164
10
568
2325
906
720
184
1048
2519
2160
2497
248
2260
2330
2347
2635
2413
130
1146
1871
778
2433
914
1418
828
792
1008
234
1076
2028
1640
472
768
880
1044
1852
1714
1098
514
1298
156
2456
464
2338
324
1898
1314
1034
562
1224
1962
2172
2130
548
1460
910
240
280
642
2042
96
1048
2173
2144
2428
1586
1176
2060
2180
2221
54
2544
2018
130
730
1955
2271
2144
334
2389
312
2389
2349
250
2016
500
290
230
2541
2128
460
2014
2593
12
970
2198
2165
144
2297
2128
92
366
18
1198
2482
1688
2042
610
1981
1096
854
1374
52
700
60
50
350
2494
2222
2444
1752
220
368
270
818
2220
1901
1562
316
740
934
1961
1570
1706
2315
850
604
2082
1852
24
888
1408
510
2443
2506
2288
1200
1144
1710
630
2382
326
2310
240
828
1756
2068
1656
2032
674
2192
974
2158
1942
1162
468
1904
876
1800
1278
302
688
120
2381
226
1948
304
500
670
2668
2338
302
2056
1134
2058
1268
2156
1721
502
2151
1762
1362
1334
1900
2086
2250
118
1014
2252
290
1994
1680
2821
808
514
2513
1392
1068
1176
2573
1508
2158
992
322
1760
1916
132
1400
478
242
2634
2068
1630
1696
2460
1976
2146
2321
370
194
1166
1330
60
2466
2239
1038
2337
2129
1204
1742
586
10
386
2384
242
182
300
228
2510
516
1430
2433
606
270
930
454
1934
1862
2355
1382
498
3358
88
2076
180
2427
1032
40
394
380
2460
406
370
2589
356
430
2206
786
2176
1952
410
2296
2016
362
908
846
1030
768
500
418
1748
814
2415
2522
2008
2426
2346
2449
346
16
1472
2454
2371
30
1858
852
2273
354
56
1702
1940
1606
842
2668
1028
854
2282
282
2474
1626
2069
1058
2274
1282
2052
42
114
1972
588
1428
768
310
298
1380
274
1222
406
2088
1676
2003
2381
724
2524
798
1038
2322
322
2089
2343
1368
500
630
242
860
194
1670
2092
2241
80
1356
2341
2574
336
1678
2301
12
1966
372
2736
2266
434
40
18
1618
888
2425
384
506
2209
1024
632
1248
1402
728
124
2355
1262
2447
1016
2197
2318
248
1298
2176
394
676
2548
408
1360
562
384
30
698
2398
698
760
2194
1170
2441
1310
2447
380
540
2243
2151
2118
82
2344
510
2063
1940
800
2451
608
2178
780
2563
1080
1012
560
426
1380
2307
1076
1062
1388
2112
2322
796
862
1010
560
648
2129
1982
1486
1200
222
1142
2021
2186
472
1192
1296
790
726
408
1446
2374
1847
2466
1660
116
38
2233
540
1934
1144
2513
2440
8
1002
1184
2010
406
2160
1670
2722
2120
178
2390
426
652
900
2128
1210
156
1520
124
1986
1046
184
2114
162
1304
1964
366
1366
2286
754
2285
2181
426
2056
356
2246
270
2592
2322
2208
362
2105
1450
2172
1486
610
782
2206
2490
2513
56
1600
1941
1739
2514
2380
210
544
1584
2356
784
248
758
384
2685
2180
1236
864
778
1676
1436
2631
2630
806
728
262
1266
2262
790
2244
2491
552
2448
2386
474
4
2787
1224
1636
1866
2478
630
828
1174
106
2529
1718
1648
2253
2509
624
2416
1879
2332
608
1945
380
40
1374
8
1200
2219
572
170
186
1414
2573
1900
2566
22
210
1586
1941
704
304
184
88
2504
1702
2221
2185
842
2542
532
2400
338
2173
2564
2350
508
590
2213
2381
1814
1566
1308
1658
1926
1873
2429
2028
2114
1362
778
2185
168
778
1484
2216
752
2483
240
2170
700
12
142
1076
930
2261
1790
2626
340
784
480
2282
2386
566
470
1310
1492
1714
2623
90
638
1478
540
76
2392
2631
1768
1788
1538
2593
1919
2377
1476
738
2177
876
1080
92
2820
334
532
2445
1420
1978
628
1488
1706
2797
16
958
80
2270
768
852
2208
104
1168
288
2906
2426
1872
1032
28
2292
702
900
2459
2622
1468
2129
318
2020
2012
932
2141
2266
1932
1092
2400
2619
660
1260
1756
796
354
980
2542
2535
2340
2528
732
1772
2270
1752
656
2298
2360
196
2567
2702
364
1622
1160
908
1398
2271
428
2068
950
1606
2142
2208
616
1106
2393
230
2447
2505
1688
1184
568
212
1900
2328
2133
1532
1568
2222
2382
990
372
1638
1060
2413
154
1228
2545
2202
1970
1944
1954
632
1280
782
162
1306
1172
1718
258
924
2399
1690
160
668
502
2444
162
1036
2501
1990
470
1692
1474
808
1038
2798
662
676
2318
2235
170
2908
808
1062
970
2147
2424
216
2389
2267
1996
518
372
800
2269
622
2608
1615
474
1500
1140
1453
2026
780
342
2087
410
1552
2373
234
408
944
2512
2761
446
2348
928
2495
284
2170
666
2684
750
2606
244
1132
2139
34
1252
2762
2373
2616
712
168
1632
630
936
2344
1518
114
590
1008
2350
2354
822
2046
1296
1976
2443
1674
440
1992
2142
2388
2558
2201
2005
2111
36
2322
1732
1584
2453
2393
2163
2432
938
1788
1248
514
14
2
1228
2137
2366
2642
1772
2006
2184
2280
2414
184
1922
30
644
328
568
2262
2985
1290
1308
1330
1184
1536
566
202
1420
2020
2048
1492
726
598
1918
958
534
1140
544
444
1756
2338
1336
1320
140
872
1436
2385
1346
1582
104
1534
1012
970
2537
2334
1094
2208
2180
2375
1322
2087
2675
2500
524
2632
86
892
1078
2871
832
1168
550
2118
510
2334
2288
1810
1706
2554
768
2737
2228
1592
708
1600
650
2111
428
1822
2602
2346
48
132
740
288
324
2073
2402
2392
1014
1788
372
2295
1486
410
2412
2780
1604
880
1524
2045
2458
314
14
1014
2100
2111
536
2513
1762
2294
156
1803
88
2134
1832
2246
2338
98
522
1128
8
2200
882
592
682
1004
1646
742
1180
1692
246
2052
2617
2105
2125
418
108
2036
236
2412
2092
570
1434
2003
1969
2210
2138
710
2072
2265
38
356
746
458
1322
2571
2426
2211
2591
108
1776
1870
2552
2238
1921
1376
2643
352
2671
2265
372
190
1112
1304
2146
632
2280
338
400
224
2876
2077
738
1958
746
2301
2154
432
498
74
2459
2660
12
784
1776
836
2213
2623
518
452
2021
1596
2290
2411
1080
2158
2268
1414
1962
1402
404
30
1634
2352
454
764
1974
588
496
2382
2539
2426
2209
676
714
2407
1336
484
680
2214
2094
436
768
1918
2271
2098
1928
944
1144
682
1912
1831
504
1554
956
454
494
1838
218
1508
2027
2028
86
346
1062
2235
676
2527
838
1600
176
700
1900
2281
158
2373
1026
1704
2400
2486
2569
1884
2239
386
962
2621
1022
332
1258
1052
1088
182
452
1524
66
64
56
654
2598
922
1970
2479
668
1262
2273
2508
2078
1496
2350
2093
2266
426
1312
2450
370
1294
1434
1906
714
302
1920
1190
188
332
2541
884
2371
2654
2388
352
1908
400
2428
1504
960
2395
2430
426
648
1520
234
136
1580
2560
280
2216
778
116
2742
516
636
1968
246
2456
132
1510
1845
1202
2285
1042
1180
1888
2833
1090
1380
2343
2202
2400
1176
2360
580
1008
62
1154
2136
2005
2022
936
1306
622
1420
2689
1774
422
838
374
578
2503
280
2572
68
686
1592
2338
2606
2000
512
1342
2174
338
534
42
620
64
2304
2700
2177
398
666
1414
1022
986
1600
36
1442
1220
2154
2332
670
1424
1370
1194
390
666
644
2540
70
1918
2654
1106
2144
116
1290
2300
2660
512
2651
30
574
318
1984
142
1556
2166
1476
1870
306
2054
238
2325
2014
1112
958
1360
2210
272
1426
1956
66
896
438
2280
998
254
2394
2590
2278
2178
1948
2029
2262
2533
2471
2397
2703
1472
1868
1930
332
1938
1808
2284
1004
1354
216
1510
1534
2188
372
642
726
2362
1024
1262
1836
2279
636
44
2097
2312
514
692
1228
2408
22
2480
2505
544
1850
2106
1797
8
102
2681
1912
484
2868
1776
2464
388
836
346
6
434
1190
2855
208
1382
1580
2505
2577
1476
2671
126
1150
2380
98
2023
2237
2095
1999
188
2000
534
2140
2323
264
1956
2392
2346
2555
1430
1875
904
1724
2357
668
2576
1122
2279
2638
2363
2490
146
2344
1554
76
2507
2640
1298
1466
48
230
2600
46
2656
718
1844
1895
686
2397
1818
458
2192
1979
2077
1020
1678
650
2520
2467
1256
42
1328
576
1904
190
16
2120
1112
1752
1620
190
1840
336
2951
2261
292
2108
1478
2680
438
878
2578
1916
98
996
2332
282
1640
838
218
1880
2035
1326
2263
2456
420
114
2000
352
518
2403
240
152
1212
2679
2632
2302
1032
412
610
2236
2014
2038
92
540
1830
1766
528
1296
680
162
2112
692
1866
998
1822
2584
2476
876
2131
1750
2289
1238
2557
208
932
1702
858
2364
2467
2064
444
1886
490
2580
2226
596
906
2267
12
1682
2169
1468
1092
168
2473
2384
2284
2432
260
1921
1436
1636
2141
2555
2080
1620
1370
578
700
1572
950
1484
984
2166
2111
1708
1969
56
2281
2293
2373
1232
1398
1734
490
1382
2559
662
360
2272
1836
1980
1854
2603
312
1774
152
1521
2325
1082
678
254
536
2183
950
2257
2360
2488
1566
2295
2062
2389
430
626
2833
2502
102
2580
2124
478
2557
1654
740
1110
286
2671
2381
2190
378
74
2162
1622
950
482
1112
662
2047
1024
2186
176
968
2340
2563
1006
2591
982
1968
1054
584
1318
66
2451
2843
2368
688
2369
780
276
2289
200
674
94
794
78
2403
2178
768
2098
796
2579
1040
180
2414
2491
1176
2524
80
2292
2410
1046
1496
1030
2236
1624
892
632
316
1514
616
2223
2160
1908
1122
1292
1876
1418
2749
2423
2408
540
2673
1708
866
2458
86
2318
1518
2283
206
2802
2165
2586
1154
2008
602
478
2607
2267
666
1532
1822
1222
466
2325
1128
906
4
1250
1848
536
1678
2072
494
430
440
222
288
768
2276
98
2209
414
774
1976
2345
2189
2122
1614
2762
496
1842
2052
1722
500
2489
2598
974
1941
1020
2377
2495
1434
1236
28
448
1716
2050
1408
2522
638
22
1438
1998
2376
1248
2665
500
574
2239
1896
1832
614
2354
840
2453
2395
1662
1530
814
200
784
2076
436
2750
454
2279
2231
182
528
2248
2445
1360
2449
230
1672
340
624
2387
2103
270
388
640
2216
528
216
316
2797
1262
1042
2011
304
196
1296
2298
2233
2040
1206
2111
1132
2249
1330
460
2336
1926
596
740
1742
1884
2165
546
2282
1324
136
1046
1613
2114
166
2459
2126
106
784
1276
710
794
2086
2195
1186
386
1272
366
1734
1871
2305
2146
2492
288
506
156
680
92
444
2389
652
2399
234
50
1842
2280
2432
2478
2402
2404
1222
2084
2450
2424
986
1228
146
618
1252
2122
2593
1240
1198
1444
562
260
2044
2549
2190
1386
356
528
90
288
2208
1602
2256
608
408
2211
2087
2022
2354
2346
302
2129
1170
2624
238
768
2431
1262
672
2403
1314
620
2534
658
732
1704
562
2035
692
2723
272
356
1618
2229
1264
2382
2508
1588
36
940
454
1678
1104
434
2483
1032
1170
384
444
1988
1892
1386
996
1186
2526
1072
668
2228
1716
2341
2534
1424
1084
176
132
270
634
438
456
386
1570
1056
1942
1368
1402
2336
1122
1568
182
2080
2419
2514
588
918
2202
1178
2464
1308
1466
962
2584
2165
420
1354
2520
1276
2124
1694
20
876
2470
2135
1174
964
214
2814
1084
2229
2290
164
538
1062
284
2514
414
2539
2205
1450
700
76
170
262
416
1598
1934
1038
2
2168
2358
2160
252
418
2056
854
2213
450
1226
1402
2217
604
652
2183
2839
864
2256
112
2283
1230
2707
718
1014
408
2254
62
440
828
2390
2644
2186
268
2296
1827
190
2663
642
744
2338
834
2512
820
2258
1976
2316
1926
1250
1326
610
1008
312
438
1746
2318
146
2118
2192
254
372
2504
1174
2451
2238
1256
2107
1744
104
584
2409
2444
1432
406
428
980
2586
464
660
260
2154
2206
1908
2732
2086
226
1048
2501
1338
2327
976
2483
1552
2375
298
2192
2120
2494
12
1556
352
1188
708
2317
1902
1688
634
752
36
708
568
282
2276
2258
272
2664
1298
574
2011
544
1622
1318
1678
1210
1968
1713
22
2297
1408
2113
2467
2425
2437
2225
234
1080
304
2435
398
1216
520
1724
1480
2522
2020
2044
894
2202
536
2284
2156
1935
2435
2248
544
2170
864
2047
2412
356
542
2164
1212
2188
2318
1534
1602
2390
580
612
1781
668
1614
608
770
2113
1390
790
1552
1991
1898
2018
2547
1186
2310
968
2477
1262
1244
2266
376
806
132
2283
2556
1754
2182
2374
2201
2425
2543
520
1360
2482
2366
2688
1356
1060
2578
2008
1722
2216
1618
2464
1648
482
2550
612
2377
638
886
2683
62
806
136
424
930
778
56
1964
1778
2328
466
2229
1496
2241
418
2528
2145
664
2522
1110
2207
462
986
516
98
2331
1096
2156
1116
912
262
312
2060
1808
1002
2149
66
310
2333
516
1158
2392
1388
966
1426
1134
1386
410
138
160
2312
2008
2004
1736
1178
2173
1624
1938
2255
430
12
1942
1468
2530
340
1232
734
1878
2250
2372
710
238
1276
298
2078
26
146
1452
1662
2256
2164
2684
636
1668
68
2157
2128
1532
1947
510
1446
702
1534
636
236
1056
2414
80
264
1662
476
2242
2030
1180
2118
1322
2186
322
1440
560
378
688
1692
262
2514
1346
2145
1724
2556
34
1370
84
1042
52
754
1302
332
1226
222
2296
952
1907
2280
698
410
2659
2824
148
1668
2244
74
732
668
1885
2045
2372
1498
1866
2463
2571
1630
2349
272
1282
1524
88
34
2300
694
2052
2370
2160
404
1030
2429
2298
2566
832
2671
2386
1544
348
2194
196
2607
2416
754
2274
2444
114
122
172
1562
14
1532
1262
1648
2319
1314
1346
448
2338
2098
2331
2094
422
2117
664
2422
88
2126
1924
842
722
1252
1776
208
2608
1152
1742
1112
2380
64
140
1238
1126
1837
2488
1673
1510
198
1162
722
416
1991
686
2308
2324
328
1268
1018
1020
622
2418
2068
304
620
1412
2450
898
2389
320
2162
1586
2446
1448
2693
2269
2599
2393
722
196
2467
2536
218
2040
1700
2307
998
2048
200
456
1990
2337
1580
2270
1566
1310
2149
356
194
2137
2430
22
922
594
1404
884
184
2838
108
2703
1232
1618
524
1615
44
2659
1284
110
606
2288
56
1860
210
2211
682
102
648
2263
802
1340
380
1168
786
1370
1752
2278
2432
618
42
1260
2451
2414
2471
1568
2495
962
2484
1778
210
776
876
1078
2351
2328
2466
1722
2190
700
1756
2178
188
398
818
990
2120
1204
2640
2325
2177
2164
116
2304
2515
1008
114
808
2314
1702
738
866
2338
1618
216
1048
2250
702
1488
776
416
2233
50
1346
2203
1782
564
2387
1936
170
2511
2322
2004
550
818
2452
438
2002
2201
2048
2376
2380
176
2251
764
1782
768
1294
1816
46
2196
532
1406
2390
188
372
2102
2253
2235
886
2643
2002
492
2273
1886
260
2446
1234
2272
1096
1122
1652
696
850
508
1957
2428
2392
648
324
2584
2242
2122
1412
906
1780
2092
2593
1034
222
2296
704
1972
496
1004
786
2265
2018
2314
702
2405
2327
2413
2554
374
1684
2142
2158
2646
2441
2160
1694
2535
2371
906
878
224
674
2260
1390
1991
262
2272
2100
1448
1704
1304
764
2262
138
620
2357
1922
1018
538
362
2583
616
2516
2175
230
678
2515
1648
2249
1004
2521
48
998
1212
2545
570
1396
2124
2623
1018
2515
770
2554
2266
2686
556
2428
2257
462
2152
182
1628
1700
1018
164
2591
134
1740
772
1154
2383
1906
2291
2277
132
1132
2591
1744
2204
1418
2222
116
1288
32
394
1554
1688
924
930
624
438
1542
2381
1796
954
1090
2634
2312
2662
2416
448
536
108
1428
1104
120
22
514
2524
590
2347
548
2462
1980
2152
1440
1901
2191
1178
2505
1498
1624
1842
1154
1222
160
1570
870
1729
416
2278
384
1250
1442
2058
194
2308
4
36
1008
2506
1498
1718
1326
34
1802
792
292
282
1496
536
1434
2142
2443
2410
568
644
278
168
2407
1092
526
88
2038
1160
2446
116
2091
2648
1146
2445
2321
2232
780
478
86
350
346
136
914
1238
1136
1580
1134
560
820
1602
1874
2198
1428
2524
370
134
1462
2056
10
678
1240
1970
332
2294
560
2504
1248
132
2246
1236
2612
118
1674
1312
156
512
1556
42
1110
1854
1985
2386
2220
438
1830
1030
2032
1536
2409
1700
84
1892
2114
2486
2525
2143
1860
94
2506
1902
734
148
1160
1686
1562
338
2382
2350
2696
380
2198
300
48
2381
254
266
2320
2398
1164
526
832
444
1184
196
554
356
1614
2653
1914
2255
42
268
826
180
1852
362
2360
2532
1220
2604
544
80
744
970
842
2236
298
1168
730
2080
294
554
2126
2062
572
1530
1830
2558
2038
354
1873
392
2228
1202
694
1976
2181
1814
1506
766
286
2044
148
2236
1541
794
2014
2409
732
722
2277
114
1082
2188
358
2156
108
210
108
2259
38
956
872
268
1208
730
2138
534
1820
506
660
486
2361
462
2049
1866
278
134
650
2378
2459
1999
2456
1634
1122
1220
306
2530
2305
1526
2520
1118
712
2607
634
964
1388
132
2644
1964
1018
1520
2415
1546
482
232
2604
1960
136
2738
1632
914
2074
434
140
2345
1906
2540
2181
494
2271
2445
2342
858
2514
2377
2147
732
2574
2115
2172
2118
1224
656
760
844
2357
2154
2134
2442
904
78
1256
2474
2233
282
2181
850
2497
2137
400
1078
2585
424
2385
436
2453
1224
2
948
1264
810
1238
1082
472
570
1060
1810
88
1580
936
856
284
1016
2268
1618
2626
696
2643
2031
1034
2414
2709
390
104
1734
1420
860
718
1500
1092
734
2180
1158
2551
2332
60
672
2410
724
1392
2217
578
2162
466
538
976
2773
884
252
2282
640
1068
82
450
2071
946
856
686
216
2169
2053
74
1510
2710
1566
2420
282
1158
172
678
20
2233
130
134
1056
2499
430
824
2352
2498
2399
2616
2249
486
2183
2064
458
370
1344
472
2631
2160
30
2813
470
428
1748
1092
8
638
398
1442
110
2318
1018
794
158
1898
2286
134
854
538
610
2383
2209
186
2440
760
2371
2439
340
2099
2175
186
1012
648
2136
470
116
276
2505
478
1276
2582
1356
410
178
390
132
2328
2236
1964
2062
1644
1030
1072
1308
722
2052
1072
2120
2269
160
2544
1110
850
38
2030
2640
2016
200
2358
1950
690
1954
1951
352
504
1028
2312
2416
2100
2197
1278
1634
1056
1600
330
376
1088
528
2439
2842
236
2152
1916
324
1638
1766
1142
1144
1945
664
876
2695
2274
314
536
874
2192
516
2242
656
578
188
790
230
2583
2636
404
1930
732
156
1418
770
1406
2278
2347
732
2497
1652
702
556
1338
914
2429
2414
1680
1811
1376
1970
702
878
724
1106
1260
1574
2538
1066
1050
1758
1468
2280
1622
2162
2294
2078
2239
1158
1558
2288
1800
774
2299
2316
2523
1766
296
2015
2487
892
10
562
2502
2314
438
146
2365
806
1684
830
184
1350
620
2206
2416
1780
2102
2168
2158
544
1454
1646
796
2781
1158
20
1516
450
18
288
2612
860
428
2107
66
2564
884
1504
112
1899
384
2091
2051
348
864
2290
2274
858
2446
868
1368
782
706
66
1000
2577
2426
2311
1186
2299
2143
2257
2122
1486
2594
2658
2124
1370
1066
1368
440
54
2204
2278
2015
988
1624
418
598
2218
1826
964
552
1792
1188
2006
1286
292
1868
2683
2425
52
62
12
2321
684
2298
2115
1104
1686
2081
440
1508
2290
308
2196
2163
1182
394
2232
2205
2827
216
1516
2391
1706
1584
862
864
802
1542
410
620
1514
2463
196
248
1236
1444
1894
1060
2146
1048
2660
1884
304
2889
614
2476
1742
50
2827
288
2465
604
2006
2366
274
2643
156
2828
630
216
1358
2426
816
2274
850
2355
2442
2102
1874
1738
2099
2596
1856
2123
136
594
1162
2339
1494
1946
1032
1124
528
1946
2209
1956
992
946
1785
1490
212
112
2187
768
686
1470
864
1610
184
2254
1218
306
2020
474
2324
706
2389
378
2008
864
2854
2097
368
2286
886
232
2589
2726
2342
2528
676
2132
2102
170
778
544
1800
46
2348
310
2802
1962
2314
2422
2094
2435
1890
1072
646
1120
434
262
1978
2360
1584
602
1544
1110
1508
362
714
780
40
2699
544
358
658
2381
1016
496
2172
2652
1440
592
530
1216
788
488
2082
1558
2127
2702
1164
2505
1458
1394
478
1362
1574
1784
208
458
2386
1728
2529
2289
830
2289
796
1260
1838
820
2018
1062
1686
2459
2588
164
1396
1292
2543
2427
2532
776
844
2086
146
1544
202
2404
644
2250
152
1892
808
2078
652
166
796
550
1412
2224
1294
198
1334
1907
1366
1602
2156
2194
540
2467
2277
2300
478
582
194
988
480
1304
1804
336
220
2081
494
30
696
2383
2097
378
1394
2239
1876
2133
152
1096
682
590
2718
2558
2186
198
92
2207
2068
2406
1570
530
50
60
2671
2341
286
2235
1426
194
2287
2079
2257
672
8
342
1804
50
1182
2561
108
1982
1214
52
2627
1130
2336
2226
292
2613
2002
2251
564
1460
140
1869
866
1915
790
2363
188
2091
2555
2564
806
2331
1118
108
56
2110
1078
2282
2041
144
304
2376
2431
390
50
802
1812
476
1965
2442
1128
736
2587
390
2350
2550
2137
812
1354
2050
330
612
950
470
786
2563
2544
770
428
2210
338
1721
1188
598
2553
2254
2310
104
390
288
2442
2103
602
132
2066
1040
1570
94
152
2131
470
1174
2084
2413
2728
1756
904
1936
306
1520
1804
1600
1756
1810
1754
1534
120
2036
296
410
1012
2297
1042
356
1376
2095
2604
1938
10
2363
106
2040
226
172
184
192
1404
2050
1724
2455
1604
1542
1692
1156
2141
2373
1058
1822
702
74
440
2373
1322
782
2025
2438
1130
258
2917
2354
2210
1967
116
108
412
988
554
2351
2523
1540
2307
2040
2383
268
1100
2009
2448
148
580
664
2213
1942
2525
810
18
1921
646
670
1925
258
1040
518
198
50
896
702
304
1802
612
612
1322
1908
6
576
1776
342
1826
1720
10
12
592
2158
64
1572
1622
206
1040
316
2100
558
286
468
1286
646
2638
2449
64
1042
2042
326
1562
2290
404
2148
752
1954
464
28
1966
934
1132
2660
594
1732
2211
2790
1966
2294
624
1368
2450
532
176
1760
222
34
238
2032
2581
1556
2390
396
554
766
2178
70
602
2345
1814
1536
646
2006
1988
1656
226
1816
550
2409
1224
1138
1386
108
2425
24
302
2126
862
802
2345
432
1348
2250
1388
458
2415
100
136
330
546
1744
270
260
1284
2048
1790
274
1148
1194
2227
274
2734
1960
2195
1755
790
936
2583
2315
792
146
1920
2046
2095
1789
162
2343
616
138
638
2819
1640
2072
1663
1482
1904
2562
1848
1102
692
386
2172
2224
2049
2112
2261
634
1402
2561
300
28
2412
1086
2286
120
2098
1958
1810
1628
2513
1074
2186
2062
2541
2266
2350
1824
842
1704
1880
168
510
2180
2666
2265
2097
998
58
2138
2302
1632
1838
1530
2122
1272
2148
728
1706
174
1994
2585
2159
2339
2029
198
1336
2132
312
66
146
2289
2201
2166
884
2181
62
2115
436
1962
2106
2110
184
692
2687
2614
188
48
196
134
70
16
2687
1598
212
228
78
886
1250
2679
474
1588
540
166
2473
494
2173
1898
1374
22
814
1340
1905
2188
1990
2198
1590
206
216
300
1528
506
732
2359
1176
590
2362
544
1879
1680
1502
1870
666
288
22
1204
2277
1032
2655
988
118
112
622
1162
2291
1124
1766
154
2032
332
2646
2695
1468
1808
1396
46
2635
644
1168
2214
1940
302
984
324
2274
2314
1052
2583
1660
1600
2516
758
1022
1530
874
2042
678
2535
398
236
650
2840
134
2557
596
2234
86
1030
612
1975
272
2363
104
2468
2958
654
2507
1822
1742
2206
614
768
508
2202
106
1878
362
1584
2302
1292
130
778
2312
1194
1132
1617
1130
2154
744
1416
2138
1786
2612
120
1510
2009
374
956
2238
1518
2404
954
2628
618
1750
616
2620
1594
1484
2575
2089
536
1604
72
2323
2
2248
2801
234
1052
1856
630
404
226
1238
2502
702
550
226
706
2233
20
2534
192
2206
1732
488
2440
634
2022
2073
584
2071
2598
2304
2398
394
1664
2373
2511
2273
222
780
2408
412
2116
2509
742
2108
168
276
150
254
2068
144
916
296
958
2488
1650
296
364
2520
844
2391
1006
2552
1706
492
508
1498
146
384
796
292
2464
1058
2211
2654
282
2352
52
2776
460
1834
1262
1941
304
1036
2052
544
2145
2240
2556
512
234
1212
442
384
2148
1814
1080
2441
340
14
2591
674
110
178
2046
48
648
650
1956
2519
2412
2242
14
2724
1998
1552
2138
2474
1324
1018
236
2060
1080
1460
2705
2148
110
1849
636
1827
362
586
2576
1526
2277
2147
2136
1694
1178
2050
560
2036
1802
776
642
990
974
2276
1286
316
2200
2416
838
2270
2308
2139
1678
1080
1740
26
1258
484
538
620
1832
2220
1842
316
2413
1790
48
1724
880
432
350
1356
1100
268
1128
1964
2412
216
2322
1300
1436
648
2355
2231
2522
2384
326
1518
362
2266
1870
1690
1660
808
842
2278
2087
648
2070
2826
1210
2061
686
788
344
2446
1444
708
1871
1200
1740
2264
2262
1106
798
2357
522
692
30
1248
728
2284
520
1434
1906
2068
2396
1828
442
824
2191
334
94
2186
1937
538
1935
1358
1846
502
1952
244
2488
498
300
1895
1200
2092
648
464
2325
70
2026
20
2522
596
486
982
1673
2514
88
2006
2699
1500
1064
932
8
1994
1160
2168
1354
228
2744
1662
1684
1220
674
1600
352
2360
314
854
1634
640
1680
2072
320
1967
982
1926
1356
2416
2526
2330
1929
996
2290
2566
2319
2236
1202
302
1951
2727
2236
472
2261
2114
1884
486
664
28
2513
338
2243
1390
1716
538
642
2225
28
408
744
2108
244
1500
806
590
2359
830
2192
1216
234
442
362
738
1484
1418
2469
824
746
392
2538
2324
2359
2254
2301
1120
2198
2379
1050
2161
1726
438
2179
716
1340
2514
456
510
2446
1068
300
2098
2144
2492
384
162
2578
1524
296
2228
230
948
98
2150
1056
1978
1372
1216
1716
1302
404
1392
2405
1226
2274
2477
140
1532
584
392
132
2014
2449
2220
1738
2412
332
2356
600
234
320
528
942
2392
2208
1294
1704
94
728
108
1804
1898
1468
846
1540
502
2552
90
212
634
2325
1376
522
1310
2603
2450
1829
2138
2362
2196
416
1508
90
2205
266
2160
2471
2300
2584
1967
1886
1938
44
1048
1382
1390
2286
570
1242
2528
610
458
550
2569
152
2230
406
2136
2078
1156
498
2241
2314
826
2184
438
828
1890
110
1748
1036
2002
1016
732
312
1916
1122
2585
188
136
1838
2534
2328
1000
1482
1212
2559
1868
528
544
2137
1694
406
2177
858
646
1296
640
2446
2545
2285
496
118
1550
470
1184
454
386
1100
204
714
1972
368
2008
2089
2404
2422
918
2208
430
290
718
2696
524
2159
262
2476
1604
2308
942
2473
608
174
358
142
10
226
308
1140
694
1688
140
2083
1654
464
462
2188
6
312
2338
2588
1220
1488
1326
172
304
1584
2305
724
1444
2358
1048
682
638
686
262
236
1158
20
1260
2172
326
2020
166
2784
1984
1218
396
494
1126
1074
2110
1096
2077
80
2187
694
2271
396
1836
1468
90
158
538
2062
2435
2080
2284
2340
176
2692
352
876
2278
2541
2417
2184
2437
2387
1316
1982
2408
1328
2585
2536
2307
2024
580
524
1042
2397
504
1918
2306
318
936
110
848
1800
2736
1924
714
88
1180
566
1790
1374
2470
952
2272
1404
146
1919
2644
2064
1722
1985
2167
1430
602
362
1392
2417
2010
2301
1945
442
914
2540
2016
2041
128
854
1316
2364
2537
2344
2242
588
988
2045
2078
26
1276
576
374
440
2345
506
1214
698
2335
2433
710
1891
48
818
1298
238
974
764
1128
406
1378
498
1624
434
434
32
1304
1386
390
274
2248
394
2225
388
202
386
58
666
1950
496
2513
960
2540
2308
480
1484
1566
1730
2060
1064
1518
682
102
1158
2343
244
2308
2275
1836
462
144
2399
394
2302
146
22
238
1800
2234
2363
616
1246
576
2440
2136
2610
1120
1965
1672
2110
1644
400
2415
700
1872
1900
2340
804
798
2711
42
1186
1702
1929
364
638
298
236
1304
642
470
2327
1712
1394
1454
726
806
1234
2225
1814
2492
1744
642
2135
252
1811
210
2996
2247
2278
1058
2168
346
2726
448
408
2187
1208
1268
2517
178
716
338
1318
1364
1414
1410
2532
926
2106
402
398
634
1204
1608
2309
1488
2435
1266
1224
536
1999
1715
620
1700
414
1988
1430
1528
2066
568
1298
120
278
1314
762
324
2123
1926
2436
380
1632
1899
870
1742
2074
738
2548
1090
696
2058
1082
370
2786
204
1838
1686
972
1074
1060
90
66
1954
2556
2064
1234
364
2236
2311
2447
258
2623
826
1020
586
2066
2181
1096
98
2234
2278
714
824
2262
1932
1288
600
2422
1989
1522
2338
2123
384
962
2375
1316
1208
868
2583
1440
2409
200
2540
1690
2103
252
2300
2221
234
2495
1604
382
330
2596
1126
628
590
614
1002
2122
1964
2050
1184
102
738
2589
234
1060
1996
2238
1666
136
2498
1552
2278
922
832
2365
190
1088
1310
602
2197
1822
466
2035
608
2104
970
2067
480
236
584
1248
1668
386
1536
192
2516
2126
2447
96
1058
1390
14
1684
1486
2497
30
1194
2036
1966
28
1950
1344
2294
1396
264
2426
1820
432
2162
2411
1146
2518
2456
26
2227
782
356
1048
394
348
1380
302
1750
220
1690
104
1200
1646
2522
2445
1486
2812
2012
564
260
360
606
2437
2707
130
780
460
1206
1682
336
1120
986
2230
64
2519
1708
1456
554
2580
1656
290
1760
2583
146
344
582
1660
1831
1464
2237
2603
380
120
1510
2348
1132
2104
1110
820
2251
1030
1766
944
2655
2425
1204
224
1274
128
1322
2318
214
2148
240
640
1642
2295
1186
976
2159
2042
2528
1672
1742
460
138
246
1116
2231
2252
82
372
2396
470
612
1226
1940
2324
1324
604
2134
402
2040
542
2437
278
534
2114
1977
634
1298
152
2181
1369
2181
2030
2423
2200
166
2256
2287
66
104
2629
550
2205
830
792
188
2110
778
716
1682
1830
136
472
2351
100
1692
2400
542
1946
660
82
790
1108
1046
2146
936
760
1848
214
1436
36
2083
1902
752
1262
1746
2466
1196
66
1530
2356
64
1934
2286
464
44
562
2663
142
766
2330
1570
2454
974
1972
1270
2168
726
2393
818
628
2367
2089
1270
944
566
2665
818
730
2769
1668
1150
2431
2165
2222
10
2
192
1722
816
318
294
2516
1046
1056
2506
2474
510
630
2191
28
2314
1216
260
2133
1192
2574
912
964
412
2113
1218
886
390
574
2593
982
2640
2491
552
210
1937
406
2333
2192
1120
54
2577
1504
1524
6
2011
2219
2014
1466
310
470
806
1272
594
766
68
818
2527
36
1132
184
1286
2567
1212
2194
24
1894
1786
198
2784
162
1060
1586
688
2228
2215
442
2048
2210
2511
744
1352
2108
1050
698
2346
2281
352
2253
2456
2303
128
334
1120
284
584
2582
1378
1869
2346
2455
1881
756
584
2134
2768
6
1470
1048
2148
2030
2316
2091
776
2362
614
2296
14
2425
2111
434
532
76
2410
402
818
2274
688
1654
2299
2471
424
2508
394
2083
70
2354
1830
134
2473
2645
614
2218
928
440
1628
2522
1502
1854
1985
2431
2266
2554
546
346
860
72
24
718
762
1582
198
2286
2184
1788
2290
1180
1608
194
1020
332
642
1150
786
990
1924
1506
970
232
1815
244
1128
96
356
802
948
1648
580
866
1484
1694
2223
2092
1984
1312
1710
430
1320
786
2702
2527
62
500
118
2699
974
1762
2302
1110
408
2621
804
1938
2720
128
2434
836
1560
996
1768
2050
626
16
528
464
14
254
2546
2410
2615
258
2642
2192
870
2330
1676
2205
1642
184
2252
2093
622
612
514
432
1384
2461
2063
1752
2142
1572
674
540
1893
316
2002
88
1782
2272
1939
818
2208
2224
1822
30
2424
2327
684
2090
188
724
2335
958
2202
570
490
648
496
536
246
2212
2219
826
1871
2293
1214
316
2507
640
74
656
2323
1076
592
92
1576
1686
2221
1922
1706
324
1330
2493
2632
1166
28
772
450
2152
2147
988
2404
2579
1591
2565
280
270
1518
866
2439
32
1878
492
2068
2113
32
648
2729
2071
1334
858
1686
1946
2241
360
2106
1212
2271
2316
1656
2445
2394
2372
2309
688
2204
594
88
2141
362
2349
546
1242
566
2791
1686
1910
498
876
608
2232
1998
1684
376
88
2119
428
358
2249
2194
432
1440
806
384
1660
458
732
812
1040
10
1792
2405
2375
2017
1788
28
884
646
2236
2176
2373
294
2510
328
1358
1168
2498
438
662
2069
346
138
2706
290
488
992
802
248
2196
358
264
1584
1400
1494
476
308
2435
958
1748
738
640
1340
50
1498
886
2567
2647
2264
2355
762
482
210
2449
1340
1108
1008
2183
948
38
1534
2282
2536
138
1640
2084
902
1844
416
318
1878
1502
2501
1690
1388
1826
1454
2805
234
740
2481
2356
1984
234
2371
86
1634
466
968
1792
556
198
2319
1362
2335
124
1380
18
754
994
64
1562
2107
1060
964
594
2602
2600
2391
1078
2041
2316
976
488
1832
124
2102
54
1942
528
2244
2445
2066
2432
2602
1024
2519
2140
50
692
454
568
2241
180
1905
356
1026
1306
2260
1018
244
2374
706
2035
2794
140
340
954
2500
1468
856
74
1306
766
594
2334
500
2750
2399
2
1768
2586
2312
2349
1736
300
1048
1506
1214
960
2537
228
632
2014
660
2052
780
1424
112
2356
1646
1190
116
100
2225
2372
2555
1306
2384
96
596
1346
2596
2889
596
2579
1750
2032
2226
298
2336
168
1702
2195
334
1126
2527
798
490
680
1400
184
2466
1877
2270
938
764
2209
2295
1104
834
1744
2371
2708
40
1468
1704
496
1565
200
1184
1918
2173
2172
2120
2054
2672
2008
758
180
882
1126
2204
2215
1720
2287
2294
502
2012
1526
424
2306
1968
1846
1834
946
2305
1238
1016
704
2593
386
904
1714
1386
194
2762
4
2339
1300
810
184
598
2467
2383
98
2104
2421
1024
56
762
1604
368
1826
1354
1148
572
770
796
2211
1916
1916
2103
94
928
508
668
1796
522
200
1418
2569
2466
2477
848
2590
348
1703
2301
1374
1006
1064
2257
2200
2267
1208
1318
814
110
486
58
2680
2236
466
494
1162
1828
2215
180
470
2197
812
1566
70
318
462
282
898
2834
2472
632
2177
718
454
1118
2285
2423
308
258
2454
4
2738
1018
178
798
338
2380
2676
2554
1836
894
996
1912
2194
566
2217
2226
856
174
2233
518
254
2448
1982
2587
2364
1548
2220
2460
60
722
2440
1680
6
2057
342
1976
2157
974
600
44
1604
1276
1800
1772
1036
2255
656
2158
1094
64
1974
1877
2386
2463
2038
20
2299
594
1404
2239
1582
118
2511
246
700
1006
1000
28
70
1228
646
502
442
1174
1618
98
1729
2385
2556
1910
292
1998
2168
2509
394
2760
584
2268
2078
310
2331
352
2422
2201
1248
2312
1930
510
2566
446
2286
2338
246
1658
466
1226
1010
2832
1932
1372
2539
2423
12
1858
1872
1844
1937
2435
2108
1066
2408
2770
2371
2094
1922
666
2470
1968
2402
2634
1094
2332
854
2661
2306
1654
372
152
2208
1560
2357
1504
1662
1110
572
156
2199
2446
684
312
68
336
478
1947
2518
2217
2593
2163
610
2435
338
2184
782
2486
1332
2130
956
100
2598
452
1270
112
710
1032
62
2329
2316
726
2454
2050
36
2102
2423
2586
2539
1348
1434
2119
1554
616
2070
394
2361
896
1220
932
2068
480
2557
670
56
2485
876
2394
696
2854
624
2245
2006
266
540
1548
220
986
2409
586
2426
402
1968
2346
440
996
2096
990
1810
2036
508
1072
52
1066
2328
1012
748
2431
2116
1214
520
32
304
2622
544
4
2162
892
760
1530
386
1921
664
2688
2182
2681
2582
2136
194
668
684
106
2276
1928
2159
2550
1722
1670
2128
792
2294
2401
2126
2674
1086
20
1522
1552
2058
1446
312
2729
1940
2720
216
2609
230
74
1918
1380
90
2371
2120
1634
1042
486
2201
298
928
2360
644
546
2100
786
1354
108
96
368
430
1298
634
2536
1850
1855
818
2072
2282
2343
1598
612
2350
1446
2200
288
1676
2248
866
1000
2278
662
2418
1288
2424
458
1030
1368
114
2609
1106
890
576
1450
722
1744
1666
170
2037
1317
2252
192
422
312
804
1580
2677
1988
2012
1604
1907
614
626
2461
398
684
2249
910
886
2353
204
2332
366
56
804
1452
2288
456
1500
1901
2503
830
2374
526
1618
762
1658
1382
2424
1824
2202
1748
1056
902
1424
662
624
2618
2244
100
2241
114
1316
2512
432
1606
1386
300
510
2460
2099
2513
1058
2028
2452
644
2254
18
42
324
2190
1894
2014
1044
1368
722
2139
956
2229
1370
756
328
406
626
362
2456
258
844
2310
448
246
2212
2414
2000
1346
380
2338
2274
252
298
742
1116
1758
924
2488
540
2094
2296
1366
1682
1318
642
470
2166
2044
1104
476
1672
796
1910
1220
1062
1250
640
1072
2140
996
940
1036
168
2487
2331
1778
2326
222
2560
264
330
770
2327
2057
2299
2177
122
128
2340
2980
2049
2667
306
1536
980
168
2448
2440
324
2226
650
196
2117
2603
1692
342
378
1806
856
2521
520
2566
324
248
1654
646
1939
2260
1150
1986
580
2578
1907
1232
946
598
8
2214
1376
1096
734
1794
330
914
126
2365
2730
792
136
2198
2267
804
1572
2497
526
1596
2731
650
2568
524
1890
82
2103
1342
540
1568
1955
178
1032
196
1348
208
2359
2372
78
1872
2483
1510
2256
2455
1206
268
2127
308
1632
986
1220
820
794
326
2142
48
750
1590
368
1186
414
2272
2292
1436
656
118
1870
930
594
1322
2658
1034
2197
376
2568
2700
2441
666
262
6
2350
2566
2622
374
198
1500
1906
1282
258
1016
694
282
1806
28
1098
1334
674
1642
2623
2571
32
1514
548
8
2405
284
1300
2602
444
834
2298
660
1330
2054
2323
2317
618
1983
1985
2330
572
2451
510
774
2317
720
1743
514
2318
368
558
126
664
2307
2444
994
2502
170
2701
2588
2352
822
238
38
818
428
2258
2005
1146
1692
98
648
2508
2333
2667
644
1074
2443
196
1982
634
2666
2000
1742
190
2356
2140
936
310
2403
1694
274
1803
402
892
82
506
472
798
1450
2100
2445
206
748
2212
1540
262
2324
1484
372
894
1648
2320
2419
1158
526
866
1208
346
900
178
2120
2272
60
460
896
2585
2197
2534
288
16
94
476
2300
2150
182
750
2505
64
2610
138
280
2079
1202
952
2241
780
2294
2355
2290
1522
2539
1572
1404
1190
780
2425
2810
762
2262
2175
910
210
774
724
2146
998
1846
160
2270
1654
1520
1222
84
54
624
1966
2456
222
732
4
2130
2028
672
2471
2245
24
2492
1961
1462
1674
2126
278
432
998
2363
24
14
1700
1252
146
2335
1232
2443
128
2095
2364
2557
1192
1284
2451
1816
2516
1532
770
1830
60
1036
2257
1978
48
62
66
2272
774
324
2593
1132
2215
188
2032
426
1232
222
1938
246
1154
4730
192
2187
2269
1308
1048
82
2294
996
1064
1948
52
228
718
1900
2182
26
2466
1040
2118
450
1276
2115
878
1596
134
1016
1898
60
6
1758
720
154
2583
416
1426
2515
2303
1944
244
990
862
1266
862
494
2222
1792
34
1999
2305
378
818
1827
2
62
904
472
172
2150
1778
2489
222
2353
2396
2278
782
2245
804
1846
2417
1486
2072
898
642
138
2046
2110
1792
1736
2476
1004
1498
1921
2551
46
370
646
1000
926
1602
1036
2331
1454
2146
114
1426
674
2291
1090
2453
2311
2301
2762
200
190
1920
2428
1950
1660
2360
1796
2357
206
948
1310
1860
2340
1680
1720
1446
880
1682
274
2026
476
388
1224
736
436
988
298
1674
852
928
1484
1114
2370
2489
394
2595
654
368
1398
676
42
1915
2278
2283
2329
1434
2120
2121
2142
2406
172
2023
1884
2221
2088
1218
660
1170
372
1700
2095
2410
1756
254
2626
2162
290
2112
978
496
2258
2602
474
2615
1056
2300
710
1824
1958
468
244
666
2450
2558
2108
2202
1104
2382
280
286
648
2598
2128
2660
1460
1612
22
286
1340
2088
144
2328
1684
708
1372
1242
2512
1158
1584
662
1278
920
158
2480
608
1362
2508
2285
324
344
2154
1686
168
1862
1852
948
2724
2036
108
1032
414
2262
1076
1306
1584
2241
166
2677
1582
2257
792
766
254
110
2119
124
1228
76
2403
1204
1298
2180
664
1156
2746
2428
2181
216
2487
2279
1986
1036
168
1996
2728
2530
2314
972
2607
830
1444
1544
1982
2094
458
1576
2066
1828
2093
816
1280
1226
1054
2542
1877
2156
2034
1344
320
240
2235
704
612
2602
2045
978
574
1020
860
2158
1845
1874
96
276
1754
1068
740
2587
1190
1042
342
524
740
1170
746
104
2369
234
2550
4
2588
512
1052
270
274
1800
222
970
1282
1140
2
2465
2273
206
432
1892
1468
1002
6
882
392
300
1534
2199
252
398
1334
152
2374
2498
994
456
2605
462
2651
2311
892
634
274
22
258
2170
1344
172
1066
1470
2521
2233
2412
2453
2030
508
2394
2353
254
1819
1612
2260
1836
1016
6
2669
598
2030
110
878
2104
756
1196
438
2733
72
2505
166
358
90
698
1094
1326
2630
168
2274
2681
2782
2684
2510
852
1987
2506
172
374
660
2444
786
1274
1084
450
50
2073
2315
2396
2300
176
2204
2187
1400
1914
2163
888
2345
2217
436
2425
536
1548
402
2415
2315
2407
2150
2096
2502
720
90
242
2234
550
2064
134
1604
2020
1664
580
2235
772
438
560
1880
496
1088
2522
2352
838
1010
614
484
600
294
1080
1260
166
1326
2145
2275
1386
1684
190
708
2092
2091
554
258
686
336
1818
730
34
2574
2490
286
704
2361
1392
1100
2324
2022
1300
1092
1934
2040
1248
902
1276
2632
848
1088
502
2167
390
728
1224
2172
478
1212
730
676
1188
1864
954
920
464
148
582
112
708
2118
1002
204
116
450
1216
1886
2418
1986
444
1064
164
888
20
700
1616
346
2362
1608
478
2170
1002
948
1734
2318
1244
1712
62
2217
2192
24
1936
184
896
2227
400
368
666
1755
2881
676
2324
686
468
478
6
854
278
578
88
578
2137
180
2141
2350
1780
2776
2190
2557
2537
158
164
38
160
2320
2047
2114
1772
2276
2352
60
2409
766
2602
1422
122
2170
290
792
360
2410
1974
102
2602
710
690
2261
1320
2506
444
2314
64
590
2170
1088
1498
2272
820
392
2006
412
2481
494
1574
2454
36
2136
2326
368
602
2119
2545
2421
1770
1900
2547
160
2319
482
1969
568
20
2054
342
2842
210
1276
2167
698
106
1500
140
372
14
2520
324
142
2225
230
1864
388
176
720
948
448
590
2448
1260
514
750
396
1872
1344
564
2321
1470
1647
1332
2192
132
452
366
860
1386
2732
2708
1710
2230
1172
1766
2240
1470
688
2134
1436
2072
564
594
1923
928
2565
1614
500
438
1988
2559
1753
128
516
924
2572
472
364
2385
1926
828
524
856
50
2079
1206
2279
2421
1366
476
116
1310
438
2309
676
166
1062
2242
244
234
2434
1282
1508
1756
2428
2326
2371
1268
648
2232
112
2092
268
1154
372
946
130
2312
2125
900
896
1979
2327
1320
2628
2402
40
2403
298
1296
830
2102
1552
438
324
2506
2496
1540
578
1410
2704
1106
2384
1654
2177
2146
1054
1002
674
2286
1677
2023
538
446
476
834
622
2144
1798
1196
400
32
1576
450
2323
2558
2272
582
1200
1106
1540
2541
1532
878
2252
2504
704
1736
1228
308
80
2398
2234
2476
1452
504
2006
118
980
248
1282
304
1112
74
128
138
2147
366
268
1580
2506
1460
2553
1226
2047
1342
664
238
1804
242
336
2202
1202
2362
116
2148
1870
1398
2152
464
16
1216
320
1982
1906
724
232
2372
886
226
2547
1592
1576
2748
2571
294
602
3544
286
774
2424
1040
1808
2051
2305
2389
720
2504
1024
2057
1038
2257
1248
2262
992
1770
1988
850
642
2336
2516
1999
2168
92
3116
2361
688
292
170
906
2621
1926
308
606
1386
2088
2573
2269
62
1546
552
1914
2248
2214
706
88
1944
2196
2688
1450
974
2007
2196
1302
568
880
2382
2432
2741
1634
1070
2522
618
1712
1108
318
474
472
2164
2575
1596
184
1230
316
2388
1620
1812
896
604
842
2204
276
504
1430
528
2398
2112
878
2341
1814
2506
2534
1844
2410
866
2243
1362
1796
1084
2352
856
2540
1874
1222
2444
52
2114
156
476
2286
2200
2266
648
956
832
60
1646
2466
1572
1850
24
2356
796
2234
1814
644
162
2560
1068
2175
2384
2049
2045
1060
956
2193
1531
1026
1490
2080
362
2287
958
82
2134
2081
576
1962
2202
2394
1142
2178
2173
1356
2249
2012
2196
776
2288
1952
2322
710
2237
2511
2359
1430
2108
2354
38
874
1951
2636
366
1980
1426
26
2148
1300
154
1716
2428
1903
2636
2432
2380
2171
670
2479
2216
392
370
1906
1448
4
924
2436
2787
208
1926
636
2428
1418
162
1368
1760
92
334
844
2351
1026
1420
2510
2390
1038
808
828
2206
1020
1194
628
2082
382
732
2058
902
2564
884
1282
352
78
284
1969
1636
834
2374
390
1698
1252
2440
1352
154
1948
106
88
166
1516
1948
1332
1288
2676
608
124
714
2578
2470
2381
2650
722
2348
1524
666
2480
460
2303
346
2096
382
434
2213
2114
1777
362
1960
1132
1234
1596
1706
2268
188
384
1652
70
268
2242
412
1996
1216
426
2635
2233
616
1880
1492
2332
2283
2091
1924
828
22
1910
310
748
2522
1626
94
728
716
1336
134
712
2372
1790
2447
2367
948
1994
1608
2768
906
1698
2657
348
2448
2205
1862
2296
2428
2468
12
1060
1978
424
1734
1492
1006
2419
2446
96
2790
320
6
1102
502
1956
2203
1432
88
2431
1616
628
2188
2243
188
2279
968
1356
2347
236
742
358
500
2259
1626
1048
638
2742
1588
2213
1700
2524
1060
2097
2641
2016
588
44
314
794
2300
1808
2468
2242
508
1304
180
440
1114
164
176
1470
1006
1774
404
1110
284
466
534
136
486
2274
1908
2288
326
2139
1918
2175
1086
692
2553
1592
1658
330
2200
2278
928
1090
1040
1672
1997
912
360
2264
2510
2449
2349
390
2198
1940
324
432
398
682
394
1358
1476
926
356
1372
1176
2003
2277
1080
220
2318
2354
418
24
346
426
1578
324
2084
2256
1456
1808
2246
1426
2731
902
1558
968
246
890
968
884
1710
408
520
92
698
296
2158
140
1352
2130
498
2096
12
1098
438
2294
222
210
130
2498
258
400
246
2062
2708
638
2298
1008
290
1824
2520
296
2460
1248
2174
2638
308
1580
2205
2518
1460
950
500
2290
1850
2090
2222
266
2287
528
590
1128
996
1148
1988
2438
46
818
592
108
2142
1064
528
622
2050
540
1810
476
44
1358
188
1608
534
348
2170
932
274
2236
2922
2939
1894
2558
84
2561
2
2096
832
2497
2438
146
2064
404
700
2130
1064
116
2128
2414
1166
1140
2171
744
344
542
2154
2542
2315
2358
2529
1262
804
468
2240
2276
774
226
2067
854
1606
2036
712
20
2047
1016
40
2508
2209
2497
48
716
718
2348
980
476
1670
2597
1793
2098
2299
916
2283
928
316
528
918
2325
840
984
70
128
102
2222
386
2383
482
1124
1136
786
154
6
2194
2474
68
1302
954
1244
2150
1776
2519
890
1164
1564
2104
2349
2431
1470
106
652
1928
544
1496
2030
838
2394
410
854
542
2166
164
2512
2546
306
410
2292
412
2230
1901
834
682
198
174
1012
888
1570
2128
206
186
798
1709
2374
184
958
2006
1558
806
100
448
312
510
1552
692
1964
1178
2318
2261
2007
2426
1032
2225
628
298
2813
818
696
1060
2449
568
1422
2334
1596
910
2724
1960
284
1912
522
68
114
2558
2067
724
2294
1815
392
834
432
246
1302
2346
280
2198
2210
706
196
480
928
910
2653
796
684
2124
2251
2078
1260
2504
586
396
1530
720
966
246
766
2126
14
180
106
838
2147
278
630
2046
506
1144
1320
1776
768
418
408
2299
468
2183
1260
2484
2362
840
1690
1032
80
346
212
256
1616
2319
1022
658
388
1634
758
606
2534
2442
2093
306
2383
192
364
1076
1122
2260
990
1212
2688
2118
1250
1790
494
976
1728
16
774
1692
1384
2150
1404
558
1160
1640
2086
680
1012
1408
506
2519
2246
1232
132
168
2330
1952
1962
1931
452
358
2068
2409
2156
150
1352
854
1538
1204
1400
1692
2299
1810
92
1022
348
1218
88
216
494
2528
1398
2297
1804
1332
2182
2190
1262
2367
2011
1048
2313
2043
1742
1346
36
1630
2370
310
1980
1752
762
158
2146
2009
1644
1790
530
770
18
996
2004
1496
1120
1630
64
10
2464
1240
606
2430
1178
2271
760
2123
2646
2116
2375
502
540
2351
352
538
630
866
1092
2519
1944
1114
2583
1930
2132
18
604
1902
538
1749
858
836
206
388
1546
872
1030
1768
702
2366
290
2383
614
1900
1730
1018
2575
1410
2245
516
934
2138
982
1320
694
674
1438
544
2274
1632
1204
2175
2180
1520
1528
1500
312
872
2171
2776
2002
202
2748
1985
992
2192
560
548
1074
340
1282
642
158
1942
2265
1618
2331
362
1024
1958
68
854
2418
1802
846
2691
832
926
2509
1244
1062
38
2437
410
1328
2286
984
1336
384
2075
2826
76
1178
816
134
2230
2589
1616
1410
2192
1979
2125
556
2020
2447
748
40
140
26
2448
2313
1972
2532
1216
2033
1198
1748
312
2116
528
460
2286
2627
2621
364
2122
2519
1266
586
2361
2405
2759
282
2474
812
16
2556
162
926
1848
146
2478
2221
46
2147
452
2356
1934
1520
888
784
438
2166
142
2168
1016
92
1864
1386
532
1778
2468
1612
2048
212
1790
2631
2164
556
2538
2483
1900
382
1232
1970
2414
702
2199
2481
1808
1242
1016
1098
1546
2426
1650
94
2188
1082
1895
1686
1614
2035
312
784
2393
2429
684
106
2360
134
382
2224
1678
1054
204
508
210
1874
1246
32
1448
1740
2694
672
2066
590
1392
2304
20
1076
2047
932
102
838
1284
354
866
550
1780
2608
594
1306
360
2434
1882
2574
1744
14
2314
916
668
642
2187
2389
996
2259
2730
2425
1272
524
46
1502
486
320
564
812
762
2532
2127
302
2350
2
278
2638
2326
102
1206
1208
2341
1344
2443
2430
1899
1518
2503
1978
564
1974
988
1610
1144
2233
1162
1260
330
470
100
910
926
306
1580
1876
1478
1004
468
1814
2179
2066
876
2501
2121
1436
2699
2168
2389
2012
74
736
2124
2336
494
2438
514
1990
2012
1002
364
612
464
1766
2433
2484
2409
2089
1086
1076
620
634
1268
582
2519
464
2316
2158
2309
360
2299
1116
1166
1374
366
1586
2299
948
602
490
1022
2369
206
2291
1788
1202
2168
2167
1132
244
254
412
116
226
1656
1140
2248
428
354
512
714
1096
76
1198
2710
98
404
2166
1160
2410
1082
724
1076
564
1360
1278
2496
2310
2700
250
666
580
1422
772
208
2189
608
688
1762
2010
102
1028
1398
1719
2349
2424
2522
84
992
2000
296
664
1106
428
2373
798
1450
912
822
1096
2260
852
540
88
2469
344
2454
254
1492
1380
850
212
2382
310
2207
1986
1330
2322
732
2359
204
2147
118
1424
1540
1941
664
462
2262
406
92
460
304
1989
1436
2450
746
2450
2288
454
2142
1460
1634
2384
894
376
188
1172
310
1444
2066
2225
782
2580
1484
862
310
2698
2110
1540
2031
2194
292
402
2567
1016
900
1884
1410
2375
398
154
394
1450
604
274
2056
1158
450
2252
1838
734
682
2062
114
32
380
1470
436
468
1088
666
2082
2228
322
2366
458
110
1416
1320
2328
616
982
1346
1716
446
2436
2144
72
2367
1492
1766
2123
590
1866
22
2629
472
2835
2497
2653
2436
2642
2518
1266
732
2644
2088
414
106
642
532
1804
1638
254
78
2254
324
1454
322
2358
174
574
754
1038
2853
2811
1898
762
2401
2311
880
238
1694
1526
126
1888
2423
2116
420
2692
2541
1952
540
420
542
110
2518
1636
2541
400
1826
2117
1726
2412
1508
2265
150
2258
2467
2373
2119
1662
1907
2424
404
548
1688
2258
128
552
2154
560
2393
2437
1956
688
2194
2375
1884
1504
1148
2040
410
1612
2683
1932
2677
2237
2314
2744
716
2408
1972
980
114
666
1438
838
1570
1744
166
1876
954
1820
126
2121
1889
274
2417
1362
228
822
594
2165
224
1364
608
2661
408
652
188
2207
684
2204
238
1436
2366
736
1236
1710
2150
2411
2101
390
1810
260
398
534
