2237
740
350
1274
620
1882
2121
154
1158
2730
428
1978
356
2316
42
272
1136
110
2175
318
74
1234
420
2305
1300
1352
1893
1060
182
466
2763
50
402
2577
138
1936
1670
2584
848
1234
12
1180
1731
1756
684
1504
970
2206
782
2174
162
268
760
364
1798
1238
1190
2119
1172
92
2321
2044
2
790
1350
2034
1520
1704
2376
554
998
1062
2061
2446
1188
2429
366
1206
2197
2347
2445
154
930
294
2233
736
326
2294
2582
920
1458
520
2038
756
2032
1700
2358
920
28
544
288
1178
538
1102
2088
2114
548
444
2486
2512
288
294
2342
2328
1156
1152
1910
1094
610
2322
2623
1266
2222
414
838
2424
1776
634
2745
568
22
108
1906
1238
732
2339
726
2104
2159
1530
2534
1644
1386
800
1776
2274
2743
1224
1590
750
358
1232
2326
1068
1793
1964
256
1030
2274
1944
1186
12
2023
884
1298
814
2722
1996
62
248
554
1440
1716
1230
1032
144
2464
434
478
2448
140
1870
14
2497
304
262
520
324
2294
2696
1508
30
440
636
114
206
598
1490
2046
1046
838
168
250
64
476
2273
2018
1992
2495
1646
2444
852
912
2498
724
284
1280
1658
2562
1418
306
782
978
908
780
1558
276
2620
1664
2239
166
238
1082
114
298
616
588
1308
74
226
2306
286
1446
374
544
1010
442
2583
106
1272
2227
560
168
2452
34
2416
2238
2244
1164
1280
1420
2002
2308
398
2527
2455
1432
636
330
542
2030
2300
730
2466
2153
2391
2594
800
1690
1326
1190
1290
984
1772
2572
2371
2532
1947
1070
816
626
2194
2732
2444
1050
828
28
2444
1610
1842
1440
472
1550
2016
2545
988
308
116
2530
2310
1062
2233
1852
1706
1126
2212
894
2378
2094
2141
2837
878
2631
1280
1042
2088
518
1526
734
966
1680
2207
318
1910
2462
2423
172
480
66
2221
1092
1240
1950
1244
2526
740
2007
1946
2226
20
386
128
2590
672
1908
524
1384
556
1432
1660
460
2238
2554
158
2154
1486
198
1666
2536
158
580
2439
886
2499
670
1210
2264
570
462
1124
1821
2424
1284
2208
1552
388
178
114
1922
2043
1212
34
2310
1754
774
2106
902
18
2174
104
70
904
438
310
374
2485
648
50
146
1738
2436
2299
2114
206
836
2144
2120
2246
852
370
348
558
358
656
372
1859
2413
2466
178
2429
1674
2263
234
1957
934
2404
2323
180
1028
2092
348
2198
1018
2458
1282
606
756
556
762
1180
590
30
2576
786
852
1442
2272
684
1660
88
742
154
2560
606
704
786
742
546
1836
2590
1873
1638
1694
1406
2516
1304
2288
1688
730
1252
1498
1570
1832
2176
2147
1420
284
2168
232
1138
2489
688
2228
2748
234
260
2192
148
2245
1032
1332
1648
1106
2066
890
200
2098
644
1172
310
2398
506
2463
576
2377
838
1376
1110
1893
932
1298
1978
18
1877
2244
362
1870
628
220
2170
1302
2187
2172
2010
2656
678
438
2300
1970
550
1370
2518
758
664
2465
846
672
2640
36
2374
346
2427
270
2588
1324
292
2213
1192
2574
104
922
52
2283
830
1870
134
34
694
2156
976
764
584
922
2310
558
1982
2520
2269
2007
2089
654
76
334
28
806
1502
990
316
480
2492
1336
2100
1274
2376
632
1312
1492
558
1348
980
394
1922
2
1666
2009
836
2465
514
2248
644
496
854
1596
66
16
710
330
118
2144
2470
702
496
422
2222
600
1980
1749
2378
2072
946
2217
410
1618
2500
1576
62
54
564
2702
172
2215
340
1354
1376
2385
332
1628
204
2099
2233
982
2029
814
2076
2304
2178
246
716
2014
266
2077
1432
166
2324
2205
2116
466
342
2111
972
2136
1982
2723
1484
1882
152
306
1922
712
2508
206
1006
648
2078
2460
294
388
598
1496
1026
22
2496
916
1802
1218
2254
2220
2182
2566
1044
682
500
1959
1576
1110
2306
2106
306
2046
1814
266
1588
484
1092
238
1592
2222
1506
2376
784
2464
132
2593
60
2101
2279
1674
1864
1740
2629
2258
1156
2112
1679
1682
418
398
752
1368
1674
1480
218
1686
248
1562
684
2215
328
442
364
636
2389
2316
2347
2628
396
22
638
576
2595
2425
1965
2592
2622
1722
134
2099
1042
2017
96
2490
12
500
2189
626
1298
564
2068
2931
200
542
2611
1404
136
152
684
610
2024
2370
994
2302
144
2436
1012
2250
384
1090
1878
1608
2441
1054
2
2058
2215
164
804
2312
1032
2624
1772
1806
2385
2296
2560
672
1290
296
1608
386
2172
2232
2152
2334
2487
2294
2531
2085
736
2462
1014
220
2425
2502
202
264
2174
2383
1932
160
1572
1532
282
1490
2463
2213
1268
64
216
124
2136
2122
1926
574
832
134
480
200
1488
1366
772
650
2674
788
76
82
1997
2389
1552
104
624
2266
1802
1736
1862
1626
1591
1082
2583
2353
1302
1024
980
1450
600
2336
2244
434
474
730
810
1262
1584
48
2625
2030
422
2464
2352
1446
150
2440
362
2176
2370
2248
2091
20
420
2502
422
558
146
1078
206
2453
350
1318
460
1942
214
734
1938
2422
1652
324
2198
1060
1128
454
292
1298
478
1342
2180
2517
680
1728
1494
1740
2114
1134
2194
2309
164
756
2545
2093
444
1050
696
1966
26
110
548
24
394
36
38
2077
936
472
2370
2270
154
404
2290
2426
1088
1364
2253
2355
486
1734
832
668
32
2283
2287
218
2140
2359
2174
2142
2667
284
1212
1580
102
1088
1496
196
1810
672
1386
146
550
266
2
264
1973
436
1238
1909
6
1770
382
2478
2164
416
844
2585
1410
932
28
2337
1782
1210
2033
416
1276
2282
58
2663
2302
62
114
1000
2319
506
2107
222
392
2188
226
110
1506
1662
180
230
770
436
1508
1750
2108
1704
1244
280
1544
2178
2416
1350
410
2292
1886
818
648
2437
2432
132
54
534
2016
710
102
2228
288
1600
2602
1364
1614
944
50
748
1066
430
2269
1094
2266
1898
2469
2279
2461
1682
1002
1646
1124
2638
1378
248
2042
188
2335
328
2682
672
2498
1402
2010
1194
2389
1130
1174
1980
1848
1084
40
2045
1036
1456
2039
2283
2158
2359
2348
2469
840
1154
2250
790
530
2349
1362
364
2131
2441
268
922
1966
630
1862
1640
812
2447
436
2224
870
2600
1736
2128
2632
1684
710
2272
944
1746
2799
114
2568
2143
938
2466
1008
1846
186
214
522
102
2123
2691
2071
2006
642
1918
1328
2221
2278
2078
2538
312
760
1920
1658
2653
2455
482
520
988
2397
2398
1242
2095
2282
2208
1954
1366
1322
246
2729
104
2161
336
2254
2291
320
1286
1458
1066
1188
382
562
2014
2476
4
2349
2410
1074
466
1842
780
606
438
1254
2196
820
2356
2725
526
2637
2457
822
2297
2336
1014
1038
1078
2696
1586
2376
1294
2653
390
380
2129
2446
472
466
430
2486
2322
1316
568
1146
2514
2468
1798
2010
1534
214
2424
1028
612
14
318
2294
2634
182
408
1954
72
304
1140
332
486
1580
194
576
2348
550
2296
1368
2574
352
2234
22
2462
1636
742
76
736
2387
1074
2640
194
530
454
1116
540
2009
2004
56
1944
1088
2170
2699
2545
80
76
1926
2072
2422
586
2423
142
1046
2014
234
2108
1070
1328
774
374
474
680
2432
1586
244
1474
2326
810
1996
2314
54
1974
1442
654
2414
1870
1572
1114
940
2442
2017
850
1976
1744
336
766
2208
2306
2318
1842
1044
1760
1106
556
2106
758
2440
36
1750
2248
678
2232
476
848
2290
642
2505
2257
2155
62
824
2569
1506
698
666
1702
934
682
2373
242
1646
2086
2442
1270
790
2078
2203
1918
796
2305
1676
644
2481
484
104
1192
728
1984
350
1338
2221
382
758
650
306
1070
2439
2108
1380
776
278
630
2537
1192
38
2636
284
2043
420
2401
248
308
1708
804
662
274
2040
1966
596
2648
214
2058
1256
140
1478
1818
2283
2430
1982
478
472
782
114
212
1408
902
2394
60
928
788
1210
30
2212
938
180
1672
2621
288
276
212
1866
62
70
384
240
68
34
1062
2319
298
1684
674
1170
156
2633
34
1088
1342
2604
1800
340
2431
2052
1184
2531
642
1924
1682
2409
1526
1664
2359
2446
2216
1984
2329
910
564
768
140
1780
1712
2421
2254
206
68
384
614
284
1809
1070
104
1638
2478
1034
2110
2461
1454
444
52
92
1768
1150
528
314
2093
156
828
42
1542
2808
724
270
580
1262
2281
76
122
114
1698
2374
806
1931
1016
1782
898
318
1358
574
2209
834
494
2419
1116
874
322
2362
1850
2355
2141
528
1220
1971
712
1350
582
542
1254
1606
788
208
1832
744
512
2198
1208
1298
1442
2062
2371
2085
428
172
2416
42
300
2366
1376
2671
684
410
926
2249
2107
1336
2273
654
1202
200
2328
532
898
2279
468
1200
1568
2677
44
2433
956
228
154
514
230
528
106
2772
1018
2183
736
62
1428
644
2391
1324
2343
432
438
126
966
710
220
2696
412
2684
2382
2341
8
98
2378
248
896
2703
246
2468
2013
2218
1364
150
2407
414
48
902
310
472
1352
1198
2170
1582
698
1912
2447
2043
1816
976
2280
314
2466
2464
1154
1890
98
560
704
2397
1486
210
32
250
486
1248
870
1106
1752
330
1528
1820
180
2770
1668
1010
1706
2331
1784
98
2178
1746
762
2114
2231
82
2088
1718
2411
914
260
2278
2002
90
646
944
718
1570
2371
2708
468
1860
150
1274
950
2342
2106
2135
1666
1893
1014
2034
2064
1158
274
1796
2138
1172
2345
1006
994
122
1574
1927
1130
2614
2638
1967
1842
1598
2408
518
1692
494
1136
1228
1294
2237
1496
88
2153
2499
852
2415
700
1632
862
2154
1566
738
876
2032
282
864
732
640
2030
2618
68
2333
4
660
978
1440
158
508
2538
2467
2295
196
2132
894
2084
302
770
2495
2586
2428
650
1788
2225
112
2105
156
924
894
2690
2296
1702
1024
16
1288
2769
1412
250
1150
274
2340
2351
732
1654
2620
448
1236
540
2265
394
388
1702
2138
1038
222
2377
710
292
2556
370
116
1544
240
1702
612
1889
1682
1154
2785
390
1693
2567
880
2197
800
2136
552
70
2125
4
1602
1124
962
2116
2392
2321
280
1380
162
750
1784
438
328
920
628
500
112
60
26
1012
1995
184
2734
670
1656
480
2346
2118
152
116
528
372
348
222
1376
1782
278
2612
2126
6
1300
2161
2230
2493
2170
292
340
2207
1626
922
1520
2127
2192
1706
2083
2105
2356
1986
1418
1026
668
400
284
1318
2299
1734
68
2549
2563
2060
2275
288
462
142
2153
2723
1024
1878
664
2592
82
466
16
898
412
318
2231
2
820
2436
326
2830
864
56
502
910
2257
386
1192
74
2106
2495
164
402
470
454
2299
598
666
716
2331
1250
656
2743
2289
1524
268
230
424
474
2216
2237
1732
2667
1018
488
184
310
2004
1230
742
1508
2117
2217
2062
2544
2308
1150
704
2292
1250
1168
726
1846
2768
1771
98
2243
860
298
854
2133
696
2162
18
2617
412
2494
1977
2750
468
26
2197
1176
2007
322
398
2084
164
2050
868
2111
940
2141
2128
2242
1454
1752
1202
1996
364
622
2391
1884
654
292
1768
224
732
1782
2141
2531
1406
1809
466
2305
654
1889
604
88
604
278
1518
848
202
2520
2548
866
1470
2575
722
920
160
926
2443
2290
2432
2488
2278
2126
1316
560
1838
308
2037
1989
598
1376
1516
266
2230
1296
2125
394
2362
2399
2080
268
1686
2108
550
918
1796
2730
2326
20
2132
622
166
834
98
178
140
1530
1856
306
2725
1508
2277
976
1246
2666
1420
2220
2084
1046
2429
1178
74
142
964
1416
586
2226
234
194
662
792
122
456
2588
1244
1496
2128
1420
1800
2196
1326
1600
826
2167
2106
2507
1504
1836
2572
1876
1558
1374
2349
1532
1796
1528
2476
2412
1344
1544
2050
1802
2304
90
122
1260
2526
2126
1098
2558
2314
798
136
1156
1968
1324
1980
402
2408
1989
472
740
564
898
1814
434
2288
1742
2464
1518
1082
646
2779
1032
436
946
2152
184
450
2737
724
2176
516
158
84
448
1494
2480
2678
2515
2342
136
660
46
2440
1906
560
1052
1140
2184
338
180
868
2536
52
2318
904
608
2319
1434
1887
1110
138
722
622
2639
952
2117
1698
2195
2128
2020
2584
2351
2303
162
198
1332
2057
962
2536
138
1622
598
958
1914
410
272
750
520
1290
2626
2418
824
2588
1480
644
2458
2178
2661
906
1868
2216
2145
80
2537
2356
2560
144
1168
1260
604
520
246
884
2292
508
936
2220
258
2248
2139
708
790
2137
1682
2299
2455
2136
2476
214
2179
1036
618
332
1222
1852
34
2055
2066
2256
2282
390
1576
2084
1112
2339
1696
10
648
52
2002
258
1328
1478
1740
1880
1070
1296
926
152
1064
1010
1666
890
2148
1770
2419
346
2612
1212
1484
2437
1917
2001
198
2091
1368
328
116
1048
1508
1212
780
486
2258
1652
298
2540
762
1893
596
1880
18
802
2125
2030
770
2246
746
2712
1244
1608
1638
718
1052
836
636
986
12
790
2208
1160
614
2273
832
438
2610
1348
1474
368
448
2326
470
356
2245
738
12
1190
2451
942
1228
2146
560
2252
756
2448
2386
2021
1810
2172
238
1286
2226
1266
1994
94
2073
1390
2080
2773
1624
2199
1264
2257
646
280
1292
2431
1636
2289
566
2533
1730
1098
2139
2465
1304
458
556
2404
2225
686
834
1434
236
2720
1998
2082
120
816
772
2378
2666
2183
2154
942
80
80
1306
456
184
2326
584
1014
308
84
726
2480
2512
1230
806
472
1504
870
324
54
588
32
2226
2322
1156
2241
1796
1737
2383
1394
502
1756
1905
1272
2362
512
2103
958
2516
1272
2184
1282
30
246
328
442
2407
428
2358
620
2272
474
664
944
404
2518
1666
1138
2177
1980
1002
1891
400
430
2091
1356
1086
1712
1502
252
1194
2337
2286
222
1698
448
1700
2656
908
498
2589
670
2395
948
2265
1426
1422
308
2620
2069
2145
382
282
970
1260
1990
2441
1921
66
2572
1945
2399
1994
2223
1903
2354
1538
42
916
120
1965
2498
632
1870
2056
6
2501
16
726
1062
1702
2519
2209
532
140
1002
1394
2449
2384
296
2401
374
1918
666
522
1122
468
1398
2538
1126
2680
2452
1156
456
2073
514
2447
1504
746
354
2098
2114
1380
1176
1544
14
844
1334
2738
2376
464
2309
2258
674
276
2046
1066
208
740
2135
368
2151
1420
1886
2315
90
2173
180
2512
1652
2172
2154
1042
1904
72
566
202
1114
580
96
2250
274
498
1466
2239
156
1941
662
1984
2525
1194
1110
582
2238
716
2448
1368
136
2169
2426
136
278
2192
1835
1554
2480
1888
1518
2563
976
760
2457
2374
2413
1714
2394
2467
1988
1714
124
1520
2157
2518
712
1410
2057
468
1807
984
1354
1582
212
1072
2016
1508
2666
1154
920
2106
578
1862
2542
1910
286
886
2088
548
2635
2314
22
1826
2146
1112
500
2176
600
1834
1664
1350
340
214
2122
1948
2474
1788
1138
2386
2360
540
1948
1604
2217
112
2536
2022
2514
8
876
810
406
584
336
1773
2018
508
2276
2202
2446
1080
922
630
144
428
1580
92
2146
2394
1940
1910
2316
2068
2330
2294
954
668
2436
488
788
1364
416
550
24
1378
1290
1562
2147
216
598
2198
1022
1144
432
102
1034
212
2275
1980
1342
2236
2074
2509
1578
396
2743
898
964
682
1260
64
232
1072
1180
650
562
1644
622
2114
750
1068
2388
426
2380
366
2030
2362
698
452
1314
548
2220
450
840
436
422
1958
1250
2194
1162
478
2212
1814
2207
522
2653
2096
88
2078
2169
960
2612
852
270
146
2440
2508
796
2158
2185
130
236
1918
2258
212
344
2496
574
2544
2184
448
900
2475
2210
2505
2778
2433
302
780
2503
1774
940
2022
2152
2345
2138
482
2325
1742
2616
70
1960
632
2479
1498
2270
1651
1462
2312
1028
194
800
1434
280
1446
1825
524
2576
236
2715
2458
2166
488
2313
1074
920
924
1576
1844
1334
2041
390
394
776
322
2224
2372
2727
2335
344
2372
2014
2610
1492
1652
2491
2536
2076
2380
2254
1986
918
1248
1660
446
1808
1386
2367
2190
270
700
2420
136
284
2937
1298
1986
2345
250
448
200
1368
348
704
2452
2411
2279
2412
1704
1878
1902
2512
2154
252
1448
2227
1174
1978
1414
2388
162
266
544
1106
388
710
1280
834
1194
2336
2322
138
544
2535
2574
702
50
24
536
10
1654
606
960
2378
132
210
1158
2020
824
1262
768
2249
1182
2603
2107
2288
644
172
1262
2097
512
1730
416
2042
1000
2300
132
1959
2433
1969
76
1034
2210
2732
142
2122
2342
1530
556
482
2012
732
718
508
2121
664
712
588
2342
624
624
434
86
1220
2384
500
2201
926
520
798
770
942
2723
2273
1080
1002
902
2240
656
1793
2433
2134
1562
176
1828
1454
2208
2410
2070
2747
1840
602
324
1818
350
1046
818
2590
2418
2639
664
2738
1224
1688
56
2205
2509
762
2469
808
40
660
2379
1498
2240
1807
2779
1678
282
812
52
2198
400
2532
1072
2256
2197
2148
338
406
1702
420
1578
1993
1199
2256
1987
140
1580
924
1064
376
650
1614
2022
448
720
218
748
2212
2022
1108
1872
2254
2418
1874
478
1366
1072
384
30
74
1598
526
1120
2181
1374
806
740
452
2150
2475
1438
2308
2488
2027
1768
1918
162
2063
2310
1160
514
2238
1672
1586
520
2188
262
2231
268
2661
402
442
148
716
1424
1560
732
138
1214
46
1984
826
2078
1940
1560
170
154
2253
2792
1368
2086
750
1072
2521
1814
618
2385
750
2054
258
2394
662
2413
2356
2467
2082
1354
2555
272
2300
240
490
2331
318
414
2517
126
410
494
2431
330
2104
2275
1302
910
746
2293
2320
28
500
2270
450
1962
1364
2300
336
2264
2150
56
550
398
406
1352
1082
860
284
1710
2096
1648
1380
804
1378
2549
174
1294
1914
380
952
656
2522
498
1358
748
64
2750
1410
1602
1842
2631
2317
1032
492
722
42
1969
1841
2056
884
2467
1810
1793
2494
2286
118
1098
200
1420
546
2115
2583
2162
2530
308
2036
2266
62
786
2356
2326
2436
2488
96
2167
2089
372
1092
264
382
212
872
2299
342
272
740
148
2358
2327
1094
1738
2344
2343
2393
2440
1840
2304
626
410
2696
470
2504
2816
2186
572
1044
880
2422
2341
54
1650
1952
1910
2341
2417
1218
1916
2809
708
2207
280
1952
1384
2126
1348
2323
2133
822
1360
1956
1874
1078
814
2490
2330
1072
196
2693
168
2309
2008
2678
1022
1478
1206
2006
2572
88
1973
1970
90
76
1190
676
710
1288
2772
444
1270
2004
2557
216
2839
170
2154
2119
998
2796
20
1788
2326
2663
2014
1134
692
924
2266
2651
1842
668
1520
332
2690
1604
2067
870
2197
2489
1760
2073
164
1138
136
374
2090
1984
2213
1116
1784
2254
1186
1720
2218
910
2470
1416
1406
434
2601
2608
1464
136
2174
2278
666
922
658
2412
500
288
2065
2400
562
1614
878
676
1270
1248
2363
150
4
1242
578
2056
562
2340
2060
2299
2132
152
2835
2413
2178
920
2249
2512
346
182
1572
760
874
104
1637
1336
902
1140
1422
832
30
2232
2487
802
1254
290
1158
712
2608
2531
1835
144
624
2119
436
1476
1933
22
2287
2304
2112
2336
1390
460
102
2454
50
1633
1424
1298
1928
2495
1234
2183
1056
1656
2747
2228
1394
1110
2572
786
1010
140
2439
2524
1424
326
360
2202
1266
2438
1282
846
68
900
2140
2054
2058
2456
1226
60
192
1418
2420
2520
2096
2334
2046
282
1619
2355
314
1274
1432
2377
1084
342
520
718
436
124
1504
848
1030
582
1937
1646
124
2541
1096
932
42
2435
2530
2384
1126
1036
736
2759
2794
2646
1742
762
616
486
144
2810
582
2582
2170
2242
800
1708
228
770
2108
2297
864
344
2778
1206
224
1714
1640
534
166
1596
2305
2096
106
2370
140
2308
2081
1877
1446
2197
614
2168
396
1446
862
772
2172
2330
138
826
2192
1821
106
1995
2711
2282
134
332
1630
152
268
1782
1190
776
230
2262
510
1362
2452
194
1932
1932
1146
1474
1360
490
446
1348
122
2359
560
978
2465
58
2492
908
2034
2168
2166
160
418
2394
2344
2369
602
462
458
2275
1308
2123
586
2408
2623
556
70
2704
2460
914
2662
1230
530
832
2396
298
1182
2521
52
2107
2213
824
64
1926
1384
1636
10
902
206
2741
2384
448
1092
318
1458
2374
1632
2244
2170
1234
2164
406
2038
2247
208
1582
1710
2631
284
1448
670
1838
1468
564
1608
2891
1710
2224
98
1014
250
2129
2569
1678
1934
1786
2453
2276
2250
814
1614
798
1148
2566
914
2575
1868
2282
2160
956
662
668
304
28
466
1650
1922
2388
1418
452
2148
1012
2937
2047
1592
46
250
548
1292
1904
824
1984
946
1116
84
2253
2004
2469
2134
322
1220
2036
1790
1010
1046
2389
2046
2566
1084
1662
514
648
2362
1934
360
1560
1098
2264
982
2383
1546
2596
92
220
2218
848
214
632
1918
798
592
966
1356
1602
1568
1984
1652
1992
482
278
2507
196
2234
2346
830
2225
54
384
2557
116
2386
2200
834
2198
2105
2012
2564
1014
742
534
70
2515
1312
1130
122
784
2020
254
2748
2728
2506
2582
2146
1826
1784
660
1678
2596
1616
2212
264
2410
238
2364
308
296
2638
1978
2427
2237
1990
2442
26
132
20
118
504
2084
948
2476
110
992
1312
1636
994
780
654
1884
198
1612
1662
518
2845
1636
744
1936
1584
664
1352
1758
2201
68
218
1162
2417
2453
2457
758
2442
1366
424
2084
2225
1296
2383
1338
1482
1536
2030
138
986
942
1234
2487
1448
942
152
1758
1530
2689
1148
690
188
100
634
2398
1364
1040
1889
1686
1842
2219
1056
464
170
2562
932
1342
304
94
478
2465
22
728
2206
1793
2467
1866
1084
916
136
2257
776
1851
2783
404
1668
2074
1258
662
2516
1885
2337
1762
1236
1534
1975
1118
642
1903
668
1590
184
44
2593
1262
622
2194
2546
810
90
2423
2629
2526
1980
2464
90
2483
680
1022
266
2526
310
2294
1268
854
1324
762
1791
950
1580
2406
1054
1620
546
116
2361
1316
2306
1196
2282
834
528
2011
2558
1840
2736
862
1072
1464
2150
82
1388
2328
1174
212
2540
1856
408
2348
252
28
2845
1198
238
2037
2056
2612
854
2043
1752
330
2236
2615
778
942
720
990
2386
192
2026
774
1078
2340
638
2672
346
146
760
1180
462
288
772
2073
108
1396
2612
222
160
2163
1080
2493
394
182
1312
1068
552
1989
196
512
1238
458
224
832
68
764
2492
532
180
684
1708
728
130
706
2137
2287
856
1098
294
1388
44
2421
834
476
2042
52
2447
818
600
744
2317
2329
900
2280
194
16
1358
122
2021
1048
1857
2582
2228
830
862
824
368
430
2448
2362
2289
88
910
2066
2457
2527
1150
118
2448
916
2069
2587
1018
1244
1968
1918
1354
832
2348
2526
876
302
530
352
2553
2018
2412
108
890
578
924
2237
1064
2365
726
1690
2229
2477
2762
2151
2536
2344
1886
294
2011
426
2778
1682
1692
1026
736
450
530
198
20
2430
1334
2574
786
276
2020
2669
2356
1843
1040
1130
610
1574
1596
42
1698
2038
2
1162
482
2275
454
504
1480
1426
2077
1738
2210
348
2270
240
2253
2040
2208
292
1180
2557
3009
2237
1118
1192
426
220
2
1818
2276
1987
426
1998
1100
60
2464
24
1932
424
2062
2635
2361
1992
630
1050
62
1660
2378
194
1796
1504
780
2250
890
856
2319
660
204
2390
1278
840
1946
92
20
348
710
1410
158
2157
2270
2103
1618
2095
1400
1350
2472
878
2386
2487
2205
578
1814
106
1006
2157
2100
46
486
2110
1456
76
1274
60
1426
558
620
1130
730
1889
1694
2279
754
956
1096
334
2426
2350
2515
2215
2209
2217
272
2022
1696
256
426
1474
38
2670
2266
624
2183
1885
1126
1140
2170
1608
1502
1592
1084
2369
2068
2036
2320
1832
2475
392
1324
616
2375
374
82
1668
260
148
432
2599
466
450
694
2351
4841
138
1578
2407
1880
1102
2272
46
644
2399
2251
2465
2086
1010
2253
634
2016
108
248
1202
2120
2108
1052
2258
98
2339
844
1422
1660
2171
10
1850
2296
1946
828
2752
2328
70
1608
2165
626
2317
2139
2604
2192
840
2303
2074
2105
116
2426
1352
312
2164
1636
280
2239
2463
2205
364
956
1786
222
2368
1888
334
1432
1974
894
866
1748
2005
2382
970
916
146
172
142
1996
1128
2564
694
2567
404
1620
2161
906
308
2673
1830
24
550
646
34
1668
2407
316
2596
2211
492
1000
2368
2401
1016
2474
78
2276
1304
1014
1872
1857
2471
1184
562
120
2295
2012
432
968
1390
264
2429
424
1232
2304
694
2074
1906
2065
1848
2122
2114
1118
2358
2282
1358
1682
982
648
764
30
2368
376
1868
2110
2264
308
2064
490
58
96
260
96
726
570
1160
712
2710
98
134
2052
372
1088
588
2140
980
2053
2100
1414
2281
1396
1818
2484
1506
1708
1060
2324
586
1518
728
2214
994
712
2432
802
282
2229
56
812
440
792
54
1706
802
586
866
778
872
2148
28
904
1056
2174
408
1064
1354
24
1272
998
862
568
1702
1858
50
2016
12
222
540
1618
1952
2490
902
2403
382
2049
1692
412
1034
1126
396
2525
2576
2035
26
160
1180
2054
702
716
1280
2526
2596
1544
1112
1892
1202
504
626
2473
1502
1891
992
2240
2585
860
2204
506
1692
2133
474
768
1402
2585
2240
1414
2414
514
248
802
2229
2278
1530
1898
2072
2452
26
638
2614
1334
650
1566
2392
2434
236
2353
1124
1780
2004
406
454
1316
2430
68
1460
1324
732
2609
610
1742
1156
2595
1584
2623
322
1794
796
1178
1418
2396
806
16
1903
270
2367
2296
538
748
2289
1698
4
2728
1736
928
2398
1996
252
2686
210
78
2321
2384
2311
2129
782
2029
124
496
2329
122
1838
1830
266
1170
434
1999
1222
1354
784
2374
2383
208
816
2140
242
2323
1350
2100
1864
1358
2512
724
2503
2040
10
1642
402
1450
458
206
1282
734
1942
1690
1310
468
2297
1404
792
60
928
372
2546
894
2195
1536
2460
2546
1932
448
1728
104
2332
1522
1910
2102
516
1902
396
332
936
1906
756
1784
1558
2550
2116
1664
1774
2301
1028
2819
66
2440
2477
1662
1630
2091
296
884
2398
494
2493
2139
2293
2436
2205
2071
2392
876
1723
2042
2747
342
1450
1700
1204
2298
1054
1212
228
674
2232
1380
546
166
778
1110
80
956
1884
452
662
1950
854
1380
1056
2016
1700
382
470
2220
1090
454
2256
1554
2161
1172
1732
152
924
2086
1996
1600
378
2219
2047
910
650
2258
2116
1244
2301
1736
562
1948
2504
2373
2104
912
2140
2154
1438
800
2511
262
2008
2444
1978
2389
2473
570
850
2233
2128
2186
1276
1048
2382
1926
1252
556
604
2101
260
2160
458
108
1808
932
2493
126
2311
2617
1468
1302
2300
848
378
1434
1222
1320
390
1162
2248
1984
2392
1884
358
698
834
2423
2094
1700
1724
380
1134
2170
926
174
2383
2297
2140
404
1576
2352
604
2268
2311
708
540
2107
2316
392
202
2211
2042
614
2564
2012
2240
698
632
1492
828
2372
2096
2290
208
2186
2771
2529
462
296
1774
2673
312
476
1864
760
526
722
1198
2322
304
1994
2364
2534
1884
2652
1304
906
1364
1248
308
2022
90
2645
292
32
1510
420
1226
90
212
784
1853
1828
1776
416
804
624
1434
1970
1178
1610
2151
116
394
128
508
392
1034
2148
536
1744
2620
2030
2618
884
2072
2253
872
2419
2586
1482
2364
2530
748
2214
1934
2595
2751
454
2329
2624
36
2360
2631
2478
2327
702
394
208
2840
2229
822
408
202
450
2580
1963
994
2550
896
1890
1960
2257
1260
2001
184
930
2261
1726
2114
696
2183
2120
2145
1851
936
2438
618
2550
2110
118
396
1468
642
2004
504
2624
2387
220
2308
1954
2311
544
2262
2101
1524
142
482
2315
850
1424
2236
814
1190
2201
1222
2802
1036
176
602
280
556
2124
1312
2029
1030
1200
876
172
1090
2619
180
364
2158
2193
1328
2044
1698
2781
150
2875
2485
1936
2256
330
980
1536
108
1730
614
2360
362
2484
370
46
2050
678
1078
2474
2248
568
1895
148
1936
902
376
1996
2078
274
126
2487
1952
2738
242
328
2155
644
2517
2352
456
2298
904
1368
2417
2352
472
1652
2019
2276
304
352
1326
776
2513
116
2561
118
246
310
2344
1882
318
1520
1837
2052
520
1986
1895
348
2451
1998
506
1997
2009
1206
1464
2318
608
1825
1964
358
746
138
1872
2489
214
2204
280
570
2680
666
108
2740
74
1352
2280
2612
2134
562
716
1750
2028
2120
142
1248
2120
1378
2196
640
1920
712
856
966
2321
1736
418
2099
118
820
1102
322
1598
1018
1762
2193
2152
2090
68
2320
92
968
1310
650
1170
2915
898
2234
1680
898
1993
850
260
2342
2038
1246
54
2049
1196
972
2000
1846
2256
146
2233
1759
2045
2596
2154
150
410
158
474
2469
1931
864
2248
1926
104
2106
2039
260
990
1442
392
2101
30
2101
2430
1936
2607
1086
60
1850
2036
2450
388
2364
24
752
2697
816
2500
2584
536
494
2502
610
404
292
866
1246
654
2332
462
2579
1908
2168
2480
176
2487
1951
6
2106
2379
2759
1420
2363
2538
2176
46
2110
94
1082
314
2345
250
58
836
2329
922
852
506
2132
130
540
2508
1064
2727
1604
1636
398
332
346
1520
2473
342
2699
1580
1450
2685
540
320
2262
514
424
540
806
2216
332
2576
1226
652
946
2066
80
430
136
2671
320
1912
678
2266
730
722
2504
2158
2165
2032
1066
1120
2615
588
296
230
512
2190
436
120
1428
2468
476
1260
2190
2444
546
2298
1178
762
1230
1592
1034
2114
1722
522
1082
132
108
718
2300
2425
2607
756
1006
884
514
1768
2176
1734
1932
2736
310
596
2319
2078
856
76
1867
292
972
132
898
2483
2207
740
316
1550
1324
512
2583
930
592
344
478
1788
2252
2276
2198
1248
226
554
2068
464
1982
296
326
328
382
1820
256
466
2398
2366
988
2283
1726
294
2035
1890
1558
546
1994
216
1888
1234
1680
982
1394
272
2335
2324
2223
2701
2239
1883
1558
130
2434
2641
2281
816
2533
2062
1978
2226
700
2540
1386
2304
1050
1879
392
2153
1884
2541
1166
1190
92
106
2758
2678
988
2488
310
2381
636
1590
2851
1824
90
1262
1608
232
770
328
654
2367
130
2700
782
320
2647
520
682
496
2262
850
1550
1212
2384
756
1320
128
2724
654
1318
2413
636
86
552
2164
2401
114
2127
204
1138
1450
1284
72
2288
1014
1036
186
2387
2556
2414
1974
642
546
886
388
1226
2259
838
1688
2429
1382
2482
312
2549
980
1624
1944
2358
1926
1480
606
2529
2249
616
2195
1124
2093
1788
1904
1654
8
1756
1224
2307
274
1502
2428
2749
1679
1410
2133
1878
1516
1532
810
106
2318
2208
696
814
72
1574
12
140
2624
258
878
1466
70
1230
388
1338
2594
1216
418
1412
732
714
476
2239
1184
792
2532
2443
2348
702
2652
1290
136
2182
420
1938
230
2028
266
348
1438
2006
712
1474
2474
548
2352
2077
644
768
2782
2068
1644
358
486
2046
294
2223
942
1764
648
2364
572
632
880
288
2522
634
2229
1450
2116
194
1846
2273
2311
2470
1738
1098
1242
2661
376
818
2531
644
2556
1760
2138
1334
66
2230
2477
2405
2314
1364
1550
2327
2437
1904
1776
2490
2206
314
1528
874
212
1662
132
2356
266
562
736
2047
574
1692
484
2620
2217
176
6
510
1442
2622
944
1750
112
2051
1220
670
1876
2375
1414
1256
742
1100
552
2257
1680
476
474
220
1322
950
2767
184
718
316
458
1424
1312
36
2441
412
2102
1426
2328
1344
1912
2277
2028
1020
1550
120
1262
470
994
1850
1622
2526
412
2024
728
186
2401
2323
504
80
40
2316
180
1254
2358
2376
1206
172
1368
1622
194
1004
2154
2632
1674
534
870
964
2266
1890
2521
940
2128
1880
1210
2321
1794
170
532
1386
714
1246
398
270
742
686
760
2540
1756
1824
274
88
2208
2299
242
58
2226
160
2456
358
830
2551
2414
1264
1680
270
1992
1248
1004
2426
788
2160
520
582
2114
648
366
156
2259
1820
32
1626
84
2325
1918
2199
1526
434
1890
530
2304
2562
2270
78
1895
2290
2387
250
1076
1970
2319
808
268
2282
546
2309
2754
1896
2962
572
1758
172
2314
2363
520
1636
2275
2670
1660
932
2383
1516
810
730
684
1818
2123
2054
604
834
2136
196
2720
310
1797
1724
2009
2069
266
2121
1232
2313
2218
2126
770
506
118
550
6
202
636
174
2279
46
2400
884
1254
2106
1048
862
52
1132
2721
1440
1932
1208
1720
2106
508
210
856
352
870
1780
372
2347
2460
356
2317
268
758
494
1404
2420
212
2190
88
1494
1783
638
304
170
206
2064
2058
1012
250
2840
1688
1986
84
502
452
1900
2609
2370
160
1832
694
214
2184
2185
496
2317
1488
1176
1790
1740
628
2646
2356
34
2449
2207
2998
1136
1586
1180
2682
2398
218
1996
2118
2153
824
1280
2403
264
900
252
2570
1202
216
660
740
1948
844
2084
2176
2129
24
958
462
1404
2817
2224
1174
1883
2130
676
1444
2450
2227
2576
214
2640
1424
1484
2196
2722
512
2144
1224
1786
2042
1058
626
1072
1150
2181
634
736
2555
168
2007
214
2419
950
2160
282
778
2327
1776
746
1902
2595
1988
2370
2134
1532
2637
92
2173
1775
2803
78
626
550
514
2102
1086
2129
1246
788
2304
1586
644
1770
1240
196
1214
1368
1630
438
432
50
318
1480
44
176
2304
2178
2176
1863
1979
2408
80
2217
592
2060
2161
2366
2307
2322
418
2596
864
1078
1580
2368
2462
1978
126
1863
858
1144
2096
2706
876
758
1328
1810
618
1714
218
1076
2190
2137
1968
2214
1164
472
2152
2111
1702
1850
986
878
1146
2304
2145
1682
2256
18
182
894
2279
478
976
354
1700
1208
1032
458
154
2340
1410
476
2479
2169
370
940
94
12
66
1248
2613
1984
2430
2078
1788
2148
714
1554
1558
2573
192
1944
2042
638
662
486
280
262
2189
156
1140
200
2195
288
1272
1280
690
1977
1168
94
714
1751
2612
192
1286
500
2092
994
46
920
2466
622
2284
624
2124
2521
1994
1372
1894
876
1810
2026
1496
1814
2057
2126
1178
698
32
384
1940
2459
2561
2458
2397
2393
46
2036
1224
566
290
2438
292
1708
2475
2410
244
344
1398
2930
1862
2052
2250
538
2113
1780
1178
2429
1946
1900
1941
2422
2816
68
976
2423
806
720
394
1052
2277
2372
2598
204
2156
2275
2210
638
254
630
2541
848
146
1222
2006
928
924
398
1122
244
1320
168
170
2298
390
1897
380
2330
112
982
2573
400
2297
1176
468
378
1040
598
1200
644
2815
2241
1866
2186
1192
636
2075
608
2532
1953
808
1511
38
1991
118
708
2293
1832
118
1802
2731
2516
324
1904
924
2311
532
684
198
2558
2115
1859
1390
2586
2572
2371
2314
1154
324
2457
2126
2226
720
2220
450
1808
106
2702
368
356
2332
1254
828
1987
2314
2279
1686
2351
2295
210
852
2271
2568
524
1176
2135
2399
1130
2605
2285
96
228
1883
464
2527
1992
398
350
1843
1924
70
2569
252
964
656
2198
922
2592
2147
386
2248
1915
1220
228
2214
930
1884
580
1686
190
732
1084
38
2308
2517
2294
700
2418
124
382
224
982
114
216
1864
2563
1876
628
502
594
2558
1981
2260
832
2783
1028
286
440
2634
2401
2721
1682
2190
2153
474
686
2308
208
1418
576
2208
676
3988
1504
1965
1236
636
2006
2345
2430
2519
402
2624
632
2150
1200
424
2350
2252
228
1408
180
150
1052
812
1016
40
248
754
2556
958
188
1114
1774
2483
654
632
110
2411
160
2061
2015
262
118
2712
2246
898
970
180
690
1986
2337
2480
2124
152
2128
2085
612
628
1138
2319
2112
742
532
658
1846
770
1976
2161
2766
152
376
1972
866
2144
858
1300
2323
56
204
2050
2624
966
1694
372
134
2652
930
910
2049
158
1328
1832
2010
446
1182
2393
2244
952
2269
2
42
1292
1684
1570
164
1614
2327
1472
2156
1042
38
2729
2517
366
2223
2318
2072
1226
606
2136
1979
2390
2449
1746
2236
630
1224
2377
1534
270
1794
2374
2030
1552
2524
1884
2393
2332
852
2159
212
1774
322
468
200
1012
2046
1486
1018
2086
462
734
2406
640
614
476
2267
938
1010
1908
2434
894
2314
648
228
944
672
380
734
1734
446
1386
2422
2154
2671
2014
226
2338
1606
2308
542
284
56
2195
2236
2061
2776
1242
422
2112
544
1150
2260
1836
250
2340
522
950
574
92
1522
1872
248
614
1550
56
2729
1480
2467
2116
1304
650
162
808
1044
652
2538
310
52
1156
284
1044
414
2480
1990
2017
2196
162
1726
1538
624
262
1498
200
2243
1788
720
1130
602
2830
1474
2258
2456
2460
428
848
1144
1034
2310
1972
1494
1558
394
2773
1204
956
178
292
2134
1076
2092
1346
290
2472
1218
790
1466
2255
2465
780
1462
2494
2345
2130
138
2420
1294
2726
2410
1432
206
2124
1885
1134
814
124
2219
64
94
530
326
1504
1154
1812
1958
2531
2428
1970
746
148
1308
512
1428
1536
2132
624
268
412
2113
668
1606
2416
78
70
2109
42
2398
2410
1066
1646
1096
2484
560
76
346
2545
2294
178
1010
802
2238
2076
1090
1408
2298
2447
910
72
886
2279
2748
2399
734
1578
48
824
1496
824
214
1254
2166
1732
52
214
812
1899
1796
2534
2190
754
62
1328
498
1452
2436
2278
556
2167
1444
1228
2451
2680
812
614
1176
2456
368
2415
1188
950
2494
1094
2131
752
332
1476
158
2382
2120
1292
1384
260
2025
1658
608
1000
134
586
1790
2370
2714
568
666
1218
1326
1921
2061
2106
98
2333
54
372
1694
964
108
2754
3196
2096
1054
386
994
1643
950
2857
2603
894
2237
368
1972
292
1736
2299
2187
2391
6
2239
2198
716
560
1410
770
2607
1106
336
410
2719
2415
228
268
2349
74
2560
2296
322
1098
302
954
928
810
1344
1682
2269
1168
862
2097
696
652
2704
2657
2633
2153
802
356
2204
2490
2371
450
2966
2478
766
1192
1238
526
2712
718
1828
2428
2776
394
1434
220
260
2010
460
2538
1262
1666
1016
2175
1110
1184
2119
2401
586
2323
1124
2402
1158
402
104
228
282
192
696
2215
2370
1958
2336
412
1798
2181
442
2361
2156
2141
2489
458
2036
648
751
1524
2120
22
2008
1976
386
2
548
606
434
192
1424
148
600
3268
1338
2328
438
2353
616
264
18
2232
512
188
524
1723
2292
860
1850
1598
2149
670
328
298
296
156
1985
2103
1856
2310
298
2370
84
608
2240
1408
534
1656
458
168
2254
504
2472
1356
902
1344
1728
266
1030
1282
1310
992
1036
604
2016
2094
2656
572
498
2244
2532
450
118
1582
444
1332
1486
2054
2084
1844
148
686
1468
1244
2490
78
2204
2673
2131
2068
206
1458
2122
54
1312
676
20
2443
982
2206
174
156
2527
2226
812
278
196
780
198
2152
1936
416
896
586
66
1909
1374
978
456
610
2216
1018
1702
2428
1108
218
1348
116
480
2676
220
948
1310
636
182
2279
2375
432
132
2483
1750
2646
908
1864
2452
660
2445
138
556
1422
276
2280
326
942
2433
2184
2084
2284
346
1930
2735
176
78
1522
2077
1957
1340
2372
2191
2387
482
310
250
1236
2058
2374
864
2327
2037
1602
260
680
782
1444
2498
1644
1614
588
224
1068
462
258
464
1682
2081
2155
2503
1970
40
638
2798
1988
184
284
1382
2402
2175
2113
134
508
1636
1692
278
66
2016
1714
1668
898
818
1326
1096
2212
474
2629
2126
1870
1324
2257
982
754
86
1550
1404
1386
1156
1030
2132
2031
2166
1402
382
1198
1581
1064
1882
2682
2202
950
844
2086
424
472
1298
2166
624
2405
940
2283
2273
2786
1038
1236
1158
382
120
2646
1188
1092
256
486
2178
772
474
42
1044
2533
1508
2150
1110
1800
2338
2601
1420
2000
1184
2436
2090
2438
1530
466
2102
456
432
1224
2291
2810
1742
1086
46
1308
608
1832
420
1018
2314
776
1548
320
1920
1872
2431
2390
2319
2012
120
982
1194
2759
1116
1454
2051
1424
94
214
2306
2531
144
1204
2124
1814
2609
1182
484
478
2040
2340
2861
2677
2138
1558
1282
746
650
2256
434
88
1355
292
504
478
706
1450
2310
2524
2100
228
1190
2241
320
734
1558
2030
208
1320
2261
512
410
1090
1926
2282
1400
1148
2226
1890
2280
288
86
642
134
946
1984
254
1620
1860
1634
2105
588
972
942
1638
2044
2118
330
738
2639
2100
1328
2220
1398
374
2448
142
2024
486
1000
1412
594
2325
2592
326
1366
2301
546
2010
2401
178
1592
70
2434
1592
1380
756
1950
1212
790
2108
1106
1534
566
1342
336
2169
1702
1382
946
1682
1947
2012
378
986
2449
2488
738
1172
2335
1458
2664
2360
286
916
582
1130
1912
230
1500
1608
116
1058
2003
2284
446
694
636
764
1536
220
500
114
2475
648
2372
2226
2426
1350
1442
1018
754
706
884
842
1090
2
2032
1716
564
1776
434
1038
790
1426
6
2276
936
2233
286
702
320
1820
2193
2174
2117
2389
2074
2077
462
248
282
2058
236
230
412
170
60
1430
60
1588
2393
990
856
2626
406
748
1696
2300
2498
2120
1136
310
2167
2525
2379
752
774
176
1390
60
344
2851
722
1927
740
1508
2510
560
264
740
1700
142
2601
2610
2418
76
1196
2028
120
946
2197
1898
2169
2312
2701
870
1336
526
2363
2349
362
2137
780
2638
2225
924
620
2506
1652
2404
1740
732
2324
2534
314
2184
442
348
680
754
800
2499
2254
1168
1108
2340
2590
2234
540
2280
1256
704
178
2236
228
1966
2090
2579
2383
1938
2116
388
62
510
884
1426
1518
2339
2274
780
2405
636
52
1134
438
434
1873
2433
1290
2326
1242
718
170
1208
1764
640
272
6
1885
1778
2026
248
136
2209
1316
2180
2542
2227
1476
718
682
1984
394
2084
950
2547
1843
708
2342
2642
2537
2223
754
2379
2053
22
718
452
1900
80
1318
1084
1386
884
2586
2300
1090
574
972
836
2249
1222
2334
340
1866
2368
2154
32
2399
1996
300
2551
228
1088
1036
2076
718
816
1408
1842
1190
52
1254
152
848
634
2124
206
2250
2450
464
2470
310
2346
1044
2075
790
1682
338
890
182
886
2511
674
794
2117
2536
2639
2478
688
2496
486
1758
1000
140
506
2078
1880
2251
1954
2016
1274
2402
298
2234
2332
454
214
316
242
2622
1316
894
360
1550
1908
1977
930
784
26
2872
406
1098
1678
1712
2041
506
72
2074
618
1194
1534
1032
82
12
1912
44
2178
830
1246
2327
2131
640
478
2107
80
792
1364
2230
2361
1040
108
226
1148
1110
1894
2392
1658
2124
1657
284
1774
1746
2355
1106
16
1510
1616
726
1898
2301
2290
992
200
1444
2480
672
1380
68
214
144
272
1208
2722
578
2521
564
2222
32
2513
2534
992
306
558
2583
940
472
328
716
436
162
1788
434
1748
950
234
764
268
2045
662
1360
50
2339
1726
1857
2234
1476
1428
62
2352
1998
938
2360
982
2194
2262
864
416
1582
2117
722
2209
2070
872
2019
142
1174
94
1636
2046
2114
204
1833
2164
2554
2045
2506
58
2264
1148
984
2635
584
1240
1760
1916
756
322
2220
1699
210
2121
1790
336
494
2252
1558
992
2139
1088
680
550
1418
342
2292
96
200
2045
184
186
1792
886
1734
1050
166
2473
670
1400
1926
1576
900
824
188
130
408
544
488
2446
1980
256
90
934
1002
606
314
2275
1944
778
596
306
1128
2097
526
2408
1909
2557
2291
2424
886
2160
1142
1818
828
2378
2289
380
2352
2165
218
2173
1660
2704
2208
578
862
2634
2103
714
148
2720
2581
1050
2181
266
2728
1960
2484
672
2601
2049
1266
1981
488
1128
810
2243
2218
2570
2325
1682
1572
1832
1050
842
2145
1856
62
646
1346
52
342
682
312
1120
952
1434
2127
2214
258
2203
1434
1642
798
86
166
930
666
2510
2542
2051
786
1490
1096
272
708
1384
2126
1168
282
744
2221
1536
156
1146
114
214
426
60
1294
836
1300
2026
2350
2171
1274
1286
268
736
2400
1536
2349
964
1608
642
862
372
386
2690
2028
2318
1242
1562
2402
1488
1434
106
2113
1468
1879
40
2187
1096
842
1672
468
704
1244
1324
522
912
1596
560
2386
2239
1484
176
1470
322
148
2256
1504
1414
228
1390
2218
2210
2654
1124
1532
2786
1222
610
874
436
998
632
2605
2431
44
2573
772
1722
1282
1182
1784
2409
2483
2188
414
2368
136
468
592
480
2174
2058
2129
1634
2359
1997
782
2282
1900
2034
1040
902
2166
2336
2664
324
852
170
2507
2341
1062
666
582
2151
2262
2326
1864
1712
2472
2474
198
1246
770
406
312
2257
2339
464
1894
568
826
2606
78
596
438
1962
2632
1364
592
2548
558
2527
1570
638
2043
2044
540
2147
1642
1814
1072
2411
2376
2118
764
1478
220
1832
644
748
1016
2248
1912
2295
2266
1556
466
102
2293
1803
614
1090
2514
1506
402
320
650
1472
1144
2956
1846
216
2196
1574
688
290
348
2440
1050
2457
1296
1914
406
352
2352
212
92
292
606
834
94
1248
2740
2285
2328
1300
750
910
2478
956
2042
404
2686
1358
2727
364
2070
30
1206
1556
488
756
538
2104
298
2445
1292
2233
2570
230
2288
680
1216
282
2146
1054
1114
1829
1206
718
2277
2643
1768
2338
2508
2218
234
1122
2612
1398
778
2436
414
2062
2185
2262
2349
2177
2161
382
1834
342
2416
220
1318
2348
460
580
384
1028
520
714
60
212
1232
1450
1677
200
2585
2565
2171
212
196
2416
2392
1638
2213
2706
1956
1962
2150
2214
706
2591
456
38
632
1530
1336
1754
694
820
2242
478
554
2453
754
1969
2389
880
932
178
222
248
2329
158
1134
978
390
2248
54
1358
2294
2057
1750
90
832
2375
260
2843
516
306
2484
1044
686
1052
2214
1845
420
348
774
1760
34
452
94
1348
412
2036
170
294
588
2490
1306
2406
2563
412
916
2214
2467
1502
1792
706
2352
1214
2046
2377
2244
1772
98
268
1198
2285
674
122
734
290
2221
1710
40
570
802
210
482
700
2389
142
1420
1024
2728
2637
1840
62
2265
2554
2001
6
294
1996
206
2697
2058
434
2409
442
652
2392
2435
964
2213
2133
2085
2335
2672
612
1648
2245
2075
1728
1784
36
2642
2004
290
2070
2260
1134
2011
2244
1640
1852
2670
2577
528
2243
1650
88
488
1076
980
1062
2687
1010
2095
2224
414
1744
2222
1422
1600
2639
2159
856
2499
2515
190
1200
2506
268
1645
1990
2101
426
2292
2184
444
594
2556
98
306
288
2262
2107
460
2260
1982
2837
2082
2232
2516
1576
438
1234
1232
246
1826
936
1376
464
30
2291
92
514
1728
628
1230
956
270
1284
1566
1010
774
130
1544
944
1948
646
2230
1650
1254
896
2294
2583
2063
2237
2384
432
806
386
2602
564
2738
2375
2242
2420
340
1436
1426
812
412
1450
134
2084
2699
1124
920
2205
420
2000
650
2715
860
2046
1872
1765
1384
2279
318
2015
2720
650
2443
306
158
1586
236
1048
1662
220
2516
2567
2307
1791
434
776
78
920
2497
2188
2110
392
528
190
2371
2583
2582
656
228
2419
1224
496
2
858
2146
1598
2319
1750
1991
2318
1492
2697
1394
312
1864
452
850
2018
1466
170
172
54
702
2016
802
962
484
444
242
2157
888
392
1374
2312
354
1522
816
2576
1748
2097
2450
106
668
352
2453
2002
2507
2677
2089
22
338
2088
1853
854
2496
2457
2284
2336
2058
504
800
548
284
450
1438
1546
1048
1206
1800
1990
2436
328
1937
918
2139
2248
750
238
1944
364
2129
204
1562
2465
792
1919
668
1090
1342
2474
672
2408
1150
2328
2153
2604
2664
156
404
2158
202
1588
1094
1274
404
1992
1998
1198
424
1976
2121
214
966
2347
1030
2157
2302
1974
2271
2479
42
2338
256
1010
468
58
8
2217
448
526
250
664
2457
246
2593
2496
166
720
2469
1989
58
2391
1290
2176
932
1314
116
892
2016
2412
1262
252
2001
1184
2214
324
2413
2072
14
2258
48
1828
2691
76
1300
1198
1770
1831
1652
238
2244
708
822
136
1432
2559
2181
914
936
452
378
2100
2238
890
102
952
2281
400
2400
1896
1212
2238
434
1724
12
2394
1496
686
250
410
2146
922
94
650
40
634
64
2080
992
1322
2404
2176
2016
1834
2433
2605
550
1962
436
490
2228
128
248
1402
1908
2247
276
1366
1496
2022
774
1226
446
1418
10
82
2486
1310
2288
44
2292
2655
2667
1946
762
1162
2174
1494
2298
1504
2331
2631
524
1502
1630
2203
168
230
822
354
1088
2057
2088
2267
1690
346
2507
2213
1010
676
2244
2119
1578
1274
1000
998
1050
856
516
2287
138
1070
1754
2335
1906
266
2147
1308
480
244
2
1894
1838
2766
204
878
2226
414
2303
2370
2137
2306
2174
1380
274
502
370
2784
820
812
454
2488
14
2166
14
494
306
2160
188
772
644
388
1504
2247
2336
642
56
2079
2145
2059
1871
412
1662
2394
322
1268
650
96
296
2058
1946
1682
1784
154
2269
2733
612
2175
2220
408
1422
2336
814
1963
1634
572
828
1094
2129
2520
714
2361
238
818
814
1124
2364
1988
2763
892
84
802
1366
722
748
1252
2365
1832
2102
2149
926
16
2580
2125
2432
110
2342
870
164
1868
1766
564
1362
1803
2500
1104
1290
2239
1834
18
2309
1624
1730
746
64
1994
2232
40
822
2457
4
1196
1785
1122
942
2241
1198
694
514
846
1954
14
1456
274
448
1656
2522
2458
1138
448
1818
2281
1570
2379
1956
1874
2032
408
560
1534
332
472
1190
1770
1490
268
1318
462
2
1804
190
1692
2173
2676
2035
1118
2096
1936
2575
996
2122
2284
2251
2246
2092
304
330
608
412
1084
648
92
1844
2253
2446
1342
2592
220
1967
1714
2250
2084
1028
2393
512
1186
1930
726
550
2438
834
2467
252
2569
1656
2192
374
2713
1794
2482
2491
2150
726
34
1818
1692
352
910
326
1736
2297
2140
1771
314
292
2406
2036
1458
490
2274
1296
1988
1616
1492
1250
2692
176
786
2510
638
1954
1352
298
114
1040
68
1828
62
1986
2088
1258
2512
840
1248
166
1817
1852
858
628
1070
1422
2541
890
2040
454
2148
572
472
1186
2325
2918
86
100
1893
74
62
2562
726
1058
814
1074
86
234
430
584
562
220
1710
2523
444
908
2572
1434
632
1490
2554
686
1120
2502
1102
2253
1358
1566
1806
2112
2368
1916
376
2007
1378
1654
1626
1344
2489
1988
444
2249
930
2348
304
500
1154
2108
2316
2347
2091
2558
2246
2195
1866
1164
336
1354
390
90
338
1608
2370
972
1334
604
2447
2341
1594
2279
48
1172
1046
568
2701
112
2124
1502
2490
2049
1978
1432
1120
1400
258
676
1464
210
2017
2788
842
1813
976
2292
636
1550
2452
376
732
2325
206
2650
2263
200
1222
2492
1212
2292
944
344
2170
2561
1410
244
1965
2226
1386
1720
2046
108
1346
2215
836
542
930
248
2284
1016
2559
1780
616
1606
2157
1951
1324
622
2328
492
2180
2199
2368
1120
1454
74
1686
2555
1602
1008
166
698
22
968
2168
1424
2454
2044
2535
2022
2386
1292
1072
1054
2413
440
2420
1010
1002
1362
2091
52
2320
668
752
162
864
2059
2230
320
1532
2537
1068
2332
488
2023
192
2044
1458
2430
2527
1716
2250
1080
1432
1062
200
2096
2113
474
248
2208
1244
2506
2427
1168
2194
724
982
2478
2414
1628
1260
286
390
602
2409
1899
2685
802
2270
1654
2348
1838
438
902
610
136
598
2638
2596
1470
1758
1514
200
1566
1628
216
1638
842
470
2570
344
2756
2523
1230
832
1822
200
504
224
340
2383
30
1194
1488
1524
2774
2509
62
2052
2374
2347
638
366
2010
1837
38
620
500
1222
818
2514
14
1078
738
1980
2263
1274
2012
448
2026
474
1400
754
1296
56
2170
690
2438
2529
2163
2148
2731
688
2658
130
568
2483
1962
354
1336
1100
2952
314
522
2221
92
894
2338
2155
140
594
2299
1785
168
1152
226
310
2297
2632
2347
352
1078
1206
1342
2430
2104
2156
2083
2406
1532
2361
644
2644
1828
2556
88
114
174
678
1548
2215
152
872
758
92
2591
1916
1322
2554
932
782
2020
1546
1963
1262
1406
2480
2557
1302
28
952
2314
2382
686
518
972
1928
66
1576
2024
2342
308
1172
2286
2479
2434
1152
1838
1498
2524
866
260
2106
484
598
2539
90
1574
48
2577
1248
846
350
2184
2510
2506
2464
2294
326
2108
2234
2666
84
26
524
178
572
1994
2479
2316
2385
1368
2066
118
176
332
288
898
292
1256
1806
2116
1514
628
2136
1274
24
402
318
1372
1204
796
2073
1578
2227
168
452
384
278
1276
212
2297
2644
930
686
968
792
818
60
516
2754
1482
2127
2045
2010
1360
194
1304
2068
2146
340
1398
284
2148
1898
2088
2234
2605
1076
2099
1846
1280
220
670
2119
378
2226
2241
104
396
2144
1948
2393
2047
1844
572
2313
1850
2001
1136
2542
1456
982
1354
478
956
2479
1796
2429
1812
2133
2254
140
1632
2776
1544
410
280
2188
822
1689
258
2106
1484
2054
1288
2283
2340
2495
1540
2494
1654
2767
208
1382
806
1462
2086
1546
254
2027
1526
1486
206
1728
506
1042
2691
1506
2334
1246
974
764
2538
512
480
8
262
2403
1778
776
1268
736
2548
614
358
2260
2301
2282
2225
1014
60
40
2793
874
1404
2126
294
2130
1314
1442
2356
1054
796
818
182
302
2174
1000
1414
2778
2145
152
2505
1736
1320
1316
50
14
422
1420
1734
604
774
1212
46
2250
1542
1956
1006
2123
496
2400
392
2422
2157
356
1024
812
2208
2032
316
1346
118
956
30
2142
1897
38
1983
2131
2211
1488
2389
810
1891
288
1084
1048
2271
2697
2074
504
2318
306
2134
1933
746
660
548
862
2516
190
238
1562
1026
2326
656
1228
30
18
1000
2691
470
858
178
2569
108
2327
1888
870
1106
2418
2492
354
742
80
1956
1056
422
1400
298
2140
1356
454
6
294
422
278
1702
1978
186
2307
54
726
2513
2024
1514
146
1362
86
2286
1895
16
2630
2263
4
1566
1126
244
718
2394
1300
1847
2380
2288
2345
978
2380
452
296
584
1486
626
138
2539
2470
2440
166
1032
2576
2031
326
204
296
2520
1330
2074
2534
1374
856
1694
2098
1450
816
336
2648
1584
1338
638
80
340
2569
1246
1382
2699
618
626
682
2286
2264
210
882
2398
2114
2576
730
662
2500
840
548
2318
2573
1678
240
672
490
2026
2193
184
2191
2607
408
210
58
348
1860
2083
970
1004
328
240
2111
428
1000
590
432
1919
242
2669
1464
64
1592
1858
794
2152
1036
2426
2224
1764
604
2136
272
2326
290
748
382
1938
1742
2621
1674
346
2012
1870
2698
258
646
688
330
624
368
2181
532
2698
538
2132
376
2372
2102
2521
1821
1534
2077
2733
1676
524
596
2785
2376
474
2170
2144
548
1068
1642
1230
2512
996
2336
2254
2250
2191
2158
2068
1894
2451
992
108
788
2516
2543
2119
1868
1446
1960
1844
2650
968
378
606
60
1644
2310
2396
374
512
800
140
1982
2205
2070
1156
484
2421
2221
504
2194
1278
564
2398
2428
2247
1700
2667
148
2492
2295
1988
544
1700
20
1986
1364
600
402
2076
1344
1846
1276
34
726
456
2247
1238
2402
616
2336
318
724
582
570
46
62
624
782
774
1342
962
736
860
1062
844
134
924
340
26
2322
2124
1963
2188
726
2514
2184
2299
1926
62
178
832
2415
1050
32
2002
1604
2365
2045
1947
2350
1632
1974
2471
2206
842
122
476
2532
1530
1458
128
718
144
540
856
2131
2408
192
2587
330
1414
196
2201
598
334
974
2570
120
496
272
2385
594
422
2622
1072
488
2231
1072
2501
146
976
2218
1546
306
2466
338
1941
414
710
160
1416
216
408
788
298
1864
2054
992
2102
672
244
732
1704
2032
458
2284
1014
2704
1520
634
246
1282
2571
534
2590
2584
96
2239
1995
482
1927
2206
2373
962
1778
1548
2570
2173
2695
702
578
2277
214
758
938
2285
2279
2221
2041
2642
460
546
2409
958
1292
144
540
2484
148
2188
2342
2378
190
2006
854
348
900
2452
2227
2554
2525
2172
918
532
2781
1748
184
256
206
2028
890
502
1200
1100
1046
2211
420
2016
320
954
1034
2658
2044
334
186
932
178
2567
504
2604
2282
468
500
566
2048
1961
696
348
2230
1172
500
1550
2730
2146
2478
176
876
1306
1748
1719
2588
510
2081
628
718
2105
296
734
716
1194
112
258
606
286
890
374
1890
1360
996
2345
404
1268
1891
1024
36
2389
2072
492
746
1304
1570
12
2059
102
730
1458
586
2073
1490
202
2127
674
1424
30
2193
2281
2035
54
2589
2029
1366
2222
1144
2154
2314
2372
1176
782
446
1256
454
1363
1738
108
760
996
1974
510
438
1264
676
2506
322
2212
794
170
1632
18
2388
1246
2286
2281
2222
2040
2018
886
1188
2332
2335
554
1774
270
2283
330
410
2549
2106
192
1034
562
840
1406
42
588
642
872
874
366
1166
2025
1978
188
2440
378
682
78
2608
522
1590
2274
606
1158
2453
1228
2308
640
1970
1492
626
676
2102
198
2405
2247
1256
598
1170
1114
2047
138
552
808
1086
588
810
2132
1034
1456
1466
1398
254
320
2112
2618
2280
924
2208
2260
442
472
1242
2430
612
814
722
194
238
1794
208
70
90
990
2018
634
2040
752
2752
422
1104
2572
1774
2585
2547
544
292
1190
662
1398
936
652
388
1836
1408
1506
742
2603
486
2686
796
314
2273
2383
312
986
2479
1888
346
274
1730
982
618
2335
2152
2245
1646
608
1880
2386
2242
202
104
362
2132
632
2150
1588
1872
180
658
844
804
2217
122
678
896
592
788
2002
2600
920
190
2393
2143
536
2716
1404
246
34
2591
358
670
398
348
2339
86
2016
808
1827
1000
2795
2139
1814
2877
1070
524
1284
310
98
2582
2404
1608
1488
2165
376
2838
2620
2388
700
946
2680
518
1160
1800
570
1034
200
2343
378
2183
60
166
686
616
2177
2436
262
2729
2670
2040
172
1588
2645
2399
1330
2440
2358
1858
1450
476
1966
2424
610
2072
2606
264
1050
342
594
2614
1384
2394
932
1838
146
2779
812
450
2318
1766
1204
1790
496
246
586
868
2477
438
796
984
282
350
2442
2415
1110
738
2670
2120
2273
96
94
1798
866
150
2393
2545
2192
1648
466
2474
370
112
1554
784
2154
72
572
2208
2378
1384
2636
2483
1960
2227
98
2357
12
644
1472
2214
2002
666
290
2049
194
396
82
1146
1436
796
1292
1292
2339
2378
270
1326
512
1282
796
2284
596
588
2008
2091
670
2228
2152
2329
1570
2498
186
1734
2447
190
1954
1202
2544
332
222
2353
1178
1638
524
960
2231
2398
2212
2298
936
2171
2252
2352
1994
598
202
2538
2608
2237
2088
2476
86
196
1182
1996
2503
2436
2223
866
2265
1468
662
648
1640
2346
2492
704
2404
1944
340
2412
972
2113
898
1766
1190
274
2109
2431
2218
990
1146
570
1052
296
2657
162
2276
600
112
1018
2238
2053
1616
1796
820
462
1296
1994
814
648
2470
342
2174
2345
2253
544
960
2172
2620
2403
198
492
1722
2033
2658
366
1470
432
740
204
1712
468
1817
128
2468
2551
2470
2355
446
1912
410
2263
916
2278
1300
436
602
2194
102
1192
2252
2358
2056
2088
2248
468
1794
138
2093
958
1596
658
632
2190
2157
1660
2360
2423
1818
1136
2433
30
142
2249
442
756
2412
1706
1056
476
1276
2272
108
284
1074
450
566
938
1566
2413
2152
486
1336
1674
3072
2425
1640
132
304
2398
1204
2100
2490
2003
236
2736
2290
180
2254
980
1460
1110
2257
2254
2259
1328
202
1961
2190
236
1682
1602
2735
1942
110
2575
2533
2318
384
630
1190
2101
674
2196
1196
1354
964
1254
1993
1105
2296
886
740
588
2529
2056
290
2323
2220
874
2220
2066
2518
2581
2412
980
2122
1192
1122
1716
236
84
2327
2257
842
80
256
610
1880
2382
1956
1968
2715
2032
2076
1566
2311
1022
640
1606
2028
840
660
1950
574
1488
718
240
2460
888
1804
2531
156
344
44
2810
904
1044
2445
254
1146
1949
1458
2395
2223
2740
1901
1544
2325
834
2270
2247
2332
760
458
712
226
1450
1654
2373
146
2580
1372
930
2416
2006
826
1048
2253
456
2370
2815
1140
1686
150
2185
14
1060
712
2432
1800
2212
2175
2401
2376
604
626
2042
2567
2294
2350
148
1916
340
2506
964
2818
2245
122
1923
848
2512
2071
530
150
964
1977
2214
424
2494
2468
2303
2272
188
548
324
1392
54
2187
1462
94
2394
2616
792
2017
2404
1658
580
1650
1190
962
1931
740
2313
466
296
2354
16
2278
242
2782
2204
360
914
3012
2585
1464
2369
128
272
484
1904
1028
522
682
990
144
504
1060
144
2317
860
1532
252
2738
274
1915
182
958
2628
154
2049
1715
474
1338
1856
1128
1590
1426
1892
2066
118
148
458
2186
2197
962
2393
80
860
54
2219
806
2258
1130
864
776
2634
1406
168
942
2490
254
2195
956
2590
532
2186
240
1782
396
2651
1706
390
240
40
682
1940
1992
1370
102
130
2306
690
2379
2698
108
402
2518
2561
2229
2249
306
1532
1710
488
1040
1943
1969
266
106
440
1410
824
2250
986
1462
2454
2532
614
596
678
100
1314
2501
2376
454
1118
2426
382
1726
1260
62
1138
754
2036
2459
834
498
86
600
2350
58
272
2210
966
1924
1144
1972
430
2404
1076
1592
594
2335
586
2484
2220
662
2406
290
2408
602
2426
42
700
10
2718
628
1130
796
1474
1518
914
102
1898
572
2103
2212
2238
2424
2284
1494
688
2014
2186
2643
2234
1932
116
310
186
328
96
1616
316
1044
136
1638
2236
670
372
1610
2612
320
1158
2158
1252
704
754
2320
2098
416
1256
2458
2210
244
1902
2674
386
2262
2521
2487
2181
474
106
744
2021
988
1140
2348
252
2110
74
2051
1198
2170
1502
1870
456
1403
1386
2180
1206
344
792
2596
1952
44
876
948
2
556
2078
552
2000
1734
770
1788
1646
1254
2205
1298
128
2303
2213
958
1078
466
2024
610
2263
2331
340
1038
1206
98
2057
804
2268
2470
284
350
2394
10
1412
2631
458
1116
1394
1052
1996
2767
418
1498
462
1914
522
2242
166
1394
2176
268
638
1210
2301
266
2706
8
1254
2299
2028
104
1402
2056
2142
472
1798
648
1946
1746
2116
414
666
454
718
366
932
170
2365
1436
1526
2154
730
1796
630
1208
704
2236
238
2684
184
884
196
568
2422
2709
1706
560
2324
2461
1666
2162
2034
2287
106
578
2014
24
1748
224
528
404
1726
1724
2524
246
2387
158
1612
2483
1296
1982
2234
1658
2506
162
2061
1930
1764
2314
1334
952
124
2333
1174
1814
2432
1869
550
2133
346
2561
154
2475
104
2212
2112
242
2484
2431
1094
520
2031
1232
508
48
304
2444
316
2511
714
2297
1708
2477
1544
1752
1266
2741
2364
966
356
412
798
232
88
1212
696
1358
634
2005
2682
554
1322
2378
708
2270
232
1108
1712
2549
628
8
2660
1100
2263
456
268
2522
2154
2318
2216
1028
272
776
214
912
1190
170
2614
1258
200
930
2291
840
1404
2365
1320
1338
402
1496
1620
2496
1761
230
68
2063
1010
2174
568
2238
210
2579
662
214
1492
2128
2197
2418
312
1188
2187
1817
890
1056
354
1644
1472
962
2728
54
470
1856
266
398
1368
1138
2073
1014
2288
1968
1895
1808
1196
736
1014
2168
2425
124
2035
982
2309
98
88
590
1813
822
510
2214
346
490
2686
422
292
1606
1406
448
262
2340
2426
2577
926
1286
2308
2106
120
2544
390
308
1800
596
738
1354
1328
2042
2406
1998
156
40
612
1286
1424
1258
1894
2384
2628
18
54
1734
716
836
2545
946
2279
628
2174
2980
2546
2528
1356
894
254
1878
2437
2227
550
860
2368
2497
926
2651
2356
166
930
2301
886
2695
742
692
2275
2162
1868
164
1380
808
1696
2438
338
2180
2291
1204
1478
1384
2326
1008
2424
2377
2276
1868
748
282
2264
1148
2518
1332
78
1624
1842
1806
2147
624
1078
2143
252
1686
464
614
2794
746
1030
680
904
274
966
892
2493
644
1839
76
2264
576
468
392
638
1130
1198
2301
2470
1044
2387
724
1650
1760
10
2485
2732
6
2031
570
2368
1078
1908
2492
2610
662
328
26
14
358
2630
342
1856
2324
2326
50
1853
2490
446
2032
1606
1084
2310
554
1268
2170
1674
22
306
2418
2211
402
1756
1902
280
2328
2212
2573
162
1978
970
2306
2186
146
606
2771
2286
458
304
2100
254
420
78
128
750
244
2153
1778
726
1798
2393
1112
2305
1949
1162
164
2132
1012
2086
178
870
656
1896
2478
922
434
548
2293
1983
82
2025
2315
2634
446
374
850
1616
2172
2874
1798
2488
2408
282
724
628
1974
1850
192
2032
2215
848
2338
128
648
2244
442
2685
2150
422
1860
232
62
2673
2042
2019
1202
2004
2626
458
244
1340
2042
2156
2156
2571
476
374
1882
2407
766
406
1688
1890
972
1090
1768
96
52
996
2235
2511
2132
1222
2198
1898
1186
514
438
2665
56
1952
942
2134
104
1985
2472
2436
420
1098
2488
28
1550
554
158
1544
582
96
1154
2470
2217
2178
2414
2332
34
2514
1476
430
2874
78
1972
1606
808
92
328
2479
8
2022
2232
52
104
2473
2525
1152
1132
1786
2228
574
2582
1812
1606
2526
254
1040
2228
2302
332
2053
720
1202
1246
162
810
2350
646
2054
924
1278
24
1340
1938
2368
428
2442
758
1556
2128
692
2020
2075
1250
2265
1118
158
2374
1702
274
60
2354
1034
1674
282
2282
1428
1320
2651
1987
642
2238
754
956
830
2210
2717
2460
2282
2350
1842
762
716
814
1924
2590
1604
292
1200
372
2425
1164
1314
472
2239
2199
748
376
516
1831
1878
2220
128
212
1773
1800
1428
400
1398
110
218
1728
2042
270
1122
1206
2575
2763
1938
2038
342
1228
1102
2451
1832
604
662
1795
2199
246
16
1102
2250
1472
2136
2350
170
72
2355
2024
2674
1310
2415
388
748
1162
154
2004
2590
440
1190
932
836
696
348
256
2508
310
2110
2686
2532
1976
750
112
200
2084
2426
624
1012
428
2002
2535
342
1268
1212
870
1168
2333
2442
2031
2344
302
2085
1656
584
1580
2026
2612
434
780
944
924
1892
1634
2367
740
1890
2080
850
2224
2420
2564
2342
868
214
2341
2026
2592
1786
2203
2374
1260
1604
752
930
1042
2766
1956
2440
1012
1192
2130
2269
1930
2599
2777
1556
356
386
2288
2670
648
1646
2595
1142
1254
1094
2160
590
1776
494
2207
2450
1808
2151
1993
120
880
390
58
1598
2550
1862
260
914
264
1754
2282
1362
1828
2077
1566
1698
1330
1900
2434
1774
756
2390
1352
568
1890
1398
2098
446
2551
2224
2736
1968
338
3221
1588
2503
944
216
1756
2332
884
2267
370
1566
2125
166
2554
284
1772
126
2350
1424
430
434
2487
514
1012
548
100
626
418
2066
684
1722
1080
2754
638
944
2422
2690
6
566
1966
110
124
1100
86
2174
2372
1510
604
114
688
2356
810
16
1992
2135
2480
2483
1948
1928
1911
2147
2653
1628
2093
2174
1298
416
1224
1666
1879
100
1516
1542
2365
2188
1246
918
2382
2245
514
404
1198
1286
1620
2589
358
2064
824
16
2083
2323
2403
688
2008
950
1976
2396
1270
662
2099
2521
872
2382
916
2627
1937
2521
162
2380
1320
356
2478
2029
1948
518
2309
2548
148
832
880
1516
2640
2403
1558
1556
2016
558
790
156
2216
478
606
46
1530
282
2690
2316
288
878
780
502
1794
876
1610
2540
2180
2064
1674
78
1174
44
986
826
1990
660
1180
228
446
1774
2122
2404
1712
826
2516
534
1212
900
630
922
1038
262
92
214
2168
2836
1660
2481
2143
2596
2694
494
350
2302
2434
464
1398
32
2696
56
2263
2099
1840
242
2053
2263
2455
1092
880
1334
218
826
512
628
2484
2078
1869
2490
686
62
2162
108
2245
546
510
2145
2326
806
2414
152
148
1968
570
2379
108
114
2024
608
886
188
242
1800
716
230
1172
210
2336
1202
2444
2295
148
872
1178
746
996
2241
168
1316
2084
2261
2354
1466
1826
102
804
504
1046
2362
744
834
2517
2245
636
2130
1304
2142
506
2216
1030
116
2308
572
508
2171
1062
1178
2094
2176
2096
2338
906
478
1278
2717
2782
2258
1676
1952
2431
2786
2215
2306
588
2595
2237
966
804
1136
2121
2414
1580
2226
2061
2304
386
2509
20
1016
1374
2593
108
2364
2102
1486
150
2482
956
1220
1946
414
2347
2661
126
52
2784
64
964
1738
1046
1126
2016
1250
592
322
2466
1318
1969
318
1478
1646
248
2274
744
392
1342
982
2419
1388
2666
638
216
2426
1046
2048
1216
318
228
1358
984
2081
1904
2194
50
1178
2380
462
830
806
1500
1744
14
2381
2510
1018
204
988
1352
1202
2342
2200
2304
2066
2555
246
1780
1344
286
278
2264
162
1282
2729
1796
1392
2916
596
266
1995
2190
2694
502
450
2094
2313
1586
2221
2146
614
1126
1126
2005
2268
1298
68
1798
1998
858
536
724
1416
2390
1594
1977
1512
1044
308
2276
1944
2406
1572
812
922
198
2561
1492
448
2467
306
1846
774
1660
2209
1796
528
408
118
2144
316
2505
584
2281
1238
864
2358
1168
1886
2608
270
2144
966
208
318
1198
894
2142
1966
2494
2609
2423
844
1194
1969
2459
2014
2747
2333
2757
1136
522
72
2659
2265
476
832
618
2090
2407
1652
486
2446
1984
40
774
736
2066
1198
1034
2472
2452
94
26
1194
698
142
1978
1572
2177
2526
608
324
594
926
1090
224
258
58
248
1104
2212
1284
2226
2375
1060
2294
396
2070
534
2064
2056
2408
2592
16
296
848
982
2202
1046
1800
2797
2207
214
2375
2600
1148
764
1232
2356
10
1142
2197
574
1434
688
1064
694
2176
764
1170
542
656
2312
368
2442
378
562
740
556
2143
1192
588
622
1036
2668
130
30
708
12
572
244
670
1812
1512
438
254
160
424
2380
