294
300
422
2085
2309
830
2246
2668
166
1638
18
634
488
2
174
2119
362
2322
2363
1556
2060
2677
266
1780
1880
1496
2096
2379
2101
2774
2272
2317
2397
388
726
1780
2
1388
2701
500
1650
2367
1978
320
204
1847
1068
1068
966
2111
2264
842
830
2346
1450
2555
2196
732
1040
2241
1360
2024
860
654
1988
2370
486
1566
1861
728
1730
148
932
1941
552
2098
2554
576
194
1066
2440
474
1214
384
1578
1628
1674
432
1470
1014
1472
558
466
2411
1530
304
152
272
2427
546
226
2459
254
476
2258
2264
2603
2072
2291
2557
2251
1204
610
2365
300
2108
924
1278
1955
2135
2348
274
614
1870
1840
2286
538
2396
248
2665
106
1168
2157
1410
1112
2361
2866
868
2095
2328
1372
2076
1794
2100
646
1396
2304
2669
16
2514
244
1264
318
1014
1877
1066
830
2401
742
158
276
176
2607
2708
698
1262
2380
2210
470
2494
1452
532
1066
1968
1158
1068
432
850
210
2678
412
2550
2177
272
1750
58
164
1468
2339
2444
192
1254
486
2354
738
2449
1940
258
2504
2137
2292
132
1182
486
724
820
480
1910
696
516
612
1947
2368
1953
2248
230
492
2397
1436
3067
1430
1880
22
1700
1824
2022
264
386
2707
1814
2228
2108
2564
2263
1648
1268
1578
178
150
1340
152
80
2287
1310
618
2177
1480
2504
2241
2243
176
1400
1704
1850
2498
192
1646
824
2425
1194
1872
286
252
1524
164
404
96
36
1026
1514
2286
2232
1140
2173
384
3310
358
1772
774
2090
2635
1284
1058
2515
1298
962
1648
1356
1412
462
2047
862
64
2115
2376
54
2152
2234
798
674
1560
2207
670
1082
1989
2224
170
1660
668
686
2421
598
2418
962
1786
2457
948
2118
66
1712
244
1186
434
2291
2059
2502
1272
2340
2090
2523
86
2410
1318
2245
86
2324
414
2489
722
92
2262
1738
290
1170
264
136
2261
1668
938
684
2634
1571
1470
2418
2368
66
2436
982
1785
78
914
1422
794
878
2304
556
2338
2517
1878
292
562
1074
1238
1732
1596
2114
2154
1860
524
514
432
738
22
712
1040
2087
1002
2237
1326
2688
792
2725
398
2078
432
1106
2588
1882
340
2446
490
412
466
96
1382
1698
2409
1922
2396
600
228
2334
1786
1368
480
2647
512
2120
2634
1250
2284
902
1926
886
2086
60
406
1352
2008
2530
158
2498
844
2050
758
304
1174
1958
2234
628
2618
1174
1960
2660
2422
1334
2755
910
770
180
2770
2574
1256
2904
1752
684
2098
1888
1979
426
1754
710
182
1204
2590
2285
986
2203
228
2596
2400
1506
2205
1068
608
1624
1164
774
458
1710
242
216
1900
896
80
2756
2260
2228
1702
874
2272
2071
476
2671
2525
512
630
628
342
1883
1616
2185
290
444
1164
16
832
430
400
1160
674
2262
2204
2093
2174
368
610
668
2163
1829
1010
54
2630
176
684
208
1610
2021
2266
1374
926
762
2655
1146
2866
778
1280
476
2518
2220
1088
1930
328
1818
1102
910
2229
1248
2265
272
2626
564
622
304
406
656
722
188
1310
304
922
746
2361
2424
410
2221
1508
2326
474
2229
548
1550
180
2494
1470
1208
122
18
206
776
2421
982
598
2475
2480
2191
2482
2268
2362
642
954
2206
214
1640
2276
2644
1476
2591
2234
2594
2592
2320
314
2753
2601
2314
64
514
2336
2018
2239
2225
1150
182
2394
878
270
232
2609
2323
192
1196
2277
2452
1735
1754
588
2344
1500
1714
428
604
2262
2357
1410
2130
716
1736
2418
2487
1855
2807
1970
2082
944
2282
866
1150
2539
644
2433
2219
1128
2413
2311
294
1536
272
376
1200
1994
536
386
2264
666
246
694
1502
196
2274
1728
566
1963
646
1248
682
878
1178
1914
1052
372
1148
1210
2352
68
2050
2115
2198
24
1378
2369
1346
1826
468
964
1086
2110
2148
1470
2030
2090
1098
256
2231
2181
142
2075
1424
1626
2171
2462
2335
790
956
44
1578
1182
1728
504
2114
2550
820
1250
114
12
2479
348
2155
1922
2314
2174
2220
2132
862
1848
2259
1428
1850
244
280
324
672
1228
2058
1718
618
2292
2252
2468
102
1570
2045
402
882
610
1938
1174
636
1963
92
176
48
2042
356
1074
1394
242
308
1980
1444
2256
1468
2179
1916
1100
166
800
1142
2437
542
1212
2598
336
266
232
922
376
740
2073
2366
1802
168
1662
1002
2172
1304
2278
1250
656
1368
1920
52
504
24
2226
2636
246
2374
990
1754
968
2183
182
468
2279
2419
2715
952
524
1968
2373
2567
942
2110
576
790
2356
624
226
572
2436
612
2544
148
780
1324
718
158
2493
94
2355
1020
1766
230
1456
44
2162
24
418
500
2494
1268
2244
1898
1845
860
346
2686
2660
2478
1678
302
1736
144
2331
2597
2680
1949
108
232
2493
36
1614
692
1632
928
194
474
2586
2328
1806
2274
94
972
1176
882
1756
356
526
2258
2350
2319
908
1846
1600
2269
2333
2492
114
1744
630
2380
196
596
2548
2669
892
452
2066
140
132
1108
2
2185
28
1312
2296
1106
322
1132
2202
2131
2334
50
1988
2313
1630
2259
70
1130
2550
20
1350
1990
1220
2494
2446
2111
1144
1186
86
1232
578
2182
1112
410
212
998
1884
102
970
2086
2414
1226
2020
566
2403
1100
1664
2123
1774
2412
2103
1558
408
1124
2473
2053
28
6
2164
418
462
2471
958
2464
448
190
730
2331
2367
1112
2284
572
2593
1278
1886
1060
1988
1200
1622
2021
2302
1146
174
1416
816
1906
2528
2154
246
2022
1950
2034
234
2177
2000
1574
2114
486
2137
1688
1088
2158
1106
1999
2785
66
1986
1002
782
2435
2411
1880
826
1032
698
690
804
1934
2229
770
968
1604
1376
2
1542
2198
2391
1656
1340
806
2078
2189
2439
20
2532
386
254
568
322
1514
398
154
2316
2544
102
16
2398
1980
662
2511
2394
2214
806
1664
2246
2395
1244
1923
2305
340
2346
1912
636
2281
1164
370
1062
1304
2379
90
274
1714
770
2713
1508
2259
1160
2640
1714
674
236
194
288
2109
668
314
2940
448
2737
1875
1908
80
124
790
1586
2299
652
2118
2586
2235
760
278
198
928
2457
26
44
786
1937
2275
2114
392
534
228
1676
964
2139
744
1906
2745
286
346
2359
2310
1168
2125
2228
72
1886
234
24
952
1200
182
596
2102
450
878
134
184
2441
872
244
2479
434
2432
2054
2081
1808
1068
512
690
2273
1794
1208
2086
590
2432
2756
856
1954
28
2070
406
1680
1892
308
1544
2169
2595
442
1985
1990
2419
1234
2020
2227
936
2413
1520
2415
70
2064
2072
344
2103
1376
2528
814
2433
596
2385
1368
50
794
1146
2115
2115
2255
1066
190
870
2003
430
1712
2312
2221
392
2132
1664
1184
190
876
784
2059
16
2491
2010
42
216
2244
2187
1140
376
2427
1338
456
2092
986
2038
2384
96
1106
2673
1328
2369
900
2346
1162
1202
570
964
826
488
882
430
96
348
2650
330
554
644
2482
2245
2429
1354
264
2290
692
668
586
1660
2710
734
1920
2010
244
1972
2300
244
2054
1054
314
1378
2287
1122
2390
748
622
1864
2436
332
1454
2114
2535
730
178
884
2112
1158
792
110
2465
2385
2344
526
522
2430
218
1914
712
1760
2252
582
900
1994
1046
1428
2984
96
1208
1088
26
138
766
878
2224
202
256
2322
642
2458
1216
1883
904
222
860
30
2351
330
1965
2297
752
1328
2392
1512
420
156
1188
2008
2156
1831
1224
1718
2251
344
1472
620
2389
4
2485
2117
688
1496
120
274
336
1820
886
1026
2429
1120
530
514
2174
2212
1570
988
1983
1298
2207
142
496
2356
1102
2133
116
572
400
1762
372
468
1969
1460
468
470
1978
2774
2452
2593
1498
2439
130
2106
2409
2349
310
482
2249
208
2780
2732
68
1324
2118
2612
1820
484
792
530
1288
408
1712
2392
2090
1306
184
756
2359
2180
2180
1580
788
2223
2236
566
988
1310
2432
750
2295
2178
2287
1496
2532
2467
2362
840
2239
1418
1808
1720
1844
604
3671
762
2188
1240
2338
1410
910
108
946
2537
1936
2704
140
52
94
1580
770
2261
712
948
462
1780
596
2506
2036
2191
694
674
506
408
542
702
870
2035
428
2015
1084
2333
486
248
2262
246
1932
2721
2068
1786
820
1040
1332
1628
128
2647
2348
1864
2493
2611
200
822
834
42
306
2517
2226
1278
1442
442
500
1684
2393
1254
744
2671
1472
442
620
2521
2058
428
1308
2412
588
1907
1514
876
2429
2213
436
2262
1842
2140
280
1704
248
2420
2018
92
2342
356
1422
1522
668
2053
1106
378
2279
98
1926
2375
770
1580
2370
2315
1040
928
2257
212
964
1694
1178
572
324
2043
222
2748
2249
794
514
738
2187
2582
1804
120
836
486
82
410
2434
2267
2548
1412
376
2532
790
1144
376
68
2534
2206
2645
2680
2120
1464
2250
1508
680
2481
2196
2428
1480
2151
1716
2236
904
138
630
42
2230
460
2190
1490
2080
2054
70
968
2397
2427
520
286
2068
570
2415
1134
276
2132
134
714
112
548
372
2277
2384
2320
1156
2293
2101
1804
2171
2587
1829
514
114
1068
974
2487
126
1144
1984
2223
2162
2447
2090
868
2300
2490
1168
2555
704
2088
2227
1252
2274
2166
568
1808
2193
990
1905
1771
1404
2214
908
2273
428
2181
500
1684
262
628
2105
3189
1042
1262
1036
2130
1048
2364
2543
2431
220
2672
1965
1428
2038
2286
2185
2148
2186
1414
600
2417
1866
1752
174
1805
2630
2539
2528
1720
16
1032
1384
858
2343
694
278
2453
1968
422
2214
28
1638
1400
2551
920
2039
1016
108
942
2578
580
270
200
2641
518
2358
304
2709
2557
1470
422
1172
1738
96
432
1096
2371
2291
2286
582
412
40
2316
352
2582
902
2644
2126
2659
1832
410
588
798
2715
2143
1358
820
2279
1358
640
2116
1678
2466
588
924
2141
1985
2112
2246
2330
2332
2074
1052
1004
2507
224
1078
2112
2145
2197
354
2265
2107
718
2498
778
444
530
2712
1632
1384
2563
42
2225
2553
1980
844
2099
46
870
994
1126
2106
2497
684
1380
96
2476
1895
328
2534
1960
1192
2522
2224
504
2290
716
416
2048
2776
2003
854
44
2214
2019
1700
1226
516
276
1532
2318
1192
1118
2054
1586
2492
1456
272
60
2219
74
258
2190
1576
2476
2085
1430
1674
2208
2007
1154
920
2288
2468
1230
6
2112
548
2340
12
2460
184
2202
2121
2190
168
458
2128
540
1332
2515
1474
240
930
532
2006
534
2060
392
2852
2282
2028
2190
2261
2106
2517
2132
1358
1744
2549
2910
2094
2492
2435
664
1066
2046
2348
180
796
2098
490
64
8
1196
2157
2171
2227
2781
666
938
1694
2274
1080
234
870
2245
704
306
2128
2706
1654
702
1414
232
750
506
534
1834
734
2300
364
814
64
2204
1272
2446
1806
1690
2179
666
140
1738
2761
2247
398
294
500
2573
1552
202
280
278
2672
232
2082
612
1286
896
2064
532
138
334
232
1983
1040
862
1100
2153
1036
2247
2535
76
82
1964
2158
2594
2382
174
2339
208
498
1778
82
110
2263
1720
2092
248
676
2553
2210
2148
2613
2941
300
106
686
2590
1086
1528
404
988
776
368
740
786
1414
1630
1050
630
36
388
1236
2586
1612
880
2254
2075
8
142
328
1386
1218
920
1530
420
1554
1332
2008
248
1068
2420
344
916
2590
544
168
1024
2115
1881
2448
2451
2198
2204
2416
518
672
1892
2290
660
528
116
1760
18
1258
2369
370
1992
860
602
520
1812
1612
1560
1670
1402
104
144
2138
496
922
2541
258
1983
2387
320
2046
990
2284
2314
2146
2184
772
2326
514
2311
1554
140
278
352
2027
878
430
2498
2065
704
2252
1110
622
428
512
1700
966
2253
96
1928
760
2210
2182
2322
988
120
1250
2400
330
1854
838
1859
1180
1906
850
776
1036
2166
2011
1394
1896
2293
1270
2198
756
746
916
108
2508
1130
1484
1948
2641
6
450
2339
602
2238
2528
1866
1196
774
282
2326
1536
1950
474
840
878
2058
876
326
292
1839
2249
116
1076
2136
2420
348
1202
414
2706
388
1016
1582
86
904
2498
2792
2122
2034
708
322
926
856
1985
2406
1210
188
2018
1428
266
698
1518
1916
532
1004
2402
1342
82
2217
482
254
2147
1941
2392
1864
2135
402
2533
2347
208
114
2245
2682
1284
2015
620
2296
300
240
686
348
1642
2408
2153
1507
1396
596
362
1730
1202
364
440
1038
312
2288
174
2612
218
202
452
1874
2392
2322
1146
382
1312
314
410
722
526
846
2459
1172
2572
770
444
2260
1772
430
1262
1200
762
1470
126
1932
1692
1584
1790
1686
2219
560
2119
284
2203
880
36
734
2338
1929
2024
98
1584
1508
318
1891
2093
752
1984
224
904
1430
212
638
424
634
2256
1778
486
1004
230
2305
2292
160
1304
372
96
120
1686
1828
188
50
1156
130
64
2363
1930
664
276
2251
2173
1194
1268
2428
1160
1704
2593
2263
2209
564
782
356
2254
2419
1946
2771
1242
144
1799
1672
1857
756
680
436
2024
1018
2444
2374
996
2242
314
1154
1526
1642
354
1482
854
2548
1014
2046
1884
2583
2314
396
62
66
2249
2111
758
1172
930
1172
1815
1615
1964
580
1722
2631
1398
104
2478
1628
2564
1532
584
992
460
300
2507
1626
78
2657
2042
984
2298
44
144
560
598
2436
2378
548
1676
1292
128
2326
2256
2740
928
178
1888
260
1258
1322
2117
124
710
444
516
834
1310
172
2276
2331
290
550
306
2361
2494
76
398
428
2581
2444
2701
244
2357
2216
1702
2286
2108
2563
2040
1932
108
858
2559
166
132
376
1856
1991
90
2178
144
2672
2180
46
1936
2243
2324
160
774
264
2030
1164
2692
172
1814
2270
1210
1952
1750
1590
322
768
160
1821
436
906
144
1096
74
162
2
2082
1814
2116
930
210
42
958
2538
14
134
1992
2274
1260
2414
176
790
2130
494
1124
1580
1518
2458
182
2111
622
2578
1846
1666
756
2443
2441
368
1078
2484
378
2141
20
1794
2240
2352
2160
2333
58
2141
2255
2228
690
1376
2438
248
160
2023
2415
2056
1330
926
1244
82
2741
2186
2323
548
2138
2034
116
244
2785
338
2047
2371
200
2310
2504
814
838
368
1806
524
1888
2334
1878
1742
2233
936
2342
1406
542
754
72
50
966
2241
2532
200
308
2541
744
384
1264
134
26
2521
1306
1252
2253
848
866
2285
2343
1142
1824
1761
2266
88
2824
1024
206
1982
1452
106
1124
1424
1982
1856
716
2452
1490
1416
1775
2060
908
2502
2290
2303
1928
2567
198
1978
2524
126
90
360
1456
2506
550
1878
268
732
970
2099
2319
2056
1394
1770
554
68
742
2113
1226
1812
860
2553
88
74
784
2738
2346
1632
1992
2072
790
220
102
318
1974
486
2333
2036
1728
1052
2621
2457
1590
2599
1946
1302
930
532
188
838
882
2651
2025
2013
2289
1646
2266
504
964
78
686
530
828
2648
800
842
1160
268
1296
2009
2621
2257
2150
1120
1066
1112
2326
1460
288
2112
774
1384
1124
2036
1182
1872
1102
1650
106
520
2101
4
162
220
1817
748
842
2052
1882
2265
136
1100
2355
614
1574
782
1160
78
1042
1016
238
2364
994
452
314
2255
130
1148
2432
2492
2440
1054
180
96
418
14
404
546
2668
1494
2416
568
520
2606
2142
1198
1220
312
1254
258
1662
2615
242
244
1858
2162
730
16
824
1028
1200
1160
1124
2262
2439
424
1510
1204
122
678
690
1526
542
2658
1266
2144
390
2046
1938
1174
2386
2071
1909
2568
172
232
2059
10
496
2011
334
2605
450
2317
1652
244
382
158
672
940
1290
2442
2023
2261
966
746
1340
2210
1228
64
292
2597
412
134
2299
2299
730
2436
1508
730
2032
136
2763
1867
2484
1426
2070
1928
2241
2763
152
1032
2348
292
2072
216
2050
1812
1934
576
1466
2420
216
2730
1344
1860
380
2354
828
80
1198
72
1134
2314
80
52
2204
2234
472
2195
1390
2367
958
2644
2076
954
1364
990
2458
118
136
524
948
2098
2018
2356
2290
2186
1426
2529
262
1518
352
910
2682
368
2393
330
2099
52
2334
1326
2037
194
358
2336
190
740
2657
2082
1584
2236
2125
2416
1797
1242
2303
150
1995
2254
774
1292
2020
584
1540
776
1470
144
1350
412
276
550
1788
1992
514
686
1956
1656
1764
1016
1951
2015
374
728
2340
2094
758
2622
2686
1080
1862
676
1568
2557
1388
2250
1152
1970
2227
1954
1236
2330
2156
2276
2228
1674
290
2531
6
42
1444
2005
1634
2665
2033
388
2226
238
2517
3008
18
2017
2209
2466
320
2222
1941
1010
688
1486
1426
840
586
764
32
476
794
74
2052
1620
358
650
1040
100
754
358
2452
1372
2319
1128
290
840
574
2464
188
1356
1642
534
62
36
1894
1644
1824
2307
1370
1601
1176
1056
648
694
606
784
1730
1786
6
2202
552
88
2044
286
704
552
2684
14
680
992
54
930
2369
1594
876
1046
1466
1500
2512
1472
684
82
1220
230
2214
2775
726
2055
456
1646
1388
1314
156
128
1168
1278
1716
322
1622
2623
182
1758
126
2480
184
1176
58
2530
1830
368
898
1262
1468
92
2509
1232
1838
1858
2295
2395
1996
642
940
1236
144
1712
626
2311
146
1802
972
1254
2052
1388
354
2148
2572
2494
2287
1866
1060
308
2408
2116
1290
764
354
2
70
980
226
2282
2770
2469
1990
2770
2308
2042
60
514
172
814
2711
1016
2459
322
962
544
390
592
2223
1380
16
1038
492
134
682
886
1544
2597
160
972
256
476
1772
1788
376
214
2313
696
2340
2216
640
1442
1730
1817
2210
308
2516
882
714
302
1064
2391
234
1328
1732
142
160
2200
24
458
2410
1818
508
2396
1986
2147
534
1989
750
2257
14
2046
1804
476
962
28
2288
2157
1326
686
2248
2826
2213
2570
1188
1504
614
2156
1702
2447
268
1510
146
2551
368
1312
2507
36
512
198
928
718
2038
2462
34
2006
1094
2218
2547
1776
852
848
678
288
198
2415
912
766
1436
2661
28
2238
2575
1683
552
678
2245
1706
1604
2264
958
120
2288
410
2040
526
1154
2114
1924
72
2230
904
2304
2192
472
1028
2
2599
1162
2247
162
812
360
2082
882
1838
880
2136
2207
676
378
1913
2124
2380
1382
882
2220
2155
2160
3008
2279
522
176
2313
528
1682
24
2364
2378
2199
42
602
2567
1324
2653
1120
2286
476
1668
1564
2270
230
2085
764
1508
1908
878
116
2499
298
1716
2197
1504
2472
1410
1940
1286
2430
1098
696
1074
2595
2186
2430
2672
1550
2590
192
130
1700
2510
776
2415
1658
826
2233
634
2311
774
1054
2015
1440
1910
1120
2253
2310
94
2413
550
1700
180
2163
2531
2436
2849
2296
288
846
1612
122
234
1272
1014
306
2154
718
1480
2328
1308
2428
2111
752
564
146
426
1971
758
782
458
2581
108
730
2666
1998
552
2118
2110
2142
1068
896
1911
1592
420
1656
1688
1744
64
2213
2230
660
1792
926
2194
334
798
1582
1928
1584
118
2104
2221
1378
1996
754
2369
2032
2253
998
2025
2476
160
698
1726
1464
2038
2103
1658
464
2723
778
106
2865
6
296
722
2404
686
410
2285
2220
1530
782
614
1444
2495
720
366
2136
418
2176
500
350
1824
1386
1958
436
22
1548
770
1784
2134
628
2018
472
2376
2687
1150
1616
2292
1936
1516
232
638
2107
628
2321
230
246
1016
884
2374
646
2182
2104
1298
446
400
2143
1110
2451
2465
2580
1628
2425
1942
572
1166
1880
946
1478
608
2186
1286
114
2395
2323
212
1546
2327
1176
1000
2227
1736
1138
2218
646
2281
84
622
88
2398
1754
502
1372
1984
2251
2024
588
426
172
530
2641
548
1354
1066
660
148
2501
1388
1540
1668
414
2170
2629
606
758
398
1048
2266
2216
2313
1636
858
608
1054
2299
2044
1821
886
658
2264
1820
36
900
526
2530
306
2081
1496
382
2178
246
2010
2276
2241
1580
2058
2894
408
1046
1100
418
630
2518
638
1240
242
592
1440
640
2056
1768
2428
2264
1112
2175
2168
884
2470
2524
2326
2196
1779
406
2672
1112
2386
424
176
2723
2364
946
1062
1226
362
2431
1864
2350
2790
956
2107
1114
2577
2368
2775
2662
224
444
650
302
760
998
2019
1284
554
774
1634
2141
2280
1138
2088
2277
1542
2387
2322
2602
920
1246
2305
1478
2279
2321
1096
784
2574
2232
432
322
154
2215
660
2378
2138
370
110
2132
2338
156
1090
2274
910
334
1960
608
1538
984
20
1404
2306
2555
2524
64
420
2337
906
2368
2608
1314
2393
752
152
2598
860
1780
1274
330
2184
594
564
868
1552
2373
26
2091
1651
124
1382
968
2531
830
388
2186
1332
218
598
1978
2248
2310
1316
398
1770
2345
872
110
2369
528
2174
610
1660
562
90
1792
1896
1945
1884
224
96
24
742
2523
1876
438
446
80
500
1014
1655
2561
388
2235
526
788
2427
1688
212
1620
52
298
2294
1946
1841
1496
1574
576
110
2104
1490
1418
1452
1252
736
1888
1962
730
962
956
1536
84
2662
338
2682
952
276
1230
784
2201
116
1442
2395
250
1952
1690
746
2507
380
2376
1730
2347
1100
872
1556
320
2396
2311
2110
360
1176
2596
1412
1468
1522
1440
2720
1646
2245
2663
136
1702
190
288
702
1492
1146
1652
2520
1358
1438
1656
420
814
1400
2603
1182
2130
354
702
2328
2746
22
2485
1104
36
2525
1222
1924
1578
620
218
190
10
86
522
1090
1830
1336
140
344
928
150
2392
1236
868
2444
2159
2766
2100
2213
2126
1498
946
1848
2250
1488
1550
2038
924
80
312
2354
2478
2450
674
248
172
690
1204
2488
2376
58
1252
150
2340
512
2031
2323
42
2182
564
2346
2489
2704
4
2377
2344
356
374
2161
1546
456
2212
200
2688
2127
204
2225
1176
2252
368
872
2236
2630
54
2322
1786
56
1562
2509
98
902
2757
630
894
2131
426
1484
2720
2456
62
170
332
1883
1939
1822
2449
340
628
118
998
1422
96
1392
1440
1858
2387
544
1080
750
578
40
458
520
822
2711
2304
500
1750
1048
516
804
1812
400
814
752
2241
1750
2060
404
1172
622
588
2442
752
1896
1558
2416
772
1424
476
326
1372
494
534
2002
1128
142
188
2060
362
482
98
1308
20
2601
1034
2664
2332
160
972
174
1034
310
2095
706
1308
316
650
1844
1762
840
2579
2324
2265
1778
2579
882
762
1910
576
422
214
394
2148
42
2269
1724
2499
308
1840
1885
2402
1644
2630
170
116
508
1172
906
216
2386
1558
2329
614
154
2164
28
354
608
304
566
26
114
334
1476
1218
1154
2348
888
1056
944
120
1010
2210
1148
2428
746
2184
2038
1380
1860
6
2206
996
142
1432
524
490
1188
1074
994
82
652
2036
962
2380
248
1800
1174
1566
1038
1976
702
2516
1738
2242
1818
636
876
818
184
2268
732
908
2348
2586
420
350
2072
2182
948
2200
876
2443
2670
550
1168
2326
1951
2675
1310
2421
826
114
698
2246
2315
2285
2384
458
944
2427
2212
160
498
1226
926
1006
368
2774
2483
470
714
2227
752
180
632
226
2295
102
1664
1416
466
590
514
812
726
2407
16
1018
2649
134
2694
2577
518
758
50
1938
1890
1554
596
1976
562
1456
784
1971
494
2225
170
2526
2153
1646
494
318
944
2154
2478
356
192
1206
728
2310
230
1046
2297
1248
1290
2201
2232
410
572
94
2372
1168
1888
616
2267
984
2228
652
1756
2348
1274
1416
200
542
2271
858
1904
1894
588
1828
214
1768
2695
612
18
2194
1172
2198
1534
1668
504
2008
146
2770
2484
2353
592
938
1763
1438
118
168
1980
208
230
956
1726
94
18
2349
2173
3064
1056
260
1946
1630
222
248
2369
2391
432
2588
1820
2032
794
520
2599
2264
420
466
1986
2275
2341
306
2174
178
2394
2314
2364
2289
2360
698
808
1652
782
1186
2138
1692
2534
2527
26
1940
2178
2545
320
354
462
2354
202
2195
2262
624
2211
1024
2028
672
44
244
1506
2443
950
1804
2734
1222
24
742
1066
2044
750
846
188
222
104
806
292
262
1150
2354
756
1990
1858
2272
48
2032
2343
712
916
1188
198
672
1102
182
1969
560
540
2449
1554
142
424
378
2130
2321
1640
354
730
1426
1064
2310
1944
1314
900
126
472
2078
752
2072
1350
424
2152
2572
2724
2291
568
2088
2319
2516
416
536
1532
812
1218
898
1844
452
84
1088
1054
2511
502
1126
498
2351
898
1114
486
1138
2510
394
2283
610
1110
38
974
1932
134
398
68
1222
2554
238
50
1934
1862
1334
2401
644
1250
1378
2587
1224
2638
382
1352
244
1344
2425
2007
126
688
1905
2084
2080
2215
2262
1198
704
464
756
1084
2667
1170
366
102
1320
2643
1728
2660
1320
452
2610
2080
2638
204
1862
560
430
1998
1396
2600
958
888
1736
1832
478
312
140
18
878
2775
656
32
1240
730
2708
1538
2543
1670
2004
2112
764
2206
2415
2527
1782
908
2018
2479
1378
4
1126
2139
1194
1072
898
1578
212
1936
2021
360
1442
1450
24
58
2186
1846
1904
2315
2247
2052
1026
340
2086
1070
2312
510
16
670
1890
2296
8
1052
582
2344
816
2302
610
762
728
2293
1306
1168
410
2490
1678
2311
1312
416
1038
2580
2369
1442
96
2384
2640
2267
2126
2346
736
76
2186
472
522
2155
48
2191
2156
2436
2587
550
56
2336
1116
464
1638
1024
98
1356
1956
1494
1128
76
604
798
1704
2408
2440
2199
736
1858
2243
482
2729
2441
2076
2450
1294
1088
142
2092
1464
1230
1564
50
1060
462
2148
2428
2496
2418
1364
928
1983
2132
2518
2615
1340
2344
2468
92
2276
906
234
1236
2480
980
434
998
2260
548
2298
1566
2368
1460
1008
2383
2194
390
2384
2295
2288
574
152
1032
2249
684
1666
2424
1272
2574
866
1436
1592
2098
790
104
66
2350
2023
1770
2063
2267
696
708
2150
856
2121
2258
722
720
2213
2517
2639
228
270
1322
578
760
1842
94
1300
2489
1240
262
564
100
2020
1686
1062
2383
1422
2523
2354
416
1958
2383
616
82
1630
222
388
190
540
506
2290
1086
2094
184
82
2090
420
1466
1632
638
626
2697
2
1950
320
2274
2276
2815
1666
2725
1624
290
2048
1146
1522
1218
2141
2368
52
1542
764
2646
1929
2643
2458
2004
578
766
1672
1674
2180
828
2461
466
2560
2377
2443
88
624
1959
2184
990
2127
2310
10
886
1496
2033
458
750
670
952
2361
1402
2481
2198
112
2400
854
1550
2602
1826
232
2382
2486
1956
1732
2322
2504
1902
36
2193
2848
2330
2232
1060
2588
2242
2342
1508
200
1432
2647
2022
1692
300
544
734
2012
2419
2410
126
548
1406
450
146
384
2620
984
1132
612
472
2650
2085
514
1854
2614
2288
1546
2016
1056
102
2640
180
1562
1658
544
1288
1633
2533
84
2312
2289
2187
1654
904
438
20
2638
1354
2429
796
1546
2447
1506
1791
2314
594
238
752
574
2403
102
718
2483
2464
2371
168
308
1016
1530
2500
536
1168
294
16
26
1446
632
622
1194
836
2218
2619
2149
1500
362
444
1852
2183
670
2241
2518
1518
1390
680
626
594
22
4
2227
136
396
2608
782
82
856
2196
210
2753
840
874
1827
28
170
1054
2471
2408
232
902
1066
1282
1680
2490
1846
1016
2424
24
2010
778
1042
596
1930
2500
730
2544
578
1038
884
1012
344
2514
2694
2367
2306
804
1302
2586
372
1038
918
398
2533
174
2344
2678
256
1742
232
2329
1822
2622
306
1434
1530
2368
1352
1906
1504
2279
2205
2763
2530
2253
2092
1442
1584
2375
1210
418
1234
2299
1052
1672
2410
262
852
2233
2550
134
616
2253
1716
2668
2197
1602
2282
358
1765
2064
818
408
2492
104
18
1962
618
1282
150
184
366
1478
766
2148
340
2444
826
2446
1943
2331
1148
2186
492
388
1278
1132
610
1756
1404
554
756
2551
470
1160
58
504
1880
82
1388
206
950
1080
1418
866
2122
2526
1894
568
582
2630
242
894
1927
816
1897
70
1176
224
1628
984
2359
2152
2182
2243
170
578
2094
796
2291
1334
2714
2774
2086
2375
308
2196
1058
1068
814
2297
740
2292
954
2358
1464
2541
632
2399
796
576
2660
1806
1906
1886
1264
468
2202
2307
2013
2638
914
2010
342
2016
696
2472
1540
1786
2438
650
1560
140
2185
1686
2248
2542
2328
1198
428
2486
1386
38
850
914
40
1592
774
1826
758
1260
1160
868
1158
2278
710
2149
2342
1939
104
1656
2395
102
506
428
2260
1166
2275
868
2360
908
1604
946
276
1334
60
162
2049
192
286
22
424
2
718
2434
2566
670
92
1296
358
34
18
2660
118
844
982
192
1646
2154
1970
308
456
2597
2024
250
670
504
1802
1018
2374
1220
2008
918
380
2617
924
2152
2022
296
1446
2020
158
882
372
2504
528
30
264
2037
2444
630
1436
2766
78
72
2238
1862
1158
1386
2615
2076
2223
866
180
2246
30
700
2384
2173
2363
2187
3462
1620
2373
308
202
1686
924
274
434
2736
608
2262
690
344
2182
14
2184
2242
1834
1268
2065
304
1614
178
1194
522
722
2531
1238
2149
284
1162
2111
2681
1352
1831
326
1358
656
2502
584
912
434
286
2074
146
954
2341
1326
1318
912
1514
2254
2496
2253
1474
10
1802
2324
398
426
2546
2255
576
500
2777
2668
2647
410
920
1794
1626
1132
148
136
2273
2428
2258
28
442
400
358
1872
2302
2154
2069
1306
2160
1086
1876
184
3037
2464
2436
1998
2759
2058
1362
140
1398
2225
182
2096
1830
2105
466
2220
188
10
2435
346
1656
1012
2334
986
846
848
2360
1244
1230
354
890
870
1812
198
2276
674
874
2493
1016
64
454
150
2538
2608
2072
2478
142
414
426
410
1726
94
2332
330
1336
16
1818
66
1094
1840
1938
2378
1312
2228
926
2313
1771
228
2623
2598
674
2379
2294
198
2440
316
2630
1256
58
728
776
4
770
1704
1478
2493
1860
246
1848
2619
1751
2285
2728
1594
2298
2600
2430
22
400
2236
22
1132
1440
870
2413
746
530
2130
1456
1742
2065
236
108
1052
2676
910
2517
1838
464
2394
464
2211
750
94
2222
2584
1878
1188
402
2451
2298
156
682
1908
420
758
2379
1586
16
2490
400
390
2125
626
2151
1805
342
2541
296
848
562
1540
22
304
456
1298
1370
1216
2260
1588
2342
2325
2418
2131
2141
656
892
824
380
476
682
52
2066
244
162
702
1434
4596
2376
596
888
164
700
1790
2153
1076
1162
2315
734
2274
2575
1374
1214
2358
2205
360
1846
874
654
2289
1642
964
1288
1056
1188
2272
2667
1516
504
694
1110
1074
42
1756
924
2274
2803
408
64
970
1452
2781
2336
2602
776
2638
382
2683
2291
2414
2278
2221
2271
2136
1866
254
2098
202
1100
2446
1342
2088
2431
864
1218
2679
2203
2502
1616
2289
1792
2605
568
416
2287
126
2305
2365
740
770
1032
2631
2438
1596
2054
784
2143
422
224
2602
2784
968
2461
2304
10
1124
132
2268
48
1718
2275
406
1626
1660
1942
1997
1234
270
446
1432
940
506
186
2348
1006
2107
2324
2531
1344
2409
2293
350
2138
2488
650
250
2118
902
1462
122
2171
2128
1392
30
1586
2121
376
354
902
278
1018
2257
832
244
2630
1444
1028
848
2348
38
150
660
2397
2555
972
1134
866
594
2034
1744
226
676
2861
1480
1500
1967
2351
1088
2110
448
1446
554
2152
780
1966
914
2361
1438
220
1907
1100
2278
1244
2128
2392
2386
182
1670
2428
1280
2033
2241
1796
186
876
48
2182
2416
1878
2088
1952
1082
1212
2281
1406
192
2448
1862
2068
2315
2287
278
2358
876
1282
46
2120
390
432
364
60
452
2470
2432
6
158
636
2338
2318
2483
282
2370
1468
506
424
1108
548
80
576
14
530
88
688
1168
1476
674
2251
2196
126
136
964
1232
668
12
2334
1318
2148
2218
1348
2116
34
2296
2332
2212
1424
32
214
2394
578
190
1939
788
586
638
518
722
292
1626
2524
918
2382
2039
162
2182
452
1138
930
1648
1442
2271
2140
1526
2301
164
2616
2237
1646
592
158
810
1818
632
2748
1406
2225
2426
2377
914
1006
146
370
2604
220
1982
608
2122
2064
2099
1886
620
158
2067
768
2536
2098
1426
1718
722
2442
166
1310
154
1106
1452
1978
2
544
2298
68
2555
1026
184
576
1026
558
138
178
1538
2051
312
2305
1948
2263
2344
2136
628
412
70
2045
2412
224
72
1614
2046
1492
714
582
6
1765
3243
1934
2138
702
626
120
2408
1798
2318
902
368
744
2644
1408
2010
2064
1620
1316
2453
2480
1616
552
1104
2276
2172
1138
774
2441
752
2440
492
2324
2470
218
558
2327
1576
1874
324
2100
708
2281
2392
1814
400
2146
550
1624
614
2305
1360
1903
146
2505
1772
2435
1776
1894
180
2376
840
2633
956
846
2557
2445
2014
1328
858
874
2546
2426
266
98
2260
2383
386
720
1466
2338
698
22
2526
738
248
2747
2443
1530
2450
2035
2207
262
746
2276
2166
1889
708
230
1210
604
2161
2215
2367
2448
2096
1450
1666
2044
2206
632
2715
644
1672
860
2497
2308
1210
2176
1254
2294
2038
1988
2157
2329
2401
1030
874
2453
950
1444
1736
1364
1900
684
1936
2370
212
516
366
1318
2418
300
2274
192
2280
2384
328
692
1658
2222
2336
102
1052
824
410
1236
3134
1484
1929
2391
2661
1914
2554
150
634
36
354
2180
2575
1200
2502
576
218
10
1584
252
1778
2412
2092
2
126
2457
1987
2326
1971
584
2435
1024
1016
184
1064
652
878
1504
2070
2019
1742
582
2671
2023
2386
20
886
948
250
1306
2148
1914
2254
1690
2284
544
1654
744
2143
350
1268
2508
2326
2006
2784
574
1436
2244
1764
168
556
1686
1022
1980
2465
1946
2356
2068
34
2403
174
96
2583
2000
1238
1162
190
1282
394
2043
272
22
2515
1090
786
1276
2377
494
68
2260
1542
936
2155
1058
30
274
2373
2655
2674
870
2299
2502
2081
2558
2481
2206
2322
146
2177
440
508
764
1136
144
1952
70
1714
2287
970
30
236
2133
1222
74
560
1922
2056
36
1468
2352
2032
1442
280
1050
2109
2029
1196
1612
718
2132
2530
1942
2346
988
1136
212
1852
2170
626
2022
2005
2518
2348
522
1522
274
26
1124
2661
806
2334
120
2421
1012
1890
1324
592
2228
1824
2385
80
2218
990
2054
78
826
2434
418
2461
1206
12
442
2164
1968
882
2387
2096
2093
402
1408
368
2105
1764
2608
838
2054
578
2218
2216
2726
154
924
1294
2031
2315
1374
712
2314
1110
2262
720
1252
1178
54
2120
1498
2388
2
820
28
716
146
920
2365
234
1734
746
452
270
774
94
74
374
1850
692
1941
2107
1682
462
866
1804
778
1798
138
240
2442
782
2217
1954
1602
268
774
1708
1050
1914
2277
2310
2694
1528
178
1486
756
2053
1938
1510
2611
2345
2621
458
1828
2590
1840
2098
888
2480
2118
2126
658
2317
414
496
2376
80
2229
2514
2660
2419
420
398
640
1836
2849
2448
272
900
2673
328
1254
1184
1178
2290
334
2566
288
2080
1916
580
2163
2390
782
1186
2501
922
2386
388
864
748
1987
68
1642
2223
1056
138
396
2380
2070
518
1626
2533
1534
4
94
550
2112
2850
1374
188
2283
1738
1092
938
2510
908
914
1354
74
584
2074
1278
586
134
2040
2223
2572
2254
1296
2527
2143
542
892
1774
286
1599
2301
2650
2180
58
2436
728
1216
2314
278
2084
1402
2198
2471
358
2350
418
2135
2386
2282
876
2271
2458
1078
2056
630
2494
2554
1482
2839
1776
622
234
938
326
192
898
638
1218
2260
2614
1416
38
2458
1194
484
642
102
578
1236
418
2066
2373
2586
1426
1146
724
72
1764
408
794
2393
856
442
1932
792
256
688
2480
1152
2111
2222
2289
418
836
252
294
2261
1466
2093
372
2652
734
2242
334
2032
230
2205
1280
1012
506
2416
204
2245
804
776
24
884
218
422
1963
2121
264
1312
448
2245
2506
792
2042
1412
1992
242
2087
1188
574
386
1312
1334
654
436
2767
224
2164
110
2147
494
1683
114
1038
676
962
2568
1404
1510
2188
364
1106
406
2217
172
922
2766
1236
830
340
1526
1494
2168
1204
28
2524
2334
1996
1700
166
830
1074
90
328
1658
540
212
2290
1664
922
2383
2607
86
1254
958
2300
2438
2461
2273
128
2221
294
780
1542
2192
754
620
1788
1936
944
2421
1160
456
138
268
2498
1208
90
658
2564
1004
2085
534
810
1544
2482
790
68
766
756
14
532
260
2572
2326
1026
2671
1764
160
1108
1442
2228
312
1174
2459
2078
564
534
2682
2155
328
2415
1200
598
2266
646
2767
782
908
1202
838
1848
1334
928
2325
20
126
1328
2445
2458
2715
2090
294
44
1536
752
2490
1806
2240
1174
1354
2111
1742
944
1338
1720
2501
152
2257
1110
1721
302
1276
20
1054
2449
2194
2114
1350
2511
428
2421
1298
2328
1838
816
2386
2129
462
680
326
16
1216
1202
226
1418
760
114
110
1826
2089
1572
30
1706
2083
2230
36
1856
182
256
2117
588
890
2379
2727
184
286
1914
8
608
2284
1666
2412
2081
2199
496
2357
2058
864
982
1478
1276
964
2120
534
2096
2241
46
2575
2206
856
312
2
186
2371
1920
1544
2574
1264
488
1006
1987
340
2673
190
1488
256
940
838
1238
2246
2429
2539
566
66
2114
1520
2320
1576
2003
1028
84
194
2200
654
2368
2285
132
2710
734
2120
2496
466
2620
2000
428
394
2420
166
1650
412
2508
2038
1336
740
668
2499
726
730
1174
2333
2119
446
1644
2552
2304
104
1904
2253
90
698
1800
1088
1908
2126
1266
406
962
88
1580
1652
416
1180
1788
2488
1110
2584
6
400
2071
2440
1062
374
1274
552
2025
2183
1482
860
1038
846
2180
1090
644
982
1366
2056
904
2760
592
858
608
2183
1404
2362
2193
254
444
2267
1436
1630
760
2015
202
508
60
1740
1436
2797
938
1042
2371
806
1230
2538
1344
1516
2218
40
2574
370
2431
792
2280
1470
544
976
2508
2418
2616
586
2556
2373
248
1882
398
1160
152
98
2204
1744
932
2003
668
358
206
2028
2321
1110
1558
1010
550
316
440
404
2208
2218
640
380
1920
2265
190
2412
874
1962
1818
912
50
2271
118
370
2381
1632
168
1642
2255
116
148
738
1152
1804
638
2250
1392
1550
802
2164
224
70
236
180
2238
1666
778
2347
486
1798
2290
306
2323
1504
388
618
1990
946
518
100
760
1872
1758
1958
2220
104
2594
2480
2150
2252
344
1920
34
2406
1038
408
2448
134
2405
850
2787
1038
242
2082
418
1736
2543
2562
2171
580
2572
1594
200
288
2250
2924
714
170
836
2469
676
956
798
958
2489
424
398
1742
2086
2620
1968
2484
1038
982
1016
242
76
760
812
1136
124
166
2300
2185
1236
2400
2091
2409
842
1640
1008
702
1762
630
666
966
1014
2406
378
658
2718
2291
2054
34
676
2398
234
2672
522
1122
2294
904
2324
146
1460
1946
2324
1611
200
144
2358
1148
232
1018
1646
1418
16
156
1216
1638
2102
2563
1606
760
436
2466
84
2244
1964
2061
1726
2133
2393
1426
730
2369
1362
1380
106
1832
2293
1830
2280
2524
2559
1788
1872
1476
2391
48
2306
2577
2609
2765
2376
1144
32
244
828
2079
2719
498
162
2235
1146
2094
1276
1992
2462
1957
42
1178
2463
1784
2094
2200
1826
1782
2162
760
230
684
400
1828
2272
1304
400
2578
1969
770
2245
1981
2189
1896
214
110
2699
2285
2080
332
660
2358
510
2023
138
2113
2202
974
2160
2417
2163
1282
2102
728
36
1900
1776
624
1870
1714
2527
2329
1146
1530
2144
2
2
2199
1888
1960
2453
276
800
2583
1816
144
2076
340
1960
92
2427
1168
1824
1120
1740
2580
200
2390
1308
286
2117
618
1440
1977
154
1588
2014
1294
150
524
14
2397
214
1876
768
2042
2189
1808
62
2494
20
246
2212
2148
1840
1774
2417
2570
968
2150
2520
2309
2252
2372
1340
58
1766
934
1284
932
1964
2289
2188
2437
2619
1390
306
2240
1910
1002
2490
2638
508
790
2108
2315
2428
88
2219
972
418
2187
1806
14
418
818
108
300
178
630
2022
360
1464
592
154
850
1182
1974
478
2242
826
2612
288
1964
1334
2479
924
1764
158
2629
2026
132
124
512
2292
1402
2613
2380
1908
2525
2418
742
150
2292
2324
2248
1842
764
566
560
314
500
1078
1050
2275
2368
528
1720
990
320
2434
998
2152
964
2445
758
2659
2295
2314
1586
2378
2307
1130
1396
1600
538
100
820
1616
100
1502
732
2182
130
2563
2437
2402
2330
2534
1456
710
2043
2039
1526
2670
2078
2788
1270
330
1628
2334
554
594
954
2442
2581
826
838
2616
1072
2428
910
568
816
2348
2745
560
2102
1932
2639
2351
180
1102
70
714
2470
1076
1402
1266
1862
2450
648
238
2547
524
470
2192
30
1464
2794
1158
2400
584
2017
2676
2443
2177
2554
1330
182
2018
2408
2624
2052
246
2447
2339
2002
2818
1320
1612
892
852
1944
1933
2417
36
1190
316
1112
2251
630
640
120
172
2775
430
968
1636
1496
2282
714
2539
2429
446
64
36
2448
1060
1206
470
1690
1846
1040
1860
788
970
2350
1396
72
2560
2532
1936
1314
2440
322
1650
2336
2480
1949
1838
854
126
2161
1992
2129
1777
2673
76
2342
468
202
2700
1304
2307
1024
2313
2450
1156
1112
1550
488
2464
832
1808
1866
2196
1962
2475
250
1350
1699
1846
1862
1012
1796
2216
2283
2231
1458
2339
970
2598
558
1420
50
1921
140
2379
702
2194
2442
204
636
1004
2309
514
704
1800
2214
284
1976
2133
254
212
2432
2225
2411
1510
2740
1566
2141
2188
2291
2041
2533
1282
816
2438
110
442
798
1054
2132
848
310
412
2399
750
2036
564
2322
600
730
172
534
1864
1194
1242
968
980
1892
18
2428
1708
2764
1210
390
1892
1404
2437
1006
722
138
2525
1618
2505
598
710
1766
538
2257
2471
616
2144
2344
388
2142
1402
364
2159
2040
482
334
1899
1312
2124
342
1954
1630
328
480
1664
2404
1040
2638
52
528
2560
2192
632
1358
2000
150
2274
1356
1786
2661
376
1994
2270
746
2415
2
2188
2319
2437
1582
2665
1648
596
2242
456
2392
784
108
2352
2680
2014
1492
2540
744
426
1266
1998
2078
1934
298
2257
1987
2272
512
1182
2517
378
2067
1124
638
2392
456
48
210
1030
2670
386
2017
2260
86
2294
90
418
906
2490
562
248
2216
182
2346
1836
98
70
272
178
52
1668
1296
2402
1286
436
1090
282
682
1922
236
1338
2488
1930
2008
1116
2276
98
20
2168
580
1676
2617
1076
1238
1758
2294
2132
758
1808
338
1096
772
2393
2184
1748
1228
206
2394
2108
2855
2115
194
2462
1903
1334
586
48
152
488
560
442
2567
496
2299
1046
2589
2305
848
1870
216
2549
2451
218
40
2358
26
564
964
610
668
314
210
122
1404
2070
2582
2518
1062
832
778
1260
2443
1896
1494
1206
364
158
2110
2483
1050
1973
2081
2420
2377
1582
2035
104
946
1086
2756
2526
1580
2310
1762
980
1914
1584
350
702
610
2286
226
72
2274
564
2435
2157
1974
1756
1274
776
2554
32
2207
722
64
1400
772
432
310
252
2211
2454
2464
2249
130
2678
2068
790
722
2417
2028
1004
534
1950
136
2104
682
2526
1002
796
1806
1006
2421
290
476
186
2240
2213
2375
244
398
2343
530
30
748
1026
656
2469
1564
284
2503
1312
1038
726
876
906
2138
1984
1836
328
140
468
2336
2421
1869
2168
178
2451
1132
96
1162
2473
1943
1872
2425
1588
2017
1670
792
1684
594
1146
706
944
2466
1669
2325
2056
30
1388
2641
1963
1204
2080
1540
342
2541
1566
2391
2162
2338
196
1884
736
1802
2456
152
2492
936
1947
1308
632
1388
694
1978
1366
20
2382
2066
2359
1238
1620
1794
1764
2363
1648
312
128
2
876
1870
158
1754
2434
1796
1164
1776
4
86
2086
1695
2451
2503
872
2345
2270
1746
2290
2757
2188
2574
2664
2051
1852
1202
2164
2335
1222
922
1264
922
2337
1873
268
38
1982
2032
1424
2135
464
2228
2502
4
268
1532
2364
1916
2543
402
848
560
2635
10
2467
2441
2128
796
1400
1030
2316
2323
1980
1936
80
1940
186
48
2288
2603
274
346
590
2376
132
1310
1224
148
2277
926
2
296
1012
1228
1278
2267
2292
2183
926
514
2
1865
1308
882
990
1874
192
196
454
2546
916
2054
344
2258
1236
2676
168
744
1098
2311
2478
306
2668
492
942
2406
960
2552
764
1886
1344
1848
1160
18
468
1000
1934
1684
1742
1448
420
1408
160
766
562
1755
614
216
764
1682
2648
918
226
356
1074
2355
796
2528
664
1510
2099
2152
2183
1734
492
2954
2343
2046
2209
2597
502
2575
510
448
916
2481
436
158
2589
1278
632
2186
2232
1020
146
996
520
8
864
2613
1981
2079
1186
980
2414
122
2238
2723
2260
48
2329
1468
2561
1346
2557
2400
2273
2242
32
2046
1890
180
544
1790
1991
2606
734
834
2265
178
1052
90
2563
760
2063
552
128
806
1082
982
308
250
2488
884
2474
2044
2474
2519
2
178
2420
1936
894
1655
2484
1044
756
2527
2143
602
2441
286
26
1456
560
716
414
2006
598
802
1472
648
846
750
2599
2193
712
1352
1848
312
2119
590
2431
1901
2414
1758
2485
2612
566
680
2736
564
170
1020
2420
112
2254
2336
954
2294
1930
160
2395
214
1114
1574
2068
2380
1424
1034
1548
2128
2334
2692
1864
740
1510
224
470
2192
1186
2217
176
1936
194
2256
646
1210
2238
554
2197
820
1418
1728
306
1494
502
448
1518
68
2567
322
2732
672
410
1980
490
212
80
2139
66
2400
1915
1076
44
2318
1974
2013
298
552
2195
1052
326
2626
514
64
732
2489
140
52
344
1652
1190
824
258
1380
428
1164
1112
542
1998
2233
372
2686
2707
1058
906
1868
1938
42
2302
1238
2108
28
1836
1860
38
2734
788
2356
2136
50
2537
96
2070
2319
1944
1574
196
1800
882
1106
2022
1384
964
2412
1786
2268
654
2600
970
2500
2135
1334
204
2208
2026
1902
376
1024
2256
1396
1932
386
728
2400
232
1688
128
1943
1264
20
1334
2665
574
2676
1772
1648
2394
1140
410
804
1620
532
1714
34
110
2346
186
102
1268
468
2016
1614
146
1488
2349
532
76
1376
1985
168
2212
206
856
2735
1302
1800
400
1352
402
2118
2437
1674
1646
252
2276
2578
1572
2418
256
2062
2124
216
2127
2120
1840
2544
578
2311
284
502
1988
2080
1652
1432
1690
1096
364
390
2560
1256
496
842
1082
194
186
566
1142
1842
2212
272
2082
2321
174
1312
2175
524
972
1712
2389
348
688
2028
1424
168
2306
1665
2279
2433
76
670
1844
2492
2497
2431
592
1626
4
2052
480
2459
380
1638
440
908
2251
768
824
948
644
2158
1941
514
2028
2642
2282
122
2618
2042
1140
2512
2585
992
2324
2910
408
704
1050
2324
2128
2391
902
2435
416
830
238
2717
128
2358
2285
350
1742
2145
572
422
2447
2030
1662
998
144
20
2189
636
2511
116
1556
2010
1472
54
126
596
2577
1974
1938
1356
126
2426
2973
1098
892
2283
482
2143
184
438
1856
588
610
1268
2322
2594
1368
936
922
558
1506
408
1858
1616
2406
262
2613
1862
2232
94
1448
1186
376
1544
456
2138
138
652
140
2
232
280
374
2154
946
2716
506
2554
2253
2276
192
1991
2431
1882
1984
2173
2035
278
2
1184
2242
552
2052
2711
2130
706
1378
1428
262
1162
2313
302
1184
350
1522
110
316
2344
278
446
514
2594
2222
174
1611
2116
1534
634
2195
1784
1062
822
2249
556
152
2284
440
1008
2254
2420
1182
326
1550
54
2259
2536
2237
2503
2263
2265
1142
1460
346
870
2032
1434
1012
928
1036
2166
2475
1813
1888
1956
1728
2388
2307
168
172
1930
1868
2102
1036
1898
2319
1518
114
202
408
1656
796
262
786
2406
296
670
518
152
1902
1542
1912
2256
1580
2281
50
990
1710
864
1704
332
2434
844
2486
1724
2433
1020
282
8
1792
322
2102
2332
2084
2162
926
2099
2218
2393
1744
428
496
2639
1030
976
2264
2266
1946
1884
78
976
2735
518
154
1060
1757
652
2098
778
2154
424
2204
2280
1284
2400
1992
2402
1904
288
830
2108
2612
810
108
1344
646
940
2255
2386
1618
636
484
454
1790
2126
892
2020
2219
1910
1222
1334
54
2277
350
2506
344
2629
436
576
452
2219
368
190
1056
2420
800
2447
894
1186
306
2315
2600
2368
518
312
2197
834
240
1504
1458
2229
284
1622
2765
2063
2451
2306
1378
1391
1014
488
190
1928
160
264
2320
2410
1476
404
568
2191
1020
810
1044
718
2185
2227
2555
488
1724
606
244
2170
1840
1436
380
1276
1868
254
928
2166
1997
532
314
2706
60
1668
2395
2618
142
1892
666
2286
2458
1982
614
398
918
2354
512
2650
2104
2351
958
292
2152
262
2071
2216
968
2221
216
840
1561
2412
790
1206
2179
108
1128
164
1924
1528
1676
1688
2111
530
2057
474
2339
550
978
272
2255
1538
2118
2330
2373
896
948
2556
2424
482
726
364
2624
2180
2397
438
1268
866
150
1346
896
864
1864
1378
254
2220
490
894
2011
1925
1178
2084
418
124
2104
2327
606
464
1442
1120
2657
2860
2100
1244
2398
1254
68
1386
420
2299
1200
704
1852
240
1420
562
1202
2290
1740
1712
2214
1220
2163
2189
128
132
1963
14
240
2298
568
878
2282
526
424
2014
1192
2336
1890
2220
2574
300
1234
304
710
2411
2317
2420
548
1108
2375
1066
1170
1210
1592
2505
2034
648
1264
992
2487
2499
1370
798
2697
760
822
422
2073
1266
2234
600
2378
198
1174
586
1018
212
714
2668
444
782
1028
2469
938
752
1320
2248
526
1158
348
1884
1462
976
1817
2295
590
540
2203
1916
2136
1152
2716
2632
1764
1806
2296
826
2505
1994
2403
2140
1624
1302
130
984
380
2454
1364
96
2220
1036
150
2133
1074
1942
1098
532
598
2407
338
894
278
348
2534
928
1753
40
876
2012
1256
352
1788
2402
2308
1032
108
1536
106
2434
2563
1106
1190
616
1686
1284
2334
2313
2297
2318
68
460
1730
2019
2428
1062
268
1340
186
2161
374
2423
536
2154
2174
192
414
4
2196
1012
970
1118
488
90
2610
2284
562
758
216
366
182
1062
272
92
136
850
2038
1460
160
190
1676
604
1784
884
332
254
926
2160
46
1884
220
38
1440
2377
2235
2519
1188
1168
748
2077
540
12
260
972
1510
890
2574
1618
2071
2012
2545
2336
1102
1318
1594
1328
1328
1056
916
1749
576
2448
2719
2248
2222
2214
2240
480
314
2218
322
1966
154
1827
2564
2494
782
2136
2350
1172
342
2211
1130
548
2379
192
266
2216
2288
2359
2554
366
144
2224
2354
2388
808
34
2111
128
330
2034
900
1216
1032
800
2216
756
306
2150
898
1682
168
134
1370
1798
798
530
1564
2168
914
856
1997
222
2323
1016
476
2190
2116
2016
148
790
1350
1400
1344
2289
724
162
2190
734
868
708
96
2098
1576
2478
2162
2309
1918
640
992
940
442
280
1906
2011
84
620
1134
2618
1548
1957
1416
1000
656
994
416
2455
524
2436
2292
2200
2204
1592
404
8
2634
2319
272
1012
508
1734
66
2372
148
2553
340
2139
1442
1172
2625
992
2776
612
1390
912
2326
1276
1906
2379
524
2184
1886
2457
2474
2250
1094
866
432
1028
1874
2250
2236
1246
2090
264
64
238
2000
330
150
2330
480
1932
1256
2229
196
268
248
112
446
486
2400
2577
2464
1730
2076
1048
1206
944
1998
214
978
706
1946
942
304
1032
530
98
1393
2500
1010
1700
10
218
2259
2576
1588
1156
2296
2215
1784
1076
2367
2098
86
1178
2608
482
2204
1088
926
1754
254
2650
1190
2180
414
2368
2453
424
1712
2236
480
188
2459
2523
856
2364
2280
2692
60
242
572
456
2206
100
2354
2370
1050
2280
48
2572
2069
2240
2308
142
1952
1526
1248
474
2369
2031
966
2228
2815
2022
2264
860
2297
2201
242
656
2243
2436
242
718
2082
554
954
654
2648
860
1888
2387
4
610
806
2389
376
2434
864
1732
1262
678
528
280
84
510
2088
1228
2262
772
2210
768
1206
2107
2255
126
236
2356
2331
2188
2355
2430
1154
1506
1048
84
2110
684
2000
2649
1286
2349
154
108
1314
2028
96
270
1102
802
1012
2520
1452
80
2198
462
2493
576
2532
1006
2060
906
402
274
640
1090
2327
2636
648
2077
336
1434
2173
2265
1508
18
2116
712
2001
72
1720
138
2062
2636
1084
708
1848
1044
326
1777
96
108
1993
818
348
2291
316
224
834
1198
2402
704
2341
2676
448
2940
114
2135
232
2589
2305
138
2860
2267
2152
2271
44
726
1322
2979
1090
1536
2138
640
1945
2366
2295
262
290
350
2582
1370
20
464
1034
2272
2284
396
470
698
138
254
674
2404
646
2494
2407
350
430
1792
998
148
22
2556
724
858
122
1464
1246
470
2360
1910
638
996
2301
402
602
2582
2353
1806
156
2398
1410
1192
2384
1700
2093
416
2388
1834
798
516
1955
1288
674
1966
1726
468
30
1790
310
574
2258
46
118
2109
2774
546
564
1462
2314
2311
2359
1136
976
1294
332
2622
1884
700
1232
742
2494
2194
834
1746
1672
114
194
1312
1662
512
1538
2321
1532
1042
202
1224
2477
2344
246
1396
2654
2359
44
2148
2249
480
416
512
1794
1516
758
2699
1666
2637
384
2489
1126
426
2174
502
250
1120
1570
2363
2066
2690
2554
484
670
68
2315
2337
686
1382
2457
448
2002
378
2459
424
864
2405
2322
326
2428
1558
332
864
702
1354
1620
1018
3134
2287
1436
218
2684
1140
2038
2509
140
770
292
2594
2554
1780
854
396
364
24
624
398
2227
1238
1090
16
644
814
2792
2022
746
240
834
376
496
1380
282
810
400
2613
1372
1750
1676
482
2199
2323
204
828
1798
1094
1624
566
1632
2011
2376
4
2448
110
304
1530
12
744
2308
1358
1100
622
2350
1938
2708
2026
1512
78
142
386
612
2254
2434
2288
1074
510
2052
2547
732
34
16
362
194
2082
1366
128
904
2231
626
720
634
1884
2338
2392
476
2685
906
462
1474
2133
512
1924
96
2716
2034
2418
2401
1504
606
1973
364
442
2263
104
750
2392
1534
2063
2493
278
928
2105
2170
1670
234
2239
1978
1202
1684
144
1296
2354
1460
714
1493
1598
2168
234
1798
90
1170
692
1062
2082
2066
2540
2482
72
1498
148
578
1838
832
220
2462
1558
2392
148
1892
918
2541
2150
244
434
2258
2570
696
1282
2572
2667
2523
290
2228
1818
1772
1889
2307
926
1026
2983
296
1786
950
1530
998
2477
1172
2032
1699
2262
128
1110
1737
2220
2242
364
912
1574
722
2568
168
1894
2302
2257
2260
728
494
960
1194
112
2458
2008
1054
528
406
88
250
2409
306
1374
2527
2219
2378
2032
1052
1726
1996
1046
2014
374
1917
520
2134
2190
2346
1800
2467
2214
530
2222
2636
352
2039
510
666
2448
2312
2493
2277
932
466
2437
1622
154
78
76
250
2531
2321
582
894
2468
2076
352
772
686
2152
700
988
516
622
470
1324
604
1770
1136
2499
1112
1478
20
466
2748
758
258
2274
682
2494
642
708
398
1426
3237
2150
2291
2295
934
1010
1900
1931
1028
1332
934
1848
842
254
2418
2572
970
156
1858
1114
1320
1236
858
966
2225
2774
380
2131
1066
250
2573
2032
2468
2051
1132
532
460
2258
960
1440
2062
34
2532
1588
370
988
1586
1995
1034
2303
2348
1516
2311
2723
2748
1738
1506
208
124
184
118
2399
1390
2171
70
958
322
2379
2124
58
2197
1124
522
558
2313
2184
658
2578
192
1070
2059
2269
2203
462
830
1846
2356
246
1906
1216
372
70
2428
696
2688
296
680
146
2311
1888
1760
708
2217
1426
728
1738
2269
2471
2222
2294
776
1602
970
2216
970
1832
1978
1632
1366
2566
476
2280
1318
750
336
288
1932
718
680
92
1078
2161
2085
2431
48
402
60
96
316
2022
896
1408
222
2056
1130
1936
2034
1296
380
1556
1528
2614
2557
520
898
262
980
248
2508
2311
966
2613
984
358
2310
72
666
842
964
256
2198
2224
224
1486
2158
2372
326
2404
1074
1622
460
2262
574
2709
580
468
2558
12
142
1320
52
794
1272
1764
1872
344
430
236
2774
30
2458
2387
1884
2353
1923
1010
2229
2404
416
798
1208
1961
1320
1442
2502
320
360
354
1252
682
2427
1458
1492
174
254
304
1214
996
1588
752
2104
586
198
2558
2003
972
2217
2393
2443
170
1914
1280
354
2124
1888
2470
338
620
896
2379
2422
554
266
58
1528
1082
176
2875
2291
2210
1594
2440
2537
652
434
804
1418
638
242
2410
814
712
662
2200
2714
602
1122
904
2353
14
2428
720
108
2142
434
2155
2438
882
2243
558
584
2334
184
292
946
2336
2179
790
448
390
2032
2567
2641
2635
2708
2554
2204
248
122
400
310
16
726
776
888
2550
2762
1592
208
534
76
2116
2016
2036
1970
2355
2105
1747
1056
64
1414
108
78
728
110
408
2179
2172
1098
512
2280
164
2035
2487
2171
910
1554
984
1606
2271
200
472
484
766
1884
2362
1758
2183
2629
1448
2388
2406
1406
238
1858
186
2114
1596
2272
496
2389
376
1124
2646
634
1160
2126
988
2301
974
454
2490
86
2244
2226
1094
720
2171
288
2000
2362
1028
2135
162
1949
2792
1942
2148
2327
316
448
1816
2143
2083
138
130
2042
2174
832
2551
608
2318
544
1378
1520
152
956
1426
692
1358
74
964
234
730
258
2342
470
154
78
2613
2132
164
590
1876
1230
148
1078
844
2154
2071
2071
200
2520
1550
2519
666
1068
504
2324
2583
2110
386
36
844
1978
504
676
2517
2465
1934
400
250
1136
266
2574
1166
2180
1274
1114
1803
820
26
1846
98
550
142
1728
2222
522
492
1812
992
354
2069
1630
726
1358
2027
1302
2375
804
266
2550
2473
2256
1440
482
472
2079
2
1368
134
4079
4
272
314
2352
1742
1582
2018
402
1856
1020
2354
2255
2287
390
2056
2695
1332
322
1162
2528
1332
2146
1236
1938
1542
312
1092
54
2366
164
2379
882
740
362
1422
638
600
1350
1846
314
1790
110
2236
1042
1354
246
2212
652
486
136
924
1720
2176
2541
948
1400
326
574
2334
564
340
466
464
2319
3159
1274
1312
166
2008
902
1342
1973
2076
2535
638
398
146
2079
410
510
1904
266
2290
2098
2140
2252
2361
62
482
2490
1638
1664
2542
1446
2352
2528
1482
2293
168
1038
1280
322
2578
890
2512
2124
320
1230
604
1782
1988
652
1546
1188
406
1068
246
2228
378
374
2270
22
2649
192
2133
1676
1016
2403
328
1170
242
252
118
2010
482
2223
2282
2634
540
1344
1254
2704
2526
1270
52
60
1978
24
1848
1086
1328
6
1546
236
32
1278
2222
1268
1396
1992
1842
948
544
414
2302
86
448
628
410
2514
568
2093
216
2227
1270
1938
1350
1370
802
368
908
1856
2469
1856
1212
2791
2197
1924
1214
768
2432
496
1218
1670
1328
2030
676
812
852
2752
2372
1034
2166
1138
2184
670
1448
2850
2864
2625
252
794
1128
954
2477
1024
1788
2324
2338
362
2055
2320
642
2217
2271
2060
2402
2159
1754
1856
736
2089
54
312
1314
546
2241
2792
538
778
24
208
1588
2114
2369
670
2241
2104
880
748
2368
216
1649
1568
2119
2490
364
2420
2463
2236
2222
466
1106
1458
1474
2102
242
586
2086
1108
1120
568
1280
648
2333
1166
2287
268
228
2419
2499
1734
1462
540
2254
322
1200
1496
878
246
824
2614
10
490
802
116
158
964
2530
186
174
2680
66
584
2076
2169
768
984
800
134
908
1274
1878
310
1198
1460
1330
1440
1494
2130
1150
1416
2046
2638
1674
1088
996
178
698
1098
1917
746
550
174
172
520
516
1698
1430
1186
1312
1734
2419
1018
2156
2285
296
2506
202
2235
1126
332
1426
338
2753
902
1274
1524
732
326
918
1543
174
2118
1140
1590
756
2481
586
2268
2092
2342
1759
2138
662
2230
1440
184
2100
420
1338
22
1388
1044
882
1708
1908
1656
1392
546
1638
2420
2261
1390
2102
1987
2757
214
376
1374
2580
214
638
2600
1296
6
1913
728
1416
262
376
366
2554
2435
1620
1706
2076
442
2308
914
1274
2118
2297
1792
2503
1552
364
302
542
92
544
136
1352
224
774
2046
1160
670
2655
700
570
2281
922
2418
1940
604
1398
1186
80
158
2070
2218
2485
2226
2104
2198
76
1556
276
1264
2349
462
2314
2732
2622
2360
2080
2412
216
2204
10
94
2099
2302
1640
1947
2331
286
2526
1838
1002
2231
2493
2610
2095
1668
40
1774
2637
182
1776
1586
772
2702
2120
328
112
608
2210
2504
618
284
92
248
544
2527
2226
962
1102
1810
584
1240
1468
360
1042
2129
1390
12
2105
1964
1152
864
68
1106
1720
1178
2198
702
1790
632
448
2315
258
2602
736
942
2989
2385
1110
836
1893
1572
158
472
188
54
1828
192
1872
1274
1654
2352
2503
606
612
748
758
1601
2164
492
746
634
2285
1548
116
1174
2182
1180
148
294
2411
1086
950
2697
960
182
580
772
2227
1444
902
732
2848
2082
1815
2178
1482
462
506
1030
2253
294
1084
1692
2029
2452
2302
246
970
320
320
1202
452
1050
1444
960
2076
432
930
2230
1124
2206
1710
2368
32
452
200
724
2381
680
1070
560
2016
688
248
2354
224
2460
2158
34
1622
206
2559
2847
2780
2082
2079
346
926
400
2361
978
1522
2162
2513
2525
246
2260
1138
2047
1304
388
2787
828
494
858
34
822
2388
2384
1556
156
108
286
2183
22
842
2263
458
2116
1919
1412
2392
2107
248
220
2202
2657
2503
118
234
2600
608
1036
834
260
1684
2218
2556
2290
2059
2134
178
1098
2118
2416
652
1404
2392
2296
248
968
1983
10
1768
2388
610
2051
2364
2319
2279
2028
366
888
842
1622
60
170
220
908
2306
2175
336
680
2378
926
1790
2187
810
330
1390
1688
532
1060
1004
316
1256
2046
1064
432
256
1722
1300
2585
2380
1914
2364
1588
2141
1072
324
400
562
2372
1092
840
2224
2094
2355
2137
2232
86
284
1076
2497
82
1096
2216
512
1304
1294
2078
1930
1985
296
1396
1470
980
2063
1196
684
28
1516
282
70
1036
1726
636
306
44
934
2104
1626
998
2443
228
1332
1947
518
726
2354
2
322
2467
1941
1224
476
2384
708
2167
1974
280
1218
1206
1516
2215
1494
1290
2363
870
2338
1908
924
2400
606
2095
890
2333
2100
704
1946
2312
1180
1254
2235
2552
288
2357
576
854
930
1982
378
846
1906
1098
2692
1724
1802
2335
1414
404
84
2314
722
1928
394
2639
1496
878
806
2174
1010
758
288
1984
8
2100
540
2209
2389
480
612
940
2557
86
1875
2194
1428
1342
2224
412
582
998
1404
2178
396
638
212
1684
1134
2072
44
2412
2170
576
2366
2004
596
2376
88
2127
74
560
2320
936
1920
310
1852
2119
6
2387
956
638
2275
936
2387
544
1686
2663
1654
1902
242
1034
2297
2512
90
576
2685
2244
2555
2101
2232
2536
1692
1218
158
68
2378
2164
414
42
562
78
2626
2505
2566
2133
2515
2136
2175
2318
1893
654
1350
2933
2324
1398
84
1208
828
1486
32
812
1130
674
2451
1466
2684
402
2274
1989
574
2233
460
2366
1892
1062
694
2216
622
18
164
426
1420
12
1322
258
2486
166
2042
2150
2520
88
282
2339
1658
152
2444
1516
2373
1002
526
1776
844
882
1242
2001
2034
1148
818
208
4
1834
682
1734
920
2380
52
580
664
646
886
138
2268
2020
682
1604
1200
1762
1604
1140
958
2208
808
2223
704
3157
1929
912
1458
860
2464
2215
1752
2457
2268
2286
886
1410
670
850
1352
2279
1258
564
250
2389
1924
858
2334
840
128
354
2623
1074
2474
994
1572
2424
2190
394
1152
2259
1428
846
846
834
340
2042
2098
2260
2030
2496
416
620
2490
122
178
2486
1196
2779
1885
2217
756
2235
102
2052
1028
686
786
2159
2284
808
1862
1564
938
2413
80
2176
156
726
2094
1516
2190
516
2203
450
26
616
1360
922
2009
1560
1877
324
548
2406
2400
810
656
2491
2282
100
244
2469
1844
166
1718
2529
2086
1478
1468
1556
926
122
1108
890
1504
1900
778
1194
1638
1934
1370
1706
1104
1136
84
330
2028
832
1234
18
406
40
444
2073
1939
2429
554
606
2371
640
954
2334
1004
1010
230
1368
2233
2077
2454
1050
2424
494
2216
2158
830
2415
190
1963
2244
1830
602
2525
2270
172
910
102
1970
992
490
200
440
982
1264
1776
1136
1702
846
1792
422
940
176
1824
322
570
1172
2604
2287
2554
2307
2194
1132
2165
2290
1642
142
828
550
2085
1084
2148
2564
2342
684
1382
1520
332
2224
644
196
674
120
2110
276
540
804
366
1158
1592
2313
1794
1853
1310
2335
588
1828
2531
366
2486
450
146
310
1998
2308
1058
984
1949
606
1724
590
1630
512
282
2515
2070
1728
2362
476
176
1975
256
598
422
2098
982
58
160
2331
1272
1096
2006
2612
2577
28
2782
2004
1314
976
2456
260
2375
800
164
2192
184
2412
2441
2774
2101
2365
2501
1850
2174
182
368
2133
1252
1520
2090
912
2218
2363
2711
1978
422
1886
1364
1938
1058
2194
2048
2264
476
1816
386
2771
1328
310
2372
706
440
104
2368
62
2335
150
506
1898
1056
488
2290
2314
594
604
1284
2786
2814
2026
1941
1264
356
2435
994
648
1706
1318
2426
2333
2286
2698
1546
2775
830
96
1478
400
2210
970
1384
1350
1642
1176
1184
2522
1672
92
1811
106
2342
2305
564
2345
946
438
1180
2176
66
2120
912
28
2532
436
914
2120
2278
2302
2040
2182
1204
556
730
1046
1136
616
2592
2068
308
1710
1558
378
2463
2424
442
1766
28
560
1598
2305
2678
468
2341
574
2286
2249
2465
2190
2405
2100
630
360
1794
2162
2390
310
196
724
2659
2317
2303
2086
1536
1228
1174
856
642
2080
2733
2379
1950
104
1444
144
2202
126
2040
1638
170
40
1480
4
632
2456
1634
2272
1922
500
348
202
2159
738
638
1008
1716
2256
1682
1230
714
1048
346
1596
702
2117
860
1923
1018
2256
1190
2540
948
2484
310
98
1378
2108
946
2338
2426
2942
2338
780
1646
1236
2564
1969
286
2027
2615
2067
2217
1918
2784
1092
2224
2388
1821
2273
2522
278
2265
1924
92
1520
2180
180
442
1680
574
2662
2026
218
2460
2213
2399
1296
2174
2208
592
470
2640
188
1462
2252
2261
2390
1798
198
1028
106
576
2472
556
1168
2672
2348
960
648
2150
2330
994
2081
134
786
2614
1264
2565
1386
1448
2324
152
552
2382
156
2010
1674
10
1132
2300
572
166
2261
2052
2355
838
790
476
326
2548
708
30
1854
1244
2142
2113
612
752
2548
112
1935
510
166
1320
452
1718
1276
2275
1576
212
2478
2328
1252
2264
900
1668
2264
1849
2472
2532
2283
960
2060
2393
582
698
1590
2307
646
98
1092
2649
2355
652
1146
628
776
2576
1584
768
2173
2960
352
1857
284
2048
1416
1758
1929
2168
548
2537
2304
544
82
860
4
1235
2113
2158
650
2233
1062
72
2381
1554
2425
2279
1910
1132
782
688
132
1324
134
928
1326
1364
1210
2424
98
1934
2543
1996
1816
146
506
1886
424
2238
2096
2238
168
2231
66
2018
2083
1811
1744
248
2242
626
130
2264
2292
38
84
2377
2287
252
488
2419
1594
532
620
280
156
2000
1112
2080
464
2383
2532
1016
1230
948
368
192
2522
2117
240
402
2232
942
2169
2614
1526
4
2732
352
152
956
410
2460
788
2154
1910
620
2492
2046
2039
2686
1020
338
56
834
2706
624
1490
1762
1174
2458
2492
436
140
240
2154
2218
164
2321
1792
1168
934
2594
2043
2136
2474
2286
1936
436
632
1931
2354
2396
2282
2174
2746
490
484
2387
870
2243
2671
1922
2040
432
620
734
50
1970
900
2129
882
358
510
344
1628
1864
1188
2143
844
2823
2294
520
1042
2167
200
856
2183
554
2053
318
508
320
592
2603
2165
2150
808
1630
1220
2420
768
1830
1268
2325
2059
1672
750
1376
1192
1734
932
622
60
2313
162
632
1384
1236
2071
1976
2109
2178
980
2598
2309
680
176
2204
2444
2194
2493
2184
760
532
1410
2260
814
814
648
630
618
454
366
250
1424
2595
56
424
1676
316
2065
1068
290
522
2426
2602
210
2388
1987
54
1612
1846
966
2256
696
2291
110
2248
2008
2252
650
292
1212
440
2266
394
88
1986
2298
78
1610
798
2252
1392
2193
1832
1222
450
420
1952
2346
1086
2545
18
462
68
2727
784
2166
2303
1906
798
1184
1852
1500
256
1466
2368
1260
722
22
744
2660
450
2217
2475
2105
2362
1710
670
126
466
2281
1718
204
2295
1192
182
156
2302
206
2352
716
918
2354
996
1242
252
216
854
500
2489
2226
528
124
2643
914
292
870
1890
810
2213
2705
1980
2524
2206
1890
1891
350
174
2287
414
640
1486
1258
2054
2386
1790
2304
1732
666
1865
2634
2663
1868
2534
290
1951
2802
202
392
314
1979
90
494
364
544
630
2016
348
434
882
2048
2371
644
2257
2806
198
1226
1990
258
140
44
2113
2310
1248
1440
2369
1104
2519
2180
238
2658
342
50
650
1778
2043
2224
178
1414
1124
698
164
678
2292
1364
1615
2107
2551
1986
1076
2102
2240
960
10
480
582
2824
2365
284
1000
1308
534
626
772
2364
1634
1764
2331
954
176
2172
2381
2154
1054
816
614
1608
198
1882
1720
696
1510
1846
2148
2510
670
1570
826
142
1979
900
38
202
2669
428
2366
1648
394
2271
2201
112
440
2082
1276
466
480
1180
2182
228
292
2207
596
1346
2432
2474
1606
568
850
2296
2170
2237
238
1294
1304
138
2247
2648
212
544
810
344
2029
956
1860
154
666
810
542
316
2072
1108
2488
828
1578
682
2513
2388
2747
1890
2360
940
2764
280
1823
762
540
2095
2218
188
1970
1888
2261
2306
230
2242
44
50
920
2195
2166
742
368
1852
38
1764
2270
2070
1088
2478
784
1552
2466
1685
2014
400
868
2487
702
1158
2078
70
182
2128
372
722
430
1114
1574
2066
1086
346
976
1026
68
500
352
2168
1194
16
