2383
2678
408
2335
2287
2048
1740
1980
1780
1316
2488
2386
1798
408
2551
2332
182
1652
1935
292
190
2682
306
2173
1740
648
966
830
1924
192
2624
118
1192
2304
2207
1656
1488
182
30
1582
804
2262
1060
286
614
2642
72
156
1188
1913
2009
1370
1732
86
100
572
1290
1862
2081
1834
2369
2128
300
454
300
384
148
780
2176
2416
1288
160
2021
2475
1718
1728
1410
2298
762
348
170
2317
546
1194
2222
2294
170
66
554
906
2271
900
2529
2621
1904
2195
42
252
2344
1816
2034
228
2104
2043
76
2316
588
1344
2
2166
2417
2045
738
770
658
2615
1468
554
822
1824
2642
76
796
2382
698
2010
2304
2332
1524
2468
360
2175
2068
436
1242
926
2580
356
1640
1972
1268
540
1526
1412
634
198
404
2166
1088
542
1706
1898
1916
2400
1969
1956
952
662
288
2229
1046
708
638
538
1216
1718
576
1654
2233
156
2647
1204
74
494
64
676
268
1668
80
126
2597
2251
1252
612
76
430
874
456
2433
2263
2555
2178
2451
2286
584
534
1002
2123
2521
1398
2212
450
90
1242
2115
1690
1484
1990
92
1014
1442
2450
856
2794
352
2108
1402
2264
1806
382
2307
1918
2642
2113
1046
1898
2115
884
580
2453
1532
1898
588
1936
2560
2409
2130
876
714
2270
2282
1966
1466
2012
412
2556
1928
1032
1256
2719
1482
420
934
1590
772
2243
1798
892
574
2115
1210
1268
790
1070
148
394
2102
2088
2154
1574
442
416
648
2267
660
180
512
746
200
2682
2118
2100
818
528
164
2269
2293
414
1422
1364
2316
1180
2752
1498
218
164
2294
2551
2141
2035
872
456
2122
1060
1786
1202
1920
2142
318
1822
216
1878
74
770
288
698
2697
2099
2366
1906
810
66
1740
1726
2194
1018
1072
2316
2440
544
2899
978
1924
1014
558
2355
76
792
330
314
1558
174
1530
2344
1612
2142
1208
594
2470
602
2092
332
1654
2249
2149
2713
268
1068
1002
228
586
2248
1552
1270
2402
2660
1006
2711
1470
612
2463
1012
176
1973
804
472
198
2423
1308
1070
2609
1834
752
2212
2504
1170
220
2674
2398
20
2306
2731
938
1915
1296
2620
968
674
2364
276
2402
2653
2425
942
608
1542
2287
2520
512
2503
1166
114
820
362
1218
2537
1718
2065
2153
2650
522
754
2489
1836
2176
2682
2278
756
1074
2405
1536
1844
1158
1100
2084
2021
2108
2498
122
306
328
1822
1686
738
862
1048
1530
544
2202
1252
1945
2590
1056
1670
2102
262
136
1872
2797
2277
382
124
322
690
1462
1070
2031
902
2566
2440
2014
2008
1562
594
2562
446
410
28
1336
2267
2212
898
2430
2343
2158
192
1840
740
2426
1622
1170
1662
1260
1208
1448
732
2524
2026
888
694
1665
226
2424
2420
20
2450
2641
1318
2380
2404
2662
1288
790
2276
2208
614
2683
1330
208
2130
2110
662
664
2402
2044
66
2020
1120
180
1262
1638
398
640
2450
200
572
2440
1150
830
482
28
1554
210
2455
2477
2136
1190
1922
256
52
2771
294
2407
394
760
1532
52
2296
1462
966
262
1132
1770
704
2753
652
1925
1014
304
2100
1758
2681
670
2046
244
810
1942
2398
1834
240
1974
188
284
2480
1524
2222
118
70
894
654
2279
72
2298
1629
1782
2242
432
104
1988
690
1464
1416
1846
794
2556
1566
2312
1688
1850
456
36
1368
1056
216
2538
280
2558
1836
1154
918
2448
406
528
894
1819
670
296
1096
256
2028
1666
1082
196
1854
372
120
200
332
2693
2634
2248
252
2158
840
2392
1452
532
2293
1366
2433
2072
750
1600
84
1016
1884
2404
2244
24
498
2168
2512
676
1030
2254
588
1256
52
1036
1436
358
1954
1334
2425
1290
1278
472
2470
356
482
2314
770
2234
1402
1258
2370
1514
224
2469
1236
160
2310
2212
1604
2512
1416
1228
2341
190
1570
2381
1670
1408
266
2253
222
382
1096
652
2437
2336
2229
378
1110
1074
582
2176
1918
878
34
1636
2138
2108
1320
696
280
500
130
224
842
986
2540
2373
448
444
526
568
372
1262
2220
2231
2059
2063
462
3051
2420
2386
1516
142
1106
552
1984
624
66
2771
2427
538
1950
1258
2101
20
882
104
124
372
2420
1048
1284
2309
368
2484
1360
2135
2788
14
1368
2426
886
2147
2004
1931
268
2774
134
928
932
738
2040
1930
1118
2301
2258
2320
848
2716
2044
1510
112
2881
2110
1174
2136
1198
700
256
2211
2059
764
1922
2308
1314
1370
426
1210
2622
2170
2383
172
274
1812
1352
2234
258
2484
454
2222
2406
970
2437
2375
2021
2186
1798
330
1786
778
792
2419
168
588
1918
1528
318
1942
202
2442
954
1736
750
2228
282
2208
552
1664
1202
2210
2282
38
2092
1038
1526
1128
1982
2515
698
148
900
306
2193
2426
1816
710
1706
234
2197
1914
2342
2301
2480
100
2486
2439
72
1938
2162
2393
2138
2492
1258
726
434
1368
408
2195
2087
1947
626
1028
2083
512
64
770
380
310
358
500
1026
986
1208
962
1234
1588
2225
118
1965
2268
856
282
986
2568
2260
618
2358
2486
2384
644
2335
70
2124
1695
1040
1576
1284
856
782
2182
554
284
368
1550
1872
832
2203
1842
1996
2340
2496
520
948
364
878
858
1887
2412
454
2174
1210
1896
2414
2171
766
2317
2423
2005
2234
216
1674
2221
1370
1304
130
1032
2818
2666
504
54
154
1813
790
1140
2509
2031
2280
2502
1404
102
2579
2324
660
1134
1524
1570
2288
678
2286
2268
1086
774
1658
1048
550
2256
2369
656
888
706
2316
228
334
1048
94
2375
2078
242
2728
674
2260
122
180
1624
2319
2671
540
912
2452
1434
268
298
894
1974
370
1750
148
414
1430
190
344
570
1068
486
1922
826
688
684
1214
2289
1554
808
1062
1692
1812
632
1444
636
1334
1450
2130
20
2455
1362
2315
2430
1380
2582
2286
1250
668
720
2144
1896
2503
2324
422
1550
348
126
2030
586
2481
206
1688
638
592
628
228
2453
2046
2248
872
2379
1326
2647
2561
1660
940
1006
1392
1332
974
1788
1582
2467
642
736
1054
2020
1612
1078
944
380
2168
1946
310
2359
2057
176
1444
2562
2411
538
316
1156
1368
162
1892
912
672
274
1660
1408
2390
306
2498
32
936
1114
1672
2053
1420
186
608
2502
2345
166
2306
442
516
868
2395
2132
1664
412
1054
744
864
604
2140
1044
1200
676
1706
1538
726
652
968
26
724
124
2405
1754
2300
194
2194
996
2258
396
52
146
2157
1968
1660
1796
2144
1210
1006
36
2439
342
756
1470
964
2328
160
1404
330
1052
1262
2212
1234
2502
2028
1406
2462
698
1160
196
914
2344
1958
1969
510
2318
2519
1964
1064
556
2380
1036
2489
168
2197
546
1824
2274
666
688
652
282
472
772
846
1917
696
1746
554
1002
612
350
2512
2060
2012
2541
2200
1998
2193
2660
1370
576
386
2333
582
1418
1800
320
104
2283
1160
78
2630
782
446
990
1526
2202
2280
1868
108
2092
30
1963
2186
84
2290
514
654
2037
1040
1931
1022
1454
2125
1800
232
200
2454
936
542
1884
964
2025
2280
1985
804
610
48
296
1312
1242
860
2128
2071
230
990
1578
2388
2120
1338
212
284
2264
1004
1174
1748
2042
230
1462
2307
2121
1830
1384
1502
470
966
972
788
1434
1166
1982
796
516
480
2188
1388
1110
542
1598
536
1038
2320
2467
1718
808
1979
152
2022
474
2745
1653
2517
912
626
426
2149
2438
412
1370
1148
2194
2492
134
1002
1518
1066
1106
14
356
1064
2067
194
1188
2280
914
18
896
1898
1394
2388
2210
1790
310
204
82
1412
44
1628
304
936
598
320
942
2578
1873
882
834
2713
2670
676
672
1740
2314
1478
2516
1478
220
1120
372
718
674
788
2632
2
390
702
2613
618
1322
1374
2500
768
946
254
884
2582
514
616
1288
22
2312
2535
2326
302
2204
2142
876
360
436
1330
974
840
2152
1524
116
1102
2567
1706
1676
2181
1966
1850
2386
2209
1576
2309
1700
370
212
410
1988
920
322
1972
1756
874
304
1118
1594
2353
378
1000
156
978
2364
2706
2256
1512
2244
588
3100
1664
2543
2165
726
382
40
120
1054
2680
2336
2477
434
334
870
2096
2167
1216
172
2500
2253
1790
1288
2528
2384
2209
124
318
1230
2762
2262
50
462
890
1702
2384
1512
812
648
968
2562
2180
2585
1478
176
1430
1532
2413
2526
2083
2448
2470
2351
2078
1334
2146
2304
412
336
1430
2015
1920
1986
602
1938
1846
1010
1748
2542
2198
1500
1062
356
1316
1388
818
88
2485
412
1850
40
2350
240
2688
458
136
1896
2062
1428
780
290
2508
1150
476
560
2453
500
2240
1058
1312
750
564
2530
2072
2022
1932
596
1972
368
8
2284
2504
632
48
170
716
2102
624
1142
58
2206
2363
1204
1008
1714
2462
2617
596
2521
610
1873
180
1266
2250
2140
1798
2592
1990
560
2072
2585
1670
148
2461
340
2004
2735
2235
858
1496
2527
2226
116
594
564
820
892
1392
12
924
2418
2429
1188
1250
1330
2151
636
2219
304
2587
2092
126
370
2592
1496
664
2494
2433
2561
2526
2438
1760
2336
1970
2492
1800
8
346
1042
104
1076
1636
2401
126
332
1278
38
128
1448
922
2150
1120
2084
2305
648
76
2414
2266
1688
210
1838
430
2010
2059
1618
2372
284
1512
138
508
1741
1306
752
2480
2434
2276
1034
882
2280
1626
184
2489
518
2486
1750
2428
2164
1384
2622
2167
632
1030
886
942
626
2341
764
2438
294
1882
792
2120
2112
1170
1122
1420
760
2303
242
552
2461
2042
2110
2251
1392
1720
2200
856
1564
1498
1436
390
2319
2254
2647
922
606
2152
2050
554
2366
140
2501
1973
2356
2074
1166
90
66
1020
1572
2519
1380
1664
656
2088
368
954
280
2088
2508
590
2475
294
1278
90
686
160
1682
306
2309
306
1416
2104
2240
1933
2184
448
1302
2087
2717
1942
1028
384
1824
86
2285
496
882
2504
2191
1817
2253
1230
2314
1490
1146
634
748
1218
1438
2072
2818
2440
268
2189
2609
2560
180
1244
544
1124
338
2430
2877
684
2433
2410
730
1112
1130
336
1090
328
2595
614
986
1996
2135
2356
2086
1268
242
2356
1704
776
304
438
282
176
618
140
306
2371
330
634
2204
52
108
1518
2350
1122
1078
428
58
198
2464
532
2259
772
826
108
926
786
2484
1346
538
2330
792
1336
156
846
2178
170
2273
2349
36
1772
436
712
468
636
2643
2304
1240
128
1444
1186
218
1112
108
176
2611
178
2710
206
2288
868
1374
2636
1910
1002
2097
1714
2212
1444
2543
1042
2065
1896
1300
460
510
160
2556
1850
892
454
1066
1734
1124
1903
2659
70
244
1522
1836
656
572
2081
2533
2077
2367
1454
2071
840
562
1486
2858
2746
230
1742
2440
1921
1384
1194
186
978
206
2088
1684
404
4
1950
1626
2127
2053
1544
2066
796
1238
1422
1448
272
806
790
2473
2228
2135
228
1164
2426
478
2837
2161
628
2166
2304
1776
2644
1074
2739
1694
516
1088
1138
180
1878
690
408
2150
578
2413
728
2521
1702
2290
338
80
688
2297
2378
554
368
2073
662
250
1398
326
2075
874
216
1096
2623
2108
2368
2478
1876
714
2233
1178
2000
2258
1710
68
578
720
100
340
1110
1148
1664
2747
2102
2109
2006
804
588
2002
1296
1160
306
136
2512
2450
560
720
2347
290
172
1078
1526
1188
26
1768
2256
1512
2291
1552
1518
10
2297
724
1948
2741
30
2231
880
2671
746
232
832
1228
2151
1748
586
2446
2710
1979
450
2148
2325
2914
90
2113
2308
802
370
1939
1018
1386
1192
1614
546
356
2257
2522
2184
2377
2102
1110
1758
530
574
2343
224
2202
1624
1812
2277
1680
936
1046
2412
598
848
402
726
1932
2260
434
3124
2022
172
1470
2093
1954
2270
54
1336
414
340
2309
2402
2271
14
790
146
1632
1338
2451
310
160
1730
2281
2472
2362
1128
2458
856
122
2241
1274
1850
2048
1376
2242
314
2153
340
1352
2227
2327
2050
450
934
782
1334
166
566
1512
406
1174
2435
2692
2078
1614
598
2801
244
324
534
658
2210
218
2483
1842
746
720
340
624
1498
1996
40
2362
1398
74
38
152
2225
414
2523
1056
2181
1732
600
1646
814
448
2525
2488
1798
2380
2261
752
1514
922
986
838
552
236
2354
24
2697
2863
1924
34
2177
674
1112
2289
180
2127
2268
536
542
1935
2128
90
2293
1606
2282
2758
2292
1024
2347
494
158
392
1296
2468
1056
518
2361
208
852
86
116
2142
2198
1122
2146
1964
1136
2527
1598
2445
1126
2248
1040
2482
2207
312
172
906
2726
472
2419
90
120
550
1416
2398
1244
528
1364
932
2065
928
1556
1318
2786
138
786
544
576
186
2409
2161
2593
2331
870
1540
1274
2508
10
2469
1346
1102
426
876
2262
1840
2265
104
474
2274
2113
380
1964
696
1817
1955
426
1958
638
2458
2133
1208
2674
336
388
2462
472
254
1842
528
2254
2292
1558
1564
1652
2217
1310
298
404
1986
1892
340
1542
422
1568
2087
1488
2277
1632
2125
2094
2637
1798
2472
1616
2408
370
102
1934
2130
2347
2450
1164
1232
2456
688
142
2428
2097
2389
2137
1020
2271
146
776
1362
2137
874
2511
2001
1298
2117
70
16
1310
1168
2255
744
72
342
2344
2441
422
362
2359
12
120
358
1072
1364
24
540
1050
1428
2151
2491
448
2132
590
2400
2241
1376
2485
2166
1928
2240
464
380
1198
1366
2440
1560
1856
546
186
30
2329
2440
1640
408
724
2036
2502
1132
432
2713
216
26
2143
1280
2506
1492
2103
2316
1974
2001
894
942
2260
1944
2417
428
498
2251
444
2594
618
2120
62
1044
276
2080
858
140
4
1000
2203
556
1520
1186
1006
68
1318
20
2432
1056
2
742
2418
1972
320
892
2392
132
88
298
88
200
2407
588
2432
1938
482
1580
2086
2538
34
88
310
1690
2537
1668
312
2225
242
964
2428
1924
450
668
392
704
610
1126
326
788
1024
384
2306
906
12
2478
1758
500
1948
1344
2130
1006
2397
306
2397
344
2664
978
2188
522
2186
670
1526
1184
478
1268
32
2310
1712
304
2037
888
1655
2536
2136
1608
2815
2382
2471
1824
484
1250
444
166
2160
2350
2353
2119
754
672
2783
182
682
426
1086
2036
1366
2294
380
1076
1638
14
1358
2376
310
1454
2074
912
2187
874
96
714
612
200
1412
14
1530
284
826
116
500
1064
1364
856
2337
2228
2058
26
2198
2259
2162
954
1424
1724
862
1214
242
2399
332
2100
2212
408
2277
216
210
2218
682
2006
150
578
2466
168
2290
42
1672
1851
2217
150
2662
2185
2089
2097
2269
570
2248
1600
1880
914
2598
2438
2353
2731
2435
2663
586
12
736
180
2026
1700
1070
800
1530
660
452
1228
1338
2264
708
88
1080
2306
388
1866
2416
2493
1480
326
2468
2155
2022
2515
2067
416
696
1330
564
2289
2593
2248
364
286
2309
2538
870
2233
250
1226
2304
828
488
8
2197
1472
914
1997
814
2243
438
2628
2024
424
120
2178
2301
948
2314
1382
392
1612
884
1703
2497
2408
348
218
2730
1498
376
2361
1124
1656
1830
2351
2445
2099
1036
1136
634
2648
364
1978
236
1034
80
2562
2213
758
724
1336
1574
48
210
2163
442
54
2117
72
1709
2067
1508
240
80
2218
164
788
920
1474
308
2328
1436
1906
346
2174
488
68
106
16
2381
2358
2716
702
1808
1846
2501
862
2062
2477
2044
1636
238
2281
878
1090
1254
742
228
266
1808
1280
850
720
2314
406
414
1632
2112
604
236
114
330
1830
1244
644
386
74
932
242
2272
240
1106
1648
694
1020
2369
2709
16
696
584
348
1438
1318
2340
2029
2057
908
1839
772
1052
344
170
2377
1932
2016
2169
1978
1388
2096
2033
502
1364
2582
1094
2680
1808
2679
410
412
2116
2090
2267
2452
840
1168
2566
1532
2299
506
1178
2421
342
2402
1918
76
2326
508
1416
1294
2466
1688
1086
890
152
2458
2034
1046
198
1854
1738
2176
1665
8
1248
1894
1764
2716
2126
2189
2164
1720
158
2303
1980
8
728
824
350
1650
1920
2304
2377
642
1070
1870
1528
2096
2588
292
464
1662
2632
1392
1412
2496
2066
478
1588
998
1536
2322
1736
190
10
292
286
1304
906
1444
2296
2236
2155
952
2
580
2014
672
1472
2529
2562
1620
2595
2391
806
2380
2034
2272
2034
300
918
818
1462
398
868
2030
1274
654
2387
2520
2084
146
2494
2549
310
2610
2516
1042
474
2228
1256
208
68
602
1512
296
1778
1180
302
1832
1540
1536
1562
2378
892
724
2065
1276
2422
338
330
2292
536
844
2168
2300
222
1718
1979
2398
1052
522
104
2258
1020
1838
2491
2125
1178
412
474
2447
2166
2782
1258
956
622
2030
2186
458
112
1076
192
1966
2180
178
2200
558
858
42
642
788
2284
2238
1096
1810
332
1312
438
700
750
36
356
210
440
414
2136
820
200
878
2388
2235
542
1168
604
846
1946
1622
962
2454
362
1951
650
258
1894
2385
982
484
1552
2207
1490
772
108
2511
2062
860
2149
1522
1985
192
2190
2306
222
1778
494
1816
1006
1536
2410
786
2493
2020
2564
1938
748
26
1678
2604
580
748
1941
2426
168
1630
2164
810
752
510
2017
1008
2259
678
1226
1266
2180
1404
14
736
1092
2400
2289
800
2444
2091
396
520
1906
2564
2650
264
870
422
1490
224
104
2148
1524
296
1604
2253
2500
2104
2367
764
820
58
2446
950
720
2022
1324
132
2246
2340
1146
2100
2106
1886
478
554
554
2448
1476
898
2257
2290
1234
1294
1668
578
490
1914
1256
884
2262
1821
696
412
2605
1991
2201
1520
1046
1158
2567
2697
552
22
2250
704
1774
2352
900
2777
280
296
1456
2479
1020
1710
2220
1840
192
746
1606
648
806
50
2234
1706
870
84
1442
1382
266
140
2348
1696
2240
218
40
202
1960
2034
2443
2006
256
940
1178
732
1682
136
942
390
1955
2021
1895
2331
454
210
916
568
414
2153
350
2467
1932
2087
2489
1646
1296
1010
186
1498
792
2242
2118
346
734
38
2401
532
2447
480
430
2346
1070
446
20
208
392
2381
560
266
1182
2372
860
722
1728
86
1268
294
1068
2045
570
1266
2089
1208
2374
2555
2369
2072
606
2026
2302
870
1384
176
624
196
1937
96
2430
534
490
2347
322
34
2300
1228
2054
1690
1412
398
2368
566
2351
2437
1886
938
84
1860
142
440
2269
208
2352
514
1572
520
888
10
154
1352
2246
1566
2018
1224
2129
990
1760
746
2208
2506
2322
1094
16
1880
758
926
402
2158
892
950
144
1716
2461
156
386
440
1120
560
2334
916
698
1656
1750
1578
2422
246
540
2228
2178
648
1042
1288
1028
1907
2248
822
510
60
868
1303
2017
2452
896
2331
2667
2690
1478
540
1274
1686
1988
226
2164
616
1032
1210
2205
1624
2389
2331
1804
176
2366
2596
2375
2059
2189
2064
534
2472
382
2643
2290
1902
2521
2465
466
1056
96
2614
2006
46
2435
2318
1166
2583
1566
2170
1126
294
444
240
640
2349
526
2429
400
2530
2087
1518
2250
2330
724
114
572
1798
2530
964
2236
2431
520
1478
2138
102
2124
566
2344
2643
1768
452
1674
1076
158
2173
738
482
2383
1240
670
2404
514
16
2204
2354
696
412
2281
2305
106
2710
262
2301
552
1266
1350
12
1955
2401
1504
724
476
1292
1998
360
530
160
648
2127
378
116
2518
578
894
1993
640
390
254
1992
194
1190
748
468
14
1234
2360
1743
2650
2470
2353
940
802
2418
1962
450
1366
2233
1972
234
2195
458
220
2043
2228
2082
640
748
242
1582
2333
1820
1228
1456
624
2310
1080
1832
248
610
2392
158
1928
582
1040
40
156
1860
436
1328
2251
2499
2051
1724
790
64
2067
1760
228
752
170
2328
182
948
2324
776
214
852
2370
322
134
128
2232
2315
1997
860
2174
2144
1740
58
2435
2205
2284
2011
856
2302
1178
1999
276
2363
140
2469
472
1254
2132
1144
2283
586
1248
264
2450
2384
1138
990
2324
2374
2226
2311
1386
2485
602
108
1042
1470
1062
2238
2513
106
1975
1214
738
242
2276
332
704
984
310
1878
2628
310
1660
656
2819
912
312
766
2330
224
2064
1382
192
948
32
324
1388
1744
516
2458
506
2733
224
2174
2064
2870
2365
374
770
346
484
2209
1410
932
1946
2044
130
622
1552
766
172
176
54
2233
2173
2166
976
1044
2425
80
660
214
388
2169
958
996
700
2116
2332
1108
1908
1958
368
2440
292
1106
2204
2076
902
160
2649
334
1666
2255
406
2409
2606
2729
2769
80
1490
2801
586
2274
2376
2223
60
2202
930
246
578
2422
1584
716
178
1962
2541
2074
232
2282
2000
710
174
644
2052
2143
2073
1050
556
2524
732
1098
1520
474
1310
2395
820
264
2281
422
882
622
2510
984
1890
212
2313
386
1452
1438
2188
496
2387
1396
458
2294
2289
1508
1420
2191
2402
1616
1128
292
892
570
2295
2315
2130
2325
2236
2156
524
2526
300
238
1360
786
514
2386
1286
22
2134
1740
228
2339
2470
2359
2264
52
2317
1160
946
412
1428
724
340
674
236
386
846
1664
196
122
2407
764
2338
1142
598
1650
2305
2377
1076
798
596
954
1896
1314
280
746
470
120
1680
1042
642
632
758
2180
80
1776
2039
854
2701
1901
78
592
1266
2788
1228
1510
2602
1078
768
54
1586
1234
222
2219
2335
376
1670
1030
2465
10
1918
722
2322
262
584
2714
2253
2297
662
486
368
2204
1962
330
1402
1402
1300
912
2423
1762
1114
788
2372
1790
1652
2186
1966
2796
2268
2402
2342
1688
2777
2600
2542
140
488
2229
106
2316
2032
1466
1944
52
2199
2314
976
2193
228
1596
1174
1356
2184
110
542
2004
2282
2206
2036
1896
2198
90
1316
1056
2089
26
836
60
1420
2131
2118
2622
1993
1180
374
1466
1913
2045
912
1852
2022
1966
2125
1735
68
2461
1682
1914
1348
2326
892
1772
118
168
1862
835
994
4
248
2109
1764
2014
1228
2361
2460
780
1142
784
2296
1336
272
1168
740
88
1709
2171
804
342
1014
750
2617
412
2804
352
984
2091
198
366
20
2455
2275
494
2591
1246
2456
834
1646
1426
684
2080
1184
776
134
660
1270
2058
2028
2072
1356
514
390
1918
2094
2799
3018
2548
1200
488
2482
1002
1060
2180
2345
2589
14
1934
1226
1760
126
592
2197
2460
274
1032
1938
1831
256
606
1784
486
2402
2658
1995
364
2198
670
1884
2553
316
1972
2241
890
804
454
2272
2179
570
1990
2078
2418
1264
2508
154
226
1514
2199
2465
70
2508
1872
1456
1548
1008
2463
132
856
336
1580
2609
2394
2623
1244
1760
2583
2744
1192
966
1690
1356
1943
314
1032
550
192
2103
268
2197
130
900
2286
2282
1821
2503
392
108
314
424
194
2278
1690
1258
2423
660
1022
1590
2222
198
2454
426
2703
1772
1846
1486
676
2095
1194
44
2110
2110
124
624
750
2457
146
1744
824
988
2419
1316
1997
146
986
1156
150
1210
2859
1674
398
1998
1923
2157
52
1616
1902
2266
1208
1240
2029
1476
2249
1938
2164
500
2239
2459
470
1558
490
2462
1166
2346
2832
148
236
2162
336
2012
2535
290
408
296
920
2084
2050
1030
800
658
2174
2120
1528
58
1240
442
2686
636
1012
1758
2121
1752
466
346
2066
2634
358
1927
672
1944
2012
1822
892
1750
2038
2380
16
166
104
2200
2723
588
228
1642
76
2631
2138
808
2173
2086
668
76
2330
128
20
16
478
1554
2156
2476
158
834
1282
2172
380
2496
1474
1028
58
1534
1510
1606
1120
578
196
382
2459
630
188
2339
1818
1604
2210
2388
1350
2177
2466
2141
1412
1076
2574
2698
2149
448
2137
2527
1718
1184
2614
1408
2132
2123
1644
1630
1380
1654
670
1946
1729
2068
2046
2531
2012
762
1606
2192
1972
582
2254
1234
2207
220
2200
2178
2226
1264
2687
1266
1430
1454
1950
2229
1962
2176
690
1386
2365
2242
130
2552
1486
1754
420
670
2549
2007
318
1890
2327
2608
1851
484
2602
932
1502
1514
2345
136
2529
334
2024
2389
2433
624
1230
2026
56
98
2267
2436
350
376
1186
2595
2635
324
2301
930
74
2481
344
314
2442
118
166
264
2219
114
8
418
970
2310
2106
2434
402
724
2006
2254
1576
658
650
2609
706
838
2266
1945
938
138
980
2495
2200
2218
84
632
1870
324
540
350
2284
656
28
606
1032
546
2242
596
1836
2132
1680
814
390
668
954
70
1756
460
1188
1056
612
774
2684
504
1002
2046
280
1943
2004
2247
2190
2247
872
2777
2852
630
1704
380
1572
332
2345
534
2519
1652
1028
2421
420
734
2109
2257
1086
2347
1116
484
10
1532
2038
2153
2452
926
1800
2318
1640
940
1854
2561
1548
964
1628
2181
576
1452
780
2168
368
66
36
208
2363
342
626
60
1256
54
2334
142
388
1746
164
1088
2126
2234
1174
2080
380
2560
538
880
892
1104
486
82
786
1596
2382
2444
144
1850
2071
1868
1498
1842
162
2714
1863
44
1360
718
206
1448
2436
566
980
740
1718
1000
132
1308
684
2194
2407
1989
1426
2215
278
116
152
2406
8
60
1276
1208
172
2325
1904
2339
2540
2246
1230
1408
130
472
338
956
2126
2203
1542
316
1956
422
670
2263
838
2362
1720
400
2261
2497
620
2006
2417
2171
2203
184
2576
16
2286
1652
2576
954
248
772
186
330
524
960
1570
1838
270
1988
8
1730
1624
1506
2137
410
2434
1326
748
2285
1074
2044
980
2160
102
2342
1424
1894
1494
572
2466
2207
432
226
2266
860
2492
2305
450
1855
2323
2174
2153
1462
1638
618
2098
2280
2453
852
440
2613
1632
2216
1052
2297
1818
2384
1646
1238
1052
146
2628
2043
2200
2554
592
286
1472
1258
244
2224
2299
656
2131
4
1878
1920
1976
548
842
68
442
2727
546
1116
1522
778
686
2416
2273
1356
1278
192
2249
1886
1972
2395
920
1572
744
398
802
1946
716
2258
682
1995
2350
2255
1510
1274
460
994
2255
168
2186
2299
2116
1808
236
2596
196
2260
2098
626
1044
856
2315
1646
2173
104
226
2370
2502
1626
2672
736
1468
1072
280
602
552
120
2401
2146
2639
2627
2479
1741
1840
182
434
2405
1912
2575
1902
18
2341
602
58
1072
864
2276
1292
3127
2064
1772
404
2581
400
1206
232
2445
1330
114
2258
2311
660
160
1258
2214
1942
2166
40
412
498
2381
1312
2182
934
2181
1378
1192
2547
2579
2302
594
592
38
266
1338
2482
1000
1116
2240
1646
2144
2142
728
730
876
2411
2383
816
1172
2515
1522
34
1686
752
1492
2444
1680
214
1242
944
976
2383
3048
1124
1110
1190
44
2404
226
830
1362
2611
1940
838
358
1966
2668
36
634
1570
2498
1618
386
256
1806
270
2431
1956
238
30
2327
874
802
902
696
1436
754
616
468
1136
274
2261
2266
1054
1934
324
2437
836
422
2704
132
24
780
984
520
190
2564
2528
562
2338
2754
576
132
1875
554
1762
542
756
1022
2510
1168
2052
466
2539
1232
1110
2256
654
1746
1506
318
86
2198
368
970
838
2174
2120
2104
558
748
2416
880
404
524
1152
1840
2040
340
542
2351
2258
1090
596
350
2704
2238
112
2058
2346
1568
2128
498
2688
1108
252
1480
2295
2462
1806
726
2294
1280
550
1006
1586
548
1912
1074
2473
570
544
112
638
248
514
184
2124
610
2424
1176
1972
2128
2140
92
256
296
20
300
50
228
2500
1474
654
322
2182
724
86
2503
228
2411
2588
2116
360
2385
1928
2102
2488
206
274
1274
1408
444
2330
1430
2102
42
2345
2631
2418
402
2463
2054
342
1138
2572
698
634
38
824
752
2678
2579
1497
208
294
2510
566
1456
1240
124
2425
2380
2302
1958
554
1198
2553
1372
2032
1730
350
636
1882
2071
464
1212
658
18
1032
194
276
1534
274
1646
220
1136
2417
2626
2088
2224
2204
2184
808
2373
1905
416
2504
2218
2057
2120
280
1408
900
2374
784
334
2030
938
2013
2296
2416
280
710
1991
2209
148
2220
574
356
440
2366
128
2255
2419
46
2081
386
1444
1290
2505
562
484
492
2428
2300
1402
2501
1850
136
1744
418
160
2302
1202
2445
2134
386
2117
2417
2293
196
602
2497
142
1814
2520
2158
1948
1066
2522
932
2321
248
1644
436
298
52
610
948
2192
474
1210
1940
48
1458
2540
1762
1286
2057
1744
1952
1086
410
2206
1060
1956
2437
90
2548
6
2187
284
2127
1933
2181
2448
2307
2282
2283
2241
190
1562
2216
2132
1786
758
2360
112
2308
1470
2041
1974
1686
1556
1480
680
2234
2458
1734
1126
76
2196
310
788
184
970
2574
1318
42
2222
672
42
582
316
2179
1034
1064
2012
2412
792
266
2182
692
1180
1828
2374
2633
1620
1874
2132
892
2396
588
2412
1508
852
2503
166
2050
324
706
1316
2072
802
2456
1726
2006
56
1822
1714
130
1850
940
1074
2006
534
46
144
1406
1640
516
1192
2295
776
1454
944
804
88
2253
2563
2473
294
230
1304
756
2336
374
206
888
794
28
270
156
1524
2276
344
1634
1602
68
254
1114
594
2062
2351
2436
2313
2122
1420
2231
2612
466
2103
2261
2087
1725
666
1050
530
2210
1963
2360
1166
2381
1732
2211
1914
2402
2523
1866
132
794
1976
2150
874
832
2202
406
460
1548
2491
1840
1734
720
2448
2250
2784
2265
2166
566
388
22
42
2476
832
1076
314
1004
808
1798
2174
182
1600
2027
1082
1952
194
1979
1108
284
210
1640
2116
828
270
1598
2165
760
1112
2825
516
238
1278
2245
1342
2275
1102
1310
644
900
346
16
562
124
2100
424
2177
66
790
2162
1316
1120
146
2217
2525
1482
64
108
1920
136
640
988
1330
1922
396
1500
92
2305
34
644
2240
614
1080
312
1212
372
636
2296
1416
652
1332
1384
2334
302
214
298
2615
2538
318
498
1554
1146
2212
532
2542
1714
2366
1878
610
14
2078
852
2528
222
976
1564
2257
1802
1774
1198
1460
680
2187
348
1946
2332
1064
694
2283
2050
1402
82
2187
1384
1698
2380
324
1856
746
632
1756
92
1718
362
2178
64
148
1052
2464
152
648
244
2060
2392
508
142
2533
748
1800
1850
2062
2296
2003
840
206
22
108
658
126
1162
226
1744
2394
2181
870
1110
806
1234
756
1548
602
2515
674
1586
806
2581
1808
678
450
2042
422
506
2211
1766
528
54
1610
1646
2253
42
2622
1584
2426
926
560
2428
82
2008
686
2269
658
790
476
1636
2059
510
808
1650
1664
2129
2628
1955
834
1172
1072
548
1308
2296
2342
2220
1406
2299
1866
2246
1212
2412
118
888
2094
2593
68
1548
2459
642
688
2036
2237
416
532
418
160
2214
1140
1084
2703
986
1322
2194
2027
872
1328
930
1638
2279
1915
798
2415
1860
1032
698
726
1568
2224
2329
2296
1828
114
1970
1582
2367
2446
2162
2252
620
2155
1550
2296
562
666
1226
1945
2609
1702
918
2072
396
90
804
496
2275
1018
2707
2736
1104
2693
38
2290
2500
2383
864
1144
2130
690
128
848
1378
726
106
48
2282
450
1248
2465
96
2130
1550
238
2000
2178
1992
2191
1194
458
2530
2346
574
1240
2133
146
196
716
1126
748
1332
2296
708
190
12
1018
178
2476
1312
1536
2058
1652
450
2321
1862
654
2581
916
1768
498
1840
390
1466
882
1536
2109
1184
928
1786
2121
2585
1804
2332
2748
2078
2566
928
724
2008
2231
1240
2147
1146
1882
536
2049
2546
2204
396
2745
2458
578
166
136
962
1654
2182
2374
242
126
512
924
1502
1540
2628
2210
1338
1672
18
1488
2711
86
1194
974
1796
190
1360
2178
2219
618
1384
1232
4
2243
1262
2100
888
2195
2018
672
2364
10
2050
976
1432
1498
2104
712
250
376
2712
54
1506
588
750
758
1746
168
30
2168
180
1873
1608
2090
2650
2568
2521
1458
2382
2511
1144
2132
704
1078
2203
1018
1648
2567
1106
1963
920
4
394
622
282
736
1490
2219
2051
2752
2126
600
860
2306
2608
1522
2242
1812
2073
2278
1876
2834
1656
1484
1548
2381
402
2100
652
2052
2499
2232
2013
754
2124
2465
118
824
2164
1116
82
482
656
2649
842
584
2553
440
2043
2340
704
2254
2275
2281
402
2479
756
2258
1945
402
2534
94
2261
1188
492
2013
736
2110
1234
694
2230
236
920
1689
20
2101
1388
2379
1700
284
1680
50
316
2168
2357
598
416
322
2488
1858
2301
784
2336
1210
2536
1432
1920
324
420
482
2415
296
2493
358
2693
308
432
2088
1262
828
346
382
88
218
2027
2345
2308
274
2142
1288
552
2421
654
640
1858
168
46
2375
54
196
158
380
2210
834
138
2186
2272
2481
450
550
2330
1236
2491
2184
1668
2110
2092
2285
2316
528
2340
822
2021
598
138
1995
570
1386
56
1072
1354
1304
518
68
2749
1526
2424
1580
2376
1661
954
1346
34
1999
4
918
2317
1230
2179
204
812
1522
2490
48
2203
1802
2327
2256
950
676
194
2170
2208
2024
58
1386
912
2082
2189
850
1808
310
1648
910
1376
244
2515
352
1294
2814
2242
2172
2385
1146
1134
2506
2344
1112
2455
968
1736
88
1396
860
196
2354
1847
2038
972
2587
2108
666
1350
934
1919
2073
2478
2148
2434
1084
2557
272
2372
744
374
124
1910
2312
762
2120
1262
2586
458
680
2318
2178
202
1768
2630
208
2798
1112
34
2174
672
2021
1506
1086
2388
1062
550
830
636
2717
232
2321
256
946
996
2363
1006
1056
782
370
2184
2181
2185
110
372
2311
1100
1452
1252
2539
482
638
2389
968
2740
526
2068
936
1392
144
902
2255
1038
452
1378
2346
2116
2035
2708
154
232
1376
2447
468
236
2
1612
594
72
1742
2493
1100
1934
2288
2239
680
404
2205
216
2234
820
1873
778
1958
108
2218
296
196
2727
2026
1076
796
2940
236
2112
1412
2636
2561
2181
2159
2242
232
1700
2653
952
988
836
2778
58
2076
2371
1018
2106
2363
2226
1937
2328
1454
246
836
2302
2446
2526
1044
958
2343
1162
2104
2076
2577
1164
1418
1814
464
1622
406
422
288
72
1746
1470
2086
10
172
1324
2498
738
1206
758
852
2571
2033
368
2517
2515
1186
176
2142
1970
2008
2493
316
2096
2170
2094
2299
1538
2191
598
2587
2585
2523
2321
1302
2679
1946
2298
2536
2686
1398
2181
886
2616
564
384
1774
2403
936
238
390
394
1282
930
2253
1006
220
2217
630
1366
1608
818
440
1724
834
2342
2419
2263
2159
4
976
834
2050
1416
68
820
944
2538
248
2386
22
262
2001
342
540
318
186
2300
516
78
1248
1931
1790
2539
142
658
90
1903
2054
2400
6
544
924
460
2301
2643
942
1570
2313
842
2174
2312
1949
128
1856
836
2555
200
368
674
2217
264
62
1040
560
692
366
458
1020
2428
1048
614
2187
2056
2054
2684
790
62
1060
1534
2107
470
682
2166
350
2401
2398
1088
16
358
1804
1212
12
1694
1902
492
1876
790
1142
822
2715
34
106
2637
1150
88
2116
776
2119
770
2475
594
844
1780
2386
458
2216
1884
1352
8
2351
1998
470
2187
2339
1490
2375
2180
270
216
2190
116
278
536
2266
540
2434
2303
2483
546
2466
1893
622
1570
2174
1654
1316
664
2819
2151
66
1952
2318
2476
2726
1136
1578
2182
1202
422
688
252
2237
2094
1060
498
978
322
2155
1044
976
2189
874
238
1987
70
1132
2242
1222
110
952
182
524
1094
272
470
1940
2647
2598
2481
244
534
2098
286
2267
2306
610
2381
1048
798
920
2201
2058
1280
2000
142
1476
2776
2596
2657
1136
1302
2459
1918
1052
1628
2488
2474
1434
288
2350
2014
2408
202
1184
2468
2263
1416
1198
216
930
2154
470
1172
524
1208
494
1856
2091
60
2404
596
1256
1920
548
2649
2600
612
536
720
344
2534
136
778
2030
1398
1612
1664
2258
2008
2576
718
1780
1148
372
774
2153
2787
2020
324
1586
2253
2411
306
122
832
148
1892
1664
866
2194
1889
1412
2238
2341
2289
758
2466
916
2287
2576
2217
1258
1997
2118
666
412
968
766
508
964
2074
2529
1224
204
1564
410
2185
2268
1072
1876
424
1176
1930
2652
2366
1412
1204
22
2238
2194
2060
610
236
2170
586
762
6
2249
318
2050
1746
794
586
664
1444
366
1404
2544
2379
1266
784
2037
2002
2150
148
1955
2439
282
290
2458
2380
656
2023
2278
2570
2522
2453
2173
1716
1948
830
18
1404
1969
208
428
2498
32
2367
552
62
580
622
838
2531
2200
2418
2556
1901
1250
2165
1786
2153
1554
2138
322
898
1366
1826
752
2639
256
2839
1828
1608
480
2578
1666
2388
2310
2353
2479
2210
2438
198
384
2487
1458
730
2064
280
1208
2474
1014
2040
1698
2248
2402
1196
1834
2400
230
216
8
2321
2476
2516
2361
1146
1948
2434
908
156
64
1124
640
282
1280
2207
2059
2424
238
388
2448
1012
1092
262
64
2637
1949
2273
1934
2619
1048
452
2571
2472
180
650
510
874
2063
2068
1544
2420
296
944
2135
310
500
2066
2260
214
1977
2110
334
340
1600
522
374
356
2257
1926
1154
2287
254
1948
2068
2610
176
54
30
132
962
514
710
2448
540
2451
2002
2203
688
1518
2143
2143
1142
2476
1110
2159
354
2260
480
860
724
2184
2349
2177
354
2459
254
2312
2485
2417
1660
160
122
2040
46
1550
596
1980
1226
272
356
2041
1902
1574
158
1950
2520
2385
2046
238
1856
2362
2362
772
756
1106
28
1082
352
900
208
2442
718
104
2166
112
928
880
382
514
972
4
684
464
1214
402
2500
28
2032
2263
676
300
252
728
1848
1814
140
956
1772
936
2679
754
686
950
2232
1218
1230
96
2186
2344
1874
1314
826
2716
2351
274
308
480
1640
1134
72
2448
2178
1992
206
1870
608
774
2406
1895
1022
266
642
2451
2191
306
2234
1396
2400
2026
1322
70
406
1194
514
2412
1288
2203
734
642
434
2843
2195
2502
488
864
614
2636
2708
1612
2180
2220
1782
804
2414
614
1490
496
1002
2177
786
206
226
818
1918
762
1162
362
14
818
978
478
1824
2187
2237
554
1768
2161
144
496
2876
2542
1480
1449
2254
1484
952
938
1036
294
680
760
1216
2083
1474
2620
2184
642
1956
524
2162
924
816
1965
2462
2365
1218
1346
686
2222
80
2138
2337
322
300
772
2486
2159
450
794
2166
2763
1744
168
402
30
2165
566
2223
1548
2474
1646
824
1812
2356
746
2368
926
924
1434
1750
2176
2485
2506
2724
18
2530
976
2591
2525
2271
752
1352
2625
2368
682
332
2651
1076
2502
2411
1288
1066
2053
1768
2570
2611
2774
114
240
454
380
1306
1508
410
2404
2238
362
2560
1956
206
2054
2416
2145
974
122
4
100
2528
1942
1619
2460
120
534
352
1320
1847
1194
1392
1172
2346
1604
2166
2603
1668
2116
2096
1596
2217
778
1414
1368
314
2369
132
470
2193
388
624
974
1014
336
1328
1442
1616
1018
748
518
2132
600
670
2105
882
1554
342
514
172
204
164
1932
1150
1640
832
394
104
2293
1184
1939
2359
2188
1262
1294
1340
80
1960
1900
2565
288
468
1078
404
2207
2473
1070
520
1170
2325
2148
1060
1232
2380
2085
152
652
246
430
1360
2415
2310
276
2576
572
202
2138
428
288
150
756
1634
924
1802
2453
436
270
2268
4
2630
2783
998
1430
1478
1950
1775
2077
786
492
1824
260
1214
2142
2626
464
210
1026
2425
1788
2212
2519
1536
1330
1422
472
902
1956
908
2209
2235
1973
2550
2148
2107
558
994
532
592
2010
328
2389
1576
368
2497
2032
1140
844
2260
24
1726
1842
2066
420
2330
2461
416
2289
2111
2251
614
430
2386
968
146
2182
124
1866
2358
332
42
1498
2166
2330
2443
182
952
1098
76
702
346
736
456
2316
14
1977
2403
2154
1402
1052
1818
2367
146
82
2020
2026
2344
1054
1628
2681
140
2616
2088
482
932
1342
314
2333
854
2204
1124
950
1668
1654
2535
2107
158
2593
1672
496
212
1296
2849
1870
2448
1118
1180
1770
1990
1660
780
462
1102
1238
2234
1048
2385
2002
2231
1122
2601
1442
808
2044
2231
890
1565
2511
1732
2
2591
2589
1194
832
1662
1118
378
1000
2370
1552
2309
2002
2155
2480
376
712
2263
2441
2459
466
2144
24
2080
166
2023
1748
1506
236
2700
2357
2149
2450
1194
2142
2048
196
1379
542
1406
24
244
2334
738
2372
2474
1906
780
1304
2349
1520
806
308
140
1861
1384
90
1975
2397
666
330
1498
2200
92
952
540
552
1680
2912
316
664
2089
754
1362
2452
948
2369
806
1642
1518
2198
1977
884
608
1102
2372
796
1554
1104
618
1848
56
6
2168
1869
686
634
2170
888
2239
822
402
462
316
702
1586
1988
636
560
2190
2062
1222
526
804
1072
2336
48
666
214
1136
2474
1388
2444
392
1617
2260
290
2359
2090
1372
1088
624
1240
1920
634
384
2146
500
2439
1650
2810
2858
396
2720
1224
2394
212
426
1328
2293
26
30
884
222
2289
2653
478
1052
2364
2774
594
244
308
2389
786
946
2559
1016
124
38
2189
278
800
2319
2232
1804
96
1356
1566
742
2645
200
2034
2061
2610
2677
1032
502
2414
670
378
146
2035
2401
1762
2166
188
672
64
1488
1358
2290
732
2826
2127
1096
2040
1282
1320
396
574
220
1432
2150
1827
1952
288
700
2158
436
2683
2434
842
262
1258
2450
1892
2397
1328
1592
372
1984
2425
1574
2144
954
864
2102
1714
1968
1618
2440
2611
16
2250
2293
2146
2270
450
2282
248
2345
110
1444
2334
2094
2230
1226
1884
2636
1070
2554
210
2442
1428
878
1776
1516
2431
88
1640
1084
2500
2082
1342
2212
824
1648
898
864
1456
196
112
1816
1462
2640
852
1904
2524
276
182
1486
1784
2370
280
280
468
1598
902
94
2322
2354
950
40
2189
1422
630
1880
1732
2231
1662
2750
1612
1312
2239
2396
842
316
2381
290
1224
2459
2608
998
2540
2579
1214
2501
146
1160
422
1904
538
388
2502
218
2292
1650
640
2499
1542
964
1736
2537
490
678
970
638
702
1884
2125
1870
780
1552
2146
1790
2466
2304
938
522
2623
846
286
1686
302
1812
522
242
294
1947
1634
1919
2512
412
2437
2183
2158
256
1520
1950
2316
2386
440
1042
2457
30
1522
1890
1484
2526
6
8
196
2455
550
1052
1314
358
142
1474
2065
2160
1108
1156
256
180
1410
472
1770
2390
302
2133
1904
358
2414
294
530
878
906
2238
588
2190
2206
2280
2104
130
2343
2428
2220
634
528
1418
24
1402
758
1248
304
590
2351
880
432
2606
996
2304
726
8
1006
2470
2063
342
2264
2052
2431
1288
1456
2113
2136
2252
2359
2050
2288
1412
954
288
2036
2056
1006
2172
2327
978
1648
788
838
2426
730
700
1094
1884
2455
1567
252
2327
216
2266
1452
1036
676
468
2300
2211
2258
2620
436
310
1802
2236
2098
2435
304
968
1644
206
2537
2611
2518
2070
1362
2036
316
1378
1140
1338
474
140
1696
1752
782
1240
1782
2549
64
628
216
506
2373
2273
2207
210
500
1954
2561
2622
2354
2222
1246
738
148
382
2335
1444
2022
1474
2320
2614
2510
414
2335
1084
204
184
394
2118
1312
496
218
2408
2198
2184
2501
2538
590
1150
2118
626
2652
2060
1192
1516
2576
2439
62
880
2464
926
440
204
2183
90
146
1016
2549
2168
2095
2675
2773
154
1927
670
162
152
112
2134
374
134
2570
1236
732
2913
1376
166
2223
1336
2279
1452
2290
2452
1845
1234
546
892
2252
1368
32
808
2224
2106
270
1850
330
700
1936
560
1586
1212
1036
98
662
2190
240
816
94
2502
340
2309
2228
270
858
886
50
2050
756
1590
130
724
524
2443
2056
278
1729
2085
2124
1258
2521
2030
488
2122
2204
1150
1392
2723
964
2019
2184
2276
584
56
108
674
2645
1780
2538
1384
2006
26
2751
2313
2414
1338
1304
1786
2111
96
1306
338
1012
858
2501
1824
272
2136
2575
1042
814
832
266
556
742
2424
692
812
210
2345
2388
1606
2175
878
2612
788
404
910
1888
2482
2014
2558
1858
1206
176
2121
2063
2416
466
1442
2264
566
204
2218
1882
1628
144
14
598
1806
436
432
216
2373
632
2379
6
1896
780
2194
2099
2317
406
88
2300
1804
622
2509
14
106
1552
138
2358
2759
1548
2312
1278
2433
2525
320
984
1850
108
1222
226
1274
244
324
2208
2448
164
2568
2659
348
2668
826
1118
2079
2406
16
2009
386
886
2471
2222
2599
2156
2160
2349
1764
2620
484
2189
1740
1204
1082
1264
152
1388
1064
1802
2418
148
974
1392
792
1468
1042
2132
2081
1480
2154
1198
286
1100
2448
2456
1258
2000
2131
2014
1152
1068
2000
2070
548
1692
1280
20
1386
564
1926
312
2144
470
1176
488
386
78
2651
136
1120
206
2590
1194
552
2467
544
448
714
1974
34
46
2698
2637
1328
558
558
2134
430
1734
316
16
1329
2537
1630
1951
2172
2094
1856
1058
1892
86
992
132
982
2258
2016
202
800
276
2549
2107
2148
852
92
1002
1680
2774
690
2334
2105
936
2004
204
2318
540
366
2226
958
1328
1210
2676
430
440
986
2167
2226
898
1382
2441
216
184
2330
2156
2000
2157
4
58
2326
2713
2531
168
2000
2060
120
2495
1500
2481
1512
242
2269
2257
2199
256
752
388
66
230
2064
802
1290
380
28
1328
1036
2169
2190
1112
1274
2460
288
778
1856
1334
1196
2941
2279
2317
2208
2344
794
2577
1042
470
2156
2110
418
2334
1802
1918
296
16
1616
2899
2227
822
1242
954
2326
666
2551
2870
2396
1932
1334
2488
2265
964
1062
574
154
2193
168
340
1760
2380
1176
400
1048
2290
2300
1714
1840
2296
944
2797
2268
2069
2498
1466
950
2284
672
1542
922
1640
576
2281
1726
1912
2188
252
1016
1366
1102
680
2231
2399
1992
64
2038
816
88
504
1000
2084
812
2002
740
2314
684
856
626
1965
1712
752
2792
136
420
2390
2666
2551
48
756
1644
968
162
2215
614
2703
460
416
606
2618
480
524
134
560
1068
2254
2412
256
496
818
74
786
772
316
346
2145
202
256
572
2329
772
506
2159
1182
1796
286
256
258
176
1418
2439
2429
48
778
1144
2576
2146
2568
294
750
1640
2126
916
1594
142
1993
2685
2123
1510
656
2702
1336
326
1122
662
2370
1314
1740
2289
2262
2092
508
388
1464
1690
2047
880
338
948
2152
526
230
124
2352
268
1762
266
2621
2490
1148
984
450
1228
1548
2412
1122
2024
744
6
2151
2040
1128
1997
1594
2
2088
2334
2175
2074
936
340
2127
1390
2592
1076
2238
2059
2245
2407
2739
1482
1418
782
2522
2388
1228
1979
1828
802
274
600
1992
760
602
1670
312
298
106
2333
1466
2149
1676
1420
112
2150
456
958
2213
2070
1274
1376
1462
2396
216
1632
1696
1434
56
2139
588
1755
1897
918
2221
1942
92
1941
1300
1550
2682
2164
1306
534
2153
460
1511
90
2451
2563
1174
1644
2118
2495
2483
2275
1656
2046
2102
870
2085
516
192
2330
186
2492
2593
144
2238
2315
1880
2180
1314
488
858
148
206
2734
1484
2516
1052
1234
954
818
1144
2314
2094
112
694
1792
1064
716
536
220
2605
1851
1578
1690
2064
2010
1992
1304
1708
2235
72
2639
2454
826
2329
2376
452
1194
2509
350
156
2643
894
1484
2182
136
276
728
2376
2170
2261
1978
1994
1712
1026
2520
1876
72
1642
2810
36
2151
2061
1216
1488
1322
166
2558
956
1684
1866
288
1092
352
630
434
188
1290
1560
1562
1974
280
524
660
890
430
2356
856
2410
2414
2128
726
772
1858
2476
190
1396
40
2549
1862
2320
480
26
1110
2502
2065
2090
1346
1848
472
746
276
1104
2737
2022
2308
90
444
2512
362
1828
1042
2461
2314
1418
212
2282
1817
1492
2046
1692
2278
1572
1652
558
2391
594
1870
2224
2405
176
1146
2734
68
596
42
2386
2252
1332
222
438
2325
408
780
812
438
1920
2091
1946
588
182
116
1434
1644
1054
2007
2728
638
1602
474
2397
2280
2669
1294
1152
268
2460
1963
2280
1014
2397
2276
468
2035
2379
1042
1062
2220
2514
2538
2148
294
192
1706
350
900
1892
1360
2182
2302
2250
534
488
50
874
356
832
2272
2020
1910
1082
324
2507
2363
460
628
2300
2258
774
2111
1442
2214
1394
596
904
1086
2246
2431
1074
2565
2041
2129
2298
138
1030
1856
2106
2227
626
1214
890
2092
532
160
860
542
1634
1338
2322
978
1374
1660
2062
2337
98
1723
966
2312
1534
2118
1796
682
426
240
704
1818
138
2320
684
246
2166
744
242
852
714
2604
970
2342
480
1508
142
1162
552
1528
2753
694
310
568
1622
428
840
676
792
2036
730
2385
2340
1122
1252
2462
2310
1320
1226
608
678
440
1478
1910
2100
546
1918
686
1402
758
710
2138
2332
2212
2214
1590
1176
2122
1498
444
1242
392
206
278
28
264
2260
1882
1654
1532
2475
1238
668
1886
1036
128
144
1348
1268
208
264
2254
1062
1866
234
2108
224
2325
2572
1628
914
1824
1316
420
2270
2372
430
514
2412
1608
296
124
732
1892
1540
2510
2592
914
1100
2390
2323
718
474
546
2096
1464
1314
2123
466
532
788
208
1568
2381
2462
870
860
868
44
776
2448
402
1438
2438
1188
1166
2272
2311
2184
1628
2487
1920
1722
1854
2486
1984
716
494
2197
1972
2325
442
2470
944
2095
2455
2030
2366
2197
2394
1808
598
2402
1992
1286
2557
88
1920
1894
616
490
2520
2087
226
646
1080
26
1408
2246
988
98
630
750
2209
2014
16
938
2
2170
174
1740
902
740
1602
2084
400
592
2264
2427
348
832
334
636
1928
2013
126
92
296
1896
2599
1876
2091
2127
1524
2354
204
140
2172
560
598
196
54
1358
1068
1959
742
1754
1717
1728
898
2334
514
2470
446
2137
54
2299
1993
1746
2618
1806
2686
2729
1526
1996
480
350
1160
58
730
2235
2739
1048
2380
2290
186
296
358
284
2639
2451
2279
906
716
504
1466
2227
2254
100
2375
896
826
2749
2215
426
88
1814
2219
1944
324
36
2433
1194
1508
1074
1226
30
2762
196
2293
2283
1166
2006
982
570
1056
2194
2168
234
1494
92
2212
2502
2680
1516
1870
316
2311
52
1834
2332
2026
2242
2320
202
1256
2180
2484
184
886
2481
376
2290
1118
186
2687
774
2288
1540
996
2524
1642
2284
2156
1116
2296
2310
740
2647
1892
718
2475
8
2384
166
1334
414
2401
534
234
468
48
1090
948
450
174
1540
2058
2536
2309
2028
2138
122
312
784
2588
1164
524
982
286
2129
340
2342
168
2243
1238
2496
468
932
1758
2854
2334
2355
862
328
848
740
254
2513
1048
2402
576
402
1102
878
1582
42
2426
424
1981
704
304
1384
526
506
1496
2185
1694
798
2286
2377
2239
144
1644
2206
2547
690
1990
548
2432
1304
2076
2520
2506
58
238
1628
124
464
90
606
382
1636
92
248
2307
1793
580
2487
2040
2549
2399
2372
2014
2620
2277
1634
2791
2130
2310
592
250
1060
1290
270
1092
1002
2420
360
2258
368
2235
1578
12
180
134
1652
1868
2433
12
1440
1284
2658
2161
282
796
2411
848
1988
498
2150
262
2346
2412
244
2048
1470
2725
1028
1436
1741
204
2202
680
1894
374
1848
2212
696
2136
2210
480
172
830
476
174
446
570
2280
272
1466
932
2242
246
866
2314
478
2023
1248
1068
86
608
2400
2112
730
1742
1982
972
960
74
968
2421
534
1931
896
684
1304
1222
330
2264
1694
542
46
2224
608
2327
1084
1844
2561
1945
1754
570
1742
2655
1978
578
2020
1432
1396
2484
964
1954
832
1952
2120
2038
104
2149
858
2294
1506
2601
2476
2639
1826
574
2283
248
94
1546
726
1026
1975
1398
1152
1210
312
342
2276
60
1556
684
738
908
2549
1742
2616
78
2429
1384
2392
2614
156
606
532
58
2418
1568
1242
1110
814
152
1284
1322
326
1858
2559
1078
1918
2282
662
480
734
1262
2342
352
2072
2124
280
2388
2858
296
96
1022
628
1438
24
2727
956
818
1788
2160
1888
836
522
176
72
1818
500
858
2653
2498
1881
1444
328
1380
2371
62
816
500
1392
788
256
410
134
1768
2142
1970
1274
1682
360
2685
758
2198
102
992
530
232
802
408
104
1494
498
2078
834
978
482
904
466
358
1656
1448
1152
66
30
30
2069
2129
990
1038
1582
194
2485
852
674
588
166
1774
1982
838
2140
2314
2015
2956
592
1974
1406
1010
1412
2121
1304
1160
2440
664
1992
196
2180
602
854
2270
2264
802
964
850
718
1750
2084
250
2349
2314
1096
446
628
1720
2288
118
2224
16
334
2454
2075
2490
1918
1957
1360
732
2192
1708
372
2317
200
1616
146
638
662
2095
832
224
1294
514
2578
2362
2227
1178
736
828
166
1902
212
158
2587
402
990
2881
750
906
186
650
1058
156
2438
720
1376
1925
132
2394
280
2686
2366
656
1721
278
1176
1392
824
2607
1946
682
1624
362
2651
2250
2514
608
302
2047
162
1840
1870
2509
2433
418
2458
82
1858
1338
278
1981
274
110
38
2440
2080
292
406
390
900
2026
888
636
1328
140
2263
1934
410
2363
558
826
2122
1891
888
1504
2296
2203
1586
1220
2052
640
1602
320
2153
2110
2298
664
48
2146
378
966
1298
1244
642
352
430
2465
2629
1146
828
512
450
742
364
2254
1104
2268
396
750
8
1592
688
2461
1298
1128
2507
434
1120
36
1890
1398
1098
1254
1780
1124
2875
2360
10
2331
2503
1190
606
98
2397
272
2345
478
2645
358
2159
2331
1896
68
2780
516
1963
2417
1264
16
1060
2116
2490
972
1052
1104
800
1806
1602
636
270
2266
746
2363
2054
2401
1478
900
2045
1924
2314
932
2794
146
1816
486
1796
2341
2231
1750
344
846
810
2688
280
2030
1854
436
2346
2555
1072
112
328
492
796
640
1018
38
346
138
2652
1446
1040
2196
1837
308
192
2390
42
1154
230
2331
104
1292
1898
1042
1364
2238
2359
928
2243
2120
2196
222
2349
442
2416
198
316
12
1736
1598
2375
2177
1846
926
1560
826
1770
2638
414
2098
206
2133
300
1790
1760
2150
548
2357
2247
432
2212
2658
2543
2212
370
1058
1042
2360
2835
2257
1024
2149
1456
1838
474
1228
902
2664
618
976
2197
2014
318
358
1956
2409
536
2161
1178
1396
18
302
582
1350
1154
1790
960
1366
1084
2223
1396
1908
1968
1006
2258
158
1100
534
2138
1640
590
126
806
1130
1861
982
352
408
1640
598
566
454
1850
2832
210
422
2804
1264
2325
1508
2150
2696
1552
820
1286
940
1805
1390
414
252
148
150
2229
1114
2562
1392
1975
1186
492
2570
768
2477
2167
2671
512
1060
1158
1894
860
234
554
58
2139
56
672
2490
1646
1340
1946
98
340
1526
2332
2035
2400
1544
2368
852
2150
644
2352
2117
1726
2330
2208
2149
1210
1264
346
614
1836
244
304
398
1830
1102
1360
1136
1540
590
1628
504
728
2157
2744
402
2094
876
2540
2546
2170
218
546
2076
2321
2194
932
2202
1106
2223
370
450
1777
300
1222
942
1084
824
554
86
1060
2305
2605
2174
1621
2516
922
2242
514
424
1866
298
1044
2174
212
970
1232
2607
1276
534
2146
2182
710
652
2621
566
976
1368
244
2759
2298
10
2490
634
2377
194
2438
1838
2324
1981
2484
1246
2735
1330
2545
2468
68
1750
324
824
72
2353
2452
2306
102
114
1432
2596
2316
2657
466
2540
2798
1006
2128
1828
390
2687
1680
2309
1430
2248
1928
2484
2281
456
2323
50
2307
1982
940
638
484
1552
88
586
2237
2271
1632
270
320
456
2040
1130
646
1386
266
888
710
42
1796
2030
2087
2398
672
380
62
446
2014
932
1977
1398
842
250
512
2366
2279
472
2381
2657
606
612
192
1912
1020
318
1478
1276
534
1928
1826
276
790
1578
2366
606
218
926
472
1178
608
2479
528
318
430
756
656
2643
2215
2133
2394
1330
2386
2298
1418
2628
932
28
2084
1000
2294
24
568
638
2110
2413
2332
742
1716
362
1644
1814
628
2063
1172
2308
284
2506
68
966
2346
474
2186
1788
2538
2317
1308
1796
2457
794
654
406
4
1742
298
484
1326
2098
964
2116
1882
862
2437
2123
2711
1522
92
2538
2260
1042
1873
418
1816
276
950
2496
50
2010
2162
2396
1925
596
1082
1200
994
2316
2252
1426
1800
22
1973
490
2916
114
2278
2788
2310
2510
492
460
520
544
1926
2302
2432
2550
1646
472
2062
444
390
2296
1860
236
1026
1126
1478
2543
1354
2488
126
1282
1570
2042
2320
996
2104
836
404
266
280
162
778
2278
1262
816
10
288
14
2270
558
592
856
666
2244
816
2132
1648
2586
2731
2294
2216
2457
820
86
2176
1416
1536
2346
4
2709
870
552
370
2535
2435
1490
2871
2090
232
2066
2332
2054
560
1408
2496
2130
2404
1938
122
164
1832
1934
308
1574
294
2540
646
370
2232
2313
2379
48
1640
928
1360
410
564
402
2528
2245
308
2174
2081
1626
134
148
2769
2600
2100
2244
852
632
1202
2305
1904
2349
126
1266
88
184
336
214
1104
2586
44
1064
2081
2285
1950
152
1486
270
1354
2660
2420
76
860
274
2188
1792
2442
2306
2298
2233
286
386
2232
772
1106
2204
2132
1270
1110
2311
1228
2329
2512
292
546
82
2482
2398
1821
2638
2157
2265
42
2700
486
338
596
2308
68
1104
2456
2036
1314
674
986
2164
2560
1799
742
2534
900
1316
2032
456
358
1586
536
2359
806
168
2509
2003
2236
248
1702
2151
1204
622
2343
708
382
66
118
2390
692
2524
1748
2070
1432
210
1935
2426
792
414
2296
2130
592
2216
272
158
2344
176
1384
320
2610
60
2168
366
230
2195
2080
12
1090
984
1802
2334
1744
1878
1250
1250
2268
1092
1228
1572
722
1926
1590
2313
1052
372
566
870
2286
2002
1281
84
646
2191
2549
958
222
376
808
2227
1130
2250
202
2344
822
2078
1512
2164
702
64
934
802
2287
2360
256
2321
1290
476
2424
798
1554
804
520
2594
772
1960
1122
1656
2298
2518
2291
2582
2263
2522
2690
2278
2943
110
2479
2726
750
1821
858
542
2165
2570
1104
2631
2509
1072
598
22
1130
342
1726
496
44
2195
440
2198
1886
356
402
734
2715
762
330
1744
382
2409
2405
586
948
432
2875
2000
188
584
2156
1518
1482
94
1398
2414
1702
348
202
1266
926
2181
1754
1310
1388
1142
2039
1678
2498
974
38
2352
722
1028
2367
722
2514
492
2250
50
1312
2172
2249
238
172
16
814
2442
2502
50
1032
58
2740
2349
2143
1582
644
602
1108
180
564
2686
2479
2551
2164
1302
356
2525
516
2227
426
844
466
1190
2232
2492
828
1178
1350
2488
316
200
474
2580
780
2099
2452
454
814
1732
2512
2263
6
264
420
1610
2116
1767
2363
956
1306
2357
472
1246
2306
2304
332
1640
2006
1176
1410
178
766
2334
2070
2078
684
2474
346
378
2604
2610
2275
2660
460
48
1756
2799
1282
726
2234
948
2308
646
626
1090
1923
38
1352
1254
296
2496
916
1732
2230
2825
1964
1942
1760
628
660
2488
2615
1888
2502
654
1196
1608
2054
1872
106
4170
600
228
1983
244
2220
310
632
1018
2448
1396
1480
1262
1260
2113
1206
1982
422
952
2482
210
598
272
1078
246
338
702
1250
1568
1734
1462
4
2723
1882
2645
1676
2274
810
374
20
114
858
252
198
1088
2655
1758
2433
2465
842
2666
1096
2377
918
774
2049
286
404
2511
562
150
2194
2328
568
2050
838
48
2434
2483
2380
178
2482
584
232
852
2156
1068
2086
1965
2414
2162
2222
838
2505
1966
1014
266
336
2200
2489
1122
30
1902
1826
1808
2748
1929
590
1170
2143
2265
1092
674
516
760
2408
534
1450
948
774
2423
40
774
440
2537
1604
252
252
2785
124
942
242
2142
2406
2384
2227
2685
1220
56
2370
2730
772
1234
1156
528
2097
326
1276
2185
270
426
946
140
2271
742
614
2018
290
1756
714
2218
1054
656
1408
2330
152
2395
692
1146
2623
2173
336
1630
392
2039
758
568
2560
518
738
1850
2108
2247
2400
1834
312
854
20
544
1859
2329
186
2420
550
1360
288
1980
2113
2334
2688
60
2812
878
922
992
1880
1106
150
2154
700
2098
2404
1326
1198
2808
784
1724
2407
14
1652
2439
1354
674
60
326
2366
628
1870
1928
1965
2305
1184
570
2316
1957
2116
2274
2275
1982
898
972
830
412
692
678
2621
710
1644
1412
1000
1492
2367
2509
498
2428
1868
468
1850
538
270
1308
2714
932
150
26
960
2027
2411
1939
674
852
1888
1250
96
598
2397
792
230
1718
2306
568
2106
954
940
1748
172
920
530
60
738
512
1332
2559
2400
570
2523
1846
702
1256
2303
340
222
612
336
870
522
1852
832
246
364
534
148
408
192
2369
232
1776
2220
2163
1300
594
868
1786
228
28
498
796
2386
1983
566
2263
478
2148
2188
1196
182
1114
1604
1764
628
2590
384
1512
778
1478
402
2073
478
686
672
2270
2442
1710
4
1328
2461
2272
2103
898
114
2534
2143
2034
2468
2249
1272
2043
516
2114
928
1934
2317
2073
628
2234
1866
1485
2517
96
2205
440
1412
1766
522
2596
2404
558
736
2133
2315
2196
182
2199
2622
18
1356
828
78
464
1924
2631
2337
1360
1138
958
288
994
568
994
2279
202
2058
2618
1048
2284
786
2576
88
1370
1462
1604
2528
1976
2686
2116
738
1942
2380
448
578
1930
850
432
436
926
2070
888
1890
1822
350
2323
2452
1672
1176
2591
2229
2174
2299
2435
148
102
986
532
1544
2320
398
2487
2514
1160
1270
462
1380
1266
2133
2636
316
114
2382
846
1846
534
66
1038
1806
2148
1362
1736
478
1448
2202
2357
2665
1574
2117
76
30
56
2038
884
350
940
988
666
2126
310
334
872
184
1194
2407
2563
422
1656
1832
2106
1412
2533
1098
1662
816
2666
432
1984
1738
1252
272
102
208
2056
1596
2692
2311
2126
208
2664
1386
2489
2260
1426
2082
1020
2654
2188
1496
524
340
1090
1604
2539
642
326
162
852
1324
1142
2012
1956
258
2305
1412
136
2352
1282
2600
2050
2509
2479
414
2267
908
3100
230
2395
836
332
1897
1664
302
520
290
2100
2120
868
20
32
1836
766
1972
240
1242
904
912
2344
432
2442
1580
128
2618
1220
494
2685
282
22
2224
290
598
308
1102
2395
1620
28
402
1782
1274
2400
982
940
506
1234
254
146
28
1606
550
484
660
1510
1798
470
286
2527
2306
1148
2734
110
2444
2357
1915
768
2347
2380
2395
2586
2498
304
1070
2213
366
2471
2651
2682
236
2244
2567
432
2620
2132
2493
2316
1620
1868
356
1026
2392
2516
2086
1950
106
294
562
2226
302
1554
340
688
2305
2237
2493
590
1456
2320
1736
688
836
2327
2394
1878
1606
364
934
2601
1318
2499
746
336
2328
1188
1142
456
2531
1114
2005
228
2460
1999
222
2030
2533
2649
2324
2295
152
1286
828
28
1184
36
2500
608
724
552
1862
2075
868
2472
1202
190
1082
106
580
14
1184
2733
1244
36
1212
324
1879
1986
1464
502
2526
2172
2316
40
788
1364
664
1620
186
1920
2370
2248
4
1006
3100
398
152
1342
2730
1700
604
2409
2562
1926
1940
46
820
1006
738
1828
1000
362
2357
1946
10
38
2383
1366
512
2066
396
380
2733
2219
136
428
2492
2095
2257
278
324
2250
232
838
1134
322
1124
476
2121
2430
2540
1116
2725
2417
2375
152
916
2020
1120
2433
708
1278
2099
348
1910
334
2241
2499
150
122
1126
2462
92
1929
566
1288
860
1176
2480
2583
2062
538
2148
1126
2187
1780
1208
1570
74
1968
2222
1964
2527
1306
486
3147
2204
600
1194
574
1318
748
2263
2044
2290
2417
1324
2791
248
590
1212
444
1064
534
2140
980
1184
1726
2392
34
2092
328
2294
398
674
1880
2126
2274
2149
1326
458
2270
490
1955
2275
236
58
2028
908
404
1488
2942
1018
534
516
1496
2529
1832
1466
2094
1172
922
2198
2178
658
1034
12
1939
2448
2432
2245
690
2404
2603
282
1258
2207
4
902
2159
942
440
2526
2157
1678
942
810
432
1518
2018
106
2328
126
954
396
1966
352
530
1262
966
2206
16
2515
2008
2528
1960
2659
620
2473
2039
2644
1318
1762
968
2648
2549
2350
1700
1932
1960
2507
1664
1162
508
1322
2019
184
1718
18
546
3127
18
820
2466
2158
780
2474
1238
404
712
902
456
1002
1925
1927
1306
726
2462
2080
742
734
1370
2118
828
2221
2384
2103
434
1996
624
1070
310
1954
456
754
536
440
724
1450
2629
714
174
558
1644
2052
1236
1428
2044
2011
2280
214
2265
22
718
2714
2475
2602
2422
222
64
1104
142
2698
852
672
1724
1070
100
972
1498
464
922
64
990
2249
2330
2076
2259
2282
676
364
1014
2096
870
2447
32
2134
54
826
1648
2520
1090
1234
952
622
1602
2154
2065
2289
1142
408
1254
2172
482
742
2381
2374
124
2380
2038
1210
2486
1978
2310
1094
794
1706
188
82
336
954
616
990
1050
2118
1086
1060
844
1984
272
370
2333
952
1774
354
1436
2008
1392
2443
1626
1356
2174
2134
2608
2086
2511
766
2171
82
2074
1376
288
2444
2044
1882
2093
608
752
8
2577
1130
374
2016
54
2288
722
1692
1112
1486
258
2829
2315
360
828
658
1916
2099
508
80
1909
152
2294
1074
690
232
2457
2260
810
2209
2384
2220
530
1750
2036
30
1588
844
2677
2544
764
1250
428
508
44
912
2213
3021
2266
168
1938
2339
2447
2212
1903
1802
1268
2487
2530
4
2661
78
1544
600
2533
2485
352
2147
1242
182
246
738
2490
1162
126
2607
6
1074
1444
1352
502
140
1518
168
354
2167
384
200
1967
1730
2490
582
962
2249
714
578
636
198
366
2515
1632
264
2673
2217
192
2386
224
2212
1206
2122
1930
192
452
2565
268
1328
2256
1564
2234
1935
78
1828
134
486
2283
918
2323
1796
1906
2284
170
1592
2183
36
662
2175
2252
222
544
526
2744
2556
998
2420
1580
1430
1008
294
2328
628
134
26
2282
2180
76
332
92
1432
1222
2357
2404
942
2326
2440
1274
2220
996
1843
1372
1814
2286
196
216
2486
2129
1312
1758
510
360
2276
108
20
682
1336
268
1288
2116
2159
870
2358
874
794
2416
1936
2377
306
352
1262
2377
1044
572
928
1980
1830
202
2405
1972
2172
1462
1470
842
588
446
2389
852
2036
2326
2580
2168
554
1224
496
1062
2056
2317
2572
2610
1302
360
2576
856
1250
2322
2123
354
14
1422
1698
32
214
1956
2254
1843
2686
1542
1022
932
2172
906
1598
2022
660
1772
272
1538
2347
56
956
224
2589
718
2565
2181
1140
562
1076
2478
1526
96
1118
2182
1680
924
754
2143
866
2066
1682
656
2299
1488
2379
2488
558
982
1940
40
22
2236
358
1324
1880
126
118
2394
446
22
2160
942
2276
2271
972
618
1794
1190
496
54
116
1254
1332
126
626
2174
392
486
2335
1482
362
390
2312
1328
2335
1800
1000
570
2672
1072
2206
208
430
1194
1528
1942
1418
1802
2389
2134
2025
2138
460
1962
658
2848
830
2127
430
2074
2370
1216
496
956
536
524
2227
8
2174
288
2018
1114
2262
1878
2280
286
2090
2365
2276
210
402
2274
1390
2519
1228
274
2254
528
1824
82
924
1174
1934
1994
32
706
2095
2276
572
2163
50
2106
26
816
158
2843
1276
272
2375
1925
1966
862
874
2201
692
714
2486
2066
20
528
124
4
2578
1440
2347
1138
1890
1686
642
1372
96
1698
1208
2139
1300
2218
2537
270
1432
1670
966
2271
2039
2172
754
1926
2110
114
1829
324
2483
58
2340
530
2254
1316
148
2246
234
2634
2122
1958
1164
528
1784
600
1882
700
610
2236
2327
898
730
136
2304
1112
406
680
2344
2064
630
2478
1280
42
2104
78
966
2592
538
1516
2158
346
294
1312
654
346
1454
704
10
1170
2332
2447
1416
542
2703
1482
2019
2241
1906
682
2092
352
2215
342
2507
2166
6
1346
2576
1516
272
1734
696
412
342
1134
2455
624
1188
2177
1788
1989
1680
2090
1250
1932
6
2520
958
280
1280
622
2154
1958
444
2486
2460
2116
2245
2446
560
2268
914
2584
1898
568
180
2020
714
1984
2322
218
2185
1018
1236
1424
2306
2310
1022
2413
680
4
154
1318
818
2480
950
1745
1977
1424
2396
256
954
538
740
1132
402
590
1768
1330
920
1830
1190
716
1958
1842
1312
1720
2543
2582
204
1230
2276
810
2486
1586
822
1052
2586
1068
1356
448
126
794
82
1826
2251
2351
1701
622
758
1386
998
2570
788
2194
412
2504
2184
2371
1188
812
2087
1072
258
1766
2583
450
8
222
332
592
476
956
200
804
24
472
654
210
1240
1958
1528
2578
2050
1698
1044
798
2497
2287
1876
2591
2378
72
2369
2375
1330
2539
162
2109
478
750
1822
638
2128
1304
2158
2113
222
434
958
930
2100
2340
72
738
132
64
1270
438
754
1734
1596
670
996
1885
2399
1500
1984
42
676
154
524
2637
2485
2429
1686
1324
1268
2075
314
1108
1679
2246
576
2168
1432
2245
718
92
2358
1592
2342
2039
2120
230
2600
310
540
740
480
114
1652
2229
2176
1989
1950
150
2703
1182
394
2554
90
930
2421
1138
2437
1712
488
1098
2818
126
2130
476
2220
1224
1902
1662
1364
2026
562
1224
2548
1250
1859
2331
574
2231
332
482
1144
2064
2531
1754
372
68
1896
2582
3149
2276
618
2304
178
2052
590
670
2424
146
286
1508
2654
1959
2254
2654
1460
98
2616
678
1618
754
2456
580
1826
2472
1438
2114
2234
1638
588
1842
3240
2025
42
1366
2462
822
158
228
2369
1934
1928
172
1282
2147
236
320
3053
2201
634
1020
662
428
2478
102
1640
512
1906
2677
1788
346
1528
248
2470
202
412
2118
1388
2129
666
956
1358
2323
50
542
1034
162
2432
1473
1290
1842
568
1464
1716
2798
2187
940
426
1058
1070
634
1240
250
648
2180
678
2390
2782
1302
1692
2174
956
2160
2381
1204
926
1052
252
1290
2151
2565
354
602
156
158
2018
2580
16
516
1644
2335
2602
1702
44
708
1212
88
2242
2443
1816
2129
2364
552
444
1532
118
860
1246
114
514
2074
2499
932
1300
302
1604
250
792
2613
2296
2309
150
1506
1398
140
154
236
2326
1064
2036
24
2356
1738
2680
1848
