1344
2016
1276
2122
1834
2276
2491
2484
2470
1708
316
1670
1650
440
2709
134
336
2490
2062
1242
2573
1540
1884
476
1182
1862
502
2357
988
10
1798
2014
2143
2530
2250
1382
974
632
1236
1942
2342
2099
750
206
1058
1784
624
1924
216
26
2051
2246
2123
1400
2084
564
1895
176
206
1528
2044
668
1786
956
1036
700
298
244
418
1814
1602
432
2017
584
1974
2167
1946
124
136
136
726
628
704
1796
302
2290
2440
1474
2132
38
114
782
2453
2000
976
616
2656
1208
670
2070
544
1162
1376
2310
1452
1432
2355
2523
134
2417
278
1012
1150
1126
138
1018
670
2893
90
550
2196
2106
1428
2465
2220
376
2006
88
554
402
646
1882
1520
2238
2354
1710
1060
414
476
720
30
110
2397
1584
1887
2126
2214
2256
2604
696
850
848
564
886
2071
160
546
1894
2562
1766
1732
1316
2568
752
542
2606
270
202
1052
1230
2600
1036
344
982
972
1112
2298
2427
206
1540
792
2263
2341
1844
2577
2616
2110
1316
1328
1098
1508
274
2507
2644
2389
1613
348
2367
406
546
2354
332
2202
2401
676
2299
234
2243
146
80
444
434
2457
2135
2422
454
1350
38
244
2600
2697
1332
1506
1952
122
1248
1266
2558
666
2047
1540
2174
2680
2370
928
382
2167
2479
1674
1172
1922
2161
1616
1234
984
698
1938
2446
28
2348
446
1330
814
940
2538
596
798
50
1042
478
2298
126
2340
1508
850
2126
1336
2269
2394
906
2025
694
1520
2008
2134
530
1904
1008
2539
662
2170
268
2064
798
192
1728
2340
2435
624
462
1636
2170
1874
1016
2514
1760
552
1748
92
484
1974
1374
2112
1116
690
1484
1538
2703
392
1428
2354
674
452
1108
2423
950
1708
174
1822
2580
2154
2546
1525
1917
2291
1704
2159
302
2698
1406
120
400
182
324
2398
2557
506
2782
1082
1004
1518
1836
926
20
426
1771
610
2330
186
2271
2044
1024
2373
2603
1042
1122
1986
2386
960
170
1020
622
2126
700
310
2449
2762
220
592
2339
62
428
2541
106
334
1716
1314
1896
1676
110
688
2508
1644
1218
2390
1974
1212
1420
1418
766
196
2228
864
1876
1032
68
2332
1438
1482
126
2610
1490
28
254
1418
1592
440
2566
718
406
1864
2759
1680
654
636
1738
2129
860
804
68
2602
1436
444
1816
2482
2440
1328
2344
188
2661
2415
1396
2370
516
1574
722
2517
2645
2239
64
1976
2158
800
972
2502
1740
2612
976
2276
700
1638
2513
1272
2387
2302
622
2018
1634
2388
2478
490
2098
2285
1594
1326
220
1996
2175
1306
2530
1316
1956
566
222
2240
396
32
1510
2555
618
1486
2419
474
1806
244
1852
3181
2292
548
456
2197
2046
2224
462
62
822
610
704
314
2093
472
1916
226
1268
56
582
1634
1814
710
1854
2207
2085
2514
254
136
2130
1514
2520
824
326
1460
1630
2616
1926
2610
940
1518
2229
1864
1500
288
796
1408
1196
1258
2634
254
598
576
2087
2584
618
2516
516
2218
1962
1072
898
1846
426
2346
2646
82
1464
2775
1836
1176
1906
2480
178
522
346
648
2242
940
1774
1068
2200
2135
1711
2193
1876
2051
108
2013
2578
466
286
1574
1070
1642
2388
2170
1388
1046
104
2256
2479
10
1740
1656
2250
2677
530
392
814
278
2317
2115
2600
932
548
2512
262
2203
2374
480
490
1180
2498
952
1992
894
536
2372
2414
2801
646
538
2215
974
476
18
1226
1078
1982
1222
808
648
2540
860
1474
1542
2317
594
148
656
996
804
704
2058
684
1356
1256
94
1118
2683
2387
2536
202
170
610
4
2378
684
916
1180
1582
886
2374
1996
902
1126
1092
138
2665
2620
2442
114
800
2390
2187
2138
870
304
484
228
2698
278
2046
1938
2533
78
1915
726
2096
1704
1408
1160
882
1180
324
2149
892
2704
2096
2827
1620
2646
2779
74
2507
48
2558
438
708
2552
2221
492
218
2214
1988
1980
2100
2338
1372
974
852
2350
1204
580
894
1186
2524
520
806
2
996
126
1938
1656
1546
2384
1882
2632
2078
2471
1442
502
462
608
2213
1122
2464
2859
2422
1776
734
690
590
1682
2094
2024
1080
428
2062
1712
2707
2363
808
1772
308
2477
1412
2256
1506
2462
426
1472
906
2523
1368
68
736
2432
234
164
1348
780
40
1018
256
872
424
664
2222
1434
2456
46
1020
2180
332
2472
1076
2267
946
174
94
1903
210
940
240
2365
738
140
2544
2077
2472
2220
108
18
2597
2359
526
4
430
398
2619
1450
864
1236
2088
436
948
2208
2317
298
1915
2074
2663
2017
672
46
1072
1881
1090
2034
1014
58
2096
2513
1776
240
2392
1124
104
2014
80
2064
882
1318
1941
2376
488
2046
1593
2567
492
1990
1840
576
588
1242
296
764
2547
334
2177
2120
438
264
146
2268
1390
1228
562
1744
572
2410
2556
566
2392
2363
1558
458
1344
1074
2538
2378
2036
832
1290
2020
618
352
1624
248
1756
2351
2278
262
252
186
1894
2357
912
280
210
638
2100
124
2135
1466
680
594
2322
618
640
2349
758
836
108
2409
274
1888
2395
2371
108
552
2416
732
1916
202
698
58
382
876
2213
2079
504
512
476
1324
188
1180
2554
272
1948
110
1648
1652
2096
678
1122
632
58
526
2547
2054
334
688
538
2171
2056
888
310
2582
1918
2175
2357
2059
2593
2382
1408
2369
446
386
826
1666
468
2005
1322
138
430
2002
392
528
2272
2665
1066
810
1094
1896
2143
270
1352
1658
1284
372
2467
1620
266
1112
2461
212
30
1506
2450
588
2178
366
1642
574
1314
14
252
1256
2170
2530
1180
1114
1106
1436
2078
242
2005
638
2255
2114
222
1572
254
712
2460
1622
734
32
192
1362
218
398
456
1432
1928
2251
382
1190
278
2277
2607
754
296
280
656
136
2210
2786
904
2343
872
540
2644
78
172
898
1682
2099
694
1242
1906
2597
1520
2312
394
2240
2609
1338
2516
1578
506
2213
2533
1106
3839
542
540
808
182
602
1212
2464
2299
834
1576
2318
650
388
2333
168
512
648
1426
1108
922
1996
1338
724
2661
2019
1068
1994
1148
162
1923
54
2448
1136
2214
1110
132
1180
1408
2354
246
452
1974
158
146
412
850
404
1224
2571
2437
2627
70
2429
2060
2268
1110
2024
2427
2084
2511
8
452
96
648
1044
2085
2443
1999
1236
1608
570
304
1058
960
578
746
2110
368
24
2152
2327
1172
1312
1676
1642
462
1188
800
2580
1741
246
1578
2218
2089
1220
2
2029
1162
264
2282
1192
1236
2257
1160
2340
542
1550
2607
1390
1997
2219
2435
756
2139
44
526
1250
2498
1812
382
248
840
2484
960
2455
2453
2600
282
278
1946
2093
2260
2135
2492
2624
778
2218
78
252
794
474
908
2252
450
120
2478
2193
2050
1460
2197
2205
6
2419
2499
702
1810
942
2087
1906
1760
1660
432
658
2576
2550
2412
484
2646
960
488
2890
2351
144
1342
160
1204
172
2202
348
2574
634
916
2096
246
2178
42
192
180
2126
574
1154
2248
2220
696
2457
1270
278
2614
122
760
1938
1556
2348
2270
506
380
2411
124
12
1362
2004
2225
658
2339
1020
1162
1000
732
900
1824
2314
1610
1572
1714
392
26
2214
1800
874
2044
236
1608
2212
152
2153
464
678
2454
2422
2340
2270
1462
1578
2071
2413
1064
636
1122
1736
2271
2505
1554
708
1634
260
896
262
2685
156
1958
1264
2131
898
230
1682
1796
2179
410
1316
2101
1714
1016
1438
394
804
2035
1094
1422
986
2414
860
1302
1720
2124
416
2118
2104
2334
1812
2000
2181
82
24
2397
660
1384
2428
1190
2190
216
1336
22
194
974
964
748
628
152
728
2262
1794
1598
600
626
432
1296
74
170
2081
550
2135
1124
60
2203
2383
1090
1038
1030
2538
1641
2229
368
1164
1999
950
758
168
342
1996
372
720
32
2717
132
2688
2610
408
428
1866
2610
2475
2156
3606
558
548
2228
2174
2364
244
508
1458
1134
1894
930
2701
1554
2085
1358
1504
2036
2451
2367
2461
388
2220
124
2256
1428
2251
102
188
1496
2470
2196
160
236
2287
2483
2549
460
1676
444
1088
1074
1022
604
1002
2350
2231
2776
2464
318
1988
1520
2346
1418
2295
440
1858
384
1086
246
712
2185
404
588
676
758
2371
418
188
814
1978
1666
1652
696
90
568
2018
216
1266
128
1854
2287
2442
1374
2471
2536
480
906
2465
2366
2060
2494
1130
778
120
340
2366
520
622
1334
2186
1946
614
398
2424
1216
350
246
1494
2122
484
492
448
1746
1922
1700
1406
140
1949
1895
1901
1862
678
726
2500
554
146
732
2508
654
76
418
2634
2628
136
1208
1274
634
498
286
372
1927
2731
2990
2323
188
2377
1990
2260
1706
602
422
238
490
2539
224
2433
1004
372
584
2569
1096
1492
830
42
2000
2705
2233
298
1908
50
54
28
2237
1622
562
2018
98
2234
1520
2418
848
1510
2099
1166
800
2583
2722
530
2837
38
2410
1708
1514
358
2715
364
580
1735
2406
2124
674
2267
264
18
22
2334
1366
1534
2112
1316
162
2509
1070
2507
160
1410
1288
2432
1906
436
920
2542
2676
2226
846
988
1452
246
1874
10
2409
2668
20
1855
2574
144
570
270
468
328
1608
2318
1800
788
2008
1156
230
1402
1644
2276
412
2798
180
2124
884
646
944
2183
2551
810
1873
2409
510
1076
1296
1976
1728
432
220
378
2333
2285
396
2104
2328
656
458
924
512
2369
1516
586
782
2020
1302
1596
160
476
586
996
2419
2632
120
310
2685
854
254
934
650
776
28
956
2332
2358
264
1456
982
2709
694
2098
552
1451
838
1456
1260
2122
492
1929
1716
2095
2566
1694
246
2382
1788
1114
2330
468
1530
156
52
48
2306
2547
354
2498
518
152
2690
1290
712
1848
134
2748
6
1074
2056
2526
126
1506
758
2055
1118
402
6
626
1490
140
2338
1472
2657
2232
1306
2168
838
2136
208
2624
1698
2202
376
2728
126
100
1092
596
2020
2222
2440
484
94
2517
50
2822
560
384
434
24
1260
1812
488
934
246
1692
1318
1318
686
244
2040
1128
1867
32
2630
1526
358
432
2181
1620
394
2254
2437
2278
84
914
2162
1212
2161
470
2210
392
2398
2009
190
1498
2361
1414
1302
294
194
1958
2622
2349
344
742
2459
1210
2365
196
2532
2420
642
772
1674
1622
1742
2048
964
1895
698
612
2735
2148
2062
1200
2538
2345
2135
464
2523
538
1998
1862
28
2209
1270
2485
1514
2779
432
2025
878
2125
1484
472
410
2442
2358
2054
682
1462
1902
2827
1792
2380
2208
670
2419
2223
1310
2126
2126
2234
160
698
1949
1628
2089
802
2325
450
2618
2200
2306
500
2411
524
1074
18
2216
1422
72
70
58
26
792
1224
1747
2244
426
2326
2134
1540
1770
296
634
778
2161
1072
1658
2344
230
250
2554
2324
1626
266
644
2232
462
2330
104
252
224
164
392
1030
812
2468
1176
120
2276
1142
2784
666
592
1454
1368
2511
2328
2351
2365
2469
1102
2138
2377
2071
1744
434
2692
2403
1880
1196
2378
2179
2258
2234
244
2654
1376
2273
2738
206
2750
2672
704
2191
406
532
328
1162
1970
2120
1208
2756
54
608
332
104
2455
1090
1610
1634
1194
222
1796
994
1130
844
2541
1978
1699
24
2136
2253
1958
2036
276
1334
904
1720
1624
1462
2471
1192
1218
2188
1014
2234
1016
2582
2403
626
776
2587
808
1498
1506
1710
1887
390
1634
1272
2246
34
1142
1008
854
748
1454
100
1116
2117
50
870
414
232
622
464
2322
2138
2169
1198
1750
2401
1334
1830
710
1796
184
938
824
2213
1552
2558
2140
2514
2013
1252
2288
1572
2521
2121
666
2278
2080
576
282
1734
244
2663
2207
1376
248
434
2032
1911
446
2083
2398
788
64
3126
260
340
2428
402
1891
2276
120
1888
366
2524
2356
408
2030
2063
138
164
1615
2245
2536
2577
930
1908
2677
2187
2396
830
1334
2124
920
52
634
560
1998
1442
278
2269
302
22
1985
726
1958
1226
2007
494
330
1168
1936
1798
300
2453
232
886
822
2413
2350
1156
840
704
126
2224
712
1542
2332
1280
2294
1878
476
2284
2211
1925
2459
634
2178
1434
488
376
2371
2066
212
134
908
2166
30
770
2714
664
344
546
1124
2297
760
2217
788
2222
1046
244
2561
790
1895
454
1568
2189
1658
764
488
400
2295
2569
240
1322
2214
2383
1772
1188
520
690
1996
666
2530
2251
946
32
2179
2533
242
804
1046
258
132
1862
406
2602
698
1967
1752
636
2114
1896
2516
2413
1862
670
396
1002
468
2002
882
666
2072
926
2076
2410
898
2274
214
742
2438
268
2192
2160
1912
2198
1052
2059
1358
2338
2150
2339
2532
2897
438
574
1554
392
2448
1744
2431
2698
886
796
1358
1890
642
2226
1480
2459
440
2278
330
2327
928
2452
1198
2495
310
2212
1921
660
2358
894
2008
1166
280
2310
1624
2456
2108
1788
2722
2362
1857
1294
1142
476
2650
1826
488
896
2304
1714
676
1398
1998
2026
552
110
1899
2291
2423
1378
844
2427
578
2305
2294
468
2486
294
74
470
1914
1821
2697
2508
990
36
2345
1704
624
2374
90
692
1798
1062
2393
264
1122
2067
872
46
196
2393
862
560
2059
798
112
204
2192
30
690
1824
1012
526
692
2268
838
2732
1639
2590
1556
2141
2233
986
2239
186
2489
914
2074
538
1100
608
698
388
142
82
1296
18
1294
2659
2056
1474
1152
474
2112
430
1412
1032
230
830
222
1977
1612
938
346
2218
1414
392
266
234
200
2709
938
948
2051
534
2312
1896
2004
502
2024
2525
332
2421
1656
164
1970
2034
1244
2302
620
2839
2502
354
770
2170
516
862
952
2195
144
856
442
170
2372
212
2495
2196
126
844
2186
2423
606
2379
362
84
1752
234
1486
1096
2079
188
1238
1640
2876
2229
2523
656
2558
506
1104
1328
2464
460
2614
398
2336
2354
514
438
2508
1940
1296
2224
2496
574
2692
2075
358
50
1674
1667
2280
2285
1812
500
1772
2207
1993
154
408
294
734
1872
1488
2164
1480
46
884
1498
762
816
208
1728
2458
2629
292
2606
28
2081
1364
1954
2343
426
1108
2395
42
2224
1072
2196
416
80
1348
1362
936
1986
2087
1272
844
1782
1606
1966
996
2344
2189
802
2074
54
2631
2593
2107
464
246
2603
1100
654
1108
2052
974
338
640
1630
1102
846
142
1838
1558
650
1562
990
1058
78
66
2350
1728
1560
536
336
1286
2059
1198
218
430
2355
590
1849
2448
2384
202
308
874
2516
1384
452
1859
1576
2166
2391
612
2367
1480
194
2159
322
852
170
1940
740
1924
2096
2124
2054
694
874
1276
184
1180
2198
438
2353
2270
186
446
52
874
1495
218
82
164
44
2430
866
1590
2219
2414
756
1636
1034
590
1022
2376
2241
2186
1324
2442
2342
2484
680
1112
2206
514
574
2461
1852
2679
2356
1418
1972
2308
2458
1602
1886
1903
2338
2019
592
2590
334
2448
416
182
2199
2608
1130
2236
746
1230
1861
2425
2138
2102
2190
422
2105
2279
942
2064
1048
2460
918
1862
1827
1726
1664
1918
156
2030
1508
2099
2790
2320
2337
2462
2232
244
1994
552
1216
214
194
120
1574
730
2246
1432
2044
2105
736
1534
476
1488
2312
2177
2200
2349
2284
886
2211
1144
1404
1028
2540
2611
702
2078
1392
2325
150
1824
88
992
2414
1812
2206
536
1102
864
678
324
2398
1632
1040
488
2337
2477
2026
2432
2018
2382
1466
2339
2708
1360
2580
302
326
2142
386
1702
2256
2220
740
2421
1792
1800
654
2226
2130
1280
2224
1300
1018
1656
612
72
1036
2329
500
2399
2016
686
338
926
672
1046
360
1740
642
780
2645
2134
2822
592
1046
1248
922
802
1474
1046
1074
1568
2604
1806
1920
1482
790
206
2482
2480
2268
1986
394
54
194
46
2415
1100
1933
1046
1446
636
760
1926
2408
2064
1638
618
656
1012
758
474
996
328
932
1970
1502
464
2209
2624
2016
1036
124
374
2357
590
1382
1484
520
16
2468
166
1954
256
594
650
2186
2096
2254
2094
1626
718
2369
2127
948
588
2533
3278
892
1544
648
2728
2356
2008
178
2242
50
2001
2290
990
38
394
1244
2327
2582
362
974
1516
448
426
382
978
2523
2408
1040
1478
816
184
264
1614
1976
784
260
1334
2354
642
4
1002
1806
1356
722
124
78
2589
950
2378
2013
2366
580
1392
52
98
2343
2255
1698
1390
2594
162
1128
2455
1866
2523
1630
2300
434
2030
2440
140
1210
1911
1384
842
30
600
2090
1310
772
132
1016
2853
1316
1344
434
1440
662
1106
444
320
2504
1420
1356
2003
38
2240
1162
502
338
1414
1955
2653
2469
2266
724
1654
2239
2160
98
1736
2356
160
2028
428
2235
302
386
1682
1582
1904
2526
1610
1921
928
780
1812
158
132
702
2145
2032
1256
1258
2449
2195
2135
1422
2211
2180
1776
1936
2461
2274
1250
98
2253
2496
2378
2688
884
2546
2197
30
472
434
2498
28
2070
1950
1402
1222
2327
100
972
244
1884
258
2160
886
1392
1670
720
2378
378
1714
482
454
434
308
836
1460
2330
2203
2237
2048
1084
40
1228
78
1252
538
216
1002
658
1292
514
1946
2112
514
218
426
1156
130
2185
130
2273
26
210
1724
2232
698
1478
906
1366
2334
1118
604
826
562
942
1548
1108
1668
20
2381
1928
1895
2367
78
798
72
2338
594
1526
1674
2292
692
1280
286
598
2097
2011
2002
1650
272
980
2336
1076
358
18
468
1382
2244
240
1704
1792
1570
1996
710
2628
44
2145
858
2315
1886
76
418
2483
1426
92
1656
110
2406
118
880
44
2196
962
272
162
866
1798
2093
804
1336
664
1786
136
1060
910
244
300
590
2116
190
458
1706
2556
764
1921
1304
586
2333
582
600
716
460
1046
998
2449
124
2295
2556
2503
2122
450
1488
2056
1434
1440
2213
898
1348
900
1749
956
934
1026
56
634
2578
230
88
2673
722
10
2149
208
1278
1370
2505
1514
2057
1168
1274
1700
668
1980
1656
962
652
2322
14
314
352
418
2340
2330
124
660
236
1560
1310
276
1302
78
1466
1736
1361
2529
1698
562
780
1092
2495
1642
2160
1280
102
398
2201
2537
2748
2313
2049
936
2537
676
322
1641
2196
2330
672
1670
2112
2010
612
2539
2074
868
636
58
272
84
1010
2082
454
1178
760
578
730
352
42
2170
1300
1817
1084
1618
2411
652
2291
2210
430
2085
282
200
366
248
2402
258
2672
2218
798
98
2640
478
758
262
554
402
2732
2497
2552
2166
1488
952
190
256
1158
1348
638
1688
2672
666
2538
272
296
2388
1668
2388
2207
2852
508
220
2070
602
440
852
1604
1042
42
2210
2330
1530
1570
200
558
2378
2322
2078
2531
134
2530
1308
1364
678
2148
1382
2392
2513
1084
2571
22
98
826
168
64
2399
2092
2578
1186
288
750
382
2576
1979
1944
1162
2532
264
2080
422
1858
2010
2142
2427
1530
524
610
2250
1176
316
1016
624
1022
82
238
56
736
1937
2400
810
2599
2312
1686
2183
338
1826
2245
884
18
2174
2230
698
1098
2462
1108
2488
446
2233
214
984
1396
850
2181
674
970
1454
592
2646
1374
2024
2503
1606
2020
2226
2341
316
2058
910
1604
272
2046
2297
978
1230
516
1943
2386
2488
2172
200
2321
2222
2384
2176
2712
520
404
2376
166
2218
646
54
2241
2666
784
278
1896
1876
2702
50
1172
2477
12
64
468
228
1304
764
2070
1042
1799
742
2106
2368
626
2686
172
1880
2608
230
1210
1924
204
1578
188
2125
1888
2381
1130
930
2540
2087
2375
918
2212
1522
228
702
1981
278
2291
1436
1218
780
842
1744
1526
2133
942
556
1710
142
2262
1066
1738
2306
2
2227
2580
1674
472
2404
1626
516
546
2033
1648
426
1778
2245
2364
2433
1508
1166
1440
1074
540
1064
630
268
500
1806
318
118
734
282
1146
2492
820
616
126
1252
2348
312
918
1084
2184
2469
568
332
2717
1452
2471
1094
720
918
974
2060
2313
900
1872
2113
28
1980
474
290
2326
604
254
1184
2339
2677
1134
2266
1212
1480
2144
2127
34
2661
268
328
1220
78
2032
1876
2513
2230
2206
1580
264
560
90
1702
5629
2434
242
2149
72
1978
530
2370
640
1840
1884
1720
1742
2311
574
1989
770
1560
268
322
450
88
2759
2206
2188
374
1574
1574
720
392
964
2359
2557
2198
1358
2128
944
594
194
1634
1136
358
1088
686
1434
8
2271
1640
2032
1906
318
258
12
2318
2857
142
2188
2627
552
596
28
2064
2353
26
772
380
2374
626
948
480
468
44
1512
172
648
1942
482
2116
108
2596
2428
2057
1070
532
1100
488
2419
88
718
1776
1896
1610
2298
2368
2206
402
1923
188
1018
2914
8
2034
1310
450
2658
88
2618
246
2008
806
2393
2596
430
1660
648
46
1354
1572
2167
1522
2036
440
740
1392
202
1112
2416
2373
538
2603
164
2193
1560
208
2235
650
676
2428
2172
2076
632
950
1276
64
674
596
654
988
372
306
306
1676
484
2210
2316
1190
914
2319
2680
2308
26
2503
2216
2438
682
878
2567
2273
1186
1110
1132
1282
2217
2430
1498
914
224
2056
2053
280
2178
2174
680
2348
332
2726
640
2150
2425
912
590
1666
422
1116
458
2443
1876
1276
304
970
662
2404
2455
2101
912
2364
1178
2391
1198
2019
2128
1842
812
3150
236
2281
2012
1946
1676
2047
2361
1829
1342
2219
2764
2360
10
488
110
2162
520
2413
1388
1322
584
2044
2094
52
1138
738
174
1188
2091
320
2117
886
1984
280
1946
2158
2007
268
2220
256
1774
1310
580
1012
198
2436
714
280
1590
2014
2170
1252
2048
938
2612
2124
1404
244
2183
1574
204
618
930
1940
1903
2567
2086
800
2573
2269
2032
1908
538
1158
426
2725
206
528
476
2204
1250
2621
2093
730
1022
264
658
240
686
2748
2295
858
1022
1568
316
2479
924
2149
2264
1736
2496
2289
2118
1240
2339
2656
154
1840
2137
52
1694
2424
280
1840
1600
1620
544
2578
2344
28
2545
28
2008
2222
2039
612
1194
1348
2010
356
1210
2411
2154
344
706
586
968
2136
374
450
1464
2332
2504
2387
1966
2545
494
2796
2382
1302
2051
1964
2278
900
2204
728
2034
1938
1342
2457
2489
1925
2377
508
2438
326
2338
450
608
2222
312
86
2180
2006
2182
2415
2066
1972
1334
1776
700
608
584
244
1216
368
386
286
672
2761
1752
612
786
1022
1042
1164
714
906
1707
2111
466
488
570
138
884
1398
2100
1272
2036
1432
266
396
2403
976
1298
302
330
1596
886
2354
2024
380
350
1944
190
2136
2057
1006
596
1424
2208
1652
2191
204
126
1286
134
572
2436
184
534
118
2136
200
2156
962
2472
322
2244
948
2495
916
2238
958
454
2511
174
660
1560
1866
2048
2058
96
314
386
768
2348
178
604
372
622
206
112
2561
1398
1288
1422
568
328
2429
2631
2769
2486
674
2742
2465
714
1104
1528
2999
496
1738
684
312
2138
1072
2523
494
272
2440
2461
210
1854
1000
2216
1016
1916
338
132
652
2368
2615
574
16
388
1762
1380
1052
532
2623
1918
552
1100
2647
548
2703
466
990
2392
2110
2875
70
998
2255
1434
740
2114
96
2346
1744
2546
724
2477
2102
2500
920
1964
1992
2814
2492
2434
896
386
546
2152
2648
2327
1024
1234
944
1404
1932
1792
772
900
306
2606
2127
1624
2157
2544
1024
506
932
170
2174
480
390
170
894
1624
114
2240
462
1992
720
14
726
698
590
2293
166
1985
2477
466
1910
2331
2344
26
2059
734
572
2378
590
2436
2234
2167
2206
1446
2065
1912
162
566
1412
1880
12
2459
2539
908
1590
2126
96
470
604
1200
1266
2000
1978
1394
22
2405
1218
2173
498
592
2517
2393
302
2226
2251
2206
2076
1895
1292
1162
168
1995
550
1486
1296
1344
2458
2439
1752
1366
168
190
2596
2393
146
2117
206
420
1278
296
1318
2713
306
834
2799
1810
2110
222
1571
716
1254
1580
2412
1586
400
2196
210
1948
1404
2092
1084
662
2395
90
2163
794
1106
48
82
2155
1694
2287
1388
2418
716
2488
1280
2058
116
942
56
2457
350
334
80
1180
1142
1230
1182
2036
1182
670
2303
578
1768
210
364
1420
1700
542
2424
302
2093
2344
894
570
788
2040
326
444
848
1860
504
448
1276
1496
930
2028
484
2004
134
1648
924
150
138
502
1522
1980
1934
2131
2156
2164
2350
1384
2226
222
258
2441
1334
72
1004
152
2279
2033
162
654
2324
110
422
2265
2456
2358
632
1940
2434
830
544
898
672
2518
2316
302
1424
1194
1642
1984
2278
2567
2122
2442
98
2564
870
20
2258
1625
1330
1010
650
2262
1050
1878
928
1520
2072
1432
1702
198
1592
2637
524
1058
2228
2518
222
560
1962
1938
1532
2203
1458
76
2301
2050
2403
1064
1855
820
80
2676
72
2256
2413
318
2468
698
952
2856
2636
2268
2487
144
388
392
2511
866
2913
1992
1084
2434
2234
2134
1054
516
1286
1314
1052
436
176
1690
1584
1290
708
652
2204
310
584
550
570
2086
2465
22
148
20
1842
2466
566
2289
1280
2589
1969
276
2158
1274
2338
2276
1884
454
1828
1250
988
2226
1126
1270
2619
988
2261
716
2522
2618
1941
292
2585
2195
2340
1474
16
1126
2268
712
94
804
1436
880
1896
1352
490
1034
2375
2460
1558
366
2370
2245
1428
1574
232
2380
1082
2130
1364
2568
1198
2473
2789
2704
96
2342
1148
590
2624
1662
528
2379
972
2225
2040
2276
120
1044
270
218
2568
232
1508
2067
330
2114
64
546
996
2460
1406
1204
2825
2080
344
228
1010
632
1376
1362
2520
1814
1696
276
344
946
1266
1224
1940
1366
2435
1520
1026
652
890
2432
2572
12
242
2294
2391
2430
284
114
324
2453
1680
2120
2268
2417
1741
436
1800
2344
1884
966
1552
2238
2580
2511
1898
1230
2204
2194
2183
2116
1424
1897
592
1778
30
826
2404
1584
1082
204
2525
1694
1776
170
2195
1970
286
438
26
1338
1588
2158
632
2191
2270
104
1886
1998
108
212
1726
566
112
1278
10
2413
2687
948
1306
2515
456
1795
2627
462
1062
2113
2152
2556
342
1034
590
1900
262
8
2417
2463
918
988
2345
2388
930
362
1822
382
2277
404
1240
2195
400
2352
314
102
1642
1096
1380
2416
2342
344
1146
1688
362
446
338
2328
26
770
2056
2058
2386
524
1406
2276
2215
1104
930
2293
1476
1886
1238
1214
1064
1896
326
766
2588
628
2080
694
2394
2266
1406
914
360
98
1360
1788
386
1028
1158
242
554
2374
1214
1414
2679
532
496
466
1460
2192
2584
666
460
124
2238
2362
266
192
660
2504
2430
2213
2288
502
146
84
1252
342
2446
2307
956
2622
2218
950
228
256
1316
372
1068
2515
2546
2325
398
198
520
126
2325
2018
2459
2074
1176
1004
2155
1826
924
1466
1024
1110
500
282
2537
1648
2370
2359
82
2699
426
968
1458
3033
2104
2681
1726
698
752
2071
2278
2603
2561
1324
1946
1064
1230
1032
2158
322
1056
424
1910
572
1000
472
472
2584
2154
780
820
476
492
1080
900
806
2225
1712
384
2473
454
2170
2610
1996
562
560
2450
2423
1044
2561
230
2006
116
2190
904
556
2442
166
114
2384
2026
2281
676
2412
2620
1918
190
2046
230
336
2257
772
74
1950
2772
326
2508
2242
204
2430
1875
2785
2485
66
264
584
110
228
1426
1196
2280
164
368
2615
400
258
842
2168
188
2168
2574
482
904
2315
1474
1002
842
862
1346
2478
2421
2504
2461
1748
698
1562
234
2360
2662
1164
2040
2014
1336
2289
22
46
538
64
986
1562
1114
584
852
2104
1766
1528
2176
2096
2343
2278
1994
454
810
2473
1300
844
446
706
1886
4
1749
2383
2127
1300
2022
1974
2510
2409
1818
1988
1176
1404
2152
1164
544
2111
2461
1576
2342
2347
1985
2064
684
684
376
210
1940
2229
696
488
2288
2016
942
1234
482
2174
52
734
1004
2102
680
2302
2335
120
1990
2656
1574
2310
84
1552
2395
2502
2216
2098
304
310
40
60
1000
2248
436
2328
302
336
2221
30
2032
914
288
2541
182
30
2826
2422
430
96
444
474
2462
2410
1364
684
1644
738
1978
2233
2560
2229
438
450
1452
2370
1945
374
1962
890
1594
1072
1862
560
1805
2218
92
2098
2283
1534
732
144
1314
720
1564
662
932
2066
324
2170
782
2188
736
104
766
242
946
394
538
2154
2047
2553
2462
48
2574
2463
424
2078
2488
1230
2007
920
2280
474
506
1704
440
630
2739
2421
2376
1074
1224
2330
662
2184
756
2347
82
310
1292
1012
1632
836
1154
198
1410
1895
1212
2020
1540
472
888
82
2679
104
2461
2238
708
364
2270
2296
1114
2232
1006
1925
480
728
1178
1122
1522
2227
894
2252
1552
964
548
1964
326
2395
1220
38
612
1194
2400
2718
2048
324
1068
2608
706
394
358
1318
2323
318
914
1638
1504
890
1872
504
2328
302
994
1430
2262
62
346
374
964
1044
2136
1466
158
2208
220
284
432
1146
1108
1124
1058
2313
1766
2145
80
2171
2309
856
1906
1194
712
2264
362
2494
282
848
726
1352
2554
2600
1390
1122
786
928
1490
2669
2454
414
2253
378
674
2203
2245
1134
740
474
896
126
2238
2600
2329
60
2434
2261
2680
2434
2240
1238
2356
2070
2418
2418
2279
1058
622
30
1274
660
2280
38
1312
2199
1876
2284
2062
1470
142
2263
2222
566
796
1708
76
354
248
2086
2096
158
1052
106
1154
46
1526
2265
2210
2039
1110
942
840
2190
302
1298
198
2049
1054
822
2250
1342
1825
2858
860
1172
760
1216
1212
2611
2473
1064
2280
1816
1228
1704
2361
2110
2554
756
2720
1072
1554
2387
2350
1078
1016
1412
326
2286
1250
2099
1238
482
334
2460
2233
2476
52
592
2463
2552
1744
2390
814
2365
1248
568
1420
1180
2642
56
228
2073
544
2513
2594
136
868
2366
2376
2309
1928
2281
1983
2502
2378
2002
2443
2354
432
846
460
1746
2168
2514
770
2505
1924
608
1020
1538
480
1178
6
2322
1767
1868
2644
322
2016
20
340
352
2346
662
224
894
2291
386
964
2654
2385
1770
282
1720
2474
770
1024
150
2262
1576
2517
1788
2056
458
2028
2026
2239
714
1352
1450
1154
858
2405
1030
2455
490
1924
134
620
772
1927
394
766
1018
1100
1310
1108
830
2010
2984
2116
988
684
2224
2158
1760
22
794
2725
1444
1320
2645
2147
850
1226
326
398
1730
2816
522
596
1744
546
1222
2394
2065
24
468
1366
1924
2538
936
1952
1250
682
2110
1594
2004
2289
2279
1542
908
170
774
2378
116
222
1588
1254
492
1086
2050
322
2178
646
2078
1808
2186
764
1316
2508
2118
1086
1250
272
2140
168
1102
1760
1224
468
452
2544
592
412
2241
350
2332
2096
1832
1548
2456
2269
472
1214
2206
2087
2726
632
1516
554
1780
2603
24
482
796
146
2205
1696
2605
1440
24
828
2462
1722
2144
1923
2272
2031
716
352
28
394
1220
1384
408
1770
2625
2296
2466
1380
1448
704
218
114
2375
2357
518
848
2335
2012
924
1830
2008
2434
278
514
776
890
1024
1946
2102
1034
2394
1018
1202
32
300
686
736
1930
2287
928
1960
390
2211
10
1228
222
774
1182
1281
1898
536
2194
1016
594
2288
308
676
1054
106
1599
894
1486
2356
1414
1022
216
2445
778
2594
2087
1740
2190
836
890
2350
2711
2346
946
754
42
2244
60
2367
386
2067
2403
1548
286
280
234
536
2566
14
2260
2137
90
1968
228
2207
452
2163
1858
1068
796
2075
2156
226
2173
818
2432
238
642
2461
2511
70
614
1044
2255
1084
2027
2302
1929
2561
2651
1684
448
432
2496
338
142
2616
2522
742
602
1380
560
1664
1314
2153
244
1126
2438
1570
1042
2324
1014
962
316
1250
2202
2201
1552
14
1124
604
2292
70
108
674
2394
2474
396
2600
210
554
450
996
464
548
738
2246
1648
1250
816
58
2186
802
2487
880
2136
2188
1851
2253
1182
1170
1568
1740
2454
2123
414
1066
596
2466
2729
28
2746
262
1966
2529
2602
1644
824
2509
586
2333
2213
1284
82
1948
402
1892
290
1321
2558
424
2336
494
2276
1016
750
1394
236
2513
304
636
1620
2490
1824
2744
344
2519
92
100
1206
28
602
2011
772
2532
2437
1372
636
2176
1672
362
388
2096
454
2567
720
1362
2372
2386
124
758
270
808
606
210
1792
1873
1468
2446
2320
2583
2307
1572
76
2236
1120
994
1588
1784
2527
1688
2048
2346
2943
1452
568
1494
1028
1092
528
1222
346
2118
492
260
804
956
2496
1920
2181
1994
550
106
1912
810
1574
428
262
2444
576
152
2179
1108
106
410
834
2349
1108
2668
122
748
422
948
2222
672
142
2545
1050
820
1244
2414
2816
2075
976
2054
1044
312
228
1104
1468
752
1622
1676
200
128
1772
226
280
1868
2445
1450
1146
2694
2433
348
680
926
2100
316
2167
2028
2902
780
2286
1690
2251
1610
354
476
2652
2084
166
2048
2144
712
2174
1044
936
962
2404
2249
1408
1830
1644
2199
524
272
8
116
2418
2575
248
1084
2809
1768
974
2428
1012
664
2612
1882
612
2390
2274
266
6
1914
1306
344
1450
1320
1844
668
1300
1842
608
66
2190
482
2349
2422
2488
2184
1360
2274
1892
1810
2256
740
984
1058
1494
1894
2110
182
324
2414
690
934
42
904
1050
938
2846
1726
890
1464
1822
2254
2413
1686
1012
2106
300
2572
1184
2590
1500
1810
474
2348
2042
1630
634
100
1516
2424
2376
188
2310
1060
1330
1228
1262
2410
1558
2681
912
2153
1892
1940
14
1456
2614
660
350
1142
1984
684
1496
732
550
122
302
2345
232
2507
2058
2667
2003
920
2179
2688
2068
502
2207
304
606
1178
2675
906
618
1372
1554
2248
1564
2191
2206
122
912
932
2466
1496
172
114
128
2448
1694
620
196
2226
2423
892
52
552
942
2520
1550
2199
2
2116
1350
1184
486
110
148
2102
1512
2345
1954
1642
2421
1442
768
806
1094
2510
58
2077
1624
2521
1902
1146
938
2655
2138
2195
2541
1582
2245
826
2092
582
1938
564
882
2203
196
2580
1662
2370
1000
494
1422
2026
854
774
2
1754
82
2041
268
2129
2304
2231
2372
1192
1534
1334
94
1944
44
1740
1826
1891
680
1556
2314
1916
178
570
2241
2144
1056
702
2080
618
2190
318
442
1786
364
2192
2802
668
540
1554
2300
14
2509
2692
1146
1544
1224
506
752
1824
1994
1964
326
704
1220
334
1802
2064
2052
1842
516
2055
378
928
2521
2211
2276
248
630
2332
1064
858
1732
1712
2535
1074
1799
1202
1176
924
690
232
2247
2484
182
754
562
866
834
1878
1838
1040
1374
342
1672
626
652
496
2245
2313
1082
2346
714
738
2515
618
878
2376
1812
1614
2649
1910
2109
1494
832
2175
2182
2045
158
1690
100
2393
48
136
2266
1958
48
156
156
936
1060
854
1060
2634
1126
2399
66
2225
2228
2361
22
236
2260
1824
1402
104
438
38
2240
2352
670
2237
396
2372
2078
2620
92
1776
1016
750
42
1652
502
1800
608
1208
1430
2220
2342
94
2392
382
776
68
1916
1324
94
536
812
544
2346
1064
1056
2094
188
2427
312
410
804
246
2480
1628
2097
356
2063
1971
574
2661
1748
2260
1894
942
1750
1490
330
1800
552
1184
2236
196
1893
2264
336
468
1678
538
450
2511
2175
1870
390
1480
1340
2469
2140
1402
2210
2313
280
1214
2516
1828
642
1428
186
218
2412
204
436
2478
970
10
2130
536
2452
2287
2168
354
1672
2228
1340
524
1288
1548
718
1324
888
2116
2384
1482
462
1984
404
2576
980
660
698
1036
302
484
328
2403
208
1712
402
966
354
2246
814
1242
1508
2169
2092
2401
2429
1040
742
2328
2283
556
1302
384
316
930
2467
2315
374
1022
1676
518
2026
2319
2487
532
2446
2408
1892
1310
1997
1108
72
1332
2394
2248
2186
2744
910
2513
1884
2099
558
342
2425
2089
96
1648
2073
2880
894
2045
938
428
602
430
2342
2354
2537
368
980
1863
2550
202
2568
826
2230
2416
2513
1412
2330
896
1410
2312
696
2255
1188
286
2139
1862
1220
124
2118
2095
2168
550
1000
2040
2374
2100
2139
1884
96
2585
1000
130
2263
1592
1042
2787
2306
616
816
470
338
1588
1858
1444
2056
1500
2114
1734
544
70
826
1186
2130
2678
1756
2165
1762
80
1080
2780
2244
2436
998
222
356
2508
860
2176
2639
2201
2430
2344
88
2135
306
76
1960
1142
2293
406
1564
2590
2143
2206
358
176
2477
528
642
2467
2062
2481
1180
804
1984
1346
2774
352
2212
562
1052
794
2082
40
1778
852
684
1480
1524
210
80
1000
1120
676
2214
1080
890
152
1752
12
1468
306
1958
2083
860
32
1790
1957
2014
22
574
160
286
2432
56
338
394
2430
1640
600
2042
2322
988
1600
166
2310
16
106
1012
1768
1524
1340
2276
2369
2550
52
1770
1694
914
1612
772
80
244
1324
1320
686
1604
448
2201
722
2311
408
844
1960
556
2452
2444
980
2121
1136
562
710
2470
688
2551
2118
2388
2192
2404
52
424
2164
2679
396
532
2363
1058
2246
762
1870
142
2286
2518
1606
2276
2245
2664
1774
88
2848
2249
1964
2405
122
2296
2171
770
2484
538
526
1460
2378
348
1070
212
2644
2114
788
772
2025
1966
2590
2077
662
2071
922
860
2084
480
1550
860
118
2578
238
706
520
342
2240
386
1294
1298
2038
1062
1014
1939
10
2302
1068
2245
2248
178
2352
2106
1218
312
814
1638
2346
102
2387
2236
1900
718
2309
1960
538
696
1220
944
1168
500
1478
2226
2243
388
2438
742
2254
2483
2511
1937
938
2075
2581
16
792
758
2365
278
2447
594
1346
1162
34
2215
1496
110
1445
1578
928
1398
852
2194
2128
1650
540
1152
320
518
2253
1296
1916
1206
894
530
1956
2037
2849
2168
2351
236
48
426
2170
1472
2111
1920
1150
778
1026
828
2302
954
444
2362
2547
2248
2435
1494
2282
766
2431
872
716
2196
692
1948
1636
2194
1122
1378
1146
734
1468
330
358
1816
1028
2486
2223
1962
2070
1080
2588
1418
2265
408
2491
1232
1708
394
2119
1930
2266
1656
1096
1074
1767
2254
470
1182
460
238
2010
1826
2356
1865
1975
1092
1066
2086
106
1434
1682
2121
150
430
168
2363
1850
1708
940
1991
732
2072
1032
1076
1810
486
2224
2047
1907
1444
2130
518
1304
1734
1436
966
2322
694
2474
1980
686
2197
2296
524
1698
2438
240
1174
1064
2817
1720
2252
100
1242
628
1104
2397
2188
1172
2063
484
2537
1438
2823
2207
2004
728
1992
1952
2081
1572
1992
2334
1276
2407
974
2205
1548
2753
648
2322
278
1944
182
250
330
1114
2089
2387
372
2250
2104
454
2635
644
2274
802
1560
1486
2519
1870
2114
2317
474
338
2359
2208
240
460
454
594
2047
1288
2559
1936
160
2103
172
654
2139
2573
1128
2687
1524
1873
1982
1210
1550
422
1666
1218
1962
1278
110
712
1852
1036
1116
2546
2090
160
224
1989
608
440
2392
2542
2549
1228
1858
600
1532
2090
1880
2555
172
1414
340
2188
614
1979
362
966
1916
2222
2237
1066
578
378
892
2373
912
2013
2431
2014
1014
2130
1298
436
1938
2584
1444
1906
2096
1016
2128
1350
30
2314
2646
198
1298
1940
1346
754
744
64
386
118
2725
2087
2434
2058
588
622
2571
2143
2392
372
1242
1982
1822
1212
1140
2310
2059
2273
246
1356
94
912
102
704
2294
2156
2662
2719
986
1132
1244
2318
2022
2023
2317
1162
22
1306
84
2288
970
220
678
146
2083
318
2453
1722
1984
952
2280
2113
308
994
2444
1716
2420
990
2672
2280
2610
1242
6
1084
710
252
1980
1992
48
468
738
1898
906
2011
1602
2433
342
2229
2026
612
2100
1812
1176
1256
588
2721
2502
2381
2297
504
1308
510
1146
1208
1204
934
268
2121
1314
72
1508
428
1730
1200
2108
2148
2317
1184
1318
2624
22
656
2261
1208
1982
674
214
2118
1064
1302
2416
2377
2398
576
1665
2442
2313
2303
2304
1178
2464
280
380
650
550
2435
298
2198
2241
1522
162
2188
2524
2294
1750
268
958
348
2816
626
680
1408
138
1382
2473
2244
2470
66
62
2583
2251
2145
228
2199
2610
1166
2319
1919
1438
516
388
278
1458
560
1330
2346
1078
1034
1390
2034
2396
2261
424
1966
1994
2556
2511
1284
2610
620
2132
2028
1120
2562
2540
272
2550
210
228
750
292
2350
744
1662
2168
1584
2374
1544
2580
2223
2608
868
1823
270
2303
2518
2111
1060
2122
2483
258
1880
2153
1040
1504
2289
2198
726
596
1560
2457
344
2266
318
2252
1084
984
206
290
2278
2531
1066
472
2150
2046
2018
2157
52
2381
2308
374
2264
1528
1220
2196
978
16
2316
2432
1338
2644
254
1738
1846
2676
1964
822
2829
2616
848
986
234
432
552
302
2268
2245
2315
36
806
158
440
412
508
2016
1246
1706
2456
1584
1000
308
726
1600
1980
2290
1166
2540
124
1012
2561
220
1938
1270
968
426
742
2014
14
1676
2377
2488
1862
908
1340
1092
278
2212
2038
8
2381
1186
2147
1808
2504
2394
576
2607
2997
2503
1618
1160
1910
2498
938
280
1460
2052
2174
2484
2416
1792
56
2137
2231
2355
2100
1988
1920
2549
1764
364
1860
2328
102
1456
192
2465
584
592
370
1200
2246
8
2288
2634
870
456
1148
192
1048
2572
68
540
2370
584
114
2142
2202
2075
190
130
568
2439
1696
400
2812
506
258
2185
1266
2340
550
2490
1825
1844
2318
14
1673
2089
2519
2140
2414
2372
1968
2000
1714
572
2368
690
2580
292
2025
2144
1930
864
2210
1696
1042
2419
2416
2428
620
328
30
1126
2183
42
1510
1470
2555
116
2112
1918
2135
528
2109
2454
2196
914
2604
2174
1774
432
1570
776
1999
246
518
2244
1056
720
2570
632
412
738
894
1509
926
1446
282
28
2231
2240
788
1054
1402
432
1848
1504
1797
2046
860
502
96
1028
2549
102
2569
2599
1520
1366
2151
2499
2153
2072
2517
140
1966
2234
556
2515
2144
1182
1122
2334
380
974
1226
2660
104
802
1516
1604
2375
2132
1496
2247
2341
560
1498
256
2756
2302
2303
1420
1821
1002
1024
452
2628
2650
796
200
1610
1985
2580
2534
1412
336
30
2593
536
2516
294
2664
328
948
686
882
2195
1332
624
322
576
2311
2678
58
16
1782
214
1436
520
720
778
2218
482
1038
2374
1644
1746
2718
2297
380
180
2063
892
2118
1470
1638
2083
2036
174
108
2124
2485
2472
144
610
2320
982
2
1961
2275
220
582
2149
2332
1502
846
2348
2524
1322
468
288
136
2074
84
2434
258
2230
384
2271
366
1152
2262
2718
2225
2340
2804
402
320
192
1564
2093
1832
1480
2621
102
180
908
1950
1464
2339
942
54
154
316
1014
1228
136
600
476
978
2477
2410
2167
452
2428
1972
58
2409
1870
2230
1434
2258
126
350
236
782
2317
156
1929
2545
2194
1186
158
24
2367
2500
2360
1746
2232
1474
2150
472
932
1500
1356
844
326
436
442
1682
1044
1282
790
1902
316
820
2171
222
2156
50
1268
134
2262
1538
2040
1342
196
1452
1012
2419
2562
228
448
336
1584
2256
460
258
1122
986
2380
1258
2075
1126
80
132
1002
248
216
1964
2504
2375
584
1426
1542
796
2168
262
1370
470
2281
2163
2542
224
1772
1032
1566
606
614
2136
126
2054
2009
316
1358
2027
270
1494
84
2244
1196
1893
2417
2326
820
1162
80
2263
2015
2471
888
2641
510
2338
886
314
2121
1760
1140
2092
2154
2044
2171
2790
894
828
1982
252
2336
128
1352
612
2546
14
1678
2725
60
898
2390
2728
1608
624
2368
988
1934
1358
304
2314
916
2074
1408
2337
246
1752
2022
686
58
30
1791
1216
2411
248
2485
1670
1752
700
336
632
2288
1778
1548
1931
2161
134
50
2066
442
2492
336
1300
1988
58
2451
2707
112
1534
424
2007
2282
152
220
198
1936
760
528
2509
206
2393
2254
352
2294
310
524
2140
2068
1030
1760
282
2299
76
214
1672
1916
1202
50
2348
2537
586
246
392
716
268
2354
492
610
1920
58
760
902
2031
2262
1654
2514
1222
554
666
2275
2483
242
552
2533
166
2222
716
42
48
1024
1825
608
108
822
2095
2316
2324
2040
2521
1989
2547
164
1600
122
2513
42
2104
2239
164
2048
1168
2129
70
1302
2366
1416
1616
2231
1860
114
714
536
552
928
800
440
440
768
1920
508
2321
86
1464
2101
1224
666
138
2136
154
722
1836
2176
1614
1944
2398
910
72
242
982
2372
2400
488
90
2262
688
2264
2014
1975
84
2635
1748
2368
2288
1282
1440
696
38
316
1160
1930
2117
488
2357
558
1250
1616
490
646
2388
1672
1874
2050
2137
2334
2094
2117
102
498
2080
524
2129
1176
1210
832
158
514
1362
2553
2245
986
866
394
68
18
1214
574
2202
2458
2248
1162
2105
2467
506
1914
242
1064
580
1314
190
58
2320
2076
2622
2382
864
2457
894
2613
8
2037
590
1876
2176
2707
1674
368
2765
2526
1176
706
762
2394
2297
862
52
1980
780
1628
32
534
1142
1860
2330
2119
1612
1366
302
14
486
876
2505
2354
452
2414
2284
2107
2386
988
270
2034
2513
108
74
672
2132
2179
2137
888
2150
318
304
2355
2070
226
340
934
710
284
2324
732
2177
2520
1717
836
858
186
2552
1770
1336
1492
2078
272
442
460
576
1108
1390
576
644
1010
2104
216
1486
246
2236
1700
2163
1196
714
172
562
2670
1622
844
396
554
742
2277
660
96
700
2270
514
732
880
650
672
1438
84
1052
2234
1062
1800
1928
832
376
302
112
1172
2233
2308
516
2255
1344
1352
2297
1212
2072
488
2067
2424
724
1966
770
2361
2722
530
2420
2561
440
2076
340
236
2519
1886
2360
642
960
2020
918
1788
668
1844
2134
666
670
912
2833
2112
880
1802
348
328
2489
164
630
2299
720
812
402
1468
1218
606
1578
1804
272
2134
1806
302
1510
2318
1702
2028
2718
528
808
2234
266
2096
1780
640
100
956
388
2404
2
1514
884
2709
2126
356
494
522
2248
1862
1680
100
852
250
2382
290
2
2299
2130
296
114
1936
1927
230
586
534
1832
1264
1264
2342
2107
162
2510
548
616
1736
2290
1186
2507
128
796
2037
2402
210
348
1206
758
546
2000
588
2442
2330
388
2008
2425
1066
2042
668
450
962
1174
1992
186
2541
2231
794
794
972
2280
2403
2155
232
1522
70
60
2736
2334
492
1322
2414
2250
248
2419
882
190
1592
494
1212
2433
2351
776
1612
1666
2421
1290
644
2589
1894
532
2030
1692
134
1837
788
1070
1434
718
552
864
2034
810
504
2161
2217
1246
2250
2377
782
98
1576
724
404
1782
934
690
2373
16
1276
78
2252
1246
30
1072
1930
638
910
1132
2301
1254
1806
1582
242
2030
2255
1430
2308
98
216
2103
2117
436
160
2076
1298
2240
2377
1282
2019
204
464
2226
2313
1084
2412
1856
2686
1384
916
984
40
164
1798
1985
2024
514
566
262
2171
2724
2659
20
1232
668
1202
2012
720
2676
2280
1360
2712
2478
794
2494
752
708
224
1856
2104
1180
486
1234
302
708
1362
2453
1328
1850
1596
974
340
2186
738
2563
104
1510
2076
984
2030
2112
2151
116
316
2415
2431
1838
398
80
1012
122
610
854
78
1098
1088
1834
298
2477
2634
306
2344
956
2324
872
2286
2682
2505
1298
2320
970
1222
280
2325
2176
288
2365
654
1966
572
1755
2066
566
2525
1656
2420
1774
2337
2447
812
1980
22
468
2695
658
2289
2654
2254
1260
2304
2073
450
690
1054
2348
2156
1664
1572
2320
130
344
2480
32
1742
2566
2333
2040
148
2142
1934
656
662
2504
124
362
1434
920
1814
574
1999
2056
376
2597
1432
498
1496
176
2435
444
2174
2105
2278
776
2379
2497
2349
462
2337
976
2698
140
1004
2516
2386
400
1736
1506
246
2445
1102
436
1366
2281
2428
1176
2362
2434
1592
2384
1648
446
2428
1702
1376
166
234
1102
2375
1364
2440
1954
478
248
356
1600
2068
634
2338
1210
472
1820
2094
1226
2314
546
2443
104
2385
2238
400
1780
2478
1944
1636
1994
2167
1338
1312
1514
818
1286
1826
1698
1998
320
2458
504
626
50
2144
778
92
2102
582
8
426
1824
522
2655
852
846
1332
690
1102
2023
804
220
718
1676
1080
1664
1100
1104
1280
608
2051
1314
1228
732
1600
22
2439
2267
2155
1226
108
2434
120
2356
2146
1104
2639
2910
2579
1274
56
2675
456
2492
108
1072
2000
750
2460
2453
2418
898
2326
1102
1248
1014
1422
1808
1012
1650
820
2319
1246
1961
136
2233
2134
1106
1756
246
2452
202
2395
1592
730
446
1486
248
1236
1852
2367
776
1406
1614
1856
2496
2240
2244
2188
218
1150
538
718
548
2128
2366
1898
1240
188
1762
700
2372
1862
2039
944
2206
2393
2499
2164
2138
2071
2431
2468
2600
2066
1530
2681
446
2220
850
2589
72
1938
1732
114
550
368
2453
14
1464
1154
2542
48
2385
464
68
2146
156
2597
1182
450
998
2341
2167
2052
1802
370
2026
2148
1200
2065
1222
2729
1468
198
796
2059
2498
790
240
2405
2509
492
2098
844
452
2099
428
2458
2535
742
2411
1276
1344
1052
550
94
94
890
1664
1618
2308
926
1440
360
2535
30
1548
2446
1350
2732
2623
820
1484
1234
792
542
988
530
288
1930
368
908
1226
1222
520
158
1774
632
500
1454
2314
2412
2296
1194
2563
2318
2628
2164
2671
1836
314
1953
564
1210
2131
1014
1174
740
2359
2815
262
2238
2403
270
2338
44
844
54
1574
256
2261
2175
324
514
2826
522
2535
588
420
1172
658
2106
1734
4
548
1260
932
2326
1048
448
2305
12
852
2386
2402
2144
464
1264
940
898
954
1560
2725
2374
520
172
466
792
296
1244
906
566
1644
2234
856
532
892
2194
1950
886
2073
1074
1264
920
246
308
1710
1872
1456
90
2206
2394
176
1522
2302
230
720
1730
1230
1422
880
214
342
696
2368
2369
1204
1706
88
2356
2309
2171
1486
544
2355
2308
2869
1348
2119
1848
2064
2066
426
418
1902
1852
1014
1286
1766
54
2447
1236
2076
1938
1150
2423
2273
2006
930
2276
2009
1498
2256
128
1150
972
870
1132
1380
948
2285
1642
1314
2352
2276
838
2408
352
2205
376
2677
1164
2286
542
2322
2300
2062
2030
394
136
2668
2285
2531
1380
134
1786
1156
2769
156
2310
1080
58
114
1328
1324
2694
608
1018
2457
1995
1578
1782
2162
2264
1118
32
1210
2239
2541
706
1444
2252
1204
1956
2595
558
692
150
142
2032
2166
1820
156
2300
2140
1582
2582
2512
2276
1030
632
1350
2164
90
1948
2386
1968
792
2452
2082
734
740
1242
2386
330
2080
1958
940
994
206
364
574
232
2381
1514
36
486
1402
2276
2419
1574
12
2336
1322
474
2280
1164
2248
1916
2518
2631
186
2384
2226
2274
1280
48
720
2232
710
534
2488
2290
2484
1842
1800
2546
2498
2234
908
634
230
1422
2
2366
38
1160
1694
2490
2108
532
1058
2218
1918
2188
540
1464
2858
2804
1446
2419
830
488
2560
2317
14
1010
1738
318
2216
2235
2092
804
2310
2490
206
1604
374
2572
1340
258
1370
1270
1566
676
2096
2579
2036
2458
1416
2006
2940
1178
2320
154
2350
2547
2690
248
2401
2327
38
1660
1640
2156
1074
164
372
932
2620
782
2571
1068
1448
1834
2688
960
2271
690
476
2050
2194
1102
1950
46
2320
1042
2258
1961
268
590
892
904
708
2213
2485
2224
1308
846
2798
136
548
474
918
630
616
276
406
1488
1476
2680
2053
2384
2744
1166
204
1817
374
1792
1450
312
1110
270
1090
284
2357
60
2441
1406
1332
2248
244
154
1970
1162
2562
1296
1556
1910
2184
248
2551
202
2348
2342
236
2141
558
2483
786
968
1596
2260
366
78
1974
242
64
2041
40
2235
2357
608
2489
1244
1572
2520
890
1054
38
182
344
154
2284
2002
788
2952
2372
1934
2191
268
712
2342
70
1804
894
2351
1154
850
2124
350
650
358
2567
884
2308
1940
1912
638
1514
620
2026
2294
1652
232
38
110
230
2274
934
1292
68
1294
24
592
886
2625
2469
1018
1486
648
2513
1320
2030
1456
2857
1912
70
712
106
818
212
420
1943
2428
2253
72
1252
592
540
2121
1050
2445
2461
2114
476
2488
2398
1310
160
500
2645
238
354
118
742
774
194
1959
2041
1496
208
2086
2084
402
1800
1292
2192
428
66
428
1625
2142
2448
694
392
2318
892
2146
504
2199
448
94
192
476
486
1270
1582
2252
70
1092
1826
2261
956
2224
1718
1826
1632
2490
1280
1978
1126
1700
500
1398
636
2319
756
2354
2802
2057
752
736
672
1958
1334
80
2113
1016
2501
1290
1926
1330
116
1098
386
56
1238
1288
2046
240
1054
514
2018
2262
80
2590
70
1622
2522
1782
356
1488
1936
146
2029
1314
2342
2302
102
104
1848
652
1436
2189
1720
542
1108
2129
2102
144
2122
1852
1844
480
24
926
554
2470
2442
1198
1186
1266
680
2466
2274
1254
592
702
394
710
1742
34
1134
1919
390
2628
166
1046
2184
14
1176
2627
1706
278
2028
2293
2462
1070
162
2544
1586
1176
2230
1176
2098
482
160
1862
1180
2258
464
942
1339
1104
468
1248
540
1686
452
706
1408
1060
476
86
1344
1886
2090
2361
926
124
1320
226
1831
74
2177
1920
2242
2277
590
806
872
2359
730
36
1310
1472
2635
2130
10
1566
1898
312
218
1356
2056
2278
2206
456
824
1112
2080
1730
352
1536
438
1986
1990
1750
906
904
1744
2409
888
948
1908
2659
2438
1784
1056
1760
1346
2116
2187
1686
1016
2228
568
66
1328
1874
1344
800
2238
2152
54
1910
16
266
474
1010
246
170
146
2172
2204
1502
820
1820
2111
1310
256
1160
680
46
472
1114
264
830
2315
1496
786
1234
224
1372
552
2418
1564
434
2492
182
1400
916
1000
2062
2061
1482
2360
350
1882
848
698
2078
2021
1968
1398
2491
562
224
2156
22
10
218
2052
1720
350
858
1192
1728
868
1582
2016
2200
384
1906
778
260
1769
390
2018
2362
6
1516
386
2100
118
1784
964
2737
2111
2429
58
288
300
2526
822
1080
2173
390
1112
1026
120
2192
2004
984
1358
258
1014
272
2059
1510
1508
314
1358
1698
196
2777
1476
1210
352
442
1462
126
2682
2070
1332
1874
258
288
560
1812
1656
2099
104
298
1472
1190
2130
398
2516
300
2216
74
56
1660
2560
156
200
2747
182
1886
264
1160
668
28
1192
1226
2083
660
1420
1448
1617
624
2442
48
2435
1823
848
364
108
80
2684
846
580
398
1294
2253
2169
158
2147
1952
918
600
1118
2656
2323
364
2601
560
2027
2201
1186
2347
2118
2346
232
2594
2024
276
2686
276
1666
128
844
20
2487
2613
2195
1658
2090
1946
644
812
582
236
46
1418
156
1776
634
2408
2219
2127
2287
908
212
118
2140
2301
302
1797
2281
612
2125
1128
56
488
1626
2227
1408
934
2734
1948
900
484
1499
142
1410
2232
1200
2160
32
110
2240
1198
1250
2181
796
1442
2048
1558
1660
2325
2388
2446
1560
1008
2110
30
2557
206
2194
872
2470
1074
2496
1186
954
46
612
2023
2374
1372
270
2511
376
1584
926
882
178
2161
404
292
2325
652
8
2728
914
2171
1672
896
1148
2120
1662
2594
2118
190
162
1842
2099
80
384
1236
970
1708
8
776
2168
1448
2469
524
674
202
542
174
2223
2513
158
1632
352
1316
92
720
150
1938
2273
2212
110
154
26
408
632
2377
554
468
154
1092
1568
1518
248
1556
2659
618
1230
50
200
198
706
280
1946
2562
2128
1500
62
1992
1414
2482
734
1863
1700
2152
2101
1790
1808
600
2191
2143
760
460
1030
2071
2055
176
1066
306
430
1266
2507
2268
132
592
872
1186
606
574
48
924
784
2570
1638
554
58
1964
1516
2443
1820
2552
1052
1068
508
2362
1072
1998
66
346
2297
2710
890
2246
2398
1948
1088
268
780
2383
1562
1464
2608
424
950
914
1562
192
1922
2146
2116
2349
1432
112
1806
1704
2214
1268
2436
2498
2295
232
560
2069
2111
522
1614
1872
1350
2452
2152
778
1542
2453
2330
2296
586
784
1140
2813
1142
1038
2673
404
1986
476
662
624
1988
2030
2025
2164
2132
38
940
2464
2144
548
214
204
136
1934
2628
2024
2405
1975
742
106
242
2706
1666
1384
88
620
1688
2392
1294
2279
740
56
758
2132
194
2418
2314
2153
2285
622
598
2182
2116
2392
1755
1664
2654
2726
544
680
754
2040
1454
2442
1540
2413
428
1640
2366
1170
2589
536
116
946
1004
2247
2326
2219
1272
2275
2405
2019
1498
2451
1382
854
602
156
2455
2366
1859
94
1584
1384
2141
2313
2480
1044
1162
2232
1798
740
44
2985
516
2224
2454
1318
1286
2301
2125
752
954
634
1804
2899
1142
1666
358
2813
2347
94
830
604
214
1830
1356
1985
1764
2562
1764
162
1674
418
238
2347
1911
2031
2592
2096
508
2604
2198
58
1638
2223
1120
186
2245
2279
578
2088
370
768
1855
1826
2293
2586
1984
368
1454
2460
2086
2596
1927
1016
2493
56
808
1118
596
238
1856
450
2356
802
2507
1548
2174
1826
90
1814
2310
2439
2537
2274
58
2052
140
2448
822
36
2014
424
218
2182
1771
2158
2078
2218
2564
2708
818
2160
548
918
2147
406
2144
828
1942
356
2253
572
1094
2620
2034
512
2089
1448
1738
1720
192
2114
32
2032
1866
1546
2424
298
918
1142
806
2208
1122
1982
2462
130
1867
1744
2034
256
2256
1682
2376
1580
652
2421
822
652
350
2254
1830
2228
2330
2408
2526
2461
182
2258
1926
506
2323
2264
2154
632
1514
418
1620
1488
332
1971
458
2260
2186
1702
668
2299
1742
2344
162
842
2125
136
1972
1646
162
2382
2527
328
1658
2256
1758
22
2036
794
726
2486
1828
2099
2306
2506
2339
516
324
894
500
658
2377
2090
1516
1204
1983
738
2003
1378
1104
252
470
1850
1488
2384
1406
316
2668
218
354
2568
1100
2216
442
1886
2402
870
474
918
392
2097
2478
822
2048
2332
2370
2470
2540
758
390
168
876
1202
2030
1968
484
342
592
96
244
1788
2393
1322
2092
2549
218
2248
2444
1322
216
2236
1984
1118
314
1284
998
1794
2393
2082
1980
2286
1798
460
1912
790
1306
498
2877
1434
1586
2227
1862
690
246
1034
448
1460
2230
2459
360
18
2674
1132
2544
2225
2332
2779
1786
2471
404
64
2249
1196
2859
608
1820
1002
464
1846
2135
108
466
304
2004
2291
1084
106
1108
460
2271
508
2482
534
1662
1814
230
828
488
2309
1028
290
1208
314
300
2358
584
1664
2642
134
2314
332
698
2781
2354
1942
2191
582
116
1122
1142
586
2329
762
880
2674
1907
1292
734
64
464
1882
1680
1909
1406
308
2055
2
374
2336
1786
2314
2184
1212
1782
500
2412
204
698
1066
298
280
2530
1142
504
2261
1234
1700
1400
2115
2625
64
2283
1186
2328
2072
682
1482
340
2428
450
566
212
54
556
2035
1354
718
280
2265
1292
590
84
2522
256
194
2251
682
478
46
852
1164
976
112
2052
2405
644
792
2591
1458
520
2284
518
2282
1936
2588
2554
2450
1812
876
1802
2724
1294
294
1811
1174
1818
2479
2239
1250
82
754
2152
2439
716
222
2030
2628
1758
2365
1626
630
2657
2094
1528
660
1764
408
450
1590
1964
256
988
2020
1518
2100
2010
1350
236
1830
708
1148
784
2292
16
2531
544
2275
2585
1588
982
1100
2442
2310
544
134
2224
348
1308
884
1832
1520
906
2716
2742
1232
2315
1504
2763
1042
174
2576
2384
778
64
138
2456
2174
2360
2585
1032
2437
730
2220
416
1204
196
196
16
738
2317
632
2429
292
38
2814
984
1795
1526
638
2218
1616
112
256
1286
1245
846
2715
1842
1786
2568
292
1060
618
512
1514
2320
2394
874
192
102
2155
978
444
2329
454
162
1408
922
170
2466
1846
446
1244
2480
2087
2616
2990
1538
1644
2447
1950
1930
828
2249
1042
52
2065
6
1198
2182
2259
1940
2082
474
1997
514
186
2281
1836
1324
446
790
1576
1286
606
2426
1440
1400
2129
2474
380
1834
2646
238
562
1844
2362
890
1914
914
1218
526
2445
1750
1290
1160
190
138
480
1734
1026
2103
392
574
2622
1444
2290
1160
802
1860
2094
980
866
660
2389
2001
1974
2245
1588
1850
2176
2239
792
2368
234
2302
942
2246
2026
752
2448
398
2520
2550
1328
1924
1282
394
2146
820
2389
118
306
1162
2553
1756
644
4
2247
2064
2110
2055
2307
2576
2231
1102
180
2779
492
2336
2279
1398
1202
1306
1846
1656
100
1938
362
2
1048
2364
1056
50
1070
726
2285
198
1586
810
1104
606
2276
786
1736
1692
2412
2692
2192
2258
2150
2088
608
2420
1348
1904
1872
1112
1134
358
1644
1576
808
1106
64
82
2479
2278
6
494
1360
28
40
184
1544
56
2160
2595
1096
476
2542
1304
1716
1342
1230
126
722
2874
2272
424
1236
948
94
792
814
1224
1986
2507
2554
2218
1034
1566
46
1098
738
2232
2493
796
764
160
1612
388
1836
1586
284
152
1969
2387
2571
1944
1792
1588
382
2040
590
2513
1176
250
2062
2398
256
90
1877
472
1830
376
140
2352
846
396
448
1354
2356
2320
2098
1718
444
1722
58
510
2521
1528
2467
180
388
744
2394
454
2224
2486
308
398
118
242
2514
492
2318
2306
1604
2533
1342
1370
36
644
2772
2198
2530
1122
640
2298
124
2176
74
2470
746
1014
2061
1718
2272
1990
756
1718
2271
1136
2314
2247
2223
2448
184
790
1748
518
432
416
400
2310
772
932
1800
764
288
1258
2660
1248
1088
586
274
514
854
2816
2519
1884
930
8
2652
2181
954
2778
414
48
1036
370
2509
272
2030
2459
2567
2526
858
2457
732
200
2608
1178
1226
2221
2534
2636
1348
846
1836
198
200
1892
1010
224
2289
2178
1326
262
704
2231
906
640
126
2022
118
2188
1306
396
1598
2588
2470
2364
1052
1828
2054
2268
1766
664
1222
2152
228
528
538
398
384
326
1298
150
1898
186
1072
988
2349
2520
818
1446
560
1856
2342
2313
1652
106
1082
116
746
140
2202
282
2266
1274
2272
2198
1922
394
1803
496
1586
1180
2261
24
126
2625
12
2472
254
1752
1538
430
340
2014
590
1652
1174
1642
2362
454
2533
104
1424
236
1744
1292
1956
2258
140
1166
734
1142
2598
1074
466
2564
1704
580
2496
2287
370
1674
1350
2353
2431
2655
1953
662
348
2308
2725
2185
168
1044
2730
360
1238
1324
1442
2524
242
2551
2258
190
2182
2724
2465
2018
1890
1760
2340
2215
2565
454
1522
490
1890
2034
416
2495
1896
528
2389
1276
912
1812
1358
1024
1112
1252
2268
2571
614
262
258
530
248
1660
1954
2158
2209
476
890
1450
710
416
2637
2052
642
276
1552
2720
2167
1144
1680
2218
2110
1298
816
38
1980
2341
2299
2701
432
2398
312
2435
2178
2308
2462
42
884
548
1252
690
2356
920
2038
2041
770
814
1220
1696
1967
676
1530
2299
1947
732
1012
2
2342
20
1780
1654
1604
2201
128
2477
398
456
1598
1592
2348
1000
122
210
1232
2239
700
20
292
652
1941
1690
1991
1178
2418
1040
1218
1204
2251
1102
1839
458
1016
386
196
300
2575
2335
2464
1234
1604
1784
2310
2189
126
1510
1040
2325
878
146
626
2808
734
476
2145
2023
928
168
1156
2447
48
474
2485
2412
2189
2284
2406
1276
1546
530
2426
1990
2715
2460
1020
250
2541
432
734
778
2349
1766
2059
642
1987
478
2492
1188
2274
2260
1430
2513
542
224
128
872
174
66
692
884
2130
68
304
724
674
138
2224
1324
54
20
802
1134
2501
202
1444
764
2427
2170
702
2282
2201
2263
1148
2292
932
90
2463
2009
2622
940
2094
2230
1170
2395
446
168
172
90
2489
2109
1246
616
34
1340
2385
594
1018
2598
356
530
300
2186
1298
908
78
60
2568
1804
64
1302
840
2780
1036
2377
2432
2160
758
2098
1656
2483
2040
2529
2059
2056
2302
1586
454
2184
2164
2407
912
490
906
556
1806
244
448
1306
376
2143
206
1386
1108
1344
2468
2234
242
1546
208
140
1808
2002
1270
1851
940
2108
2719
1638
626
1638
1998
554
2658
1508
2521
516
572
566
722
928
2347
1946
52
2629
2287
2056
1814
1952
1272
1294
2032
1396
2256
1410
258
420
442
582
1956
418
502
1951
728
2783
2305
2300
134
1654
364
274
342
990
2232
450
2182
292
982
1752
646
28
2745
754
1854
372
688
2642
168
954
2210
624
270
1202
938
1550
2287
612
2524
1994
1568
526
2045
2180
244
1798
2185
2166
1929
126
2147
2100
2034
1971
1752
2220
1788
2278
2572
2750
2657
984
282
2429
186
2081
2225
2136
2287
552
1340
140
560
2224
142
756
116
736
1376
1392
1941
2478
2264
2158
2237
2102
504
1348
808
1730
2689
532
184
1148
216
214
2033
948
2244
2498
2554
2153
2038
2233
966
2301
2382
272
36
2050
1004
2088
1838
2143
688
1582
678
2695
2328
1038
2494
1438
712
272
2471
2009
90
1400
1656
2570
2366
1258
1723
1997
354
414
764
1870
1288
2480
1548
1044
2064
2316
1666
1960
2388
2258
2430
2499
2161
1458
1712
2594
326
1718
1460
344
1326
1792
58
2598
2127
76
2488
2149
2646
2074
740
1074
1308
1294
1014
1707
424
250
836
2065
1810
624
732
420
1898
696
1028
1574
16
20
608
2199
742
304
1970
1841
920
886
2338
2431
74
1086
214
68
2032
768
330
64
2502
1782
56
110
836
2040
2393
2183
1386
1797
640
1614
290
2277
1690
2493
854
950
850
156
1326
2230
2560
174
630
2282
1082
724
132
694
78
620
2107
2264
374
40
226
1366
692
2635
1192
2572
2256
2175
190
160
332
2201
518
998
226
2417
44
1400
298
598
224
2480
1124
684
42
1802
1696
2518
1982
1102
2282
354
2132
1798
2453
162
416
2136
18
2137
2200
1570
204
146
464
954
298
636
2475
2187
2288
364
238
680
2464
168
712
1944
678
2314
2466
170
2110
670
974
2386
2558
2012
2402
44
522
2495
902
914
42
120
2997
1864
2192
1588
1180
664
1979
1652
1318
1318
2471
92
2429
488
1582
2500
2781
706
2086
2238
1763
1310
1924
1800
774
476
578
46
2401
1590
2116
2286
1982
1779
558
660
1866
84
1928
268
2468
170
2228
1912
654
2608
804
636
1180
2011
558
2722
1610
1016
1164
1558
1194
2083
1984
26
170
412
1721
1924
2068
2518
2036
618
100
148
1864
1262
1446
2064
2092
2640
358
2658
1948
988
1724
194
1188
550
2359
1878
1408
180
298
1908
2356
1190
210
244
936
2192
2017
1986
2545
600
2592
1828
2306
1618
414
2466
340
1653
670
1338
290
438
2373
40
272
478
250
728
1824
2411
1878
2278
826
188
2762
166
2267
310
826
1328
424
2066
2160
2009
342
2231
998
2705
2371
452
56
2060
2378
2454
2346
1936
412
1542
460
1438
2551
2121
2474
2149
2493
2226
194
1826
2830
1996
978
120
974
2372
790
16
2650
2403
2104
104
2064
2329
486
648
484
1916
2521
2065
376
182
1868
42
2446
1630
1424
90
1330
1030
548
982
2309
2382
2991
350
2132
512
2424
1694
440
2030
2667
2158
376
2687
696
500
1112
1672
326
2231
1716
2337
1782
2692
1550
1658
398
1010
2119
1170
2208
1372
216
16
256
470
956
2486
2148
2306
1304
472
2429
2656
478
702
2204
2392
2180
1874
1606
2091
250
2271
1682
1716
2645
2481
962
1664
2225
608
2321
496
1184
476
2320
2054
694
1700
2038
1536
674
26
480
826
442
2520
2232
270
2170
276
2111
1068
1170
2312
2498
594
338
2613
1570
2264
420
2382
346
1819
878
2440
1792
2436
232
2586
2438
1932
200
428
8
1884
2547
746
838
1430
1124
2324
1488
2003
2654
1848
2367
1964
1176
956
280
1362
2362
694
136
794
482
1574
1906
2450
818
2847
1630
292
904
2444
1080
1570
1524
2339
2305
1876
2619
80
1558
2474
1903
1938
2518
2171
2129
2558
474
1952
2233
534
218
762
1794
338
2360
2376
948
244
2324
110
282
2411
2107
1388
2721
1730
2032
1182
742
2376
2148
1848
236
2191
2116
2108
2263
2654
1130
260
404
2270
12
600
1698
2460
1178
462
2418
628
252
2246
652
632
2301
734
186
1894
810
870
404
2506
2363
430
1965
882
644
1704
1168
258
2221
1190
2309
1580
406
2229
126
1936
946
1942
2041
2449
308
1158
2233
2513
222
652
506
2486
686
1846
820
184
290
1989
1636
2229
182
1814
622
898
2095
754
2439
2360
2359
1652
38
836
1142
2335
1978
2505
580
720
886
2129
516
1414
1896
1668
2221
580
1529
2252
1242
2004
1432
134
144
2402
712
2808
2232
200
226
152
154
400
498
2092
76
376
2547
2625
136
1956
1418
914
2022
2253
498
2109
1072
94
750
1882
740
838
1216
1750
40
292
2326
1806
1736
1634
228
1818
834
482
2204
1976
2108
962
2058
2135
2253
688
2402
1128
958
16
1170
812
200
2130
1448
2486
1268
2511
946
1696
2405
466
1012
2725
1406
1186
932
1986
2429
322
106
2486
2222
156
1784
2476
146
2470
198
118
1868
2527
1482
2118
842
2140
2409
2801
714
604
626
2325
2408
780
920
1386
2310
2216
2173
2155
4
2482
2369
1002
452
648
2022
2215
1752
3034
1670
2457
666
214
2280
1002
730
628
1416
1046
1380
2497
44
2105
1478
476
1887
2094
522
2588
2023
2446
16
2050
2628
984
918
1988
1674
592
1460
2575
708
1394
1278
1004
1034
162
2760
2121
2168
2415
1698
1248
2262
808
1633
224
732
448
1044
686
1982
1906
2355
1620
2559
18
82
2224
738
2289
330
2502
2377
1865
370
1995
494
2022
2102
1530
2356
2412
1938
260
2408
2026
2773
532
2009
646
2647
2262
2339
1550
140
1144
966
1140
2376
2035
828
2204
2290
18
970
338
2298
1194
372
1758
1424
2303
1158
1572
250
2044
2545
562
2178
1072
2401
6
2379
2535
558
698
1090
1588
2255
1482
2516
858
2296
1842
2458
306
2084
2345
1700
2059
2071
332
1182
2504
1208
1414
2282
1638
218
290
2293
1990
522
2064
148
1608
2308
2436
1434
1088
2193
332
344
796
2022
2531
2437
20
2055
848
318
2395
2302
2271
1684
1940
388
2042
2580
2134
470
1102
180
2292
216
2456
2323
1442
186
1882
2161
2307
2455
22
1418
2299
2406
168
848
2119
