16
286
1844
222
1348
130
2082
2502
1618
2632
436
2193
1196
1982
2439
1130
1208
2451
1858
1940
468
2130
276
1803
2398
2449
1252
1834
2266
2360
1354
1918
770
2325
442
284
2327
2235
842
968
498
1252
1771
540
812
1973
318
560
1576
2361
1626
366
2147
2177
408
2385
754
272
2150
2243
1672
468
2240
2568
2422
810
62
170
1524
188
598
744
370
2455
374
2401
2445
734
2308
1320
2303
2143
1456
472
1280
1825
2403
240
2538
1996
408
2118
1392
684
1216
2509
2586
1918
822
2681
1186
106
746
224
144
1962
2117
326
1726
670
1676
2285
2239
2170
1296
1124
392
788
50
1270
70
2178
154
244
1734
392
422
106
2383
1724
2039
2460
2302
2529
54
1534
456
788
614
1632
600
214
830
2171
1795
76
2040
2213
2137
2304
876
2314
858
650
2347
1656
80
2406
1428
2613
532
2233
848
2195
120
1524
2696
2266
1614
1144
2791
818
2402
1612
400
2631
2365
320
514
2372
2418
1274
302
1174
304
2557
314
280
598
352
2215
532
974
2218
1030
1986
1230
456
302
2375
210
2304
2544
2143
1802
1318
270
1920
390
1386
894
506
702
172
2089
1138
330
1832
944
2749
1580
130
1286
1740
1484
2133
1790
854
2534
970
2641
1160
480
2476
476
2511
694
80
2216
526
640
1390
464
46
2180
2417
1104
1308
486
702
78
800
792
2250
474
428
966
2515
840
116
690
2234
1736
978
700
244
620
818
58
1620
892
1966
2213
428
2082
2211
1628
2342
1792
182
226
616
2392
832
2570
1810
2476
2356
1364
500
244
1887
782
964
582
662
2118
954
1020
1739
2359
2185
1328
724
162
290
220
356
264
2270
492
790
2324
2175
2454
82
2195
2149
1688
2083
756
1692
856
644
2887
2586
124
2206
846
592
440
2224
1478
1424
798
998
866
926
2186
2049
1338
2237
180
1074
2443
2498
2101
230
1336
2460
698
316
1444
388
2226
1585
406
806
510
1348
458
266
1690
2088
1915
140
566
2326
698
156
1232
544
2458
2268
2094
624
492
14
376
2224
960
2063
538
14
566
430
1172
696
1780
1056
1358
1448
908
6
2336
322
170
1876
790
1794
1024
2349
2735
210
1220
102
198
2044
562
2060
1594
324
130
86
862
964
1144
78
506
642
120
1536
280
1954
2506
130
2428
200
348
2418
2098
222
2484
1968
2244
2314
2489
702
848
1514
1384
478
798
2733
722
1322
1086
2572
2120
1066
282
1196
1088
168
68
2224
2354
2443
2665
2764
2334
2182
2073
138
440
2228
1034
1072
270
2274
2507
2353
120
2054
2630
1480
894
1796
2312
2038
502
52
670
10
2250
540
2337
252
484
1194
232
1990
666
2310
1960
662
882
2242
332
2044
70
136
1042
748
214
1608
338
842
80
2224
626
1904
1866
1346
1700
920
1724
2579
2098
370
374
1662
160
2185
1174
2333
438
814
2027
2307
286
2625
2181
1546
2951
12
600
2355
2326
2416
1070
110
670
1034
228
2636
10
288
30
1034
2791
988
2596
1086
2518
2278
1282
26
2583
766
520
228
1942
2012
226
2118
422
650
2449
1904
2519
74
316
588
2425
132
832
1390
1020
2138
24
528
1696
900
1084
1820
1466
1056
2335
2398
2280
1978
1813
366
2664
2549
2130
362
1466
2506
2470
1940
174
36
548
1558
2092
2127
1184
364
196
2477
66
530
1600
1826
2409
702
2177
1188
440
2410
1720
2283
776
1416
162
2273
806
50
2037
254
336
660
1164
686
1750
878
2256
1804
1862
2313
742
734
2568
388
1100
472
2628
990
468
2589
1642
2224
1484
372
822
1650
272
2475
1102
796
2523
2178
416
2604
24
368
1814
338
1498
1518
2091
412
1440
604
2286
2
2738
676
436
2338
312
514
2197
2478
2432
2399
260
728
1662
1983
2391
2336
212
132
2429
548
1164
424
1686
350
1524
2560
302
2052
2423
1144
2159
2340
1214
2056
2164
1166
2045
762
224
1008
478
2044
1998
360
630
706
1934
2145
686
2094
640
2067
1278
2324
2412
2150
1138
872
1871
1802
2229
808
1930
1838
1280
1132
2809
1980
2544
2008
190
754
302
218
2343
902
2596
584
132
1060
2663
1298
2285
1766
2177
72
2454
1468
938
2235
174
274
1092
2170
1464
2417
80
2404
2674
704
332
2832
66
1362
2116
4
740
2300
2149
1124
588
2327
782
748
822
1925
1006
540
60
1126
982
448
2229
1622
1352
314
202
612
1688
332
330
2538
314
524
162
510
1650
1044
1468
2844
2389
1052
1774
1104
2
1554
1002
1114
1887
834
730
78
734
528
1272
2020
1078
2270
1778
1510
588
616
630
154
1814
286
104
2560
234
1302
2066
2069
1580
2285
1544
320
126
1148
1966
450
1400
82
500
1374
2179
2270
2431
6
608
366
262
856
438
1981
740
364
1488
860
1300
1226
34
2510
656
2229
1908
1738
444
540
220
1188
2176
150
2128
2182
964
2335
264
584
1416
1568
524
1714
114
276
436
1651
2349
2026
2656
1756
1020
596
138
936
2111
60
194
594
372
218
1965
1110
508
1912
1064
756
582
1108
720
2488
28
948
2174
2666
466
744
2588
8
1212
752
2244
670
1366
856
658
1052
912
2180
2172
1588
2220
2184
284
548
2125
2212
1420
234
138
178
398
2227
1018
2602
966
1737
2227
1608
258
2210
84
1648
2110
92
2115
1292
458
578
2032
1973
2105
952
1086
1885
546
128
2267
1596
2449
1262
1734
2134
2332
1804
2006
126
940
2718
542
1010
1927
2123
1536
2313
448
1558
2194
448
468
404
236
806
1664
1052
114
112
896
1901
2386
2210
1292
276
362
774
466
466
590
2176
1558
2318
580
904
2205
328
1296
1276
1274
2235
1977
870
338
710
44
590
710
982
476
1706
408
2612
2270
2214
696
2567
2124
1762
1220
1042
348
2499
1912
396
1090
1840
2493
1562
2507
1286
2038
1574
74
2166
2382
106
2225
1504
2284
352
254
676
1708
2026
240
1962
1864
900
888
806
1018
956
2642
2435
190
1332
2353
1378
114
112
1640
434
1314
2048
522
1124
2345
2342
6
2007
652
1676
970
1872
1176
598
2457
42
1096
426
2313
1812
1328
744
2247
2486
1864
1468
2261
30
464
1963
2310
2287
934
2542
1330
2652
1878
2299
1168
1284
260
2323
80
1748
690
1322
14
2493
756
1360
82
2513
2451
742
2006
2515
286
396
1952
2526
1260
460
1812
1094
812
2120
1004
2305
2636
1734
2212
352
2324
220
570
2531
2356
280
1144
2472
912
1907
1915
784
566
1964
654
372
1358
2894
370
2594
2725
1072
722
2290
558
1992
88
1374
1212
10
1314
688
2352
2312
644
438
620
300
2248
2502
1176
2246
1568
1194
1648
1126
804
2419
1550
642
1224
2743
768
1014
2045
1364
2332
302
2142
526
452
534
416
2082
1590
410
2374
2131
2003
788
750
2094
484
16
2580
2040
1876
1767
2554
2200
234
2549
2218
672
296
2104
380
736
484
308
1654
2368
1592
2283
498
56
1316
102
2216
672
1160
322
2495
356
510
2266
740
1468
398
68
2544
2122
1746
280
52
324
808
980
1492
110
398
462
1960
2234
154
548
796
408
384
1230
2522
1244
212
924
2182
1150
1082
250
770
296
2364
1605
2833
856
1134
280
924
286
640
1598
2432
276
1228
28
1376
2182
2266
2985
1120
2074
76
1944
2135
2392
232
698
2484
490
1350
904
714
1846
2229
2058
1184
810
480
2347
554
94
102
34
2444
2293
2425
1348
2500
2490
1332
1352
2381
48
2859
644
522
1506
2501
2054
1718
1816
1208
2284
2108
952
1632
292
112
1990
746
2514
2433
674
866
668
2133
774
2603
2274
1340
2197
1710
864
56
184
2728
2543
812
1852
526
1796
376
1076
2241
2284
974
558
946
200
190
1266
1882
352
2281
2759
206
1649
200
1220
2358
2188
690
2080
1608
1038
2363
290
924
342
2355
142
136
1302
28
2329
814
1290
6
2170
1354
2040
1352
312
936
668
948
940
686
2458
1398
2118
1426
2420
238
1042
704
2246
1922
538
682
726
2070
2362
1390
266
1314
1578
970
2456
1600
2309
1772
526
490
974
2508
2466
1841
1478
1110
1984
768
1260
1416
1032
90
202
686
668
818
580
2484
1028
918
764
2345
904
674
294
460
98
2263
906
2298
1706
1770
136
2160
506
376
1848
1148
200
2312
1838
304
180
2527
2114
628
2466
2154
1420
2341
830
1798
2384
2478
2478
964
1218
624
2292
2232
240
2100
2646
1888
1720
1828
114
1322
1796
1874
1318
2240
124
2562
1088
36
1786
1927
2469
1130
2337
2464
1796
2707
2061
2629
2212
60
2470
700
2575
80
1988
1492
1400
2272
132
2374
2186
2685
1070
2032
198
306
922
1881
1932
88
314
386
214
322
232
1819
860
982
1542
2028
648
830
342
2574
2538
570
1334
974
600
448
148
2554
1006
1072
1742
2425
2390
2110
4
2186
330
1066
2341
2762
2118
724
118
2116
2473
110
212
2016
266
436
868
412
2555
992
710
14
1004
2300
2879
1424
1380
1638
1306
1776
262
2052
2150
66
2016
60
2018
596
1842
54
1410
446
144
2554
2205
290
650
2496
1570
160
2412
1722
1116
2261
2380
1442
1985
372
2406
1636
688
1306
2655
558
2104
2279
870
118
132
548
1328
1836
2462
2064
578
2854
26
854
1698
294
2229
844
616
172
518
2418
670
2466
2154
886
2196
944
916
2111
164
1052
2164
2252
2524
578
62
594
648
1880
2016
420
2161
2005
432
1160
1110
208
372
2028
2788
2093
462
222
482
2417
2426
352
2098
1596
470
2374
1268
1937
2549
714
936
2195
572
50
2594
2566
532
2067
1180
38
2238
346
78
390
2250
1652
1328
1162
628
824
730
1528
786
2740
976
292
478
364
768
2316
1582
2452
260
176
16
976
862
30
408
2510
2331
2653
592
2022
452
2154
1842
2037
1140
308
1618
1398
1564
128
2158
1402
1464
376
2397
88
464
770
1906
1348
2740
1644
1826
1394
1996
210
2345
2294
718
880
880
2286
1294
2362
1638
1704
2907
36
1570
2264
2165
2347
2321
238
14
2188
558
162
2911
536
562
930
350
1812
1238
332
842
2197
1300
426
1066
2215
2651
86
888
318
1633
1438
2206
980
1110
3093
146
2460
2175
1116
2176
1688
254
1326
1064
1644
1426
936
2419
388
444
150
2152
2425
1630
2354
2621
882
160
1502
1712
2347
410
278
178
738
2156
70
560
2462
2621
2372
2125
1074
1482
460
1924
2161
1082
2331
892
458
1862
382
400
1218
626
1284
2167
2386
2160
424
8
2612
2410
2516
1106
1176
2184
2646
132
892
1468
1490
2349
52
1452
2355
48
118
2266
772
808
1416
1316
1792
1686
38
494
2196
1184
98
1971
816
830
1716
1600
2206
1412
896
656
132
396
1396
114
1512
936
518
838
586
362
1250
852
1488
10
1788
420
674
3158
2435
304
596
2652
660
2410
180
2378
2215
270
1700
654
80
718
2220
1710
510
96
720
116
432
1098
1894
2377
190
496
1148
406
8
892
204
358
2074
1300
610
1922
276
2186
992
22
2227
2279
1478
1934
1438
2408
164
2472
1184
2403
1304
2452
1100
648
108
2402
2378
2620
1300
970
88
1070
596
506
2546
1322
968
2219
2119
630
2389
1756
2437
778
1732
170
2277
1466
1782
546
950
1750
2626
320
2226
366
2571
2257
358
2532
422
650
422
2175
396
78
2062
232
2472
364
748
1470
2114
968
728
282
2076
816
476
1634
184
478
1724
622
2376
1822
2498
2503
2520
1674
716
2273
1636
532
12
2498
2581
512
2213
912
212
1272
1840
1604
2589
2115
1614
512
256
2340
2423
2140
2402
2141
1486
238
2061
398
628
200
1548
702
2329
614
2278
2231
2693
2086
368
2496
1354
360
2022
76
2322
1973
452
2611
1178
1304
3039
2144
2397
514
30
802
1366
252
2306
1068
428
1196
2117
1840
1950
618
894
1374
1192
396
1476
2747
1312
406
104
2169
1618
2482
1348
2440
1516
448
834
1230
2608
232
2528
2697
2221
1670
1208
1652
790
888
2385
1576
4
2409
1478
2
1102
2723
1018
420
90
416
492
2593
2534
2754
1630
1200
1262
2128
2481
962
842
538
2138
2020
2408
984
1356
308
1086
1400
2276
610
678
2067
2400
1706
780
900
2423
734
2277
2336
578
1650
2160
494
2572
356
2066
2161
2280
2556
594
384
456
1298
2581
2445
1488
520
376
2392
556
2260
1108
2382
656
1972
1428
2220
2175
852
2606
1114
770
2411
1316
1929
1704
2371
2014
382
346
1922
228
2040
156
410
2225
856
1534
2196
90
628
764
2362
404
2214
2397
2412
928
2435
2414
2419
802
1008
510
328
2585
554
2064
2312
858
646
2517
2091
2197
6
2212
1954
2218
1170
2436
1260
2
670
2143
772
2294
2048
2673
746
986
822
614
744
234
766
1250
2294
1458
962
182
20
186
626
2288
1618
2380
2421
968
2259
1868
1138
860
2166
1028
96
1136
406
2014
2131
824
1120
1226
298
1512
2539
2438
1104
2175
158
1278
1694
890
2367
764
700
2086
2063
1706
2461
318
2496
2226
464
1238
1835
2225
2234
2435
80
602
2126
520
2435
272
2377
2139
1032
1710
874
2621
644
2446
110
354
102
362
2427
2080
2647
380
764
2227
102
2547
2358
986
2434
2186
1322
2331
66
1981
376
584
2769
520
1004
32
2383
566
670
1971
2801
2329
1298
2628
448
1482
2411
2613
2310
1050
1116
2354
1650
1856
1238
904
1658
1176
2756
398
2262
2121
1658
2730
2270
2360
2253
2065
1546
2080
2477
1918
2559
324
94
2576
1970
2466
566
784
916
2279
378
486
2148
2724
1152
238
34
2433
408
452
64
2022
2194
784
1294
1100
512
456
2402
2879
2129
626
1208
2074
1094
1740
544
2089
566
2098
822
1758
2353
874
2432
1362
1054
972
64
2584
698
264
582
1614
1010
386
674
1166
490
316
2247
2468
812
2569
2253
802
2660
1752
1332
2302
654
2419
2400
616
1390
1292
956
1910
1646
758
140
2401
598
628
2924
2418
230
94
912
988
2264
354
1288
476
2003
1937
2168
2535
2275
974
656
2124
822
2040
236
664
1268
2471
1756
846
2114
2588
594
1538
1968
658
2253
1216
1794
1148
2610
96
2287
26
218
1895
1492
1704
1504
2202
1150
880
1500
2079
966
906
316
2499
2063
1993
2311
68
778
2107
2524
2433
1872
2506
620
556
1108
2261
576
2329
2064
1012
2399
1422
174
2264
1674
416
542
2240
1986
2119
768
2204
1230
76
868
2011
368
1014
1314
684
2303
1264
1973
1614
1544
396
1140
1352
1016
1138
108
204
682
774
510
404
704
2334
320
2368
60
514
406
1070
414
2426
274
1600
2374
580
272
402
636
462
652
2234
622
2118
2278
2144
596
966
2620
506
1012
1638
2219
1975
732
2491
176
2317
370
408
448
2389
128
116
2372
1692
948
162
1246
2235
2335
2144
2076
310
1402
2590
1584
42
2363
2192
2409
1737
2399
1148
2366
980
1266
34
1204
604
250
1530
1426
1764
932
1254
2350
2098
1312
212
288
2170
540
2127
296
2188
938
502
984
2014
2420
1296
2326
1416
2275
2287
1698
2093
2475
2484
120
846
2155
724
1020
908
2480
2455
2121
386
262
74
130
1773
900
396
1008
1402
2013
616
1154
90
992
612
2097
762
1002
364
570
2068
1080
980
28
1048
512
2182
174
1268
976
136
762
2166
1780
2398
1218
1985
570
1212
986
1528
824
778
2543
664
340
2195
1790
380
144
1984
30
2724
2337
2291
314
202
1528
2896
2134
1400
2645
2423
2234
2497
2390
1082
2668
606
1548
844
1601
1400
210
880
1218
886
64
164
416
650
2443
244
134
1396
2158
178
650
1358
178
1310
170
2152
1074
970
882
1466
1692
1002
2311
1584
788
2016
2400
892
2294
2598
1964
2273
604
1164
2629
268
314
2607
504
208
1314
1466
2267
2158
2129
2404
104
222
1538
104
1474
276
258
1174
54
2446
482
778
674
1272
1144
344
2224
606
264
166
816
2576
474
1346
1838
2294
702
1800
2346
1948
832
486
1254
2290
578
2460
18
822
932
586
372
186
2325
1180
666
86
1948
1356
2194
2396
1788
1444
2150
1702
274
1048
1432
1957
1820
674
310
1164
102
2649
506
1354
644
2566
2414
580
866
1954
2398
2337
2485
969
1096
386
598
978
2326
506
2594
406
1360
1970
2057
1778
186
1526
2262
2335
130
2253
2477
2596
730
1852
274
1122
238
370
1970
936
576
1680
734
2527
592
316
1000
2507
988
2350
1222
340
64
410
2217
1148
1658
738
104
1208
136
2197
984
562
746
1836
2530
1292
1560
2088
2310
160
2596
70
898
2206
2000
972
2227
2225
2339
82
190
192
2481
2306
404
1534
1512
2602
726
454
762
2131
2817
194
2482
2262
2362
2245
2363
2611
2074
818
2403
570
2491
972
2242
2388
170
516
362
2693
1014
1660
920
1704
1272
1718
2232
2353
2368
1666
2104
2119
1282
116
2609
1246
2397
2364
210
234
2064
1032
1634
2230
2769
2673
2603
466
2336
336
128
1802
518
2384
2477
2388
2257
2011
2467
256
474
2548
1072
1770
2577
216
1876
8
2292
1064
2262
1552
1506
302
2206
1134
718
1762
2196
506
1690
1002
1744
738
878
2697
2431
1006
2143
1144
48
2304
2357
200
382
666
320
2165
734
2054
986
1624
2351
892
804
190
672
2282
36
2604
472
1941
1820
2494
2247
1578
1078
1604
310
2319
614
1116
1492
32
1372
1450
912
2773
2361
1360
906
2617
2522
2146
24
2704
2496
1890
1082
2810
1880
1808
952
2054
2190
2477
1658
1830
454
1392
628
2190
2001
576
2696
2577
2026
130
2367
1218
928
1136
1078
2201
26
2012
188
370
964
174
818
2203
2100
2080
714
640
716
550
2474
94
2384
1910
1224
2190
1616
176
2563
1672
196
948
2338
1881
1738
1934
292
722
1636
602
2370
646
200
2232
132
2245
306
926
2427
2245
166
1386
1972
1186
2220
1910
348
1004
1618
2227
2612
2128
1544
2135
128
2623
1602
2483
2345
2505
2499
294
630
2612
294
114
2
1920
2346
2067
210
982
1993
1694
2196
978
1610
1246
2372
2070
1306
1981
1874
2045
2287
480
2344
370
2369
272
1965
86
924
1710
2513
1600
1828
760
2770
2457
2295
112
506
1963
768
960
808
2066
1086
2592
1224
1860
340
2389
774
206
900
2073
650
1906
1826
876
962
590
348
2366
1216
138
1770
468
2149
2211
1428
1886
1742
758
644
2458
1102
2410
718
2260
218
462
2606
2266
354
88
1562
2126
466
2156
530
1246
2527
1230
1886
1510
1182
2071
2752
2003
2016
892
1156
212
2188
2554
2630
2243
2212
2158
722
2602
2024
2416
672
644
446
956
130
1054
930
1932
2669
2406
672
2088
484
2676
580
2264
576
2532
2110
2148
416
1444
122
1957
2105
236
2478
1554
2471
508
726
2347
2498
456
2020
62
46
764
2227
588
1282
2701
210
1380
170
1194
2170
1478
2312
100
2604
1000
42
1254
794
2397
746
1478
704
2102
2264
368
342
656
1338
74
2171
978
388
2557
1090
1236
1538
1696
858
2360
1684
530
2526
2548
2012
2182
2251
2615
2062
1868
470
160
118
106
1208
2368
2394
2361
2477
404
1158
1544
2130
2482
2274
1114
354
1274
3650
2039
1682
620
1194
1920
2138
1106
2116
2251
2690
1452
922
596
466
2456
2345
2008
2409
1464
1976
2278
2210
1994
1372
422
702
158
2012
2404
2556
176
2367
2679
2678
2144
1852
1914
1394
2118
400
1322
2473
1394
1850
2381
276
990
1657
472
2382
2027
452
2496
186
2298
1402
1792
1660
600
2151
354
1954
1056
428
1844
502
1312
2366
1706
2182
1058
920
882
1164
714
374
542
340
652
334
490
300
122
2072
2314
2098
1606
1444
810
464
380
392
2366
946
2582
184
2041
1230
2343
750
2629
1508
702
114
376
2531
818
2184
2025
2584
730
2393
1464
220
2585
866
2401
2507
16
166
542
76
204
514
564
1458
2326
84
600
1274
2622
2536
1182
656
2440
2046
2266
1966
390
2140
2408
2254
2123
2079
64
200
2572
2078
1570
1124
2623
672
2101
766
2040
2293
652
278
236
2441
20
2423
2060
964
1402
112
2093
1098
2492
2177
970
1114
2345
1038
842
2317
706
206
642
808
1280
2434
2437
362
1238
2232
442
2833
632
644
1182
1156
342
1432
1314
2136
284
878
1172
494
1978
1680
250
548
1953
806
370
964
1514
2038
1996
1694
1222
1962
474
2017
50
2458
2463
2540
184
2635
38
290
1922
204
2431
48
978
1402
880
316
698
1298
2566
2339
790
2245
1750
1952
50
1582
1196
2763
388
78
72
732
590
2441
1462
880
1278
2380
2189
1958
2591
2514
16
518
2515
1556
2374
510
196
698
2104
2409
1804
1088
1064
590
1284
834
2190
1568
550
2297
2454
1958
188
1596
1682
240
1978
156
1983
6
2070
2462
2359
2150
2484
1530
1516
1920
1960
114
720
160
2127
2245
2287
582
16
1768
2269
152
1114
2229
240
62
242
672
2199
2319
2500
408
2487
414
1794
2027
450
1270
2688
72
562
168
1876
1560
1390
2212
1448
892
2014
1292
110
442
1790
1052
444
2460
1136
1076
1482
2268
2016
2220
2135
1868
2268
2603
2429
2152
466
468
1440
330
2662
1706
2582
2629
2472
1560
1654
2562
378
1902
1442
1062
1722
2450
90
1416
944
1626
302
2056
568
2327
1028
1362
2232
1222
380
578
990
2602
148
370
2004
1540
2515
2248
76
2349
1990
2464
2190
1092
588
2445
1362
588
2226
590
2086
2104
2600
1390
2006
34
1692
44
18
1158
2144
2177
694
142
2355
2205
2626
1258
2338
2683
1598
2364
2020
1074
2309
114
2297
2258
944
2527
1912
1074
1933
624
2169
788
378
468
422
2434
1766
2867
2747
2009
2164
964
560
1626
190
2698
2279
308
1956
1989
610
2532
1332
678
732
2329
1829
2412
2421
100
1909
68
1150
2054
1790
2149
718
204
954
574
1192
52
2224
518
1276
1062
660
2292
72
1040
508
358
2186
2597
2413
876
438
2349
1182
1638
2741
76
1088
2200
828
8
1028
208
2076
2028
1358
1580
2418
738
626
1936
2112
2520
474
586
2583
82
2397
30
764
2399
2520
1824
422
2249
2120
2512
2696
434
1536
1890
266
18
2341
1222
1552
1694
2314
156
16
2168
908
1808
828
2734
1110
1228
2291
2234
512
2355
2253
784
1730
2227
1000
564
1402
888
2244
1550
2547
1406
2441
2649
1903
1724
1042
2356
1656
994
932
456
2610
626
1556
2902
34
1326
962
1192
1864
148
522
182
2916
84
1622
1246
968
1692
2176
1877
2751
1070
1016
264
2237
114
1997
858
1518
86
556
12
2088
848
2528
1688
2347
72
134
2331
1114
718
970
1882
966
282
2166
2091
850
2121
2170
622
2392
2106
2192
2617
1368
2539
48
2706
516
1538
136
1980
724
2379
78
58
314
420
2765
966
1904
2267
148
836
22
1974
1798
1050
1150
398
1416
2400
438
32
1284
2419
618
530
366
118
156
2414
2040
2396
262
1124
154
260
2142
1098
1132
2616
1947
618
2162
714
312
484
996
1476
46
2326
2020
2668
2267
1940
2347
2555
2518
2111
2597
1490
204
1776
2308
2566
1248
70
1976
2129
750
476
2179
28
2180
2733
650
1440
208
1886
1540
1040
1634
1478
1886
1480
324
96
1438
1770
44
1750
890
1692
460
544
2542
754
2128
1032
506
1602
1623
356
1774
2325
166
1346
1748
2353
300
400
1504
2495
1026
1854
880
2495
1542
1108
1634
1600
114
226
78
1958
820
2210
60
2013
618
2556
2621
2139
2330
316
2667
2470
316
2414
490
1434
2215
146
414
596
2334
2879
10
584
2326
2674
2224
1518
1528
652
2106
148
158
748
1714
940
2020
1694
624
974
2039
1142
2202
2609
970
2649
454
2325
2234
2527
2442
346
1000
1629
2170
2270
144
22
2225
1240
1924
2150
1963
498
708
1972
790
1416
1926
2504
2398
416
412
1080
1364
1236
370
702
624
1206
1880
1104
594
2731
2415
2367
648
536
322
1094
10
1068
1386
218
470
2176
1573
976
2180
44
1348
1540
2894
1088
2715
908
268
2161
2484
600
1654
2097
208
2152
1212
2136
614
2417
2201
2184
2247
2274
1194
2254
1540
554
556
1220
1260
2198
2122
2183
106
1830
1334
700
2108
280
1762
804
144
2058
1072
982
586
660
542
2570
742
2732
100
1750
2098
2279
866
638
1220
1958
272
2705
2505
2102
26
1076
1412
434
2302
1006
490
276
1418
1428
2226
2231
624
432
2735
2523
274
792
798
1496
2651
386
684
434
620
1346
840
1106
1686
1530
640
62
942
916
1758
982
2181
138
1010
2443
766
26
1070
2092
2277
1158
228
534
522
2079
522
2438
580
726
868
1866
2270
2562
2310
578
1298
1272
602
178
166
1604
1090
2377
2772
1484
1778
416
2004
726
958
66
122
844
658
1836
2295
1560
1242
18
276
866
1972
2109
1528
676
1980
36
2309
2112
2392
2651
2580
2360
370
2
384
718
2066
692
2134
1004
1938
642
2043
214
430
1112
1136
990
22
162
972
1670
2422
728
2585
1568
1905
392
2079
1326
430
894
70
976
946
2406
1512
2274
1684
512
2052
1358
680
1690
2502
294
558
1590
2320
32
240
1376
676
1224
1390
2252
184
338
2267
844
738
2047
104
2666
2262
798
660
2475
372
2165
998
454
2405
2488
474
58
2464
180
2264
536
110
2128
2325
2576
948
2436
1378
2203
2301
616
2316
2326
872
2303
154
1124
466
2518
332
648
92
2335
682
358
1814
2023
2287
2194
2301
448
2015
2259
518
2544
564
2160
172
272
2167
126
1430
466
220
2750
830
1966
2273
876
2483
2730
1838
2729
1620
2208
500
372
668
408
798
1912
518
1712
88
1386
494
686
2194
348
2299
30
1434
1404
2399
264
1710
1726
500
2476
2020
664
2275
2449
1386
1498
1882
1988
2155
1256
2320
312
1010
2435
2704
1500
24
10
2645
1796
326
1874
2151
2502
752
2064
380
112
440
2480
1266
36
1128
104
602
1060
1920
652
988
390
1852
612
572
1098
516
1412
2642
944
1831
88
1096
2539
1636
978
1202
264
2273
422
1456
230
2604
2160
912
428
2689
590
1898
1616
108
2163
1670
1914
2474
2591
400
722
2417
492
2668
318
2084
1842
52
1726
1554
2438
2308
16
2175
896
842
2348
2085
2566
1744
876
1994
874
2028
270
382
502
1092
2139
2691
1942
324
2188
382
1732
292
2836
1326
1314
1012
2618
786
2091
2108
2917
2609
2167
2510
2307
2235
1949
408
2793
2305
1014
686
498
1320
378
718
1230
1808
192
2438
1306
1880
312
1234
72
2480
1120
1759
6
302
1296
1590
662
8
2217
246
370
1874
554
1430
296
2329
2317
2291
214
2258
860
1396
56
2044
2294
126
2707
844
1542
2695
2109
1102
1428
2295
1204
2220
306
128
886
782
798
1186
2658
494
2515
1718
648
1704
2090
1398
1971
458
2047
2219
438
2528
2734
2601
246
1230
2222
2030
2454
2600
1644
1736
1676
70
2568
562
1968
2121
1198
164
896
2036
2176
2661
76
78
1360
2320
2186
1050
2705
1484
1148
2404
1008
610
1300
510
2102
98
1250
614
1800
1564
542
2646
624
1176
2203
1720
1868
732
2387
2392
2044
2071
2200
1926
496
2509
40
790
1859
632
328
2490
2424
556
2209
1542
186
370
248
904
56
1020
2450
1272
1923
1782
2206
2610
202
998
1955
128
2015
4
1973
816
2302
1188
1314
1010
2215
2121
536
742
2221
2039
224
548
1760
2600
58
2395
328
1628
820
278
2195
1991
1154
2393
140
740
166
238
2198
2131
2308
1540
796
96
2116
942
2043
2498
938
1970
2252
1764
264
2264
694
1848
266
2219
2141
2518
2057
188
1983
1660
728
878
512
100
1338
968
40
244
984
376
1238
16
2142
1534
2102
146
2040
292
1266
1708
2318
2374
2262
2345
496
1196
1724
1946
2196
98
2225
2652
1990
1162
2710
2416
2278
694
2238
2218
2042
2418
2264
1790
746
942
140
2286
2229
2207
2714
2382
586
2039
1910
2131
458
1316
82
2001
874
866
1006
1756
674
1626
764
776
240
2428
254
82
2060
2242
1676
760
984
1974
1770
2444
1739
2415
1774
376
1004
2424
2407
1608
2230
2406
2113
2545
1712
1984
2080
964
78
1032
1578
1600
2392
2576
1224
2676
1482
1018
1300
1148
2704
182
2673
2621
2666
422
748
1434
1186
426
2059
1564
2272
100
2551
2380
64
1098
2398
1816
936
232
2712
2555
2562
2461
2426
2437
880
874
1761
1806
266
2077
148
488
166
2393
2414
652
316
2502
42
2272
1062
964
958
2342
672
2116
2260
102
136
2338
2253
12
2405
192
96
990
302
772
126
1884
2019
1176
2380
2359
2366
1378
2368
314
1400
816
2165
1988
2563
1884
456
2558
858
276
716
744
1656
230
2219
52
1614
1472
1008
826
2169
1883
958
168
2051
2402
2674
1358
1790
188
1628
2204
1014
544
674
390
1756
544
956
96
1464
2321
2454
2660
2141
8
1968
2396
864
288
2367
822
540
2278
468
52
2428
250
2134
1088
2026
870
2020
192
1410
1262
2186
2085
2165
808
372
1208
394
116
884
652
1996
208
1046
2338
396
1270
2267
2120
2017
2452
32
130
2096
2394
2470
2434
2681
958
2225
610
1022
2225
548
2301
1192
2310
2060
2452
2318
190
888
2510
2222
2472
1756
1858
2385
2270
1288
2551
1248
1872
560
2353
634
1932
390
2398
218
2729
1905
2376
1968
2638
2116
382
458
732
960
180
854
90
2146
530
1154
2322
386
2193
1724
180
676
892
660
510
442
1064
1010
1848
360
2690
932
1728
12
1644
1945
902
2150
68
24
114
748
2210
384
378
2510
164
184
220
1878
418
76
712
504
2229
2679
998
1290
1378
22
410
2517
1376
2540
2379
2364
2030
1960
732
312
990
1110
16
1942
2571
2466
2674
20
986
386
1112
1166
266
2221
728
2834
308
186
2566
534
2654
2227
2458
2583
2436
250
406
98
164
2245
1936
1114
140
608
358
76
2179
2283
1908
2280
1538
1836
1624
1764
2362
1706
2088
238
928
670
1018
422
2536
2246
994
2554
1290
2136
2268
2283
96
2212
2450
428
2426
1456
2386
322
1338
46
1978
2298
86
1944
2360
428
1450
832
122
1406
104
1352
1454
384
508
1358
1778
2541
1304
1020
2521
1586
678
2383
1962
1304
958
2696
392
1430
482
890
480
2657
1010
2370
1714
840
208
190
52
2162
798
1250
46
1662
180
1296
2268
536
314
1582
634
820
2386
802
478
30
256
722
2695
182
190
906
40
1592
2612
1226
1536
1048
928
2170
2338
668
2502
912
2587
164
658
1304
2660
2228
2546
2223
152
2375
900
1212
2192
3380
92
218
174
164
1222
1897
228
1010
1456
698
676
2402
78
2303
174
658
80
124
2085
584
308
2330
780
2571
2710
1926
110
332
2024
2477
952
1956
484
1724
846
506
2303
982
1340
436
2677
2263
2533
2618
64
2586
1882
2374
2359
1870
638
1887
818
470
2044
2110
1162
522
1258
2223
2058
2367
2640
920
2336
2105
1416
606
636
1166
2655
1796
1506
1398
2313
1756
1264
106
2512
362
682
886
218
112
2022
2317
1022
2136
340
2475
16
426
1858
2515
630
2157
2260
1690
2162
376
312
2105
2584
1018
2234
146
2340
1258
702
1510
1684
1812
1340
1730
2642
644
422
86
1146
256
506
1158
822
464
2392
2112
594
1468
666
230
296
2322
558
1560
224
1855
2423
1668
2226
926
616
430
1322
2414
1468
438
420
622
32
2807
458
182
186
20
1848
1514
98
1416
436
176
882
2618
2027
880
2571
2061
1360
1976
1522
1664
2255
2327
754
1812
2118
482
474
2376
890
1796
2116
2191
926
36
1034
156
1428
2237
412
1960
198
1730
1638
2412
2010
436
1318
1990
2347
1876
2114
208
248
686
1964
2341
2701
2448
746
640
1764
2195
718
148
2143
2066
2279
1490
80
2288
778
1180
90
2178
662
1176
1078
2225
744
588
1638
306
1972
180
508
2170
1294
2449
2426
1172
2360
1084
2065
240
2518
388
2319
1942
162
310
274
406
3052
2515
1388
2463
2562
2456
1842
244
130
280
416
452
120
2000
66
338
2585
1788
228
2371
1594
726
1806
2250
2201
2127
2124
2237
2208
1080
1436
1556
2042
1236
434
68
1470
2502
142
1628
28
1384
2308
2420
588
996
736
128
1394
252
356
1160
2627
2349
1740
1881
2352
818
568
268
178
2530
266
2253
980
2156
876
1836
300
1434
812
750
2397
286
2172
1984
2330
2066
1226
2319
1118
2479
1642
70
382
922
1558
2027
310
852
254
2451
284
2188
2301
1238
2423
244
2628
220
628
832
602
470
878
1334
516
174
2118
2385
490
1044
2330
386
1148
374
132
2431
422
2491
1568
248
44
974
630
2201
184
82
110
2239
2632
2007
2405
208
1342
1886
132
1094
2620
230
192
26
1956
1172
442
1596
772
1006
1830
2130
660
444
126
40
1388
2324
356
410
2283
2541
24
2387
244
2653
496
2200
2184
538
12
304
1957
796
628
2081
1958
1848
380
258
298
2138
2071
1590
1910
1940
2279
2597
2452
1814
1380
306
2004
1654
2032
504
94
734
1186
1042
1450
290
2169
690
646
732
2448
136
2060
1222
1953
2061
2236
2343
902
2510
2047
542
850
482
18
270
1080
2494
388
354
1350
2437
252
58
2085
2035
306
794
1662
448
2419
98
432
1675
2500
2002
244
2161
314
1680
1716
354
824
2479
2670
354
42
1500
1778
1917
518
2367
2108
2465
2300
508
1306
2056
138
966
246
1548
142
320
1540
1836
838
2103
2250
2221
2508
1556
2523
1504
2010
2593
2433
2063
786
2221
2110
2214
2452
1552
846
2014
1138
764
64
78
2522
744
2212
402
1152
2099
2158
906
494
990
1846
554
1744
2158
110
1934
2358
2479
794
2401
1384
1628
258
162
2205
1164
2257
526
2017
814
156
2270
912
1474
1912
748
1820
1846
1190
1812
2126
2498
990
2132
2684
1314
672
720
386
320
122
474
2458
192
2066
1506
2072
2392
26
2176
1776
762
1850
46
380
2458
818
818
208
1604
822
1912
1722
1578
1858
1068
2095
2414
488
2190
2427
1080
2143
2209
98
622
2385
1196
258
1278
2080
2269
338
228
574
404
2032
1824
2322
2342
1482
164
2776
1270
1164
1997
344
364
1744
776
2360
2486
2186
2260
2562
2552
448
438
1995
164
1300
2243
84
2286
2492
2188
18
1222
624
318
2158
2456
2314
2376
1378
1774
2516
1898
1686
2483
504
2161
1172
162
18
2295
1754
2262
2540
2802
2452
2369
898
2358
610
480
2318
982
168
2121
1484
1098
280
2280
1364
332
406
2431
2405
562
1216
2094
2426
220
1514
2568
1266
2363
1725
296
2442
516
490
990
2252
2273
2100
2484
240
1500
1886
1732
2158
196
2324
736
482
904
2474
2430
488
1526
2450
2402
2636
1016
466
1016
2257
2156
2335
78
2371
796
90
2122
1114
50
400
2204
1298
2581
182
774
2380
14
790
1320
2160
1416
440
2494
2361
2006
2301
1841
458
84
1316
1260
2432
26
1116
2448
1684
1240
416
2557
388
424
264
844
1838
496
2415
1444
2521
2516
2017
112
2342
764
742
2221
2123
1272
2416
1888
1374
672
976
714
2144
2018
60
64
2339
16
54
216
2053
764
2240
2275
2320
774
86
2410
1946
350
208
2368
818
1926
2158
4
158
804
2711
2364
1084
1016
1548
2173
1854
1224
1728
2255
2026
578
2374
2252
2275
436
1106
2020
444
1712
2249
944
1776
218
218
106
2071
1156
384
2209
316
1144
898
1314
1372
2317
1318
2121
2126
2392
592
466
2050
2088
2094
1818
2667
1854
966
2213
2414
848
2438
2330
1874
2033
1062
576
1034
972
560
1646
804
1810
404
532
2147
1004
14
166
184
2096
326
1774
1670
2566
1160
2192
2617
2250
2494
34
1733
2446
848
2158
160
1634
2107
522
2311
2278
1300
32
1712
2503
2418
632
2036
44
850
860
382
2477
924
2178
372
614
1468
1296
432
1979
24
2429
896
658
912
2486
914
1956
2361
602
2223
1926
974
2381
2270
2571
772
76
438
1056
546
482
260
2370
712
2444
644
802
1430
2193
32
1548
268
1120
1953
586
1084
2152
1773
2641
1348
2331
2725
2210
1002
2050
1348
686
288
416
1126
2659
2165
712
1016
1795
2600
398
1174
1264
308
1138
544
1458
1856
2290
1980
2362
1062
2064
2336
726
2265
2363
2993
164
1796
2401
2656
604
1356
494
1156
628
392
1004
2342
2659
676
950
154
1406
2291
1078
2143
2288
1778
2713
2002
2791
476
1150
614
696
2052
54
1484
1932
1042
818
2264
2115
2566
2429
540
1556
2806
952
208
1734
958
1852
1544
202
2472
2155
696
1078
1812
1482
406
126
794
1694
288
660
2257
164
1790
2200
342
512
2386
1118
2199
266
546
588
714
486
2433
2276
1126
976
188
814
2484
2752
2352
6
2182
2556
276
1330
2256
602
2518
530
212
2122
76
542
2424
118
102
2144
2052
2399
888
132
158
2283
424
2276
2438
364
738
2307
2093
2099
2637
2082
2161
2024
624
330
930
136
214
2454
752
1644
2095
234
456
654
334
210
308
1530
242
364
1090
2424
902
2377
644
524
1888
1152
132
1182
290
212
610
310
2251
888
1344
70
14
442
874
1732
284
952
374
166
40
1570
1196
1266
2272
616
1298
2338
878
2537
1982
1182
204
386
132
488
1178
2221
858
2007
258
2163
1482
144
2482
96
1290
634
1340
18
2106
2267
2409
904
716
1548
2510
1272
594
946
1992
460
934
2464
1052
46
464
206
2276
2004
528
860
930
2352
2386
2535
220
1920
2340
1920
1702
360
2172
2016
1936
1676
698
24
2138
2494
112
2158
2434
350
568
2491
2158
324
2475
226
1872
50
1584
2330
1412
1116
300
976
18
1522
312
2368
2674
924
520
280
2478
1834
204
2234
472
496
1829
1112
2234
414
1682
406
336
1808
1716
1300
1736
2331
2586
246
846
1298
1672
2186
1182
1060
1799
1212
1074
140
2010
2295
2467
1860
2269
1264
556
1662
616
1322
2550
2065
604
616
2480
498
1228
2680
164
2791
1524
712
466
1236
354
796
2196
2562
6
2453
2320
400
250
1800
288
2872
1829
174
1258
1765
1200
284
1008
1768
1088
2531
1436
1522
376
2616
2248
2588
2311
1244
1462
1808
84
2231
2060
592
2623
502
868
2168
1400
1104
778
30
1352
360
766
2662
304
2448
2265
100
320
1140
1792
2146
1774
2392
474
2350
2470
1430
1842
866
2459
1262
2391
1066
78
308
228
384
878
544
2469
2500
228
1878
1276
1822
2232
2375
1802
1771
56
582
1640
52
1440
306
1604
360
2042
664
1000
742
2547
648
1746
1146
1847
326
1486
22
446
2349
2186
2216
390
548
2175
664
1852
20
2414
2110
4
874
668
1182
918
1384
1218
2126
506
2205
2048
2887
2668
250
470
2493
1744
124
1366
42
1773
1398
670
2833
176
866
2210
156
1526
2302
464
1312
338
664
778
430
518
2524
2393
560
2484
502
1392
2054
466
2298
2428
1182
2072
264
1120
1991
2388
730
2397
1774
206
430
2152
2207
156
2369
2565
2078
2227
2162
728
102
2592
1920
1048
822
2453
314
248
2646
318
2644
252
2222
2266
1490
2591
500
1284
2168
1570
1620
1092
60
920
2171
1804
2377
2567
226
2105
1582
1142
1718
828
710
72
2413
1212
2087
448
2577
1848
1266
126
2130
536
720
718
2312
742
230
1358
24
1920
164
1052
2410
1870
1937
1304
226
2303
498
2703
2311
2088
2571
388
2325
2168
356
2281
2322
2458
1716
1729
552
430
2218
1406
1727
2247
2543
2166
3036
408
1176
1930
390
1200
278
1244
360
2231
2613
1168
2044
616
1852
1912
774
1506
274
2316
2679
2213
2136
76
826
1884
1710
254
1694
1022
48
700
396
950
40
1220
2555
680
108
1168
274
2270
2175
12
28
1392
580
284
982
1492
1220
1854
2483
514
580
200
586
608
1574
824
2526
366
2521
520
448
2368
646
332
2125
2256
2313
180
2544
2379
208
30
646
2415
1120
362
1368
442
2640
1968
2334
2230
332
2094
264
252
338
2257
1288
2064
178
1330
2633
2203
2551
304
1484
1168
2129
1748
1893
2354
1338
2728
590
1042
2532
712
68
2385
2324
2411
168
2331
46
2534
408
252
1424
2173
154
2174
408
1630
1414
1004
120
1676
2028
676
2560
508
2490
1202
1010
1952
140
662
1898
642
1742
122
862
2645
1020
2806
1660
938
546
1386
2396
2215
258
868
2242
1294
1730
2280
1840
2187
1962
2048
184
432
1908
598
1790
38
2621
1426
162
2578
868
848
844
902
2102
1190
1026
2415
718
1326
1206
218
216
272
2196
1278
2396
2332
1526
882
1358
1230
1130
536
632
360
1956
704
92
476
2059
2591
2421
1900
2518
478
452
2606
1218
902
1280
2302
1020
362
1026
754
2143
2079
630
1484
818
324
1700
1398
2238
542
80
2413
2311
2472
2493
1504
2356
758
1392
2370
2017
1690
350
2335
652
1940
2556
396
1584
2200
24
1780
938
2557
2829
994
1576
2268
2310
2392
364
1701
2499
2907
64
638
880
138
488
2259
2148
1774
424
644
604
1160
866
682
1174
608
1384
2118
1883
2118
2384
2194
502
1202
1738
86
2472
644
156
120
2029
732
626
724
2239
174
2798
2423
1394
2260
2158
956
406
182
1950
598
86
862
2282
628
178
1514
2097
1727
326
826
2289
782
1688
478
1240
1216
976
712
2516
96
304
1118
674
1340
522
1992
1448
2168
1206
672
834
2254
2662
1074
2079
2196
2354
566
2332
38
990
2132
1854
626
14
970
288
846
966
62
2099
2573
1214
712
788
1972
216
2452
2234
1941
2175
1885
780
1394
1751
26
432
2018
1312
1670
2573
2458
924
906
2134
966
1872
806
2371
2033
1262
880
1913
2159
822
2426
1970
2623
1908
1162
1606
692
362
74
2054
110
934
1126
2087
614
2225
662
2254
1946
2311
982
344
2515
1620
66
190
2463
2227
720
1044
2347
2171
766
846
382
2273
530
464
366
1066
120
1116
1490
1843
514
774
2079
622
1998
184
1028
2597
152
1942
2331
2235
356
2100
1320
28
2486
528
774
2604
2445
1332
2396
1324
1690
868
736
892
2189
2339
2113
670
1194
434
2096
2269
1810
264
758
400
24
168
758
1682
1268
312
146
2571
1900
652
1290
2720
150
1014
290
556
2694
962
342
1192
2353
2036
184
1068
1956
122
2619
1913
634
376
486
2766
1837
474
1218
1002
2413
1914
10
2816
1312
2279
500
402
226
1238
474
2047
1674
358
1924
2616
2049
2443
1950
2334
2121
550
150
620
580
2529
2384
1232
1644
2220
2114
2544
2456
1696
1620
2339
934
1864
1128
364
302
2147
1044
840
1328
4
434
662
884
2299
132
1304
692
2388
372
2020
2369
2392
224
282
2593
1804
946
1030
1256
622
1796
530
772
286
2097
2220
498
1740
1618
40
1358
550
218
1816
2212
2295
2421
434
1132
1706
2074
456
468
972
38
474
554
1320
124
1722
604
172
658
2360
1200
2664
2004
2484
2014
2320
978
2371
368
1012
1698
1276
2001
1678
2632
880
10
260
166
1769
494
128
1668
2673
2202
2279
788
2424
2160
1666
2506
2354
602
2204
676
380
1410
708
910
2132
2022
2278
1392
634
468
238
2297
626
142
1076
2076
1002
1530
1054
848
894
982
36
1468
848
2104
416
2584
2117
146
498
312
420
168
334
744
192
2832
416
464
2312
346
1996
1384
920
1972
2358
2715
1728
2025
816
2133
1140
1260
934
980
1470
244
1818
2583
2130
2328
898
2456
2346
2422
68
402
1482
958
72
1132
1762
2322
1716
824
2375
962
2349
114
2539
2140
186
2260
2376
1398
2156
2344
1060
2001
2523
86
2313
452
2464
40
1972
750
1740
50
1632
1212
904
2301
658
82
1994
1066
2357
2
2496
2553
2226
1706
2190
1883
144
1474
652
1872
1696
2138
1648
2268
374
688
312
548
2514
326
168
2421
596
920
944
1298
1492
2666
2440
2088
1298
1416
426
2160
746
1620
292
104
1606
1436
1108
2546
360
2347
684
526
1282
846
720
688
20
1920
110
1436
1040
2590
40
664
92
530
1288
728
570
2452
2008
1084
264
2420
610
420
1268
1894
1190
316
628
6
1194
362
1122
640
2228
298
768
2230
2224
2179
2329
1988
2482
180
2072
1970
2162
2514
2072
2149
76
908
816
122
1056
2085
16
1000
2388
1766
72
1770
1292
442
2241
1695
1004
1058
480
1144
1812
290
2138
1542
1158
172
672
738
2130
2091
2370
2076
2139
502
1610
2036
1488
1298
1358
2150
2595
2554
206
626
1326
286
252
1520
1060
1724
140
314
232
1094
178
144
924
916
408
814
402
508
2010
1997
276
554
2310
226
1762
440
276
556
532
2179
98
1778
1294
2442
2312
68
1718
588
754
2610
2182
508
294
2039
1632
2408
2243
2252
134
2233
2578
2446
2384
2459
1570
600
2235
1122
850
1264
1880
2110
2375
1432
2536
606
2615
2
2095
2703
630
2528
2213
268
966
2015
2466
580
2550
502
1839
810
606
1260
1076
2382
1032
2120
182
136
38
2593
1746
670
2542
1390
314
2378
404
1104
1052
246
1872
202
2296
1322
1052
140
1152
978
2524
1892
1452
880
2461
656
1278
2343
678
326
44
502
2574
2043
1258
2274
2234
2420
300
382
144
2462
2346
2744
788
482
2109
268
2457
768
1450
1740
40
2598
1318
860
944
1866
656
2559
486
2383
290
2544
374
776
2288
382
2078
214
2802
256
442
2116
806
490
1196
2465
2220
324
810
742
766
1824
534
370
2002
506
1852
242
652
114
1630
2263
2596
2283
1280
2480
216
1850
1986
2448
64
1062
48
1524
24
386
1972
2109
2052
1648
2446
374
738
642
1388
2197
2362
1002
6
400
906
1574
2536
398
2026
1128
1166
2952
642
2276
2090
582
268
2682
1710
214
1696
2321
230
2124
1192
1932
1690
2203
636
1176
376
404
360
668
836
200
2110
1016
1812
1711
1714
2332
1270
64
336
70
2830
398
2368
354
334
2393
2278
1196
1088
912
718
316
2416
1492
616
2288
1838
980
314
2551
2069
2224
516
2692
828
130
226
2170
2625
2249
2821
2033
406
1418
2254
1534
218
38
2202
1564
1226
1648
708
290
2368
1740
1244
310
30
980
824
1188
388
800
1662
2689
1484
1448
2300
2439
2326
2675
2354
120
1870
2328
2204
2435
1336
2506
1894
2301
1572
710
2496
238
334
2719
614
2377
1853
1042
1228
2233
2049
2589
202
2097
1727
832
2152
2372
1994
410
824
504
8
2291
922
1780
568
764
2103
1212
2444
326
216
1472
1138
1886
1578
2292
390
1452
1824
880
42
790
1940
1108
2247
1440
1716
848
2259
2256
1368
1118
1308
1140
1572
1598
544
1114
2206
2364
2267
2071
1818
1737
94
400
402
1388
820
1662
2562
2341
1482
1270
1490
216
2367
2328
612
2458
1292
2332
2022
2346
562
1144
282
1974
1436
464
2633
600
520
1792
902
2143
1986
2321
2308
1432
710
1855
2088
868
172
2157
94
1148
2222
2134
2613
1640
700
678
1232
2335
750
2647
1800
366
340
1902
2400
566
654
1396
1398
2054
2532
2167
2492
2132
1738
1428
2006
364
2214
2649
442
1983
1946
122
2414
2559
56
816
1460
2519
162
374
1864
1558
1828
682
1544
792
672
1816
176
670
628
2270
100
414
2262
2003
2441
262
2652
1378
2544
264
1702
434
428
2300
2385
2224
1930
2278
2374
2445
2448
296
336
320
1480
2
256
782
2351
2002
1992
498
1991
2244
1848
2356
412
2002
1532
180
742
1182
940
2590
754
2315
486
1494
2046
2200
196
1338
1684
980
288
924
56
1528
208
414
2240
2493
2573
196
1044
1066
1960
2172
1098
2118
1174
1808
2006
284
2205
632
2480
46
570
850
1912
2273
790
2664
1844
1668
2163
770
2146
2467
2148
1654
784
156
2313
544
384
474
2217
2342
986
166
1320
676
190
2868
868
2539
504
220
404
2210
2445
1916
2135
2014
1060
2442
1102
1304
1711
2550
2344
1294
360
328
1993
982
274
82
1940
2020
174
2236
2619
1830
94
554
108
2604
340
2327
2037
1072
2507
472
538
1552
1672
2341
240
476
1212
2292
1694
2188
2210
2208
480
2678
706
222
1024
6
2755
828
2132
1066
1232
312
2326
2613
530
886
916
336
2208
2225
2342
706
2066
1838
4
1384
436
1818
2094
436
376
978
1624
2392
1522
640
962
2045
1230
2002
2181
2129
2539
196
586
2695
714
1874
530
2214
960
758
754
2431
1624
2203
2560
2497
462
384
804
218
2666
2449
1346
1600
102
286
546
1558
332
2253
1214
2056
2211
2227
646
1146
1012
766
2371
908
2312
916
18
370
368
316
2213
2541
814
138
690
850
2258
1568
2382
488
1819
318
1778
2104
1656
2239
384
1888
2259
2539
1406
2448
574
436
2004
40
2250
1815
628
1374
2655
110
2158
2088
2246
1528
2321
2763
1668
2413
522
2455
2525
1518
2273
1006
2208
1714
2302
2249
1594
2446
346
2456
2387
2196
1122
1188
2219
2084
1096
1304
1128
1126
1694
1278
2225
2708
2624
536
2362
512
2109
992
2166
58
2119
634
370
2427
2045
2660
2300
2236
720
2349
1802
424
2428
960
402
370
2046
1596
576
472
2578
2602
1604
2788
2242
1308
1086
2199
402
132
296
2418
542
96
2264
864
2292
2162
2420
1976
202
1312
556
188
2550
408
1971
524
724
2292
2211
398
1940
1992
2508
740
1923
264
824
1218
224
1700
172
1698
1156
894
2590
1746
2519
918
290
904
1194
2423
778
532
1522
632
1288
424
2030
1166
2250
2009
202
466
2241
328
570
2432
1120
1346
450
960
1448
662
2188
668
452
2732
1388
1972
2437
2313
366
2624
2156
32
380
2172
152
722
594
108
240
1642
1400
2006
1070
2607
954
1910
824
2224
1028
352
284
1224
1230
446
2402
2134
650
164
984
1966
1974
850
2385
2062
996
2558
1802
2469
276
2330
2718
2091
228
1650
668
636
2437
270
2170
1792
2384
1910
1966
2267
2461
2381
2754
414
1735
436
1066
2557
2310
184
590
2526
694
2130
1490
2652
2374
206
12
2538
2248
2324
2492
1448
1076
190
2132
150
2316
374
1638
548
2194
1018
1338
152
102
2394
2428
1280
956
2089
2222
1136
1066
426
2150
1973
160
2257
2150
982
2108
612
2722
1296
2189
1604
24
2258
906
812
1734
2436
846
282
464
406
1922
404
660
494
946
326
982
2185
1332
838
1056
126
576
538
1682
1676
2228
282
1566
2562
2199
2721
2763
958
2268
2388
2406
1078
2162
1344
654
1190
1270
170
4
1402
2043
2115
104
1632
1044
88
582
2451
1806
70
1694
2230
1322
856
100
842
184
2236
66
1148
60
1868
2566
1162
956
478
1108
246
2756
936
1899
2446
534
2160
810
106
8
468
852
1546
2420
712
2592
764
30
278
2307
1030
386
2320
1200
1972
2363
1958
778
2304
1052
1968
2405
920
2181
658
1012
530
2441
2247
2041
1752
354
2487
2660
412
990
818
906
2550
2252
460
2270
2691
2332
1961
1246
2051
436
1929
646
406
2217
1260
336
544
2439
2004
2340
620
340
1478
2150
2600
2003
66
2034
1713
1648
2188
470
2338
1172
2341
1538
1148
2236
2464
2164
1268
96
2188
788
1242
2246
2084
152
2304
1070
820
1458
1088
1140
1882
2390
2130
282
1004
1752
414
1548
446
2238
2225
2268
2017
802
258
2152
2154
2306
534
2316
984
98
1736
2501
610
2088
16
418
388
46
2776
1400
1938
906
2070
650
488
42
2387
2388
1856
2021
2368
1502
1452
1120
1950
56
2192
134
2032
464
1114
1374
532
1422
834
12
2314
1798
10
1456
64
308
2464
2209
1921
534
2346
148
1962
1754
578
618
2120
2548
1712
452
2215
212
330
1208
204
1548
122
972
282
648
90
748
2224
962
1916
850
530
2606
740
2384
1440
1991
858
680
526
230
546
2768
600
2790
548
2016
214
504
1578
2692
738
176
1852
470
330
1314
1762
2024
2139
2299
4
2707
116
422
1972
2279
316
2002
376
2171
2461
2172
2170
674
2273
610
1954
1024
1640
2450
2391
782
1348
2168
632
30
2104
728
2753
2612
2284
2566
628
336
294
574
2295
3148
1978
2473
2326
146
846
156
2610
1644
1168
1370
1400
904
2615
2038
1754
2356
1218
1472
1973
2173
1854
1488
1590
2639
1690
624
2375
2315
880
1072
2275
596
2261
2250
148
860
1702
414
1702
1076
1370
2494
2174
1935
526
1538
2234
924
1935
934
2480
214
2668
2310
2279
1328
2618
2353
1312
140
932
1983
796
1010
2202
2220
164
2458
112
862
702
1248
12
1842
680
1620
2449
418
28
420
130
666
2168
2874
2273
8
1520
2184
2084
190
1908
1330
1932
192
2344
952
70
606
168
2120
1102
132
2216
450
570
2526
1923
1496
202
1180
2533
1798
2446
762
612
2353
866
728
338
1276
2190
770
1454
2325
1888
2054
2371
324
336
1860
1856
154
574
2652
2530
282
870
940
172
1300
2204
68
2230
1752
716
952
1964
140
442
1116
1220
278
2404
710
1858
1034
2094
1070
1152
668
2257
1804
610
2104
728
710
2737
754
650
876
192
2486
1674
952
918
148
2128
930
118
748
930
2267
56
274
2829
2441
1732
342
1784
1872
2336
640
2473
1842
178
2558
2044
1698
680
2160
1939
1258
1799
1108
1000
1942
1332
18
2535
2149
2325
522
240
576
432
2392
1226
2111
748
264
104
2355
2400
16
2373
1644
2186
2513
408
1744
2486
620
1440
2461
1426
532
536
1910
1702
2652
2110
54
464
2050
2026
1326
992
242
866
800
2143
122
2564
2033
2717
1602
1556
1364
10
2222
2072
932
650
992
1152
1098
1472
1192
2426
1106
2582
1552
2142
1989
1142
2484
2461
2454
2354
332
1896
996
2379
2256
2498
1660
690
1940
340
1622
832
1654
490
2534
28
2070
2381
16
1897
96
1546
354
2379
2032
1562
1282
1792
814
2758
2104
866
902
2247
80
2487
2544
2615
2167
2688
2295
2768
334
2058
506
2363
2162
1240
702
370
2154
1148
1886
2368
1932
494
436
446
50
1084
1776
1216
2448
924
2528
448
200
1714
730
1202
1678
2285
426
2609
1736
952
472
1322
988
758
574
2475
256
1484
2359
2010
2036
1250
2525
2787
506
2621
352
1577
1901
2499
312
208
2609
2090
1222
552
1204
1374
1188
652
356
680
418
692
2018
2139
168
440
1496
1882
1734
220
1374
78
250
972
1544
2377
2345
2512
2448
2211
844
676
794
2288
870
1852
2468
2410
1040
1780
1650
1844
16
2591
350
2066
14
2741
1514
164
1786
1915
960
2384
774
892
982
1232
590
1598
816
2529
908
1782
2214
2063
82
874
2272
262
870
1120
1016
144
968
608
176
866
2521
2531
340
232
2796
1206
154
1793
314
72
2057
984
606
48
2451
1142
2307
2106
2102
1963
2272
2468
2507
2052
2438
906
2105
2348
2010
1060
2316
2558
1720
1510
1226
878
28
1828
354
2077
1860
2122
1963
1020
1304
1248
1670
1080
2022
1266
2246
320
520
2090
172
998
104
606
2387
236
168
916
1112
1158
1748
2369
1404
586
1846
2183
92
872
2582
832
2392
1598
2525
342
2196
2494
2097
1300
1312
2508
946
1220
580
1518
2400
2354
426
1884
1484
2002
2475
2479
1170
94
142
620
2095
446
2228
2250
84
522
2273
2290
2337
92
200
202
920
2405
406
1182
2496
688
950
1384
1326
482
2501
1980
1724
2514
138
2715
100
640
1942
2106
710
2078
1178
2213
1904
2124
884
2216
1933
2147
2387
2467
1652
1566
1280
404
1708
824
2531
1090
2312
2422
94
1384
1618
1136
2215
1134
2451
2623
2333
1626
2381
868
2288
750
2206
792
52
2449
752
1118
2254
574
1770
2612
2618
592
2255
2400
424
2364
2644
2269
2034
386
2394
1598
826
494
1638
46
332
278
136
2171
2470
588
1142
1368
1840
1516
1150
1756
458
84
2445
404
596
1922
2117
432
1326
1943
1910
982
1048
142
646
2444
154
2076
2197
2418
1088
160
626
1944
1220
2441
1582
1258
404
1636
338
2106
2405
208
576
206
1116
1520
592
10
1917
666
1214
1767
1512
2345
106
2573
494
2096
874
564
1108
338
2230
1993
968
2723
1530
2076
2176
36
2075
1940
2020
1952
856
1080
1084
2212
2122
2523
2016
2752
2472
1028
816
1593
2481
500
2772
664
292
812
1590
1618
864
2004
578
464
490
518
2726
980
986
1228
770
2586
310
2158
2346
482
188
394
194
236
678
1685
2130
1994
2205
1932
2096
1062
2323
2071
460
108
676
1250
100
1582
618
68
1056
1870
1284
18
1128
2752
1452
1088
2527
2787
1706
1144
186
2079
1244
288
2578
704
138
252
1906
1092
1967
688
1780
730
2105
142
1238
2431
2245
2273
2080
74
2020
2811
1988
1250
112
2447
1620
674
2209
2192
2350
1218
144
118
2129
1774
1532
1526
418
2288
240
2790
2238
2216
542
2274
1662
2166
766
1774
22
2046
2560
254
1484
810
22
2469
2406
770
1300
2080
1430
2136
446
2432
2190
1714
654
2003
2379
1532
1132
284
1849
318
1730
2000
2498
1961
1468
1848
486
2040
274
2576
1222
1144
2414
688
1870
54
1286
1120
1054
2249
2229
328
26
1296
2776
2376
1200
952
2271
42
1266
1188
2304
136
1334
224
1346
1460
1839
1450
274
1964
2069
242
2705
140
302
548
428
266
1736
532
250
70
2141
586
174
1884
2568
2234
996
2551
544
388
534
2338
1622
1164
2380
1336
2365
1396
2286
1252
2392
2384
2271
116
126
2372
2294
746
1737
2791
1062
2141
1908
620
1750
1977
2248
2040
1300
2378
974
774
2334
602
2140
918
2363
990
1124
208
134
1536
162
866
446
308
124
1236
62
1606
2350
2402
490
186
2432
2451
2142
2125
1238
2288
580
84
98
1979
1384
2383
2024
332
2184
2300
2090
486
360
816
724
2608
2288
1738
70
1342
2013
628
2173
1372
144
2094
1198
2302
1438
2650
2128
728
506
218
2368
32
344
1915
582
856
1168
1410
2389
788
1452
10
372
1512
2518
1432
678
2501
990
38
906
486
1218
1354
1100
622
652
2083
1632
1948
992
954
1168
2542
334
2323
48
1282
672
314
1294
150
2344
1899
94
2242
466
2097
1753
2513
2233
672
1640
542
610
1786
2301
518
2519
2448
36
776
2584
598
2233
2353
500
2301
400
1128
1910
14
138
706
98
2261
2014
252
2426
1350
2240
2322
2138
254
332
824
18
448
2342
370
1704
400
334
1208
870
2350
170
1750
2630
1126
102
90
732
2244
1984
2313
710
2289
2300
1276
2665
324
1708
2448
312
2159
74
810
2269
2359
2254
464
1828
320
310
630
424
716
2498
1888
2176
1104
286
2110
2266
884
424
1860
7512
3020
1390
1038
2435
954
1988
1973
1588
718
1796
2585
898
2203
1386
1668
620
2723
310
1882
352
2020
98
1332
210
146
992
934
590
796
1298
774
736
292
2574
1896
1180
784
2689
1696
2354
2413
728
978
784
1252
334
1236
1851
1868
188
2278
868
394
1388
298
2165
2353
64
2537
384
1886
1919
2158
342
2390
400
2418
1176
908
1992
810
10
846
174
2031
1920
192
2730
2298
982
622
1616
1564
650
2546
2473
846
944
212
368
346
1334
370
2509
2083
556
1080
1700
2282
2204
1622
1954
1506
642
1888
2302
186
2450
2586
1352
1532
252
2390
1770
2480
2356
328
284
2260
2258
1322
2300
2279
2431
2416
726
1768
2283
248
2561
1794
1832
2361
1960
2383
1588
508
2136
2163
2273
2135
954
390
1418
2622
444
1794
1704
2147
1930
1694
1230
1666
668
140
2096
2454
2920
1128
1472
158
314
2373
1064
1230
228
1634
1086
2567
2760
1947
868
2732
2132
1604
2071
2276
1038
1462
640
2488
650
202
670
2385
2594
2098
2189
2065
1628
752
2375
2032
2431
88
236
1194
1746
180
356
1590
122
90
1360
2308
450
250
122
2139
2120
306
2158
2652
438
2047
420
222
1718
380
224
882
2470
1386
390
784
2088
1586
1034
402
18
288
2625
2379
44
2386
2385
2357
1722
2294
1102
1852
754
1086
60
2002
22
2320
1052
1654
1352
2468
166
654
2700
1890
2340
828
1918
326
26
144
2431
2065
2202
226
332
1700
634
2156
436
108
932
48
12
108
1468
2406
1046
2431
2195
2341
2474
2356
124
1868
2384
310
1244
894
1616
178
1424
68
2429
1440
1482
1550
66
304
696
1844
386
394
2309
2386
2658
1256
912
1030
800
2746
546
422
1088
442
648
2554
1406
266
96
2135
2444
2391
2241
2530
452
126
1966
56
1742
934
2208
560
1272
394
1214
694
476
356
578
804
360
810
98
2200
2082
2340
2354
1696
2527
960
906
2628
1576
2124
1156
2024
42
1024
1248
828
274
2550
1506
2428
2136
2861
2406
1432
64
1476
1484
1262
2149
2347
516
2097
2620
604
1827
1996
202
2506
2130
1942
52
1926
1664
438
52
2231
1352
2868
380
646
2814
2126
1342
34
2298
578
1344
710
1936
1610
1772
2376
812
796
50
940
1080
776
1270
2162
370
1302
2399
112
432
228
2284
152
502
736
1118
148
122
2464
2343
2105
732
552
2373
420
1278
320
400
690
178
2246
1092
1882
1258
78
2182
2276
2135
562
8
2711
1292
2195
1646
2036
2324
2358
2084
56
2661
430
2598
1120
2329
1082
780
336
1344
2370
652
1736
1794
868
1284
1224
1964
2165
1044
2216
486
452
2469
774
362
176
2239
1100
2533
752
292
510
2489
386
2
1182
2242
1866
1490
2251
88
544
806
724
2033
154
340
194
590
2326
684
2391
1302
500
388
2204
886
2174
2691
1430
2282
530
1120
1232
2457
1970
1162
192
330
1424
36
252
1906
626
2684
2185
338
1486
1790
2232
2084
862
2204
44
2281
2530
2199
336
2203
1102
2459
2137
1666
1616
2350
1116
600
1436
1354
360
2063
2295
748
1010
1440
2034
1044
1062
2378
2531
1268
1158
174
2173
1248
1891
2068
2108
258
1130
1566
720
2707
1850
76
2017
1048
272
192
924
2082
2327
1532
1960
418
42
2600
1170
750
484
1628
1924
1264
642
576
1988
226
200
984
2758
2570
2341
1498
2343
352
1953
2254
982
600
768
496
1856
2180
266
1866
272
2140
1692
1824
1756
1940
1234
218
2114
2649
1420
98
692
2339
1978
138
1376
278
258
2343
592
2415
2601
2098
554
1869
2264
1638
1302
2386
24
2563
956
2025
1214
1753
764
1610
778
1448
1097
2510
708
1806
506
344
340
1314
1790
2127
2323
2559
2413
526
352
1982
1514
162
2231
2025
2641
554
560
760
306
620
176
218
494
992
366
2328
2002
2150
1856
1768
500
2294
700
2047
2074
1524
1484
1468
1942
2008
1230
1428
348
2511
176
2050
1552
1286
2524
646
2627
1344
1828
2565
302
548
1212
752
2293
1704
2121
196
2002
334
1914
1050
842
2478
1084
1496
1376
162
2196
1218
1932
1138
2057
2320
364
328
338
236
2472
2234
712
26
2315
148
2237
1744
232
928
676
1654
1150
2136
2413
2510
252
1810
2338
1180
1048
840
2163
2396
2880
2278
86
2297
314
2117
150
334
1242
2311
2018
2265
2071
1518
934
2246
666
1978
2140
278
280
640
1344
2133
2499
70
2056
2599
1020
2445
1970
124
1960
842
524
2439
1676
1416
1288
2473
2262
518
1940
978
1820
2047
1456
442
52
2528
792
54
1140
2318
1996
1246
424
2656
974
1670
1290
1822
2284
1768
2596
54
1452
1008
2008
2046
760
2146
1588
2077
1380
2501
742
1060
398
2384
2558
2149
648
72
272
700
1594
1102
1770
210
1170
1573
2486
198
1222
188
1060
1864
222
2221
622
644
362
462
1916
1970
2312
2540
206
100
2312
516
870
896
2396
446
1788
1971
928
226
2629
2738
1340
238
2439
1860
2301
2337
2361
2016
70
1000
2132
1802
946
2537
12
2693
424
2220
180
2309
2409
746
1060
2118
776
1124
604
908
2396
2673
752
622
926
2100
1870
250
2506
2265
1996
1294
2182
2018
1963
1518
2381
2188
2288
2107
1140
1766
962
2734
1364
1656
1032
2051
66
2147
2212
2192
1528
1128
2103
540
392
2110
1260
1314
586
2222
984
188
1606
1412
1956
2631
796
708
184
1756
910
490
398
344
424
516
2764
594
350
2006
508
854
694
1040
62
456
1258
896
658
2384
238
1294
22
2567
2401
1256
2240
2262
232
408
646
650
3076
224
1134
2431
2091
380
32
2136
364
1440
2099
2393
2565
2369
1944
2408
896
222
120
366
2339
1906
1038
96
302
2513
2456
2695
470
1394
48
524
528
2251
162
218
1834
1714
1858
1724
1434
2558
126
2022
2201
2228
272
2360
598
2022
1897
2326
2509
406
2501
2057
1102
1997
2058
1956
808
1740
1864
20
246
1384
1578
2277
2560
22
2395
2283
350
2596
1040
2204
528
2425
292
1836
2564
384
644
82
832
2048
2555
828
846
802
688
352
500
1100
148
1452
382
2059
1118
2154
1772
1156
50
1871
122
478
324
1314
552
682
1350
1503
2463
416
308
1978
2369
850
1198
2425
232
2040
1726
46
2728
2254
2617
2203
2165
766
2255
2445
2492
2509
1754
2312
988
2546
34
1256
1266
1537
1662
1648
2831
1880
2280
768
2576
550
98
1634
1304
126
1766
506
126
632
66
830
426
2268
1564
892
130
1250
1740
1458
2415
1410
2245
68
2318
310
96
1956
1456
2269
1056
2033
1338
206
1104
324
1948
22
344
70
2398
2356
2353
2734
2092
2606
1720
512
1902
882
156
2917
2309
1456
2212
896
2396
464
1088
220
400
2298
2552
1030
266
1316
2340
916
152
1845
1478
362
1264
498
2374
2668
578
2615
1606
918
680
2062
186
184
1032
128
52
1658
378
326
948
2415
1080
2250
434
2143
226
1306
290
356
986
2447
418
2384
266
818
452
642
394
2528
2583
188
112
1108
832
1260
1236
812
1878
138
1306
2117
1036
2124
338
432
728
334
164
2436
2512
582
2542
2118
1076
814
752
912
760
2394
20
1754
990
2131
1912
902
154
1504
2324
2194
1290
482
154
68
2336
1828
1586
2419
2223
194
2633
1008
2258
858
562
2207
422
1088
534
1102
1002
254
1340
1971
2863
2417
2023
1604
666
434
1484
470
2684
342
64
2393
2332
2564
2517
1380
2539
1216
1002
1556
1968
54
2118
2568
2014
194
74
84
1791
772
1052
2079
2681
2388
1522
1330
2068
1240
2270
1622
50
26
2362
1212
1362
120
1360
2095
1002
202
2388
2050
156
2188
2201
2246
754
330
1026
1982
36
2168
1636
490
1606
1136
2175
1706
1446
90
918
2170
24
2270
2168
1402
8
682
1690
608
2416
1626
2307
1222
178
820
418
904
598
334
2668
2359
1006
320
114
862
222
2004
608
132
2480
792
2403
630
1987
106
2512
2112
1294
494
1098
126
1356
1942
2464
288
2028
1984
954
2150
1016
2286
2572
612
2408
152
552
1036
2136
1959
2647
2393
1988
2093
2315
1612
1748
358
2646
426
328
2273
2452
1134
1726
1458
796
2044
1528
542
2551
276
606
2188
1312
2287
2046
1356
80
1820
2290
2310
2285
2
800
422
2223
2442
548
972
1504
364
2143
548
1582
504
270
1210
2291
1748
388
1202
1990
248
2212
896
212
2146
1060
1969
2434
1942
2535
2418
1958
2238
646
686
1456
2277
1298
564
2412
2338
2191
1684
2321
2012
190
1752
1016
1532
1522
1180
938
2730
2060
2435
720
372
652
2270
2252
2381
1518
392
2442
200
1100
1168
1650
2123
1478
664
2029
144
290
2
578
2440
1126
1854
1444
588
2287
54
2038
1454
1918
668
360
198
1004
784
1492
346
984
2272
34
1178
1614
2336
2202
404
2262
2220
2043
1000
314
2753
680
378
1983
1918
322
164
2278
2630
1563
2193
224
532
988
336
390
938
2274
2318
1568
1580
72
2033
314
696
2345
44
950
1600
1712
1436
1348
1520
2191
430
1424
550
104
2352
2359
154
2456
720
424
2012
612
130
1222
54
1882
1772
2358
2149
720
2562
2137
440
2695
1244
404
118
2643
2378
1322
1018
1208
324
2250
2485
2618
2100
2529
1146
1922
1854
2259
2269
662
1504
338
1628
2457
1020
2559
2133
426
380
756
1210
2424
474
218
1820
2591
2072
2409
158
1344
18
1978
1900
1736
1328
888
2156
534
2131
512
1034
496
1624
1454
74
384
1552
2028
1602
372
1844
2034
782
992
68
2096
2310
1414
2165
46
996
2368
1484
2374
96
2631
1854
72
610
1328
784
1978
2379
914
2502
1102
410
372
40
1260
404
1252
1496
612
722
1650
1304
2228
1068
772
886
2385
2196
2427
1810
260
2089
2414
1676
1800
734
2429
1614
1042
1184
2547
1204
270
2337
2330
2094
260
2130
538
542
510
1144
2574
968
2087
26
2262
910
2096
1786
476
1685
2634
1132
182
2019
2014
876
1594
186
2545
1080
2015
588
1590
862
2210
2098
2100
1216
542
2358
1972
804
318
2134
2416
1090
2042
1602
500
1302
1990
120
2067
956
1356
1936
2460
134
430
488
2461
2609
1146
580
2348
2382
2316
564
604
484
2627
182
1998
2601
1742
1292
656
2375
100
362
2450
2292
1831
992
2456
818
366
2593
2417
1350
2592
798
710
1498
616
1532
1124
1200
224
312
1924
2345
902
882
2162
2079
128
572
114
2361
1240
2329
1680
2430
254
2221
1198
860
2532
2178
2277
516
622
2552
2608
1416
86
194
158
1464
2586
1524
1294
968
2460
928
2058
2157
2359
2228
1182
582
1518
2660
398
724
462
1676
1374
2438
570
2002
1860
2366
604
1566
2232
622
1110
964
368
2197
34
922
372
474
950
228
2463
1906
1390
1416
600
752
2779
1160
84
452
1016
2115
986
2148
516
302
2158
574
84
2218
948
480
1382
26
922
1108
596
1470
1856
2488
628
380
2242
472
2128
1406
424
1132
2103
596
1957
2463
518
1142
928
1902
1036
2505
898
2728
1330
2208
2546
1236
662
1488
844
272
2160
1908
1662
222
826
1410
648
2674
2529
520
964
226
1116
1996
2335
166
1076
380
1674
1554
446
2375
858
2645
2127
1126
922
268
432
1080
982
2254
2437
2631
1452
654
1878
196
796
1430
2417
1350
736
2463
390
494
140
1915
764
840
2152
2399
2224
2499
956
2636
2025
1292
2277
14
852
2206
260
460
696
2185
2255
1910
2513
316
2490
2220
734
1392
1070
2313
1500
286
364
1092
2104
2002
2216
1970
2414
1862
2636
1166
414
2029
2282
1214
2169
214
1364
1334
1899
2148
2760
364
1240
1856
2366
2361
2192
472
818
2024
414
1744
1288
522
866
1376
996
374
1986
424
1674
352
1120
2265
232
570
1763
2042
352
1458
426
1144
1376
1586
1456
100
2896
1086
2059
2572
318
2139
1346
1076
1212
202
2315
306
398
2302
818
1412
2106
604
1392
2733
1578
900
1905
2307
920
1394
1034
300
1960
1965
2185
176
2318
968
1486
54
1066
564
646
920
840
2342
1086
1112
718
2044
2297
436
424
430
594
2098
702
412
374
1222
866
2127
1614
134
250
584
1204
520
2384
674
982
2136
1666
466
