2511
22
1830
2254
1856
1252
2451
1468
2379
2690
2615
992
104
1362
2374
1108
258
2690
2568
1490
78
2254
232
578
212
1520
1670
2002
1278
826
2597
202
2039
2293
2334
2070
476
1892
2470
916
402
686
1924
1956
884
312
258
434
2508
784
748
966
1961
1768
1264
1478
2145
1912
838
282
318
230
260
872
168
1230
858
1068
2184
2441
1792
2201
78
1973
1862
404
2688
2260
550
2148
840
1006
24
388
764
86
1832
2130
636
1630
330
530
1194
2424
2122
1478
1012
1694
178
1310
348
2092
926
268
1154
1586
1280
484
2180
1312
624
2148
374
1568
2407
998
1990
434
2014
20
4
594
2027
2128
1344
1242
1926
2466
1872
1298
572
2118
2354
752
1178
2274
1308
1869
2043
2434
1022
168
2354
2567
1787
456
2212
1390
1220
1892
1922
1392
2161
2172
1182
374
2257
2538
2289
1630
478
458
1290
2300
830
312
2328
1018
1380
2092
2519
2009
2339
2015
1993
1780
1438
2278
968
2300
2371
2207
1098
212
368
796
2078
1130
2629
150
548
866
92
14
2249
126
2178
2253
452
1450
1508
1774
2641
2196
522
2136
2621
84
2662
192
242
910
714
70
1534
1708
1372
1124
414
572
2014
1973
1488
34
1434
550
1262
2582
526
238
2295
2011
1164
2257
726
2544
1948
892
2314
2534
2314
216
2034
1749
586
2314
2434
2714
800
2471
550
430
2168
2417
2424
32
350
94
1846
752
1152
1466
2322
1954
676
526
2115
1608
1164
1922
924
1034
406
1810
1304
2453
1008
2152
676
2681
720
1066
2184
488
2106
618
2133
1930
184
2644
2277
2375
2084
1552
570
786
2365
274
2203
50
2016
2453
790
2320
152
1978
2880
1418
642
1020
2163
2537
2161
780
1938
422
2376
336
1670
790
1890
688
1670
2183
2133
1580
154
2099
1474
2272
1760
2482
2268
160
1334
108
2223
2392
70
866
1216
492
2125
1382
2030
1602
2074
2317
20
2394
2324
974
2212
2010
2439
2680
412
1654
96
3117
2110
2370
228
1058
612
1276
2371
24
2160
78
210
2304
1926
2414
2335
1925
2314
1624
76
604
1386
334
2656
2459
2344
446
456
1312
2367
2346
2487
322
2721
2085
274
20
576
1284
1380
1760
1660
286
2110
190
412
1286
2253
448
532
2527
1140
1674
2251
1494
2417
2699
778
1252
2311
992
980
1624
2189
1128
1668
58
2456
126
2415
404
2063
48
644
408
34
1560
356
412
832
2204
1470
1204
1714
112
598
976
318
1728
1438
2070
2608
988
2363
1102
2360
1158
202
2136
2382
474
2829
2077
152
1190
1610
238
86
474
180
632
672
794
2368
376
394
2101
1024
2369
682
612
2232
1564
1178
762
2470
2411
1274
1702
2142
1665
2124
2276
2016
26
2601
2271
874
2279
534
1776
1892
686
1476
1428
1608
1792
278
238
458
1774
232
2226
2174
2245
1906
368
766
918
824
1870
930
2203
2653
1052
2693
2136
1042
862
2367
2607
478
332
2222
1646
2566
512
2242
674
760
546
206
2425
332
2753
202
2096
2669
2231
652
2641
2396
1028
2118
748
154
2109
16
206
2304
2275
720
2130
2290
1808
2539
2408
930
384
1210
378
2162
1022
252
1610
222
2673
952
1542
1941
2069
776
2185
792
1690
1360
2177
1200
150
2334
310
998
336
2240
1988
1366
384
510
680
1120
2588
1384
2015
256
1960
88
342
2284
1780
1006
1892
1702
1792
12
1200
2264
740
280
98
1672
566
116
310
338
822
38
962
410
1390
984
980
1996
1006
2392
30
1710
92
438
696
692
498
1859
278
636
1834
1368
2163
2411
2320
534
2044
2052
2052
2195
2067
2399
2476
832
636
348
2272
2645
2156
2527
2146
410
1432
1810
532
2271
50
596
1304
2068
2483
778
226
1248
1846
1848
234
2446
1920
4
1584
68
2360
982
780
2450
2744
2401
2247
1746
2462
2482
2140
1150
1416
1476
496
1900
1180
254
1270
1270
2491
1977
500
376
2045
2044
1138
732
314
896
134
664
872
1022
980
1480
812
876
2554
2289
1266
2312
200
1650
552
2452
2244
518
2319
1142
1114
414
84
136
422
1963
48
1100
2140
786
2288
324
1112
1166
1880
1488
216
2268
1868
2462
2356
1198
914
1080
126
2104
1584
1808
1584
2204
122
2556
1849
2295
806
1100
2256
2203
2459
518
1960
2492
2404
1724
2404
788
998
1488
2209
302
1856
2469
1430
668
546
1666
2500
1846
326
1752
1290
660
138
2168
1322
624
998
1266
2145
2094
1538
2392
1202
962
242
644
560
1018
302
116
1762
2439
754
1550
2260
916
1468
810
1028
2084
1256
1132
182
1604
346
1903
1468
2493
2078
772
144
824
68
584
1644
2004
918
2285
3114
604
2358
2433
2112
2250
2000
376
2038
422
34
906
1558
2525
3050
2368
2669
2601
2141
2273
638
220
334
1482
748
234
76
2269
1903
202
2316
536
1254
2289
706
440
946
2485
742
718
2692
2431
832
1132
688
168
348
1658
1058
512
1776
384
1076
2249
1226
2380
1614
2911
2505
2437
2120
44
2256
920
3051
1814
2213
1774
422
2420
1780
270
412
2877
2146
854
2432
2222
188
92
544
2408
830
1834
1738
668
30
1060
2410
1250
1902
2422
2474
622
378
766
116
2187
2029
1596
1402
138
56
2350
86
1112
122
2276
1244
1312
1716
2052
2094
66
598
1558
1784
1856
2602
2307
1484
2061
1946
962
144
2112
2337
294
2349
1154
2422
2413
2133
2190
142
1250
306
2099
354
2191
2333
112
1166
424
1320
1606
2082
80
870
906
390
1572
380
120
1939
2250
254
2114
100
2343
2182
78
516
662
1130
2456
1785
1008
320
2180
1492
32
144
1094
2503
1164
170
468
2384
54
894
870
216
1568
2008
144
132
1638
2596
628
1730
2593
1589
174
1346
2276
1762
1508
156
1856
1780
822
1876
2509
344
2453
2457
32
2200
1064
2137
616
2361
316
236
1018
2539
2157
50
264
768
2043
2008
176
980
668
1598
2124
2193
772
2068
22
2243
2452
2130
760
438
206
732
2629
2950
482
1656
158
82
894
220
2302
694
2124
726
570
808
232
2473
1490
2287
284
1268
638
1108
2311
1250
2306
1270
1396
1976
2204
588
32
1802
22
1148
2503
2464
2243
1300
348
1114
826
2046
2496
1814
722
500
2003
1008
540
2387
2549
2206
2293
2487
2219
2074
716
2124
444
2324
2595
200
60
2317
1244
2538
2334
2042
1008
2443
136
2081
1984
1944
1504
664
2481
2521
2557
592
1958
2360
1002
2351
1885
2288
1704
2294
838
326
2276
390
604
10
2655
2174
2592
1623
524
2096
1884
1784
1724
434
968
2506
1712
14
22
1500
344
2178
2665
146
2503
1970
1790
184
2308
2
1642
2304
1130
2539
1752
1436
2024
812
30
12
888
184
596
2323
1058
584
14
1442
2445
2944
2221
12
2488
500
1974
1134
238
56
1146
1710
2393
772
2654
2114
606
2468
2354
2171
2357
1864
2227
2164
2657
110
1308
72
2568
976
2362
1146
2565
2559
2349
2278
1883
2386
2235
2028
2498
1449
1527
1530
1148
570
188
282
2535
2036
1750
2385
1086
2383
2640
2567
2286
1328
102
2468
2442
1230
826
4
1746
1394
2629
2168
688
2503
1256
1216
668
606
1890
1544
2196
48
1904
2294
2151
2106
106
1262
260
258
2100
408
1636
1568
1554
342
3690
2178
188
896
2524
946
2372
140
1492
1106
2288
1330
2677
2409
2334
2314
2236
858
4
2501
1280
2673
700
2397
2176
1664
1838
646
474
1506
1762
1728
770
164
100
1862
2097
2257
2585
338
1776
2025
1938
2393
1986
2118
2222
948
1286
2618
706
2405
1298
46
2234
224
262
2188
3101
96
1462
2256
2453
2203
1306
1546
206
1490
214
766
2435
1670
344
2230
116
556
480
2463
724
1074
1200
1675
2448
2637
2380
2454
426
1274
750
1808
2321
290
1246
896
2303
2245
962
578
38
266
1388
658
158
1346
1752
314
1200
552
1614
954
2270
1629
2208
42
848
2199
44
2621
1060
2386
838
2379
2291
2348
2917
1054
1576
1770
2193
264
2080
2478
1158
378
1264
1622
2091
398
1272
690
1188
400
1496
1712
292
2409
274
268
306
2001
524
2284
2225
670
2544
1178
2150
1634
1728
1712
2651
1152
216
2038
918
68
1326
866
1132
494
648
966
1668
2399
406
1334
82
2467
142
2463
1566
116
2052
468
284
1598
250
2796
2255
1468
1494
2204
1314
2359
2336
2304
1070
2447
1274
822
2412
1222
56
804
296
2196
2555
610
2681
1216
476
1066
2540
8
2272
1168
2197
2153
1438
356
1504
1870
2438
194
84
336
1969
90
758
1612
2070
30
714
1130
2405
2287
260
2418
54
2368
2049
60
2224
2135
2268
1346
170
558
2394
342
260
908
1364
1822
300
432
548
2128
1256
76
526
2855
390
608
1216
2719
372
268
1480
2058
1252
2122
2214
452
1928
1058
1834
1590
1674
2047
2344
1909
2616
2488
2509
638
2294
1574
2058
344
2432
1060
648
934
1835
1190
1808
1362
1546
1332
152
74
598
60
1776
2254
2351
2284
1758
2634
2287
178
2179
2326
2301
2501
484
1274
182
872
2107
3034
1347
1842
2266
438
1856
674
2216
2107
2330
2750
388
1172
414
70
808
226
1842
388
210
636
890
1836
1410
1922
2469
2369
86
496
2377
1522
2501
2130
1618
2020
2382
44
2201
2344
1514
1434
2303
44
2065
556
428
2708
2176
1460
1989
568
1462
1889
888
2432
476
322
1696
2334
322
2328
268
2316
538
1448
562
2228
2419
2379
162
2148
2482
36
2255
544
2175
2225
2064
830
2138
330
1444
214
2006
1282
2445
2390
570
692
2174
1520
2223
2594
1158
250
1670
1694
1963
1398
734
2432
72
38
1920
144
1748
1808
792
2741
98
2060
2648
786
704
810
1892
658
2549
1788
1522
2478
308
412
2038
1414
764
1290
148
2389
2372
1438
2329
2169
456
1898
562
588
726
2402
2544
2111
650
512
220
1968
2664
32
462
644
602
404
2128
1038
1294
294
52
1988
2173
1670
558
1884
2399
2254
48
328
346
1508
1186
1392
1922
568
2143
1982
874
658
1522
1490
404
2174
462
46
1748
50
1156
1710
2904
2590
814
2712
2430
2272
2270
1746
1838
2367
1406
2661
2658
1544
2116
100
2240
792
2292
1638
356
2105
2016
662
818
2444
1446
760
534
1220
2366
1350
658
82
1806
342
2312
1372
1874
2309
1072
1090
1700
2326
2174
2434
2524
526
556
2197
2601
2199
158
492
1644
1524
1432
2222
314
1182
2204
1970
2495
426
1000
2496
862
2230
2742
1136
590
2614
1896
330
94
1650
1260
884
236
978
1220
914
1624
822
940
1967
346
1296
644
2270
806
2287
364
870
2508
574
1010
480
778
914
2266
1104
2390
686
852
2095
464
998
1984
1875
1266
2556
1256
1012
602
410
592
954
1048
1702
134
998
146
1906
2
2384
1126
166
1168
1762
564
742
554
2708
300
64
2274
1580
2310
2328
2427
2405
712
214
2767
940
1232
700
2413
1946
2380
1494
664
2181
892
1270
924
1338
2010
2113
1490
2560
1110
114
1810
1104
504
938
2116
2134
4
434
2430
1793
8
1964
2234
2458
444
270
1816
1534
954
230
1838
338
972
2058
2134
961
216
1734
2412
2415
2197
1908
1628
2494
2401
842
2040
1630
1380
1470
2281
1372
2357
2314
494
1122
2351
260
2564
922
68
2515
2213
2282
276
20
1060
820
534
2170
16
808
1394
1953
1404
2428
2221
688
2585
1626
410
2162
2278
2394
206
2354
750
1660
454
2398
340
2291
1928
2211
88
2020
1871
1346
1642
1724
1372
1844
448
2523
2308
442
920
2091
736
1036
1510
310
1068
332
1832
2485
1933
936
1840
10
10
2356
362
2207
2252
2542
2143
48
950
940
640
432
2772
280
1866
2010
366
6
2472
888
1232
1744
726
104
2581
2494
44
1302
1326
1394
2311
930
568
2542
1652
606
220
2477
556
214
522
1408
1859
1572
1144
834
16
548
2069
238
130
678
876
848
2509
292
2480
2455
868
310
2324
1466
1996
740
980
1990
2147
2672
804
2377
176
620
1756
1802
598
2174
2381
2211
42
818
1962
998
2237
1128
2597
1364
148
1732
2570
2409
1280
2294
2719
3261
202
594
2161
2286
876
1078
1872
190
558
2234
2387
2086
570
2232
2045
282
1946
1212
736
2789
260
2526
2146
530
1386
1730
1238
2709
226
1714
368
202
1486
2166
1844
2573
1823
2202
1594
2519
892
1348
1056
476
1979
2062
2359
2240
1710
2136
428
156
1884
1946
72
1706
1198
2074
266
2274
994
392
1322
950
2160
2417
872
294
130
2075
1436
2004
528
1326
2292
1244
1110
950
2184
1302
476
920
808
1676
38
2282
532
2407
2427
2539
2298
2130
1426
2040
848
940
556
2602
2262
2166
2384
1140
1116
2624
504
2365
966
900
612
2348
418
510
822
1504
730
638
1034
456
2493
2360
2330
2684
964
188
942
1446
1780
138
1522
2281
114
634
2273
650
570
2532
1494
500
2074
2142
2435
2036
100
428
1130
1630
1696
2204
1862
2091
2082
22
2285
796
592
28
2460
1398
1700
578
2803
2105
2250
2396
804
1176
2299
1456
2680
2206
1342
2101
570
1144
1350
482
124
2220
1854
1936
1026
1570
324
1296
1444
2026
2259
596
2114
1080
1960
166
344
1877
56
696
2586
1352
348
670
1488
344
230
532
2631
2497
976
1096
330
82
518
1372
1743
2066
2184
26
876
1320
728
792
2756
884
674
64
500
1476
980
1614
2478
88
900
10
1342
2472
1728
98
156
712
1914
2644
1138
1424
2487
734
388
1010
1134
1496
1298
2160
1412
1390
2598
2110
2682
338
1096
2
1927
364
2340
1030
2434
812
128
980
2260
2293
1807
2265
2342
2516
1826
2676
2506
1476
2054
1224
798
1270
542
2255
1318
668
1673
1224
1160
786
2179
542
2219
2512
1026
2718
2066
1304
1788
2272
966
678
2176
38
754
1174
2643
2377
564
514
54
1460
792
2
474
640
374
2235
1006
2119
2631
1698
2553
934
1656
2237
1038
474
2150
1696
2584
1210
672
2326
148
360
1072
702
116
916
406
2165
1584
2494
58
1876
642
26
1934
208
2334
386
2610
416
2556
398
1164
460
2382
1392
242
1162
742
720
2495
322
1982
2105
2372
2347
1176
1306
2056
206
1746
454
352
210
2302
748
2446
2430
246
2400
74
2488
2118
570
994
426
1766
2082
1963
426
2240
80
2525
2443
2366
1396
2197
276
2498
858
352
1674
1732
2345
492
2159
466
2432
2365
580
2288
280
176
1798
2453
318
2346
2606
292
178
2413
132
590
2431
2197
116
1854
1864
1752
2270
2198
2391
2399
1982
488
1756
2618
1732
896
2496
2268
2256
2128
1562
2492
452
2637
1052
464
2396
1816
2405
668
616
1198
1424
56
212
1632
1408
2310
2413
328
2262
212
872
1664
880
542
1032
2547
714
90
2054
180
2353
590
2249
1616
34
1346
1976
660
62
1204
1804
2010
340
214
1976
264
1354
40
1854
1996
2599
2169
982
1248
1012
1963
386
484
2163
2242
2434
2400
196
1260
832
116
2167
222
794
2140
496
2587
1766
556
1826
1032
2066
730
2497
442
2379
1158
52
2557
1698
106
2406
226
686
2401
2271
2082
42
536
1434
1192
1742
2356
2118
1460
964
336
640
2588
2644
2207
902
1038
1124
636
1004
2510
264
2657
1116
1586
1060
476
444
238
1168
726
1244
246
2355
1944
2171
514
946
1282
214
246
2522
2381
2679
802
2617
2047
142
2134
2166
1847
1316
282
2222
2679
888
2246
1354
894
2440
530
728
2398
1044
2176
1506
52
2423
1136
20
746
2166
140
554
1546
272
1804
2323
2270
2399
1252
986
1370
3032
2721
322
2208
800
1180
1836
2302
138
862
592
142
2020
2294
1484
2741
1376
1926
1346
436
72
1002
2231
2527
864
1108
2334
2092
2554
2409
1628
708
2574
350
1254
1234
1606
382
1256
1952
872
704
66
2214
774
92
2623
308
2253
1064
2098
1941
2273
678
688
58
810
304
2158
162
804
2031
2454
662
664
632
2575
2050
2466
1758
422
2325
392
2563
120
2376
2489
1164
2388
2099
1168
1704
430
2497
2068
318
2654
1550
754
1910
1942
558
1848
2482
2400
386
1516
1862
1088
1446
2018
1168
696
2258
1588
1748
2169
2181
1022
710
792
958
530
1426
2254
42
2450
2229
1432
2545
28
2276
1074
2229
1854
396
616
706
176
452
478
268
840
2354
2320
2331
1026
2156
550
2123
78
1948
746
540
966
1014
1016
2405
1997
1146
312
2463
2392
2370
2353
2312
2283
1622
1096
52
2586
1760
2036
2290
1386
1218
2331
114
1276
890
1280
2386
864
1538
596
1234
744
2515
956
2420
1710
1254
2477
874
1224
2028
2799
2124
176
684
594
2460
2251
44
88
132
2295
640
1808
2540
1896
2176
2444
1910
1036
2034
2240
602
2646
676
1696
1228
1254
40
192
702
2632
164
1484
394
2556
4
2597
2220
1496
140
1970
260
1036
1228
2170
636
2182
1486
2524
308
2114
226
1646
2223
2565
2430
2534
1180
2392
2020
372
2423
456
486
682
1869
88
418
98
2273
2235
1594
2433
84
294
2102
2128
2408
2072
1848
2204
2111
2196
2682
2357
442
124
620
2209
1100
2148
830
178
888
154
2032
882
2309
960
2070
2301
2510
2612
1985
2527
918
2464
2200
1498
790
1716
1982
394
1250
2376
2241
540
2246
2355
328
2233
2595
504
90
2347
422
20
1746
2031
2751
294
1622
2
2091
978
66
20
2540
2172
274
698
2582
2172
214
440
2279
1948
1058
2277
2581
1624
2069
1974
822
1924
2515
2665
1903
430
1166
2206
532
394
1040
62
2751
2150
1026
2462
2426
2006
2006
298
4
164
1502
2087
536
1348
2181
1324
956
2095
2019
396
2814
288
2060
876
1012
2349
2334
104
2371
2233
1740
2083
1902
2349
1949
94
180
2746
84
1726
2211
890
474
370
1800
1056
792
2460
2418
1432
910
514
104
710
2383
1144
1962
586
1532
570
2121
96
2017
1536
1146
1941
1944
404
92
810
1762
426
2375
418
290
2230
1923
50
2357
584
2240
1438
166
30
1995
2382
2607
422
310
898
1880
362
174
1352
62
988
258
650
2217
2330
18
856
232
2375
2054
46
1730
488
2253
2334
876
150
2589
1224
660
2087
1038
796
744
2507
2170
2440
74
2400
1254
1472
2301
1446
2454
1204
2161
2387
592
936
2424
1000
2329
1138
2480
276
2175
2179
2118
394
600
2472
1332
90
266
2632
1438
2406
144
436
1402
2012
2373
1200
258
398
2557
298
1320
564
2114
2291
2327
2596
154
738
1948
100
2532
342
1952
582
1014
570
2104
372
1696
1436
1012
2386
1996
1072
12
92
76
348
322
1374
2212
2567
1146
2404
2472
2250
18
2575
878
2742
2268
340
980
2676
1438
1366
1088
2079
1570
2433
2568
672
1944
16
106
2250
324
1024
1288
1008
1212
2348
482
1958
120
1458
2016
708
1550
2150
2214
620
612
560
2004
682
626
1540
2392
122
2337
2346
2239
1280
2230
2428
2089
2194
2366
192
296
282
1304
514
2033
812
144
2102
76
912
16
422
1882
40
2421
2160
2212
426
560
1824
1798
986
334
238
2116
2064
660
2135
1634
1994
430
1960
2419
824
2428
2313
1418
154
1788
1208
2535
614
838
1382
980
2478
678
2130
2204
2217
1622
1818
260
1536
40
2147
554
1370
692
2444
1536
2113
1006
494
2030
2459
1650
816
1820
1028
1022
100
2138
2737
638
200
2002
2128
1976
2086
1606
2076
188
2231
828
724
1012
2346
622
1202
476
640
444
782
1302
1861
2075
2519
2046
870
1208
740
2697
850
1020
2098
2316
1238
2227
1958
1472
1436
796
2489
2174
228
444
2114
732
1034
2674
2289
132
534
128
1370
1582
2318
680
2448
2202
136
2002
2154
134
696
178
296
114
1038
514
6
1756
2370
2291
2444
2404
2222
266
1066
1902
512
2075
2197
582
2642
468
1714
968
106
742
900
2224
2420
2632
264
1630
72
2308
2027
952
158
914
306
1138
2050
1974
606
1368
2009
2125
2108
1588
2123
262
2607
2095
1420
476
2399
1236
2302
1392
2402
486
2029
1090
2495
1972
2410
2480
2498
2017
48
974
734
884
98
170
2219
2044
1498
658
2396
2215
2724
1995
1736
1050
868
1604
2181
532
1956
304
2298
2297
2279
1432
2091
2485
136
2204
1472
640
80
1340
2426
130
2373
134
34
1006
1837
772
528
142
1606
864
1688
2458
1074
582
1864
2102
2235
2456
1934
1302
1620
1936
1990
158
2448
2650
1226
2196
2137
1082
18
1501
2080
242
1884
2329
1522
770
1866
2460
140
904
1884
1618
1222
2251
366
2054
2235
2342
1034
2485
1860
458
666
510
252
2349
922
2625
2262
984
2802
834
46
174
2460
628
2222
158
2092
2564
2268
2018
856
1230
2578
2202
2354
2373
1600
2056
76
1626
1557
2523
2076
2199
756
16
2461
2432
1618
1486
1156
1208
2194
62
114
338
2938
2166
1254
372
2411
2096
56
222
2626
1975
1736
2550
1837
1622
2777
1750
2233
1958
1955
1384
1492
1178
734
2006
1332
1180
2353
28
2248
300
1648
2085
2525
2724
372
128
1668
416
1214
60
1659
958
960
1218
524
1828
362
2395
2476
2544
942
2544
1224
1080
2399
2316
2436
1024
2018
536
2508
540
150
1670
1650
1214
474
1682
2511
704
1186
250
408
474
2161
200
590
392
200
2664
984
1981
1262
180
22
1966
396
2167
26
548
2430
2084
22
2466
2296
154
2396
1840
120
2456
842
2719
1650
2335
2166
608
562
768
320
448
2174
1920
1582
432
382
1794
2717
1993
1058
1987
1364
846
2478
2216
88
132
464
2044
110
1236
214
2329
2056
2584
1714
2269
34
410
2329
350
258
2448
968
2273
602
2097
680
280
1430
776
154
2504
1486
2511
1764
1862
1206
56
1885
2260
1824
1764
260
42
2208
424
630
586
1818
1146
2468
1926
510
1889
2348
392
956
218
1538
1820
1842
2873
522
996
2080
1458
172
146
240
2034
440
2786
444
1104
2305
1998
790
1382
2533
1174
30
1374
424
1772
1246
2700
2480
292
62
2071
2193
478
2042
2171
1214
1938
2304
2267
930
688
504
2429
2076
672
1640
946
1974
742
2470
1476
1140
170
306
2068
200
2497
1490
418
2580
1914
2048
482
490
2634
1895
622
202
1738
672
2424
184
612
2728
282
756
812
794
1336
584
754
2334
2064
2346
930
644
1256
252
2738
758
1086
2447
2162
820
1024
2020
1078
2131
218
1048
2453
1466
1284
438
58
428
1324
600
2156
2336
1994
1118
2517
1910
592
2108
2537
1496
1594
1926
258
196
2257
2744
2104
122
2072
2430
42
2348
2292
2566
182
2234
2221
70
2838
14
1136
1208
1914
30
2616
100
140
2063
2407
2338
126
1082
1590
710
1980
2461
1820
2164
1610
608
1342
2354
1574
1516
2776
1900
2078
2112
1134
262
186
382
608
1696
1550
876
1968
2332
1410
552
2229
2257
830
2041
2445
2000
1598
878
2513
620
1046
326
2010
2498
30
58
1272
1917
292
1002
748
1144
318
524
734
692
2224
642
2386
80
48
2544
1240
2064
2577
490
1746
702
1860
1532
796
2073
2132
270
658
1216
530
760
46
2510
1128
2312
2026
1080
2377
1604
1204
2519
1370
1564
108
1480
2472
2338
840
2686
1190
1714
1946
1256
2524
2395
2390
2260
1986
2082
818
1260
28
354
94
2583
340
2147
1104
2600
1744
2170
2837
942
860
682
1782
1902
790
404
2160
50
1634
1224
2012
664
2423
1280
142
242
458
2129
170
1142
392
1010
520
330
2140
2324
760
1196
1604
220
980
1416
176
1328
514
2104
230
1906
2160
1686
362
24
2010
478
2385
812
2364
442
1382
1330
900
262
444
1036
782
1922
2592
2118
1873
1254
1086
194
2264
2447
40
2543
966
258
2
452
10
288
454
2553
2338
846
1248
2604
328
2216
1160
808
558
2314
2406
2010
2604
1987
1020
274
2162
2444
1118
98
2389
1424
2024
2371
124
1740
336
1358
706
12
690
2307
60
1886
1004
1798
2355
2404
1720
814
2473
2461
2195
2106
58
2042
2628
110
822
174
1178
2328
718
734
580
1995
2486
978
682
1834
2247
1018
1166
660
86
490
838
804
2356
1114
1744
1208
158
1884
854
2060
1420
2662
2852
1582
924
2256
912
2154
2322
2276
2536
2314
2147
862
2567
2441
462
1480
2553
190
2574
1746
2488
544
114
248
104
822
2475
1382
410
2353
2347
298
80
2390
4
2802
580
2070
1344
258
402
2407
920
1398
506
426
2588
350
1768
542
2648
1582
2000
2315
2323
2328
2200
2350
2342
42
984
2271
1190
596
380
2722
1502
1470
544
2008
94
2280
2680
2276
2525
1252
2159
376
508
234
580
2110
680
278
2213
1814
2809
2475
1140
1522
2576
2393
656
540
352
1560
1378
176
2369
408
2259
564
2502
1036
128
108
2145
2278
2264
734
2225
192
1054
1940
1858
1478
886
786
1330
2192
468
834
1260
2972
1910
124
182
1951
2601
1943
2267
2497
186
202
2102
2052
628
852
1828
262
492
1700
206
2341
208
1352
54
2286
162
2595
2362
2222
2580
1386
1222
10
2626
1666
350
2169
936
1574
2406
110
1516
2206
1988
1548
2111
2218
168
6
1024
2554
1286
76
292
2421
2497
1765
784
2669
58
238
74
1872
2812
2382
2639
320
8
418
242
292
2377
462
1701
550
2064
416
1856
1132
1518
2275
2323
890
576
2308
2176
1160
2
2662
550
90
798
636
2328
258
234
300
2783
2129
2122
682
334
860
242
2136
2614
192
1070
2155
512
1971
78
1917
1034
194
26
316
1016
2505
824
2762
2312
702
98
2021
2068
612
1600
2214
2293
1122
2329
1690
378
2620
118
2179
86
2389
322
406
1246
2466
1512
588
1160
2638
10
558
1286
232
178
2487
160
1298
2359
552
216
2196
2336
2409
692
534
2313
1782
2447
176
770
2554
2200
1564
1732
794
1578
1134
2326
2316
2302
2500
10
1796
462
1400
902
2187
910
128
1114
670
2201
1642
716
578
708
180
2428
2481
1802
1116
888
2570
1808
950
1188
2344
972
2485
888
326
1154
2378
1248
1230
1982
2695
2036
58
132
2518
1436
2028
454
2384
2036
1146
634
154
292
2086
2113
206
1878
2309
1842
604
1909
2763
1750
26
2390
662
2167
2369
1320
1793
2508
494
1092
1328
2606
2156
46
472
2227
1194
2821
1016
2176
2190
268
458
1584
2182
824
230
1738
2287
200
2393
2373
704
6
454
2356
1510
2703
1456
2116
2090
48
880
2740
146
444
1440
1034
354
1928
596
942
2632
2683
1018
190
1162
1936
2572
2093
408
762
1336
300
314
1987
2200
1514
1274
1410
1308
170
2385
4
110
1140
254
1966
360
2411
246
1100
1298
182
1720
2410
2325
2080
2216
2520
2344
2066
1990
1956
3033
1518
864
156
442
2047
58
1532
2363
2068
400
806
2118
1764
190
2457
2447
1880
1062
62
2169
72
1250
2179
2170
2204
582
244
2645
2413
698
86
1652
174
2190
2316
780
2159
530
1178
2297
50
586
2115
1955
986
706
658
874
126
2385
690
1214
2072
1162
270
334
604
2185
1608
2449
1690
2584
1857
754
642
1995
884
2019
256
1526
960
816
88
148
58
1058
1344
762
2665
1580
2529
962
1046
1566
2633
2141
1282
2540
2427
2337
1588
852
666
1937
26
444
1944
426
2290
2183
1120
300
2564
186
1942
1658
1114
608
2533
444
2005
2599
2202
296
1598
806
1670
1018
2821
2436
178
770
1242
2334
58
1244
2030
2191
660
976
2180
2674
740
1566
2247
14
576
1422
416
2101
2004
1520
2162
2560
1188
106
756
2252
2146
80
666
2517
2320
2713
2282
1120
144
786
2491
1174
2432
2150
928
668
100
1030
1770
26
2458
2408
366
636
2432
1556
802
1058
2102
14
26
2332
402
506
1998
1400
1972
310
2302
2064
1290
2589
752
2346
2421
122
94
242
106
164
2476
1038
558
94
932
534
186
2465
1306
1196
2806
144
66
1997
670
2452
2280
1438
1660
2040
2079
2623
1904
1224
698
660
2048
2082
2561
434
2069
2454
634
1232
344
90
1270
1500
1884
1210
1288
132
1964
1812
1578
1124
602
1750
842
220
2111
2261
2093
676
1206
1088
1687
2582
2057
2333
922
2339
670
1710
228
1014
772
2282
2184
1394
1368
630
582
160
1528
402
2354
298
1280
438
2162
642
420
1846
2022
184
838
2332
2747
1398
2188
2084
1286
114
1866
500
1792
2287
2202
408
964
964
1926
2501
394
2474
1322
506
238
2164
540
2478
1056
1108
442
2872
2568
1942
644
2305
1864
2133
3035
2084
1726
2270
544
1300
2430
148
48
542
422
2010
1830
1590
1424
1040
382
722
948
172
2465
2346
650
2382
852
2403
882
2197
88
2100
1689
1038
2394
2680
876
2123
804
114
2397
1747
2514
3122
396
2262
1110
2414
286
2348
2416
2727
96
448
1786
122
146
1040
2431
1348
1878
2118
1846
782
718
2401
2392
1202
150
2341
270
2315
1924
2382
362
990
446
1528
860
1840
922
372
1688
2480
294
468
2384
2326
972
704
250
498
1298
616
490
1744
1214
2067
2399
2458
1216
494
996
428
936
112
2674
2166
1824
788
2024
836
78
1292
764
1570
2082
974
2469
618
2034
1130
2131
1442
1634
1130
1944
508
2472
1612
1820
70
636
2084
1832
2417
1328
2399
1052
1520
2675
2479
1982
2148
2444
1995
160
2366
132
236
1324
1946
2426
2349
1472
2570
990
924
794
2004
1408
2399
1622
1910
2478
1644
494
1670
2422
92
86
2282
732
812
134
2287
2586
2738
554
1586
2810
1086
56
804
970
1832
1982
604
2706
90
2402
588
2314
1054
824
2302
2326
2757
1108
2008
802
1018
2178
572
2127
2229
2282
502
1971
2334
2571
1530
2363
1950
1334
282
1052
2169
644
760
1054
2037
1958
954
2354
2314
1826
334
564
2105
340
1486
1748
1626
2125
802
736
1546
1084
2157
2367
1070
2044
584
2360
1162
2299
1919
908
2297
1912
32
1018
2084
2064
1858
848
2006
172
252
254
1676
196
972
588
2623
820
1844
500
234
544
52
2481
682
838
752
1434
1764
2098
118
2138
2563
108
2332
1040
1924
1418
1552
2128
1264
2174
182
1314
1180
2184
826
2065
144
744
350
226
528
316
972
1480
1920
2246
2374
724
2115
310
350
2320
2260
2405
192
1062
2043
1816
1162
2031
1922
2307
636
2637
1160
1830
604
1756
1158
2174
2305
356
2640
2467
1974
1998
704
206
1622
214
1314
2463
2184
308
304
1656
50
2162
108
1673
2148
510
760
708
2297
176
2311
566
2301
20
2638
2017
2020
1839
816
250
1438
1202
1008
932
2143
2297
2241
2402
188
2243
234
2400
2040
192
2106
1094
2150
1248
1596
576
2211
2745
2314
2447
1596
472
106
2298
2528
116
1278
1058
1558
1821
1304
2274
1078
814
872
1770
912
2286
134
1764
1516
482
72
2398
2254
2192
2930
632
256
1210
2501
2656
2586
1306
1016
1278
718
1328
204
2623
1072
176
220
2271
2359
2620
1984
1532
76
32
50
2248
616
236
2004
1078
656
562
1352
672
338
426
988
380
68
1688
2432
296
984
108
2413
2209
2246
910
1266
2388
2420
286
2344
68
2366
1650
508
242
112
628
1572
188
1840
1204
432
1756
2023
2365
1596
118
2328
1052
110
454
1222
528
774
1708
1122
44
2346
2505
2182
532
556
2204
756
510
604
778
850
2064
296
608
2242
1284
474
316
2086
676
230
2227
94
450
2220
640
2081
2221
2070
2433
2446
1236
1008
2409
2390
118
738
2564
434
2113
2297
1174
2632
1376
122
2147
2273
2444
2338
2184
2554
2044
222
1298
2068
1590
1286
2238
502
538
100
84
1612
2426
424
390
1590
770
934
804
160
186
2322
1774
1210
2462
520
388
2356
2532
340
150
1834
1700
1380
806
1222
2219
428
2378
144
812
736
2471
184
2296
64
2074
1034
910
1276
2399
2156
328
614
608
74
2570
1146
1910
1536
2148
2741
1454
1862
1810
2250
636
974
1484
1178
766
1056
2652
884
2058
2478
2421
2404
48
2741
2563
1490
2181
840
1828
2312
1432
448
2434
2134
2136
2210
2137
290
460
2474
1528
1750
1958
2280
324
1660
2566
1500
678
1826
2546
140
1588
884
2318
344
256
212
1818
1474
724
2363
2285
1218
210
106
1170
654
388
2607
2812
1166
822
1080
558
2701
1622
1918
1388
632
2457
1956
2678
482
758
1450
2524
2627
1807
568
2754
2406
558
934
844
278
1342
2530
482
30
516
1610
244
796
330
2516
1674
776
278
1993
410
136
2091
664
780
526
1340
2736
306
28
524
2356
528
90
358
1182
168
2725
2262
70
542
1926
2232
2326
1998
2000
1934
242
882
2110
450
1516
2487
2430
208
770
64
1316
1884
202
896
30
1280
2649
188
2512
2170
2526
120
1260
2030
2522
2314
892
2229
828
2372
736
206
620
682
858
976
174
2210
2334
2458
1156
1332
1210
1034
2557
1646
1542
2164
664
84
1956
2359
2304
356
2649
1412
104
2274
144
2561
1450
438
1830
614
970
2286
2078
1084
36
556
956
1466
108
2165
2014
2204
728
1356
1198
506
2165
2072
420
360
2534
520
612
12
2230
690
1861
638
848
988
998
1258
1666
260
772
494
2423
1946
930
2188
80
324
1284
2238
2122
264
1642
320
1916
1098
2408
2250
352
82
2462
2796
534
2607
726
1362
482
1054
2004
862
1462
194
52
2158
1680
888
772
496
2373
1960
394
1076
186
1766
1880
2263
144
1664
296
740
378
124
1540
634
2343
80
2640
2291
1110
714
6
752
892
1480
2189
378
2273
2615
606
1586
738
402
2266
1564
686
540
62
1332
2731
2483
1599
2742
2236
152
118
708
636
70
988
882
464
428
1436
1420
1370
2551
2284
956
2470
912
752
570
1972
478
1430
26
1872
534
2142
1754
478
182
718
2050
2519
2231
2239
2142
22
2136
596
1816
614
2581
872
2296
910
648
2430
2257
1901
904
2495
1156
2639
88
2194
1998
2368
1094
1916
492
1340
2256
1906
2418
2252
1064
780
2665
1748
760
1416
2186
2147
288
2293
2260
750
702
710
80
784
172
1366
2014
308
2350
298
1438
630
208
2059
2419
1508
76
2292
2332
1410
2747
2158
1725
606
2205
2155
132
2310
134
2727
654
2224
1250
2839
2228
488
180
1556
1144
1694
2566
2129
1352
2163
614
2492
1186
470
2349
1804
1490
66
244
122
432
2299
398
1354
992
898
2448
1821
642
48
1034
2544
1242
916
2320
302
2380
518
2642
2160
1742
1522
1724
1164
2188
2283
878
956
1044
108
1552
2657
2099
298
2443
2590
2295
2285
2374
1766
1700
2540
2386
2153
98
722
2086
702
482
2468
1020
1952
2060
1188
1466
124
1278
2051
596
1034
2461
728
676
1992
530
2558
1836
2344
310
778
2213
36
1136
30
2253
1444
712
1838
774
418
108
52
2340
2453
822
2337
974
1246
1944
960
2597
2568
220
1846
2227
1036
1366
922
622
1714
2149
1222
2057
2110
182
860
2480
2708
1924
1956
1938
2386
828
1016
836
598
108
386
2358
1150
2536
2198
778
1230
2149
2211
2330
1886
1188
1276
2192
1400
2200
2998
916
428
284
2491
1292
1674
2451
2332
2233
1100
2126
418
764
2064
1939
244
1304
1020
1948
2788
2640
2066
2094
2094
1274
180
2600
2227
2232
2252
302
742
1829
300
1598
1342
1064
522
1466
1970
2425
1102
1036
246
380
616
2051
2727
1172
2140
2383
226
1632
16
2553
1590
632
1484
2377
1728
136
154
2457
2636
1320
2533
2531
1186
2036
878
1142
1940
2173
1686
1740
1948
2358
416
2295
2164
198
2214
1892
674
186
2120
56
1244
2399
1982
1788
2026
1692
2178
888
2419
2169
2582
384
2251
364
696
2138
254
2046
460
1042
2397
348
2195
50
672
2141
324
354
976
2304
884
1444
2552
1884
48
1280
176
2093
542
548
204
2279
2200
2255
1332
262
122
2035
2276
410
2546
2144
2422
676
1144
2076
252
1292
1040
1820
2514
374
2215
998
1916
1738
2523
74
226
1020
354
120
2066
1178
1486
812
44
1590
338
498
988
2259
2529
2455
1840
614
1154
1116
2228
316
1012
98
1612
418
756
1218
1458
2383
2018
1362
1554
1428
2415
1240
2042
1516
1356
2118
654
2174
946
334
1856
1094
2257
2388
752
2190
482
34
724
1955
2260
2077
10
276
660
2546
1682
2100
2313
2334
2727
582
698
2032
20
1000
898
1788
296
2175
1116
364
548
1468
1434
1324
58
1102
2569
2428
1824
2396
182
2208
1270
984
794
234
1416
2196
2274
2234
424
728
2089
2669
1444
2243
1572
1362
170
2208
210
3109
2214
1420
2010
1988
298
248
54
1104
530
786
2216
2017
284
664
1486
1941
1912
1690
2102
26
1390
208
392
2274
948
1466
302
574
2304
2334
596
1062
1934
864
934
1022
928
114
698
1126
2200
792
910
2695
2090
1450
1624
84
2122
230
1900
1236
1926
710
508
2238
1848
2651
2716
1376
504
248
2060
2284
1148
234
392
2686
704
1968
2459
1976
124
2123
1858
2213
1426
1880
2151
2324
256
2295
2478
2467
2560
2118
2181
2162
2576
618
502
2557
176
1938
1826
1570
2082
426
626
2101
2238
918
38
156
2417
96
2103
2346
2096
208
480
2354
196
1574
128
2597
2583
1880
2117
2377
2046
2374
2228
1114
2312
1040
686
770
2543
2066
1769
650
156
78
2386
928
2428
138
2657
2641
1166
2137
860
1376
2752
2407
218
3233
2032
478
898
2463
98
1824
2407
26
2491
2319
34
184
1186
2194
1194
294
2236
2453
2166
1176
2650
758
2123
2556
2376
1802
288
2300
2406
1748
454
2028
858
154
1648
382
2101
1746
312
1924
104
280
2018
64
2449
1776
266
16
1510
234
986
398
2635
2169
1712
416
2137
1948
944
442
1988
1504
536
2646
2136
2153
2562
2008
108
1868
2408
1352
1716
544
1926
1578
2343
440
200
1618
476
158
1194
2150
882
122
74
158
1997
1974
2296
2232
1300
1484
1855
572
906
1626
758
612
24
2405
2526
2537
2048
1974
24
1917
2628
1434
248
2280
2142
30
2298
2389
944
1088
336
226
536
1568
2308
822
1552
2039
1166
740
1932
710
1176
2600
540
312
240
2419
1982
1952
2437
518
566
2468
44
1120
638
2144
946
156
1994
2
884
1462
2253
1716
2250
2120
776
2280
2507
1750
1882
2427
1274
2527
1098
1178
2270
1062
1806
662
168
2507
598
134
52
1226
660
2300
736
1776
2255
144
1960
818
1896
2439
2424
2234
1064
560
264
1748
2124
2256
2190
44
224
886
1144
1002
2383
2429
110
1882
168
2304
2044
1008
120
1478
1050
2479
2085
374
2016
72
1128
2127
798
1026
172
2008
120
1560
1344
528
386
2704
2373
2082
2396
12
26
2657
2088
992
1228
2277
2244
752
478
1378
1640
2169
2152
2393
2559
594
342
1924
2211
380
980
2024
1834
2440
174
1578
1010
356
1388
1730
940
2019
1983
566
844
1236
1774
532
1284
2551
2130
354
902
1464
1480
1032
46
1016
1046
1098
1094
390
668
214
1166
1478
2068
2294
1418
2321
972
2096
2593
2080
474
150
1562
252
518
1074
242
428
742
2244
134
2266
1752
198
424
1866
1885
250
428
1660
1350
698
2609
916
2081
1542
78
470
1837
1634
2138
1944
2372
2329
198
126
366
974
452
2865
324
2278
560
884
1496
1498
1988
2452
2510
678
2119
2158
948
840
1700
1282
380
508
2492
1260
1938
146
438
616
192
2147
550
426
160
1592
416
1142
2412
2438
2308
684
260
1442
1890
1622
1254
208
156
88
2335
1898
2025
480
338
2203
2464
658
2548
2317
1312
606
2250
2339
2304
14
916
82
152
1170
1904
524
28
2062
2591
490
1070
896
542
2274
490
880
478
2462
900
774
1936
124
2468
160
1696
2498
1024
994
1964
2255
2301
1864
1132
2123
1866
2356
1140
254
2556
2570
2376
190
2423
682
730
1980
2634
2502
2048
2166
196
1886
2562
1140
6
2088
566
444
2761
2599
508
1752
2169
2442
870
2562
2653
1942
1090
942
2447
542
1236
2147
2307
628
1322
48
296
2583
1978
2211
752
14
2207
2585
1260
2221
894
2124
2378
2119
1136
1958
1338
364
766
2352
856
1272
342
70
1326
1479
2299
358
2387
640
1936
322
228
338
1518
2530
2629
2749
2274
1402
492
1084
1260
2196
782
582
2040
1970
1366
240
500
1988
1732
2655
410
556
2524
2111
76
58
180
1942
1890
982
528
632
560
1834
1324
270
694
410
234
920
1802
1156
732
322
2487
1372
2597
884
666
2478
226
2540
1724
770
696
2078
2449
2517
2140
1974
772
2395
2096
2146
1981
2378
632
2137
1106
610
506
262
2249
1400
2613
46
2000
1140
2131
1822
1348
2394
1520
1396
350
2292
2381
2001
562
1904
16
2207
2281
1174
2316
1042
696
644
2298
1422
2186
2090
1680
2446
944
1536
2454
828
450
130
2564
1740
2230
1470
1674
1552
144
2274
1588
2127
2123
2396
2295
594
1596
930
2159
2252
506
1922
298
324
2002
408
1092
412
2533
246
1993
1524
320
2416
1204
232
2458
562
2114
1762
168
2020
2129
10
104
1884
1160
1798
664
2246
768
78
572
878
142
380
126
1883
1364
2098
1993
2220
2367
2643
1764
1932
176
1026
78
126
674
440
2025
1172
30
18
210
1228
1552
128
1348
82
2534
834
2331
426
538
1556
1792
928
278
2421
1544
130
612
1380
244
1774
156
1940
1618
1588
2043
314
1126
52
2602
274
356
2795
2298
2688
2399
330
2289
1464
1018
2516
842
1908
1266
1908
738
2311
2105
66
1870
616
2641
948
968
1436
2140
2579
2102
72
168
1182
1126
2216
584
268
626
1980
2481
1942
1072
2544
2457
2534
304
1002
1038
2400
1718
2405
1136
2258
138
1338
908
2276
68
220
832
1536
2108
1420
1528
794
1138
170
1382
2598
582
2265
2098
1432
2276
1186
196
374
2481
178
1276
2526
1334
648
276
610
2024
1034
1524
1924
994
1062
1962
1172
2391
2508
1430
1900
2337
218
2570
298
152
1576
230
1864
672
1993
660
2187
2308
2022
112
1718
1660
126
2516
2123
1324
1700
2385
1378
2269
1684
2262
986
2468
548
680
412
266
1162
618
88
2479
2382
144
2590
2225
2112
2170
2356
1012
1767
356
2188
408
2158
188
2528
1738
20
1999
2404
356
1154
470
1322
316
2750
230
350
2610
634
2571
194
972
928
124
1004
1997
130
1594
186
292
42
588
2315
1344
2237
646
1118
848
550
68
2432
530
364
76
2463
2216
1398
2416
2070
1816
824
294
2442
1478
328
1844
1882
1816
2046
2614
76
626
764
2599
2654
1478
2254
1140
1681
400
1918
686
570
1346
408
1262
20
6
2365
286
2159
2183
2334
2113
1312
2709
2064
1550
478
1088
564
514
2526
2156
1880
324
774
326
1424
136
270
1034
192
336
2222
1392
814
2573
898
2357
628
364
2604
2465
1898
2394
2461
1998
588
20
170
2180
2158
332
2403
1561
110
888
1276
2503
286
440
50
52
1962
2255
2030
2739
960
1915
2810
2515
294
1206
1910
452
2052
2219
1416
178
2379
1224
384
2258
338
512
300
78
2294
2533
1088
648
2250
2379
318
1967
1358
778
2265
1582
1104
1460
570
2082
2222
1774
986
104
1826
2620
2307
1836
866
554
962
1878
2184
892
800
1644
2174
1356
1190
1626
2576
594
1284
278
2811
2307
1268
2282
2255
832
880
1654
484
1714
1332
1742
2798
322
2707
1638
2613
80
1150
2661
1218
982
2166
2023
1664
1422
338
2188
1164
682
1838
44
2271
882
1654
2367
330
776
2606
1943
1488
598
1108
2861
266
1998
2148
2492
384
2286
908
2450
2510
698
2344
2020
2197
2339
1988
2291
1184
1786
2471
922
1902
1114
2183
1034
2346
1584
2216
1396
1050
272
812
2235
564
54
2228
654
156
1726
98
1174
2086
2660
2393
272
778
1658
2073
984
838
668
900
154
1758
260
540
74
2032
912
1848
2231
2245
1978
446
2259
2428
1250
106
1166
204
1056
2732
366
2573
1456
2163
140
1911
104
2264
716
2358
276
650
1236
544
2558
2417
772
2059
1414
1676
1058
178
1266
1810
1506
2267
1066
2246
1016
1544
366
2421
2751
50
1176
496
914
52
1180
2326
2374
2274
1010
2303
2240
2499
2489
2492
140
2659
578
2316
1050
326
164
1684
766
400
1672
1874
2330
24
676
1684
556
1813
380
2302
2038
992
1658
302
2447
1568
1250
2216
2126
2205
2146
10
2062
584
1156
1028
2519
86
2366
828
2326
972
1392
862
2439
2768
2003
2469
1334
284
1032
2079
2472
2558
406
2179
54
2384
2367
842
2399
2096
1362
480
480
2523
2259
2829
2209
2425
10
2120
2033
888
170
2424
2601
1652
2609
1981
1422
2234
1276
1284
592
2477
1951
2016
332
2214
754
816
430
2248
2429
2340
46
1314
2410
2402
126
2128
30
560
2235
518
662
2411
2381
2659
2042
1442
796
412
244
320
1934
722
1040
1554
2355
1544
770
858
980
1974
1112
656
2730
116
1930
1406
2224
332
2208
2730
698
2414
1270
1618
2108
2250
2766
1969
556
598
30
796
1594
2538
2168
1340
1932
144
424
808
2399
2060
2098
354
32
764
2430
2092
1020
2244
2545
948
694
1292
2625
1520
1442
384
370
2204
448
542
1244
22
750
254
512
1720
1356
2126
270
584
2143
504
1756
1848
1560
2412
684
880
1150
1988
2351
828
960
2348
1028
1022
668
822
1498
1638
1224
2515
398
1740
550
2338
1114
40
218
1774
2389
2270
1274
2688
1186
1700
2572
2
318
2110
540
1548
2679
2414
2334
2128
2262
326
2338
1612
2060
1526
264
240
154
2024
156
690
270
310
2173
118
150
2457
390
1828
2729
996
80
70
2210
278
1962
1522
1948
1688
1818
1604
1256
1266
2692
2420
440
2070
584
2230
584
404
158
1828
358
420
1756
1500
414
1010
2353
2657
722
408
1901
1338
854
64
1844
2274
2256
898
1492
2394
2106
2489
2298
2580
386
330
2194
2684
2547
2184
480
2452
2012
574
2869
618
956
210
2600
1893
220
2726
1672
438
1386
492
1484
2022
2488
2362
470
256
322
604
2496
2119
308
1112
130
608
1094
1354
2252
548
1256
784
622
1058
4025
1985
2278
786
654
2063
646
1016
2239
1582
2236
2131
1180
1963
812
2121
1552
2251
584
830
2012
1208
630
2499
122
158
254
2410
644
2818
838
1282
1282
1314
616
2217
152
2012
2614
1136
1906
2185
728
1536
1638
680
2677
328
808
596
276
2015
298
706
1104
2155
2323
964
780
108
1960
2100
2371
1520
1006
520
2291
494
970
1940
654
2517
2269
2029
1662
2137
1572
2698
924
2044
1444
2447
48
2182
2189
1966
2395
854
2195
56
492
2428
1598
2168
2444
310
1964
988
112
312
2318
2473
2206
598
1302
524
1244
1874
418
1026
2162
708
2404
1828
94
42
2207
114
512
1718
2217
398
2113
1082
116
2295
622
158
1092
1702
174
330
2297
1428
566
2496
78
1814
290
1226
900
1232
604
2067
2179
2606
454
1926
2026
2370
618
36
2588
132
1588
2602
2471
2264
2354
2364
618
938
2607
1414
334
368
2026
372
2203
2752
2226
2725
304
2121
2391
2490
2118
1860
176
1152
1940
1354
644
2274
1130
1260
1830
2149
2296
2330
1696
176
1902
812
458
1458
2169
340
2458
2362
1952
2196
2363
2280
1696
514
1566
2680
2338
1164
690
1234
630
534
642
2014
2394
64
870
2235
2387
2160
2288
2224
464
198
2114
602
318
1704
182
2071
1810
1798
1640
1134
2359
2207
2204
196
1937
8
2082
1832
2024
1604
246
2553
92
2523
2650
2306
2010
2218
2566
2440
78
1746
2070
2528
1300
552
1620
2107
2121
1482
2331
770
2318
722
618
1674
2376
698
1824
140
2086
270
2405
2534
2440
102
2516
486
2032
106
944
2814
1388
138
2197
1610
3043
200
1692
888
2389
398
1254
786
2119
280
2009
666
1496
2627
2526
294
112
234
1989
1858
2248
692
2154
2469
1108
2528
1206
1692
434
4
1868
1376
2507
926
200
2070
326
1200
1808
1322
1686
1230
2131
2167
2135
1094
1730
2410
2440
2090
570
1954
908
2109
2209
2571
778
976
1784
730
1704
14
540
1054
1796
874
1086
454
1346
1961
1584
2357
2546
448
2544
1961
570
524
756
388
530
1358
1838
2721
2287
1148
2337
334
684
42
238
812
1694
1126
932
1086
238
2484
1014
936
2621
2138
1969
114
438
2241
2504
126
1154
2600
1618
590
104
2309
1250
2251
2170
1026
2277
1136
2069
1946
1798
1792
6
2152
1156
1202
2401
484
1328
1044
26
1392
180
272
476
372
708
468
2432
1122
720
2084
2030
2100
866
162
850
2154
2526
512
796
2171
2520
2505
2805
1630
570
56
2292
2454
312
1694
1836
2366
1578
2024
1920
2115
1548
1422
1160
512
496
68
1108
2289
762
1646
1092
1968
204
264
2439
1692
2537
2320
2166
400
508
2225
2304
2244
1372
292
254
1418
484
1998
2348
1176
2574
1018
264
758
1388
482
2367
2180
2061
2340
100
2318
994
2227
708
2166
1352
688
108
352
790
754
2511
1682
54
1412
862
886
2398
1842
152
152
2373
998
1935
2282
2648
74
956
2291
1714
330
2291
2495
866
588
2410
2404
220
2804
2034
1190
1977
820
1040
486
1220
2466
860
66
88
1954
2574
1024
1150
1880
694
2069
566
566
66
910
1987
688
754
1094
2311
966
1686
672
122
2541
2025
1322
1262
2500
1130
2246
2699
354
352
310
2274
48
2812
138
478
58
1144
146
1346
750
2637
2776
1552
1566
2587
2326
1354
470
138
2004
916
2068
508
2681
968
2221
498
1496
2487
1880
482
2230
344
2309
160
360
104
270
234
850
1502
588
156
1941
2180
2034
832
1384
200
2168
1266
2486
1732
2436
1390
1194
750
1540
1903
730
154
2171
1880
66
434
1813
1744
224
2530
1226
604
938
584
2018
1903
2648
1898
116
1602
278
1020
772
2162
2370
2218
1510
2238
1148
2524
2182
1752
320
1020
730
2256
2228
2106
306
2460
526
1184
2265
134
20
1274
2298
1300
2060
2091
1436
1160
2364
1995
362
14
2678
2257
2202
376
440
2225
42
1378
2513
2534
2394
2232
2430
2050
372
238
2346
2026
656
2167
1738
1476
2280
834
2032
884
926
806
4
2330
2188
146
118
744
1482
1146
1323
966
2239
70
1888
2098
2504
398
2085
2584
1540
134
2100
2120
1961
1468
1692
2534
192
980
668
2042
1014
1226
356
268
1506
2205
2341
2214
74
2039
4
2187
680
2008
2226
422
1694
778
248
470
1120
428
3232
1310
2329
2483
518
496
6
738
2267
2436
1524
104
2281
616
920
1000
278
1547
2573
1636
1440
2498
1234
2541
1230
2495
1808
12
808
832
2440
698
696
2200
714
2710
382
954
1861
2324
36
616
1492
102
2129
2458
690
2087
1386
766
1818
1774
118
794
846
2515
2410
1852
2695
1518
530
956
1202
2364
522
628
1784
184
2144
1964
1086
2240
2560
1032
294
300
2006
2440
962
1430
1932
1598
1056
134
840
160
2388
750
262
970
1152
654
58
3003
1870
2
198
306
328
2176
1856
1961
1024
2147
2307
466
1224
2026
946
1288
466
2496
1528
2200
1802
1740
4
520
2326
1432
2173
1608
2208
298
2275
2102
2247
2302
804
742
1142
1242
862
1616
1950
1546
2046
1032
656
2193
832
1386
478
794
414
1948
530
612
84
2273
2118
2090
2332
1022
2233
1576
138
486
1096
2681
1756
2379
1744
418
1906
1140
408
666
1076
2270
744
1488
1090
222
1680
921
2157
1392
2433
282
614
464
2388
2245
2243
662
1666
252
820
22
2314
976
1026
2166
300
942
2307
904
2725
674
660
2612
460
2431
2647
174
1058
2489
1562
2133
492
180
1080
2592
944
202
2448
18
406
256
32
1900
2260
2278
1000
228
128
1194
2455
724
2540
2148
452
842
2664
1084
488
1258
2662
2601
1574
1266
2025
68
2357
516
2056
2324
946
942
162
1968
2199
694
326
384
432
2310
2177
654
402
692
1548
2190
1112
2018
1064
1426
2506
18
236
1112
2066
2320
1278
2082
1116
2320
1108
1392
2007
1484
1000
500
1282
2220
2480
524
620
1939
1952
1356
2412
548
1634
892
446
2365
526
2135
208
2340
2336
1030
24
1951
1920
200
2357
1216
1978
352
2284
2292
726
1842
1338
434
2059
1640
1448
230
524
128
1018
2243
2313
2114
248
742
2558
118
466
1712
2227
2120
2148
1928
2027
52
1670
1000
176
104
2451
2550
544
522
204
702
172
928
758
266
1172
1466
698
2597
1346
2381
384
1538
1348
686
580
566
544
374
1922
1256
1979
2292
122
1060
2354
2472
1550
1164
154
2444
452
2611
2527
1738
1468
1208
552
2099
1172
2492
816
2370
1516
420
2124
2366
1760
158
2479
1400
2368
2354
60
1212
2513
2609
374
756
2015
64
846
176
752
2101
2012
564
3148
130
2426
1690
1660
662
724
1212
118
1914
524
1054
2387
2350
534
2342
960
2344
2268
2300
548
2532
606
2313
600
2140
2383
166
348
870
2023
1314
1434
2171
808
122
2026
318
490
2430
162
396
1884
2085
302
682
1050
2294
12
2257
250
966
690
2804
1488
1258
806
228
1128
84
10
1498
2026
2458
1922
1328
1836
2064
2215
426
2418
1986
2236
2374
1010
1044
504
2200
514
20
2490
16
2553
2104
2367
206
2570
526
2168
2569
276
1856
1434
298
652
2102
2032
2464
244
2208
2591
34
2294
1270
1134
326
410
1266
2128
2516
2138
974
1168
634
994
944
544
2110
1350
10
1570
532
138
468
300
372
1822
2398
618
2560
1580
312
2603
1308
2385
2498
144
2132
1318
870
1314
626
1396
1584
2716
1754
2231
2202
958
1450
904
1871
1434
2472
2687
1526
2596
2393
2198
2226
1042
938
1944
916
1842
1634
326
2246
1156
520
1396
64
1578
374
2371
2242
1210
2346
2487
2476
2450
2333
704
12
2566
1822
720
1156
2086
2074
1742
604
1739
888
1344
672
110
780
2152
2151
2628
2492
48
1230
1208
1234
248
452
2093
2354
830
790
2217
2344
1202
2227
2487
2000
870
248
506
1668
438
202
660
2481
730
898
1200
778
2598
2552
612
2360
342
1414
2309
372
504
2648
264
416
2752
2685
464
544
28
2601
760
544
282
2516
940
1980
2226
2442
2694
1918
104
2139
2525
750
2253
1911
176
154
2433
1846
396
2028
1942
2076
1422
674
208
998
2326
92
2038
1396
3029
146
2159
2729
12
2768
332
2584
520
2458
68
790
2041
510
470
678
962
42
1360
514
754
566
1322
430
1478
2410
100
54
1918
810
1880
404
1342
1282
822
1136
1728
1924
2629
1162
2140
1116
1412
254
1712
2010
532
506
2244
2579
540
64
2105
718
2872
206
2819
1412
2028
1056
2180
162
1104
760
2123
2421
2034
984
672
2476
1740
2526
948
434
2206
2312
2321
1096
2008
440
458
2235
1996
1074
114
668
1562
1528
2415
1892
622
2199
2068
1970
2419
836
674
2122
2104
1230
1216
606
1918
2449
2148
2322
1354
2739
1984
18
1400
1076
2135
1222
1842
1970
2622
2020
2205
2017
2570
2152
1852
1706
1442
2033
2182
1857
2000
1458
852
2434
954
1196
2055
2031
2013
2408
2450
2231
724
1448
1480
1036
2347
656
820
624
1926
654
1036
1136
2268
2313
660
2152
2345
1536
2523
530
1496
2535
1672
624
962
622
2188
2168
1650
1246
1528
1724
1072
1412
2439
1534
542
70
1154
2475
2182
1536
2350
646
2817
1134
98
1796
1084
1616
2624
850
2141
1912
372
2271
792
968
2119
1960
782
198
2428
106
2151
2092
2328
2343
180
584
2166
2308
1480
2084
144
1770
1196
1836
106
1156
2031
96
1752
566
640
482
672
1284
2133
1722
2548
848
190
294
1842
2369
1622
1566
210
864
286
2194
1872
2042
2398
1583
544
1598
1340
186
2233
2163
1020
364
730
384
40
1334
2456
604
492
344
2113
192
1056
382
146
2165
1230
1526
496
2668
1999
606
1186
358
88
688
1634
1837
16
1314
1658
2283
1778
1234
1194
666
574
1250
2389
56
384
2584
894
610
1244
564
2483
1558
152
2166
1826
2509
2258
982
578
1108
1702
342
244
2150
2027
1246
958
1136
1016
228
2330
1146
488
2146
216
2379
2306
2
1252
452
1148
558
1642
1905
860
1790
156
140
208
2082
286
2160
384
1216
2297
2347
18
606
1815
1698
398
804
2125
106
1610
1284
2245
2244
2262
248
2398
2279
112
102
690
1630
130
2089
380
1234
1630
710
1840
1686
2301
1720
2344
2399
1108
2289
758
236
2344
2349
1692
1260
640
34
1736
2080
2741
526
710
2268
1614
330
2368
650
1418
738
1580
2163
1856
132
436
1981
194
2089
374
138
2480
618
1810
582
902
2755
2555
2551
170
970
466
1888
1912
1418
62
2095
326
674
2123
2200
1646
1016
2408
636
678
394
2651
490
24
4
2204
2514
268
124
232
2661
1522
1542
2601
1004
942
1508
2061
572
66
876
2382
2618
446
2451
1736
700
414
858
1980
2315
1998
398
1879
148
2502
838
556
592
1392
1050
2266
136
622
1572
190
314
908
2427
680
2390
2253
840
1212
2018
2569
1158
2143
1820
228
2179
274
1062
880
1925
792
1422
2070
362
920
662
34
1972
2816
1690
2275
2361
420
936
1338
1408
72
730
2179
1929
2014
704
1452
656
2449
2083
2286
356
2209
1452
2260
1216
1224
882
1722
2053
2204
1124
1956
1378
2221
94
2266
1336
1012
1240
2084
2608
2070
166
2172
1728
62
182
888
184
1088
2051
440
2224
1040
1881
38
2596
1542
354
2336
1026
1112
910
856
2314
546
1694
20
336
2434
1276
1694
2120
34
2518
1584
1434
972
18
1544
1088
2592
1622
58
1894
2315
640
294
1288
1715
2186
1118
384
56
2092
756
2448
362
1274
2720
1286
2092
874
2479
2331
10
2464
346
2230
1548
2796
2050
958
1272
16
2312
1470
2370
1108
1076
378
444
2082
1610
96
1380
404
618
386
16
1740
1484
698
592
2014
1260
2179
1064
1442
970
2226
2182
1288
190
1210
2242
184
296
1078
2285
2225
2004
286
430
532
148
1984
2445
2817
2130
1080
2434
2112
82
2184
664
26
972
658
1132
1870
342
440
2022
2252
206
816
2477
1562
20
2426
2191
1178
1456
2074
2207
1344
1260
1296
1056
22
2357
2603
1850
84
598
2089
188
2609
128
1646
1042
366
588
1036
2376
2466
2321
102
308
1098
1220
966
2278
2679
1120
1326
1254
424
1904
262
158
810
710
1658
2140
566
2130
2383
2265
2239
2359
758
1934
2334
2060
868
1410
948
302
188
2331
900
1985
2310
740
228
66
2497
2271
2726
2096
2289
610
54
1618
270
202
1290
490
2299
2388
228
1770
2294
2236
1750
2100
250
2444
1768
2022
2334
130
1811
1420
1434
2468
806
2624
1808
484
1370
2596
446
454
284
92
1874
300
2788
682
110
266
1880
1568
44
2575
232
1416
2615
148
134
1878
174
2553
134
660
572
776
2324
1733
908
2150
134
1662
1786
880
814
1628
438
1626
648
2440
2512
2159
2651
2313
1748
1028
3684
310
846
132
1436
2539
2511
2486
242
2374
230
742
2177
2012
796
846
2426
366
2841
1058
1622
1108
2448
832
798
1712
580
1670
718
642
2296
1438
54
684
1846
2358
1118
2498
2736
2244
2344
142
722
2313
84
2144
808
1258
1246
1022
2603
1048
142
1370
2297
1726
1748
1104
722
2574
848
2055
42
500
2369
2034
2597
2817
798
882
958
2588
960
1926
142
1606
458
1594
702
1460
1220
286
908
2290
530
1396
1012
2603
1966
2204
134
2590
2522
2060
2217
574
1694
566
1732
2674
444
826
1916
1784
2337
44
2090
812
2714
206
976
2039
386
1674
1678
534
300
1354
1748
2301
2116
2126
100
1568
2228
384
2459
1758
1690
76
2392
546
2270
2205
2038
196
2087
2327
332
96
336
1752
284
226
1990
1764
504
2323
62
1142
2066
186
1960
2070
2230
2150
658
2348
1252
1886
162
2256
124
126
1822
2547
1270
1698
2773
1520
512
174
1286
1868
128
2631
2476
108
52
1999
700
2328
1772
2314
2708
798
752
1790
2340
2113
410
1900
2193
582
990
1070
442
32
2355
108
2084
2532
2036
444
1168
2517
1250
374
1474
86
406
2543
82
850
2328
412
1888
550
1114
858
912
248
390
338
34
452
968
376
408
2280
2621
1880
1920
1770
2304
872
1230
2515
1918
1596
2422
1054
626
2361
1720
592
2081
20
934
2480
2267
66
2390
578
2044
2433
444
1997
1156
74
1914
916
1480
1256
770
1306
1364
1520
198
1548
652
1312
358
1442
560
210
2195
230
1930
2267
592
2442
116
130
2218
2373
508
26
192
1298
1842
2369
1122
2125
210
2522
934
1106
1134
688
2177
1046
638
1628
1274
130
870
1060
252
1014
630
482
1418
2573
2323
2493
1932
1858
2533
288
1098
1314
994
78
1726
490
1576
540
1450
1830
120
2420
970
442
1862
2252
304
1338
424
1992
2238
186
108
76
2284
956
318
2585
22
2778
584
504
1194
322
2409
2088
854
2442
2718
336
2838
2461
2389
2471
1282
264
2510
604
42
1992
1953
1932
1178
1486
1000
166
2256
730
1490
1940
396
120
422
2304
976
856
464
1522
1522
244
2375
344
184
900
458
460
438
1977
2299
618
2275
2360
126
1776
878
2376
1060
258
2081
386
1222
1558
924
2564
406
1646
2368
2584
2307
742
1736
928
2538
1382
526
1934
296
2611
2496
2731
2617
378
880
1004
2001
1688
2272
2523
1760
1482
2216
948
1530
286
10
162
866
2100
1306
280
1234
1124
1226
480
1216
2132
236
2903
1256
78
2253
2022
1865
1274
782
376
2078
754
604
2419
2046
2050
2018
1510
1222
1362
2309
2026
2457
740
2200
2230
710
1670
556
1214
2020
2080
710
2245
1280
2436
1144
2306
692
2347
2484
2526
272
2072
550
2519
2546
2324
1714
2364
1132
2403
316
1930
1142
2480
2324
1188
2651
88
1698
2721
1234
2359
2441
2687
656
962
834
482
2142
2073
1376
372
254
2209
2041
2077
76
1242
1558
194
2314
1334
414
586
986
216
168
1602
64
2480
1096
2234
2423
1144
1154
830
480
1814
728
796
1210
290
354
2188
1808
1458
870
2343
462
1907
1826
1228
2136
1316
1262
2476
2390
1536
638
742
2658
2382
2206
1042
2249
1232
160
2143
2327
982
1334
1470
884
2482
2000
2224
1972
1901
2168
2056
936
874
708
2509
296
1258
1830
16
2118
1026
1758
436
536
2074
1690
2218
1880
2174
2413
1810
624
828
66
2281
1854
2388
2219
112
1750
56
2238
114
940
686
2320
2329
2326
592
1548
2213
786
2106
652
2159
1368
160
1742
14
2062
2329
2239
1793
2198
1074
2018
1012
2147
974
1626
2130
1980
2307
2481
564
2240
2132
748
496
694
1875
2450
304
2145
1182
664
218
1758
2196
1774
1470
810
532
1938
1911
2193
848
814
1889
872
702
2399
232
2012
864
556
1474
496
2471
2546
2717
612
136
2320
920
2540
754
322
684
1108
1746
2468
1506
82
298
1728
1788
348
2378
216
1134
876
958
210
586
168
2164
1750
178
2290
2205
318
486
2041
228
2443
1608
2299
2368
2689
2104
148
2024
2489
1020
1888
462
2216
2722
1196
1358
54
1814
620
2209
86
2602
2417
2619
844
1400
1870
552
2219
810
518
4
1198
2505
1878
396
2212
776
2330
566
2368
1872
538
2176
1062
932
10
2046
1272
228
212
16
508
214
1272
582
486
396
2060
148
2633
1746
2477
352
2361
960
1878
632
246
2188
56
2340
266
662
2335
2111
26
2322
2586
1052
942
306
2692
2302
354
208
1240
2086
2279
594
2383
2126
1268
2239
2026
858
2333
764
1908
2092
280
2207
842
2536
2105
1568
634
1370
1218
2613
432
348
92
2273
2465
1284
990
446
1452
396
978
748
158
712
2148
2294
1712
2375
2141
134
174
18
1785
2188
2518
2738
1780
2298
2285
2242
2471
1820
2407
410
2608
1622
2702
644
278
110
510
1594
1963
214
1692
1228
600
1701
2180
2943
1604
956
2533
484
1100
1772
2208
106
2286
2220
2565
2362
2084
2786
2486
1998
1836
356
628
240
684
2103
2327
1350
826
2834
750
2654
2182
2290
154
1911
1100
1873
1830
1727
1869
2166
2303
2667
2066
1816
950
1854
1990
448
796
2805
744
1358
2306
654
258
1924
2076
2065
1382
716
2414
1506
302
198
204
1961
1106
214
28
1154
1088
2341
888
2229
454
1080
484
2127
2184
1164
2418
600
2059
2432
1474
540
1540
2265
2126
2501
1236
1798
2555
1946
476
1974
1650
2511
118
2210
2100
2732
156
2330
2543
2353
996
2142
1236
2671
626
1524
1170
1028
202
1320
190
1266
330
508
542
578
134
2438
1230
2578
2103
826
2086
760
34
816
2102
872
378
1462
2355
1296
2673
1654
2290
656
1644
1114
678
2016
262
2
1640
962
676
108
164
58
426
2179
1424
610
2396
484
1142
584
1984
1022
1100
1828
2659
2177
1000
598
2003
1132
2500
1328
2021
202
172
322
2198
1160
2438
2706
1706
1672
874
112
910
600
24
416
2233
376
82
70
836
2538
288
1942
416
2124
6
1542
1896
2090
926
2096
982
2694
2172
2393
2491
2278
612
2048
168
270
2161
184
2493
814
2063
2169
1800
2680
652
1997
2274
324
868
1442
2377
1782
512
846
1234
1420
120
1146
598
290
1830
122
816
930
2434
878
370
776
142
1458
1334
1104
2000
408
1508
2140
2216
812
2336
1831
2011
2401
2354
212
762
1606
4
420
1162
602
2466
900
368
2712
990
2305
2310
106
246
1754
270
1206
494
2320
38
1054
2088
730
2219
246
672
2497
2705
24
1332
458
234
64
1184
2357
2540
2460
26
338
1304
2244
1916
1428
956
1594
198
364
1871
1236
2223
2681
1292
1932
1824
1576
1520
2655
1894
712
2066
2446
1964
2594
1628
2274
822
170
1756
2228
1999
1998
466
196
648
2252
274
2394
248
1000
1274
1860
2230
2361
2066
2231
2303
248
2353
640
1443
2319
2441
612
2286
1024
2767
1004
1392
726
2314
226
858
2048
834
764
1580
2404
100
2401
1598
602
412
1680
906
2566
54
2517
240
2205
1110
538
692
2387
536
986
606
170
2373
2810
2483
2497
1084
1530
870
1108
2357
1997
1152
760
1002
2595
992
94
2046
186
950
2213
1342
1248
2412
320
150
2143
582
1928
970
614
530
1342
2268
2318
2290
1763
440
1038
914
1774
1332
1974
446
60
1712
2237
2030
482
386
2507
2554
452
1648
2692
238
2624
694
26
2651
1234
1192
2541
1690
936
358
150
1914
592
2167
2271
84
2576
596
1972
2319
1832
1132
1392
366
2093
2439
1932
2949
1482
672
1682
2364
2282
170
1070
288
1444
2199
2342
1614
2321
854
176
1906
274
2375
1926
214
1866
2373
732
290
1466
1960
846
2229
2213
252
2862
1550
1770
2245
634
220
2336
946
82
480
2112
2391
2325
476
1226
2108
126
478
872
2417
900
276
1258
1264
250
344
532
1430
2680
904
112
1104
2210
296
2342
16
464
768
560
2275
282
1764
2830
2531
1922
2313
2178
2104
306
680
1912
2514
10
1092
2514
22
286
352
94
764
146
286
2184
1544
2477
2124
1444
308
218
2384
2518
1580
848
1900
112
2420
2404
186
1676
678
178
490
1866
2376
2499
2078
78
1320
2056
952
1882
2201
2436
2534
1331
1616
2190
1608
1524
2065
2408
518
594
1092
2094
110
838
1626
1682
2182
948
1658
488
2229
716
1996
574
1154
2161
992
2138
2298
1842
944
566
1196
2374
152
46
38
1920
268
364
1910
766
2324
2355
118
1728
1662
658
2351
598
1648
2203
734
1906
462
1958
6
934
336
2676
838
76
486
850
1228
2116
2325
1632
696
1020
804
2220
268
1166
2116
102
2050
882
1128
1554
106
1905
1014
392
1686
2422
2222
510
1396
546
786
1166
532
1816
688
22
748
1396
2500
1542
1774
2488
380
2366
2730
2505
354
2395
86
1901
540
2130
910
1496
668
1862
2264
504
1786
2189
2614
2144
2410
1502
446
1456
1730
84
476
1442
1468
2007
2258
2253
1584
38
1150
1906
2167
2226
2286
2306
60
2524
2547
616
2492
2000
2447
1798
1684
1318
2106
258
2060
3050
782
712
1224
718
2405
292
1450
1388
2210
2426
178
1112
868
1876
2219
168
1362
1056
2574
642
2144
2317
2077
884
2134
698
468
1068
1126
1372
2068
392
2483
250
1164
2355
690
1828
2031
558
680
2201
1808
1230
574
854
2296
2362
332
760
656
2388
42
2446
216
2068
1764
856
742
1883
2392
398
1758
306
762
1374
726
472
2134
2113
2081
1874
2275
2570
2183
694
1228
1322
462
378
1094
2359
1454
2204
1250
726
644
2279
2378
500
2353
2047
1092
406
1256
522
430
2260
1860
2136
2021
2361
634
2556
1708
1923
2370
242
2537
1206
568
140
1853
14
1212
44
1118
1480
850
170
1980
418
404
338
12
324
1032
2443
2260
1344
200
2016
1822
2006
2182
858
670
2372
1726
1999
756
824
2324
2406
234
1966
2415
2563
208
80
832
1236
2214
416
2910
1486
2093
2178
1046
16
1250
2085
342
606
2348
1930
824
328
856
70
1440
780
2181
734
2329
234
14
2359
1278
920
2574
1240
300
1424
616
1526
302
2531
1118
1320
862
2122
1178
58
1356
2482
242
2406
1869
2
542
1576
1976
1332
2414
758
490
348
482
782
2050
1514
2604
640
1420
126
1914
1368
674
2529
36
564
2330
2333
1024
2414
2767
972
2096
2474
10
1606
326
516
1903
564
1172
300
1616
2188
1408
2024
1308
2307
488
2463
2335
1782
2297
398
2178
472
1170
2585
2353
2422
1484
320
2270
1114
2117
1692
1174
2285
1584
1010
2523
1398
1740
2354
78
2548
2178
632
2347
596
2200
2578
412
2119
1552
2476
2205
1238
66
816
468
2150
2685
318
2547
650
2473
1550
804
416
2249
2584
478
352
22
990
1600
704
1188
170
802
148
2001
2509
802
2627
1982
2467
434
2143
860
478
1118
2252
2173
1864
408
2449
336
2343
1154
2043
1152
1616
2459
1662
420
2301
2125
952
1792
20
222
1510
2225
328
954
1018
404
82
340
56
1352
2257
2331
616
782
948
846
930
1292
1828
2562
164
2008
542
638
1750
2660
780
362
464
1104
722
1692
2452
934
642
686
2294
2470
1460
1974
758
580
692
2624
1144
2161
2436
2017
268
1130
374
120
2509
1902
1376
1980
1430
2366
640
248
1626
762
2246
1548
1294
716
158
718
1700
890
2138
2160
2064
1468
1030
1434
2120
1997
2568
12
1168
2392
794
1374
1837
850
846
2488
1114
1890
22
1912
1092
134
2347
1128
634
2289
436
2344
86
1524
1862
1881
1860
1394
406
1650
1732
488
210
2465
24
2281
2347
2124
2410
452
634
722
966
904
2251
2059
2659
2246
1152
2063
2585
2552
476
446
2409
1580
658
366
1058
1560
2272
100
576
2458
104
1832
2390
2550
2348
1140
2403
764
196
1452
1984
2408
1099
494
2475
2280
2136
1580
1134
414
436
2341
2246
2484
2040
182
1420
850
1696
524
1640
1396
2163
318
974
2655
222
2247
2142
512
2310
296
1340
1294
2150
150
222
1964
698
772
1480
92
2348
336
958
120
2415
1636
2172
2060
1850
1090
1571
1066
2168
1740
226
2468
1024
1408
664
2473
