1894
2078
1182
2171
1734
176
1442
2383
196
2358
180
1970
1125
382
2017
660
1848
2360
1200
2426
418
796
216
2332
508
2563
1814
2045
686
14
104
2251
360
630
620
1933
2730
2211
1340
140
640
2383
1166
1920
1571
700
2172
652
1616
2458
544
2587
734
2108
226
2303
870
672
254
1080
848
2341
1082
332
2248
1831
454
1050
998
2430
1046
952
1014
2335
78
2339
1412
2569
1388
2365
1859
910
2310
1898
198
2409
2150
2399
2477
1162
888
740
158
50
66
2469
384
2745
2196
1098
314
626
544
990
468
612
16
80
2547
688
224
558
2456
2249
1804
2564
2605
1620
22
2365
1032
1942
2290
592
2222
330
1934
2294
236
106
2088
926
1902
194
1498
658
2731
2467
2560
1378
1070
1964
862
1696
482
210
86
2702
2404
2267
2130
2125
406
362
2020
1466
2182
2107
1096
52
1226
1977
1606
2594
850
422
6
2237
1400
1214
1578
688
1838
576
1516
1914
316
1780
302
1722
84
1955
206
924
1108
2098
2677
2190
2308
1866
2067
2778
2160
2282
920
2072
204
2076
944
2307
2033
2258
1296
2383
2613
2253
2290
1540
1356
1294
2211
572
1990
318
2139
1946
92
2169
906
1714
2251
12
2262
2310
2043
96
2193
1434
666
2073
496
2700
1936
1130
2691
502
2313
496
1180
544
2245
1656
122
824
2612
2517
1094
2551
1438
2575
432
1196
1990
332
122
2139
288
546
854
1358
1970
2011
2238
1270
2485
2101
66
86
2408
292
932
2654
440
2192
2198
682
162
2396
2494
102
908
602
2465
2063
1972
340
300
284
16
2170
846
594
266
578
2442
26
658
2484
1924
2647
1484
2495
2131
2346
486
2297
564
2435
174
1868
134
1516
1794
764
1416
1012
2
2212
2334
2509
1658
150
720
222
880
2287
2434
2200
1326
1742
2677
856
1288
1452
2215
2405
1788
710
430
1940
260
956
704
2037
2246
590
2074
1434
632
756
2381
174
2449
2437
1120
2386
2082
844
2437
150
1438
2585
1764
1871
174
2609
628
556
520
790
2178
954
1636
1022
2026
1858
1788
2349
20
1384
336
1852
232
2229
1842
418
688
1104
728
1500
176
348
688
706
2344
2470
2312
550
612
1224
1310
1928
2207
124
2337
432
2163
2358
246
332
2072
72
2059
1412
634
1424
924
20
2392
666
1904
576
282
432
70
1006
2520
2430
420
820
2052
1971
2299
2577
2290
1868
1364
430
794
1016
2453
534
284
2082
1438
828
376
2371
2020
184
1588
306
940
2209
1996
2486
648
642
202
2328
372
2630
62
810
286
2598
1804
2253
32
2497
956
2402
1486
1602
2481
2458
2695
1482
2058
396
708
1470
2306
1386
2048
2152
2551
1438
2321
2304
2078
2272
228
1654
2912
1706
754
1264
872
1997
1692
970
1230
920
2177
774
2571
2286
2145
2002
1930
2335
2699
2365
2
1404
2394
792
312
1946
162
606
968
1854
110
734
2397
332
104
1340
28
2403
2140
2443
654
2350
1834
2440
1264
2580
1392
2188
168
1368
1106
2124
2502
2276
792
640
398
2419
1038
2571
212
1048
2436
188
1620
1538
8
650
918
800
48
404
1630
1480
1446
944
1632
184
392
778
1100
240
1370
2548
2127
2524
2734
2022
2010
194
2069
1486
2337
704
2308
2630
1436
1246
454
2385
1630
2337
1578
182
330
1948
1676
524
2239
2473
2194
2212
88
820
2210
816
1851
1930
2534
2183
1764
2111
186
2182
2052
2269
2199
1484
380
2519
1028
2577
122
368
2599
2084
220
282
2422
1578
1314
2634
1931
82
880
1636
2319
2589
776
1898
2314
840
1064
434
872
2049
2028
2707
346
1314
1766
2731
1214
1950
1578
312
2428
1710
1856
186
2004
2306
2088
652
1422
898
2628
2430
88
1534
2084
2431
1032
404
2746
2206
1242
2740
2262
184
2535
68
1058
2092
182
2450
2350
1352
1944
2220
2452
2405
238
1162
312
2768
718
2558
598
1068
1536
1992
866
380
694
2248
402
1258
1196
2110
742
2492
82
1188
624
2168
1716
1554
2062
62
1208
2034
310
236
2370
520
2297
328
2169
478
512
780
2300
2501
638
2186
2150
1446
1430
1086
170
2625
1306
2330
324
1128
2464
158
2336
2304
936
438
2347
2102
228
2112
2398
1266
980
1368
1476
2378
1256
1146
2278
2406
484
1562
2307
2668
682
2207
2399
46
1444
1082
180
1863
2754
52
1958
802
1394
196
2102
444
1752
1410
2399
2200
1364
1582
2429
128
1048
292
400
2154
280
2281
24
2536
1108
1064
902
1784
2406
60
2211
900
382
1198
2059
66
1742
2228
214
652
402
2126
546
1114
2323
2072
1368
2312
526
202
1202
242
1370
252
670
2036
2059
1770
1524
522
2030
2767
1990
240
2598
2262
948
2475
2230
156
144
592
388
914
1534
2804
558
358
922
2820
344
780
2586
2042
1320
628
426
342
260
130
204
2422
20
490
1468
1274
2681
2602
2842
74
1292
1178
138
238
2058
450
4
2359
1520
324
170
500
820
992
2541
1694
874
2550
1704
2551
448
1154
2527
1388
2232
3104
672
648
874
1290
2027
1062
170
2220
272
2029
1815
544
676
1090
554
1436
2396
328
2656
1996
2005
362
622
180
436
2560
2305
2225
614
2071
1312
1176
1380
2453
2648
1282
52
2108
1776
128
1142
880
502
618
746
1965
1564
816
434
2409
1450
1400
16
880
398
1999
150
1908
2323
1206
906
792
674
920
290
1330
32
118
2129
206
2018
2349
4
2366
766
534
1176
1332
932
1078
148
1372
856
288
862
1312
1864
2362
268
1408
1284
2105
2358
376
1438
678
898
1810
1864
686
912
506
168
1220
2230
1112
72
754
2305
212
302
810
2088
114
170
424
614
2261
1166
600
116
256
1790
970
556
2242
458
2191
2018
1024
374
2353
1771
2485
654
1782
372
1124
6
2141
244
52
1472
912
2183
856
2439
668
2286
1038
1130
1664
2625
2468
1816
1106
58
2295
1194
2315
2
20
196
2510
2124
564
42
700
204
1896
1166
2503
2410
1568
1310
2306
1946
2105
2574
2212
2546
2562
2669
204
2215
2064
524
2017
2446
1696
564
976
2362
422
2144
584
1508
2229
432
1590
1528
498
344
80
1734
14
670
2450
996
2199
962
2363
2234
550
58
2419
2510
900
1132
452
346
1972
2074
1826
176
2634
1938
2322
2248
1008
618
2231
1108
1558
80
1404
2396
1210
1418
1694
2184
308
566
1300
1698
2528
2577
426
182
1382
388
328
2112
294
2257
640
662
1286
1202
1548
70
974
2376
36
622
198
2165
1106
1198
2424
2073
1899
928
2029
1682
12
1082
2001
1614
2402
32
34
2523
980
2426
370
122
2569
2366
1632
270
658
584
674
730
2610
352
40
568
848
2284
428
492
708
516
1142
300
2363
716
288
332
2086
910
2211
998
2294
406
504
64
370
1016
2555
650
664
2380
1318
526
2454
2631
2194
1012
1054
2358
2189
724
554
1524
344
454
642
434
2103
770
2579
2341
2096
1184
1906
2275
2170
150
1474
2428
2347
1904
2256
1668
2220
714
1130
204
1102
116
254
1880
1612
2578
1090
2262
274
2306
2389
1146
540
656
302
1818
2152
1996
872
920
1250
410
1908
2435
464
2612
980
1212
2118
1292
534
1560
864
2276
1937
720
482
1666
2194
1320
1032
2428
2135
498
540
450
2222
1590
1110
2357
524
1538
2428
2521
1888
1342
302
2147
2363
1036
752
624
1188
2455
894
2433
2107
1927
508
2355
2304
1010
1820
434
2062
570
610
1398
2259
2064
560
2603
2484
1140
2473
664
1342
1630
1042
308
472
1148
1272
2334
1014
362
2456
790
110
664
406
1886
2642
1430
1358
2583
2085
2130
130
1848
710
1792
1606
2256
1138
1744
590
2280
626
138
1710
178
2037
2221
810
510
2194
1656
2188
1310
2560
988
740
1979
238
718
140
1766
140
1042
578
126
1416
2641
888
936
1916
942
1960
78
2703
778
216
1864
142
2156
546
2134
250
588
2294
630
1630
818
2458
714
862
2460
1130
2428
2337
2557
1026
418
2141
1708
2148
2587
458
296
1811
256
2315
722
1316
1994
1824
2516
968
2202
488
2240
2012
2370
204
228
2780
1474
2339
2210
886
1280
1630
2484
368
488
2474
394
2223
2487
684
734
2213
2554
1716
1292
884
2473
56
2412
2021
20
10
2389
2313
2055
962
2068
2283
560
2406
2535
958
558
826
44
1760
568
2579
892
2072
2716
1248
2144
96
2064
678
708
1024
1162
2204
1328
1886
1926
694
502
152
2202
1268
1820
2020
2355
2398
1965
1008
2109
708
254
1730
2320
272
2592
380
2022
1100
1598
2136
1606
494
168
500
2107
1208
1176
948
226
1096
198
2013
1170
2294
10
2401
850
306
2478
1632
120
1054
2205
886
1959
674
872
822
1314
428
2572
154
1180
762
732
2186
1364
1352
1824
372
2400
2105
2243
2078
870
2034
2456
1826
2681
806
526
742
80
770
1488
556
774
2299
560
354
2233
938
2159
2044
1628
404
592
434
2633
2434
502
1332
450
128
974
1770
730
2643
2368
1200
2180
1738
2710
192
420
2000
602
126
184
1252
152
134
1146
962
590
2070
1864
1486
736
666
2626
970
322
2434
2209
778
2474
602
2192
2248
314
2049
90
128
1178
392
386
76
598
1232
100
1578
314
644
1266
772
2215
478
484
986
2004
1114
2744
684
146
846
84
322
2574
896
582
780
2580
698
534
2330
2206
770
1750
1502
2260
494
198
1452
2687
574
1610
1286
1016
2664
2092
2198
480
622
1897
246
716
498
2295
548
2129
1674
2586
2610
2842
2587
2484
2134
2560
1190
1008
3030
740
1906
92
1530
560
654
204
1280
2013
2006
610
794
2373
382
126
2608
1510
836
2072
740
2307
526
2758
2627
714
440
1048
466
158
180
2208
624
970
1530
2197
1986
472
1315
198
2728
1046
50
2388
334
1710
1734
2117
492
2493
2401
2094
172
2696
602
2415
734
788
1032
1360
350
1464
1941
1266
2189
132
962
376
2120
2196
164
1382
2679
1642
438
310
614
1844
464
1358
152
1938
2044
2158
368
2607
1768
312
2454
1434
1242
1952
2626
2366
354
1608
1152
2172
2291
804
1356
496
154
1476
682
1434
884
578
144
268
426
114
2548
1392
260
2223
2024
730
2028
450
2338
1468
406
2458
1872
2330
974
302
532
1514
2612
2229
834
2227
2421
1186
222
2198
2294
1744
1882
2513
362
1584
1704
2524
2706
654
2272
1030
784
1782
2276
2192
290
886
2333
196
1830
538
1584
1400
2372
2325
1018
1016
2205
2389
2451
2291
740
958
2388
184
2345
1340
720
1490
1434
2010
1940
2438
64
2504
2410
2437
994
866
524
636
1856
24
1086
354
604
1678
930
2331
578
50
1700
536
202
1596
836
2061
260
1178
114
80
2174
892
1882
292
742
540
1506
704
2325
344
2474
1644
2441
1246
1026
1777
2249
304
2547
2731
124
1664
1234
972
2312
2082
2412
2520
284
2253
2110
648
2190
2310
682
2634
1582
1312
1984
336
2080
1600
2215
1956
90
1886
706
2631
2141
764
2526
1242
2577
694
2218
1752
2445
2468
2319
1348
2548
796
340
198
106
2286
1896
588
2433
2356
344
2012
1166
1930
966
1662
676
2306
382
1834
2703
2390
406
624
2199
2028
2471
182
1150
202
226
2256
1588
614
1134
1592
1992
2538
484
2353
202
2194
1902
80
992
2320
2237
1126
2241
572
1044
2050
846
734
1694
800
594
1953
2570
1074
2165
2100
2066
1568
2338
636
1814
2257
346
2304
1324
352
1894
214
2316
2182
2300
1614
1002
1634
252
84
830
1422
356
1052
108
1394
2038
538
2420
1326
1038
2144
2854
1054
2013
2663
506
1934
1138
1436
1612
300
686
1966
1642
2532
2328
698
894
554
844
2273
2249
2462
988
2202
1566
2066
2082
1930
1786
2340
1432
156
2275
420
2435
2024
164
460
1748
1450
54
2398
1178
232
1030
2477
34
306
1628
844
1442
376
482
2184
2540
2233
2364
608
1588
838
2315
1611
2432
2104
656
2616
2344
870
100
2106
2431
1848
2193
120
218
376
1284
364
2638
396
2408
218
716
548
664
2310
2347
1070
1414
2485
338
562
1678
696
674
440
2214
2140
1508
1913
2689
1994
306
334
1398
2106
2120
798
166
1332
654
2674
2737
1824
282
2268
2742
2038
1312
1784
706
818
1048
344
762
2506
1038
2432
12
1813
2184
602
128
466
222
2456
1380
1494
2311
828
1558
358
2157
1480
232
1708
372
1794
370
268
262
1534
466
1330
2334
2532
2284
96
2077
2227
1030
278
2470
342
2134
542
1704
1490
2811
2380
142
1454
2129
1886
2029
2485
2307
1722
2537
2415
64
680
2436
1064
1068
272
182
1132
1616
2048
652
2472
1882
28
120
1922
1963
2401
2498
18
70
2489
1470
142
1606
618
218
2524
2182
1056
2178
1134
1839
1814
1280
1674
188
42
324
1142
2295
360
2086
524
1482
574
876
2402
286
2417
1458
650
116
2697
1172
1904
2192
1198
432
796
234
448
2343
1116
1122
1316
2583
1960
20
2489
2424
2780
2771
1064
1686
1758
2162
2546
320
986
2036
320
1032
734
148
272
2547
2360
830
2879
366
1976
1742
460
566
362
2488
762
202
2708
220
2156
94
994
626
1734
1988
2319
174
624
1965
1228
2196
1294
714
2208
52
1794
1560
2112
2234
1070
2653
120
634
504
396
696
1964
852
1094
942
342
2112
2861
2765
942
762
2636
340
1458
2037
380
2239
2324
2034
610
1924
1988
2059
1906
2785
92
518
2452
2290
1788
2244
638
34
572
2298
2304
1096
2230
2183
2404
2385
1030
114
2060
2226
1574
546
1404
232
2322
2622
12
1610
1088
2326
2632
2226
2185
198
2657
360
996
2299
900
672
1790
2785
1506
1454
328
1964
2164
90
2273
2109
746
58
690
1330
2241
272
2500
496
1852
488
1660
90
1000
1868
2030
2276
2503
2
932
2748
62
1860
776
776
2578
122
2499
2738
2389
548
2058
2450
216
798
1850
1975
1348
452
98
1634
756
2287
2555
534
2174
2320
1254
1910
2548
2054
230
536
1774
2282
1230
1208
1394
1716
2049
846
360
2144
1460
514
306
734
2032
2211
952
916
214
16
602
1574
922
62
888
2343
2047
252
2032
2040
1156
2289
156
2135
1432
1626
1660
1114
382
2930
1756
512
1596
2336
1744
404
1214
2489
920
1930
2583
2176
1144
1768
1348
2652
460
2311
2522
262
72
2160
1732
2024
1528
2009
180
1750
476
1452
560
766
2722
1356
2141
774
258
160
608
2572
240
1168
2673
1606
1098
164
2214
1228
940
496
1306
364
1995
640
1116
2404
2144
1631
1934
2560
154
920
2472
2172
374
1528
334
2781
1442
790
1376
2540
2662
832
2140
2228
1699
2638
492
2350
80
2324
2431
1058
1308
484
2707
1228
1374
2168
2096
2106
418
2070
2388
996
2055
72
2260
534
2596
82
788
978
2331
160
2247
2743
2127
190
344
1256
2461
1778
2624
2070
2048
1180
368
1971
2471
1010
2315
2168
264
2354
72
2402
2203
86
2584
2620
2352
1728
2030
870
210
84
278
670
798
134
2157
2417
1990
114
212
2114
1750
954
252
2231
462
1805
1092
750
2412
992
296
1626
2337
314
152
2172
204
2567
2244
2490
1630
2280
656
2827
408
788
2288
2255
570
2488
1794
1328
406
2256
1714
2172
722
2113
1920
2062
890
1986
2607
2012
1270
1986
2416
2193
1186
52
2302
70
2556
1576
508
2585
2523
1264
1472
1512
568
1260
786
730
2332
1124
2646
2336
834
722
98
618
812
2028
2035
1016
2264
2904
530
884
86
792
2346
1082
198
654
1068
40
1996
472
2383
884
2016
448
2201
2686
1758
2639
106
2214
486
2640
12
436
300
2706
2126
610
156
232
1958
486
1512
1458
734
2552
888
256
1342
2270
892
2266
236
2495
2468
798
2522
2030
1072
446
274
2305
2352
50
306
2616
2060
1676
378
400
966
2513
672
82
14
756
670
760
2606
276
2301
2423
250
692
1130
2179
2172
226
1520
2576
592
380
1726
756
2258
1188
2255
1695
1134
2163
708
1626
2409
1218
1710
1773
2008
1656
2064
1660
2476
2690
2182
644
412
1798
1978
2752
2407
102
886
668
1608
206
588
1578
1486
2191
2032
3218
66
1779
438
146
2423
2012
788
2617
1268
2104
2594
268
1354
1200
2179
446
2094
62
696
246
936
2503
392
1510
2284
2390
2080
708
1899
2549
420
2717
2323
1438
2355
1724
150
498
2212
2339
328
1170
2502
1340
1762
1082
126
1040
202
370
636
392
1590
2425
414
370
86
2557
1132
2401
96
2058
2136
2399
606
836
124
366
42
1054
344
2667
138
2407
1128
658
1988
2376
648
580
100
1184
1214
1470
690
594
2275
1888
1560
322
176
388
744
134
692
2044
52
2180
246
1200
2652
1382
2387
1462
1348
2333
1807
2296
2402
1740
1970
1572
2492
220
2677
2176
96
550
94
654
1642
2478
2122
2261
28
934
90
1552
208
728
1314
1274
1140
1162
890
2272
2215
1916
1833
2089
246
2658
1354
264
456
720
954
2301
2147
692
2128
1216
2423
1726
944
2260
1956
2128
1368
854
1740
2420
42
792
934
2223
288
2028
2728
1704
374
2319
340
2314
2290
1807
226
2220
2475
2545
1008
1288
296
2328
120
372
942
2061
1242
1646
20
2243
386
584
1134
64
2057
2135
2361
2071
2150
2456
1844
306
1414
100
202
1128
1526
1178
8
432
688
2324
1056
2225
2436
608
180
74
2079
1236
364
1280
1780
1090
2084
144
2303
348
2166
2479
206
10
200
2662
932
1958
1078
698
2414
630
2258
1466
648
744
182
244
2374
312
2169
2659
2246
170
20
2360
1938
114
1266
1416
2494
596
2196
410
2087
2264
234
1728
2181
816
1514
134
2706
644
2300
190
1446
2152
788
2368
892
2027
2687
690
1458
636
1396
884
868
1604
2316
1866
1780
2012
1782
1997
1731
2232
2121
2346
1568
2146
2028
36
62
1044
2038
170
2599
2399
1134
2394
1154
1874
568
2338
2071
116
388
216
610
2316
108
584
370
932
2402
954
152
1390
1858
442
2224
588
2147
1716
828
1192
800
2168
262
248
106
1470
2160
182
674
2518
2642
1034
188
2558
2427
2166
1486
2213
702
660
2114
1338
330
2403
2370
356
1598
494
1114
2280
1154
1616
2268
714
2227
2342
2524
2049
786
2208
382
542
132
58
2208
2482
2717
1384
2474
560
2199
196
2246
1931
2230
578
422
570
250
524
1762
2307
1628
1934
764
1146
134
2477
1114
1908
2143
930
690
2353
1394
1098
534
1424
1414
1294
1478
2177
2577
1062
536
1228
2270
2187
56
904
2391
580
2295
1242
584
658
62
2520
2070
2339
2052
850
564
2282
474
2599
2327
2353
1650
1596
972
2364
256
1230
1470
1062
156
268
362
516
644
2181
240
730
1987
2144
2222
404
178
2086
888
2497
610
2093
1294
2178
2411
1764
1432
508
1442
720
2387
2279
1618
218
258
542
694
728
2363
124
2347
122
2004
844
582
922
1926
1076
1438
1827
704
2248
2394
1036
296
1532
656
306
2696
2274
510
2432
928
2155
2128
2302
634
2511
606
2385
808
2345
1596
862
594
2500
2211
1816
48
524
1330
2379
1030
778
622
1584
2632
2526
1096
258
2379
2096
2012
546
2390
1358
2053
906
2199
940
1740
2173
2142
280
2292
436
878
2453
794
348
2305
1774
2590
410
802
2112
1458
2281
2549
1620
1200
272
44
64
2557
1718
950
1990
1604
118
2167
2571
1996
1462
2243
2479
1452
2507
884
1956
32
2426
874
1484
802
2453
140
2284
1991
2202
848
1544
2096
2023
992
350
2674
1340
2193
76
2485
1340
1735
1836
2150
1542
2289
284
12
86
1838
1068
992
2248
1354
2211
2543
372
2434
428
2709
2343
2514
470
1921
150
314
166
1760
2012
8
252
344
576
2302
2105
2110
518
190
308
2511
820
2350
714
254
686
2144
2070
1974
1198
404
146
274
254
1186
70
502
2051
340
2469
874
2826
326
838
274
2510
1026
2234
330
914
2322
1899
1368
2379
776
44
2348
2696
1156
1702
1346
2313
1076
274
44
1966
68
2171
2346
1874
150
944
996
2316
1418
1590
1506
1922
2356
888
1712
2176
1036
2189
2635
2273
1134
2401
280
1514
954
214
698
662
2625
2149
2458
802
2376
762
650
468
2415
884
2584
2348
1294
2323
932
846
1228
486
1390
2518
1966
2174
952
1292
1268
798
560
230
1448
1076
32
62
1809
938
286
2560
2359
1960
2038
190
890
228
502
2696
388
638
692
2314
2015
2120
1925
1360
364
2072
2173
1020
832
524
1094
2302
18
1230
544
2212
274
536
1094
2322
1534
2460
92
150
1104
2166
392
2055
866
2172
2190
826
2394
2248
668
1920
1666
1879
1040
3036
292
1300
254
238
1488
2234
248
424
2317
996
2101
1304
1186
634
26
2176
520
2453
2444
242
118
1052
1460
2476
492
1386
2408
496
1056
570
752
1076
954
2219
1488
1824
2662
544
2265
148
14
848
2233
1598
56
1554
786
1800
1834
730
388
1876
2497
2920
910
1344
680
116
2215
1034
426
328
976
50
966
76
1106
368
2241
1991
2286
928
392
414
1558
1506
2482
2420
2179
2088
2190
2141
814
2219
2495
1776
1422
920
2063
2367
1434
1460
462
398
448
1704
1984
2394
2369
856
62
2587
800
894
2479
1348
54
78
652
1278
62
1582
684
2196
2203
2301
2264
822
260
406
934
622
2178
2066
754
1635
692
2188
2442
764
944
1356
1180
2641
2087
2170
1410
1082
966
1726
1784
1208
682
1998
2563
1450
2340
1352
2288
1766
338
2312
912
1398
910
2489
30
2110
1576
2461
692
874
980
758
866
2426
950
2356
2231
2582
1138
2016
2178
966
2264
1202
2172
2020
358
1636
1948
1736
1076
2063
1987
452
2329
2377
268
1406
344
2523
2343
1896
2305
1432
2017
1356
178
616
210
2239
1262
686
2506
2196
474
2357
338
2733
2430
1080
610
1486
2373
1020
1773
34
2286
124
2036
116
1888
1140
2366
530
728
2359
2683
844
1038
1146
2123
194
1656
2450
370
1446
2137
766
1668
850
1158
1066
1236
368
2020
154
1708
830
2704
2131
2272
2253
146
2389
2484
1032
284
688
2134
996
286
2270
2056
872
1578
2419
34
72
2201
976
822
516
1258
2267
734
528
1992
904
620
764
506
166
1432
136
1964
486
2232
2130
1282
1016
2037
2153
2032
2372
2325
2337
512
660
1080
304
924
600
1234
206
2188
1224
2268
808
1808
244
974
1818
2351
2334
1168
880
1094
2192
1770
684
2637
1094
2438
448
664
214
2062
714
422
2807
1700
286
34
2442
596
1500
1226
930
1740
1308
1004
824
1146
3355
2263
1414
1936
1036
2404
2438
682
18
2128
1240
1334
2061
78
2697
56
1900
2378
1270
2352
1088
2251
2165
2437
2061
548
1704
308
1062
2166
1824
2414
1836
1042
2589
1098
1991
1524
2574
166
386
1896
38
1712
2628
224
2544
2426
2289
462
1946
1164
2436
1552
1600
1380
2264
2545
2159
752
2251
464
1320
2388
240
2273
398
986
470
902
350
2110
1238
1262
2477
174
1320
1036
84
2151
2353
1748
2472
2200
322
2526
324
352
1927
918
2005
610
1838
436
2465
972
2250
358
478
2170
1358
2563
512
2436
2101
318
106
76
1764
1132
1704
1230
2351
2114
2038
2118
2184
2820
818
386
84
1656
1823
1164
538
1738
2732
570
1004
1274
1236
2369
1728
2178
360
1550
652
2073
2160
474
1202
828
620
1696
686
2412
2917
164
2316
382
2444
2547
388
1684
764
1486
1180
602
1922
2230
234
2388
1865
1264
692
2206
2307
906
2
146
2292
838
1794
2515
412
1110
2030
2249
558
2186
2048
2224
1626
466
652
2591
1312
436
1708
1976
968
1552
908
2247
1140
1900
1854
2379
2232
300
604
1922
144
2512
2355
258
10
246
1604
738
2624
284
2276
1040
2466
2392
1068
2129
1388
1810
2158
1466
638
368
2169
1913
1844
2475
2642
1939
470
1983
2272
2312
662
1511
1884
2481
232
650
2720
984
1294
2302
420
2227
992
2336
2179
948
822
1226
492
1988
1022
836
1460
740
964
1966
1968
1350
1478
956
604
1058
1132
1774
1698
886
2412
190
800
1202
1700
90
1576
592
408
148
1494
2263
666
58
1890
524
1264
1936
2081
2046
778
478
852
1412
660
1532
2400
2045
1250
154
608
92
214
360
1654
760
808
1574
2449
2558
2290
376
2048
1628
1224
2465
2016
864
1796
622
2459
1100
900
1268
262
336
2223
780
324
2270
506
84
2495
668
260
2504
1806
1166
620
2497
2472
2340
2028
782
2516
2150
1650
1302
270
628
42
344
2698
1780
2384
1704
2377
892
770
1586
1948
1872
178
1908
266
538
2428
956
532
1254
30
906
366
1474
1578
1250
2121
1040
1174
120
472
2319
966
1310
242
2148
2444
1798
1972
2610
712
2323
444
42
96
178
1644
2612
2313
748
1624
1562
1050
1470
2570
68
2131
542
2512
1672
720
22
2092
770
2193
22
160
2181
344
338
1680
66
1242
598
1940
1316
2294
2365
2133
2062
2080
838
1966
608
2624
1894
2119
1424
1950
1038
1288
34
760
2368
2244
588
1540
352
2080
468
1724
2621
2194
816
2169
1412
2499
1066
156
100
880
890
1238
1780
1695
768
114
2567
2350
444
530
2341
202
368
1194
2290
1858
2168
714
394
834
620
2196
410
2377
972
338
2140
904
910
364
272
2575
1126
1028
2585
2135
1064
1020
724
590
2388
220
1688
136
588
172
1566
1682
1130
1468
2327
1108
1688
1952
480
1428
604
1664
2247
502
2538
16
30
2144
1248
1430
888
2292
2497
1970
796
972
2156
856
342
30
914
2
1468
2092
744
200
2515
2083
290
2011
2411
70
2473
790
2152
342
2248
130
174
1484
156
2409
2219
1804
2491
1980
1754
316
194
1788
672
126
1488
12
180
2407
1208
2489
2066
1144
2208
2170
256
1264
992
100
2509
226
2646
52
402
1622
2429
2426
936
1600
280
608
2450
1396
586
2849
1834
2309
904
1600
1190
2721
1266
1074
2125
1042
2126
522
2346
980
244
2579
2044
574
2387
1126
670
456
1900
1673
944
1777
2039
2272
2348
652
1760
1570
2225
912
250
156
300
1592
70
1812
1024
2287
2481
722
120
792
1872
2207
2040
2609
2487
906
174
168
1304
262
1050
2534
2090
2292
972
768
2255
1916
1382
14
1794
1286
1689
142
2311
1998
928
1254
480
640
1576
1328
1370
1188
1404
1480
1054
2509
116
962
1618
1234
826
2732
2368
2511
1300
226
68
2210
540
2625
654
2661
2292
2662
370
2251
1870
2287
462
2460
2473
650
1620
2331
2829
2758
2121
520
2409
932
2022
2142
902
528
1234
1242
920
276
1358
332
2565
2376
2114
2516
1634
406
290
664
2182
574
240
150
2520
2044
1230
2201
662
2500
2634
2085
922
356
840
2362
52
1138
918
80
1062
2236
44
2193
2509
2070
2524
1040
2655
1971
2443
2390
962
18
930
1868
2061
874
1540
874
1844
2580
2181
846
2071
1652
1082
2182
1551
328
2000
2222
1034
1628
2116
2188
2396
420
588
2109
2491
2345
2184
76
20
1234
2305
2428
2191
206
2395
562
432
2529
1160
2020
196
2361
1740
358
1700
2705
1826
2282
2435
1834
2747
2361
2437
2345
2531
48
2405
804
4
1558
1718
1216
2182
2469
46
1366
2490
2739
2002
1950
1108
974
1312
670
2526
342
2338
2349
1330
1232
1174
1734
664
604
2293
2311
792
332
1774
620
192
2463
600
736
836
608
2285
78
1354
2661
1276
2586
502
390
1094
22
1240
930
780
1034
2606
1554
1058
2670
2391
1952
358
872
2448
2025
122
204
756
1036
1564
1046
706
1530
1318
1076
1414
1080
2449
2371
2204
570
62
394
508
1332
884
2337
986
1970
2712
2262
2308
1967
3999
6
1198
1984
2404
2123
1240
926
764
1660
2700
12
2836
2475
2457
1462
2176
1192
108
1058
1496
1000
1936
2748
2512
2144
334
304
544
2162
282
2340
1250
2410
728
140
596
2266
1064
2305
1668
2072
172
2348
370
788
1136
2316
58
1286
2254
1726
634
2829
2428
2218
1921
234
2440
2410
2203
1086
1574
2197
452
162
784
2213
122
74
298
494
698
1228
2098
760
2213
2677
2612
2068
494
1208
2398
2420
2594
900
244
1648
2005
2036
1238
2217
2396
68
2338
326
498
2335
162
652
1590
244
832
1898
1856
2281
726
1912
132
116
1278
134
2152
2104
2435
1416
1802
2518
2520
2236
800
2336
730
2631
2433
2480
2000
694
2726
208
1258
1504
2361
1518
8
870
950
60
350
440
2152
1984
632
944
2044
968
428
474
2665
1190
1554
132
2917
1936
2557
892
1824
10
2430
956
2236
386
2470
1268
998
2459
2512
130
2425
938
2484
1546
376
2326
1574
158
2976
2155
1386
1180
110
2539
2606
1304
544
276
1764
2368
762
1832
2444
2697
454
1042
714
2319
2462
110
968
84
1286
530
488
1254
38
2026
1122
344
1852
2675
1198
436
566
562
2603
2397
2012
1962
136
734
518
2474
2627
386
1464
2409
2514
720
2474
186
1546
86
1852
1032
1464
994
1476
2145
50
1148
1672
1378
2014
1885
328
2084
742
568
1150
2252
398
2562
1592
700
1040
1761
90
1957
8
746
2090
1674
1458
36
2316
462
548
194
1788
1274
2419
146
330
2292
836
1032
152
1686
2066
150
1860
2177
2838
370
124
344
818
2153
2567
2232
86
32
2228
2351
62
2108
214
1854
502
1768
1122
2209
182
2590
2716
2838
630
952
2222
2256
1016
490
392
1722
714
2228
1312
894
14
1558
2564
84
2040
2444
40
874
722
2208
2542
650
1260
330
1776
2670
2500
1590
2756
126
2359
2062
524
2203
1696
2011
538
2459
374
2014
338
2414
2311
2203
2449
8
594
114
96
654
2395
108
980
1510
2148
1188
2358
1150
1552
2653
546
2405
222
1054
1074
426
384
2468
1370
2251
2434
1920
1871
2455
2479
360
2092
2829
2457
950
2036
2648
2109
2184
1458
150
1891
612
1728
1553
2293
538
2765
1990
2282
1226
844
678
146
2033
2219
2645
1897
764
58
1678
2126
2058
4
2733
2141
1130
2151
2062
2004
2034
1288
1592
1440
76
2200
1594
34
2309
2674
940
692
438
1262
504
1802
2110
1004
1340
52
428
426
1032
2285
1930
582
420
138
2326
178
398
2353
2601
26
2428
2752
984
1242
1999
58
1495
652
798
384
1852
998
414
996
2243
1216
980
2513
2007
2193
1608
2423
1142
1774
1368
1052
1897
866
1532
114
760
584
424
212
254
2218
350
238
860
112
518
2623
174
2519
2113
2027
512
616
2713
850
2672
2268
776
1954
816
2265
298
12
1882
1554
1292
290
2386
196
2811
1678
2080
688
1522
354
158
2562
2124
442
2272
1877
92
26
772
628
836
374
1584
224
1494
2127
266
508
1804
628
2026
1775
2497
1574
834
1048
1908
1502
2081
2383
1734
536
504
1614
94
1852
2309
2237
2241
854
1594
2377
1130
2163
244
2516
1040
552
2
2362
144
936
938
62
2544
564
2522
2360
2414
548
452
1206
300
652
116
1092
918
600
2395
1438
2644
2236
2181
6
1018
2008
84
612
2262
910
1070
2397
2258
104
628
2001
2477
320
784
2080
1632
46
950
1114
536
160
1930
1526
884
2037
164
2174
2156
22
1150
494
498
1296
240
1767
1090
1128
1522
1454
234
1944
2127
2210
220
998
1336
1238
1628
2368
2525
1022
466
342
1064
2378
850
1962
640
2721
2396
888
2506
2377
242
2576
2444
384
1252
1120
344
2283
246
458
2330
1098
1447
1408
984
484
2671
1900
2189
2084
116
1482
302
2135
2021
452
2401
806
132
62
2523
284
2683
118
2646
380
196
2314
1912
1150
2592
930
720
1902
1362
272
1386
1404
44
460
2126
1578
1328
500
768
1921
348
1398
694
186
1204
460
304
1980
2120
2246
2275
430
2515
2911
1966
2492
70
2139
270
692
1268
2487
178
316
164
1798
2115
774
46
392
1630
1490
1012
742
246
832
254
2290
2052
2426
2177
866
1706
1098
312
2102
2659
778
482
2067
1748
1080
170
22
1956
2313
744
304
696
2285
22
80
2447
2281
2591
1558
2230
348
2587
2354
2050
336
1942
2283
2253
2347
1456
2185
922
326
1172
2473
2723
2425
2346
292
2381
2146
2241
1064
2122
2331
1722
2512
298
2210
1648
2425
2178
1706
2349
2087
2390
522
844
2280
558
796
740
86
1808
1020
1572
1998
336
450
2487
1928
1030
16
2525
466
680
662
2201
304
2328
1946
2159
984
602
950
1214
266
656
2751
2061
258
2405
1878
2627
248
2681
1812
1916
2713
14
968
1630
2092
234
902
1776
618
832
1044
2290
2198
88
1968
686
2290
2668
950
1524
2419
2288
2654
2102
1841
302
852
490
1840
604
436
2542
316
454
2247
114
158
2436
242
2365
1196
2329
1716
2146
1348
290
1746
186
2246
2632
1643
1916
1956
1696
262
1938
1032
36
250
2081
150
960
1536
36
1778
2528
186
1070
32
1084
428
1184
948
2112
240
2475
1132
2124
46
318
274
424
1818
1260
90
1288
2159
104
2479
2259
2115
310
372
2293
2428
1316
310
676
280
236
2394
1997
108
902
1638
1354
1794
1334
1308
1178
66
2503
870
44
722
1938
2204
690
1166
876
350
1110
504
460
1514
1352
780
2718
322
76
2298
1870
2091
222
2659
2128
530
686
2182
1626
2655
1348
2733
1092
434
2119
1993
966
2688
2220
2194
1734
192
930
2163
48
1838
1298
2350
664
702
1144
1862
2326
96
450
162
2346
2563
2542
1292
1006
2144
1735
2306
274
204
1258
750
1814
2281
2218
290
2203
1278
146
760
1582
1966
856
2326
1816
408
192
2425
1685
1024
1262
378
1482
214
2499
1210
728
668
1312
286
1134
16
138
174
1862
608
42
84
1408
2346
436
2495
2089
2382
2138
1914
2686
56
1090
2510
644
908
2363
2289
1182
772
2461
1539
2006
1798
1402
538
1106
1298
802
2492
344
314
2145
1859
136
1984
2492
2606
1428
2384
1388
2434
1316
2280
340
1738
432
1308
2382
256
1840
266
778
822
102
2279
1892
684
2331
398
1814
1924
1454
1370
1674
156
1778
2278
1970
2314
2055
1420
1532
86
2050
2150
2292
2036
694
2380
2480
2108
840
1420
1594
586
496
948
252
1800
2528
12
1234
464
30
2445
664
1977
240
790
1798
2005
1346
796
196
2274
828
624
1074
1216
230
1618
218
500
874
2479
2383
1616
2211
2269
1788
2242
1808
940
678
62
362
2291
102
1044
494
282
1644
1066
2009
1728
1244
310
738
1486
628
1218
1158
1754
1370
1496
2495
428
1903
2063
730
1006
1682
1168
938
2261
386
1870
454
350
886
922
2407
2171
334
2112
2295
2730
228
262
220
2284
570
258
566
2773
1988
938
1946
738
290
2552
2088
2509
1088
2482
158
748
826
2412
622
2692
2468
2295
1904
1452
838
2517
2305
2048
532
770
3218
1180
264
288
2074
834
1964
2532
2080
2012
2314
934
1400
1356
932
2122
420
1947
402
1338
2764
166
2468
392
1939
2243
2433
2395
2404
2437
1026
756
2582
1374
2122
286
8
1760
2654
396
2093
2222
2458
510
1366
1868
2268
2085
282
2151
944
194
2311
942
2047
1262
706
2286
2403
1939
1993
950
2333
1166
1192
2202
534
2505
798
2071
824
2045
430
2392
2063
1412
730
1404
2537
2236
1534
2400
2068
1902
784
1751
1466
1836
1356
80
2047
56
1472
2253
2337
1462
1790
124
1892
1442
2479
1728
966
2082
2400
1398
768
502
1288
296
1676
2429
1952
314
2479
2366
1975
2462
386
1164
2259
1926
778
34
2155
1508
1422
82
2120
1036
612
148
2601
2386
2140
2205
722
434
2731
18
1874
1942
794
2583
1436
1968
2232
2528
1146
2384
180
72
182
2105
2596
2150
2079
2120
910
1174
104
946
716
506
38
1570
2590
2340
2361
2120
98
2270
196
2035
2467
2287
26
176
1596
2338
196
232
74
344
2430
74
2169
2255
1718
2474
860
2225
1614
1102
2574
2501
2603
2784
792
682
314
1248
2031
1538
2598
1274
1266
462
1582
2375
998
1110
2562
2052
2530
2520
80
1052
896
2219
2289
968
768
32
236
670
1406
2013
442
1244
2307
2349
2317
996
756
1238
192
1820
1116
1858
2089
1986
1910
2178
1818
30
1366
1780
1066
532
844
650
364
2332
22
1136
1426
2274
1500
144
2211
2089
2095
1668
2682
2332
2220
2340
502
1990
562
1993
884
2071
666
2618
2256
1398
192
1852
2314
2643
2558
1868
2066
218
258
294
1174
1736
1720
2240
566
1930
718
1078
2396
24
1308
348
2279
174
544
2596
1588
602
658
1916
56
2276
790
758
1450
1266
478
2065
2076
644
164
192
636
2542
904
30
910
1252
2422
660
1308
1228
1312
2304
1824
2199
2688
2555
1682
1989
2128
2121
1912
2206
2246
1464
324
2131
1980
1616
1138
334
32
944
1080
610
1978
1442
390
2153
486
350
2353
2488
2038
2213
716
214
892
564
2514
464
2167
2462
1466
2041
680
726
376
210
408
2707
420
1598
2060
540
224
2554
822
2539
778
2518
2401
950
1282
1360
1084
2582
2325
1763
2523
1889
716
2323
172
292
2274
1212
2173
2415
1298
2611
1272
1970
272
2070
2820
2505
2566
1150
66
408
2410
518
2105
2476
2349
454
2135
332
2574
1992
144
1422
1296
1636
1354
184
2016
2046
2005
2097
382
2182
1204
1406
886
2050
200
2440
1744
50
2136
2264
416
1180
2095
2466
698
2108
1568
2224
1614
2617
472
780
2381
2033
144
2002
1806
1819
2583
896
302
2248
2641
1990
236
1480
1898
470
2025
1018
52
1959
2294
1240
2284
1518
2172
2160
1884
2242
970
2394
482
1574
2664
1206
2447
1854
2094
24
1542
2390
774
2126
352
538
2301
24
1958
216
2849
2248
154
818
264
564
582
2591
1570
1768
2304
2207
1544
292
2544
78
624
2811
2549
1798
560
2287
774
1106
2409
1898
478
2176
126
962
968
152
1696
1240
2648
936
1934
1250
2118
2621
2079
2236
2538
958
584
912
2392
2383
1100
1234
1074
2266
2339
1646
2288
52
408
208
2088
2663
2098
2481
910
70
1668
2460
420
104
472
224
1412
2348
1410
1894
198
2306
454
2397
60
226
1392
826
2411
546
1098
722
308
374
1014
2217
2024
580
2202
394
2482
2651
844
1376
30
1836
296
2148
720
26
1798
1200
354
2146
42
2097
2412
2265
1252
2804
2352
1142
2392
730
704
2482
2763
1218
630
1914
118
1745
820
1382
1072
1812
2401
1738
2032
2194
2364
592
644
1158
2520
1998
1752
2116
2198
1986
2186
544
566
1150
458
1374
1612
1452
2517
926
2376
1028
1092
1530
1608
1764
2565
2279
148
2227
1126
2409
672
144
1735
946
2385
2580
1130
308
2442
2134
2409
2264
1066
2504
258
1266
2395
162
1080
1538
1524
720
32
1752
2296
1184
1875
2150
1310
2407
2193
2592
1408
1482
1832
2138
1886
2345
1054
380
1572
2256
1968
8
2780
2031
1985
1032
1436
2269
1720
1932
314
2172
2125
176
1130
2084
1744
2132
2557
1100
1490
100
576
652
768
666
138
44
1344
1186
2170
328
2096
2906
972
1152
1434
1944
1800
552
152
2186
1578
1888
1604
352
2106
354
2058
692
228
2297
964
838
930
2318
1584
222
1192
1514
2128
342
942
2125
236
320
2393
2187
1955
336
2226
310
238
1916
2015
990
706
402
162
2100
438
496
286
2097
1242
1274
1808
2248
1930
812
2393
778
444
900
2486
574
546
194
2506
420
320
1416
966
2321
2360
1414
188
1382
204
828
2755
1466
460
1132
1236
1188
2307
2512
448
2165
556
2249
1604
2353
2377
2440
1324
302
382
500
2009
1288
664
814
592
570
2132
2223
2265
86
2032
88
2076
1374
926
534
2555
352
196
1742
658
400
2234
2570
2320
1542
2345
1514
356
2595
892
22
2072
212
1940
1728
1348
1486
2811
1968
1564
126
2612
2224
1628
378
204
1416
58
2362
174
610
468
1912
1918
2592
394
1052
848
2256
1542
2087
746
1860
2367
2198
832
684
30
970
78
1184
2686
1330
1406
330
2142
1921
214
2156
1980
1154
2454
654
2408
1960
1428
2051
2173
2538
2002
782
1040
2091
2218
1972
2408
414
1682
78
2281
1204
2811
2428
2386
2411
746
2578
2172
816
102
1772
1434
2455
2146
348
2278
1270
212
2531
2451
1354
274
1852
1996
404
10
2100
2216
904
358
2866
2224
2207
2341
366
2300
2244
336
654
2251
2146
74
304
284
1478
572
158
2255
1276
2196
1450
2596
2418
96
80
1868
534
1724
2142
2386
1186
1782
622
728
952
1198
46
306
2072
228
2076
2168
664
1768
150
646
1897
1478
1722
2694
608
1006
1542
2248
94
302
686
2569
1723
660
790
2349
2412
862
2124
2183
1358
52
2648
756
1818
1246
176
1954
592
140
2291
1310
568
126
2351
2497
198
1674
2518
1168
2297
2632
1750
1686
408
1744
530
928
694
646
392
2461
1284
2552
614
446
1950
2352
630
772
658
1712
1020
2467
2116
956
642
2365
318
722
1558
2499
2349
2085
2074
1946
1952
556
1802
724
398
1992
2349
498
2386
2655
2370
1848
8
2378
984
2589
902
1156
2411
2295
250
458
258
2180
1452
1806
2217
992
520
2438
256
1420
796
2595
1899
842
1250
2199
2133
320
2248
634
146
2568
2324
1412
1592
2579
1952
376
2026
1898
1826
618
2623
114
2751
2264
1897
1504
1406
1650
192
1976
2366
2420
2360
2879
1126
4798
764
2408
158
810
2607
364
1404
2462
786
760
2481
1746
1658
1126
1796
1310
1708
620
916
2601
64
496
1084
2160
1826
2471
2185
2227
528
2180
2388
2446
2188
486
182
950
460
2058
878
2462
2919
620
1594
928
2256
2638
512
2127
2768
2026
1714
2654
2216
10
642
462
1972
1192
1792
2294
1553
1948
1588
2568
1316
2172
2622
1180
2223
2368
1524
998
862
628
394
740
2248
2098
308
2428
28
72
1658
1048
44
258
2403
6
524
738
844
1780
1514
2177
536
1896
100
2031
1692
1872
468
1418
2095
2222
1072
248
288
2190
456
1896
1308
1198
1250
2427
1146
2542
88
900
1870
826
94
2646
2033
208
1332
2341
2088
2243
1748
648
2234
2364
2220
1040
1022
892
374
1368
490
466
2054
760
1338
2428
2166
2094
358
108
2305
28
908
1152
2408
256
646
1432
1282
2504
28
462
996
314
248
224
2194
146
1436
2747
176
490
2265
1989
1288
1906
1552
440
2132
2158
2118
1138
1658
1802
696
1624
526
2449
1948
86
2449
1897
2726
1963
486
2545
342
1416
444
314
2621
630
1156
2136
716
354
2655
886
268
1894
2344
2305
634
646
456
338
402
2356
104
1272
980
1414
282
12
672
1580
1646
1714
1724
1742
876
30
550
1906
198
1320
1659
678
2411
632
532
2741
2235
720
2278
616
1782
1518
2037
2473
112
186
686
1688
12
22
2282
158
1558
198
1092
1596
2425
2480
1434
2629
1212
78
1312
2090
564
2476
2244
806
62
662
2362
2397
2322
2324
272
112
1604
344
44
414
2316
2376
1782
550
792
1886
160
54
2118
1718
502
300
2086
2388
602
2147
2176
1040
2705
1468
2424
1632
2610
250
2661
24
1598
2677
1684
1971
978
1990
1766
1933
1152
1682
174
140
1844
2409
564
852
44
922
2518
2505
2633
1442
1182
2241
2436
922
2437
614
2024
946
2276
2059
2301
2325
1532
2611
6
1460
2020
2363
2183
2394
754
1666
228
54
80
2367
1520
658
840
2011
238
282
774
1516
1828
2848
1596
2482
2109
1378
406
2263
118
2294
554
2182
1730
2249
1068
1440
1672
2339
1832
664
2316
244
950
388
2188
2322
40
1312
1200
2574
2263
1072
2108
974
240
2040
2184
430
1402
1905
386
2270
736
2099
1002
532
1156
2325
2182
2201
1222
2030
538
2536
4
366
1688
2408
1238
68
224
1690
340
1284
264
1146
1112
1630
464
1752
54
2400
900
640
348
1610
2145
2339
10
2046
2267
1044
2579
352
880
1318
1160
2474
2605
412
448
2220
2537
970
1556
818
544
674
262
2202
2112
380
1916
2419
144
894
2309
148
1020
2090
98
1855
152
1837
2344
626
1108
1232
234
2267
1870
2223
1050
2031
1152
650
2198
2065
2244
266
2360
1488
2028
982
608
2332
334
1914
686
872
1020
1102
2464
2446
746
1028
1980
2000
776
48
1616
2368
1892
1824
460
1988
610
1120
628
2781
1938
604
2472
1754
756
1522
406
234
2639
916
2113
152
1658
1278
1260
1248
636
1782
2404
2088
1582
2080
666
2298
1596
2321
44
70
640
2305
2394
2420
1178
88
1907
522
120
1606
1164
1456
170
840
570
658
892
506
1894
262
2142
1992
1988
1490
1202
856
518
2051
124
1834
2522
1026
1626
340
1318
2527
586
2252
1124
2046
340
1960
1196
1028
1921
2028
260
898
60
2100
1366
126
816
108
676
2263
1426
2274
1876
324
2113
130
406
988
1880
234
148
206
70
2054
72
466
386
1480
2011
38
64
306
2524
1946
1024
2054
2535
2348
1926
2367
2402
1566
2562
2552
876
1234
562
2753
248
368
2618
1052
2463
1082
1692
970
1102
38
2273
1004
1993
1720
638
1740
2403
1963
356
1150
2603
2364
1282
394
1024
634
676
704
666
2195
116
2364
2198
2029
324
1696
1420
804
1304
54
2619
2276
2365
2083
618
976
738
2234
2227
2776
734
2428
748
1764
522
2255
450
1965
156
2049
1130
2057
368
2295
1960
1260
156
2178
1174
686
1762
1606
2461
1976
604
2256
1008
478
724
1562
66
708
916
2686
2350
2455
794
432
554
740
2654
2395
2270
1418
1132
962
1782
718
1620
2090
80
2463
1026
2214
1356
876
1754
2338
644
1800
1870
2314
144
736
2557
2425
450
2088
1852
534
1270
274
2206
822
2478
2040
2434
2431
2331
1596
2320
2131
1950
542
2080
2476
340
410
1786
2444
2159
1002
1178
1166
268
482
220
430
1971
496
1578
1862
1084
2296
2022
1912
2665
1976
2180
2573
1802
2152
2138
2140
718
484
2986
724
1973
488
2361
2477
1242
2365
2600
1462
2637
360
192
2039
2454
2099
2010
1486
16
1462
334
2157
2270
2592
74
2423
16
2149
2337
2069
276
2062
890
1268
2804
2256
2260
648
1612
2569
1276
764
2303
558
1342
884
1572
2046
2206
2391
1528
1400
626
2198
1864
572
28
542
60
722
634
214
2249
2405
1894
1778
116
2129
1922
488
2063
2480
1836
2546
632
692
2060
920
2036
214
1476
1258
2526
620
2094
474
2763
2064
1889
2016
264
278
506
2360
796
2143
2337
806
2276
722
2056
82
986
448
270
258
1864
514
768
92
818
2695
10
250
2292
1838
2749
1370
60
2278
2206
2415
1848
46
1458
2068
2445
662
1576
1718
424
1512
520
1078
2109
356
252
424
1986
612
1160
1768
2098
762
1790
710
1920
1466
2336
2220
1376
2149
666
1696
2193
2116
1052
1680
786
900
1778
1838
918
344
1206
2402
772
502
622
202
1046
2841
1933
258
2437
2779
552
310
2096
1180
1830
2175
772
666
2088
2062
30
586
1956
446
1054
928
170
2615
106
2456
2380
1264
454
406
2502
1398
828
152
1388
144
1476
1996
1110
2244
224
1258
2514
2425
900
6
2633
2017
1754
2199
2502
112
10
2530
292
1922
562
1786
240
1572
2526
2082
642
1316
766
1881
336
1434
526
610
410
1022
2157
1628
1714
336
2544
276
434
2153
978
2060
44
1966
240
1138
796
1692
1210
216
1550
2301
2303
402
1324
2319
1642
2122
1354
208
618
182
190
654
1894
1444
890
86
988
2373
682
232
68
1544
1106
586
234
340
938
918
492
1274
654
1620
650
1736
660
664
1514
1978
1056
2238
158
1374
656
766
2475
736
2331
26
2474
970
2402
1296
2345
1288
448
2260
2270
70
808
2080
138
1862
1790
2584
304
962
358
2646
80
592
1370
1190
536
268
1120
2194
1370
1856
244
2244
398
2192
2148
1877
2326
2143
2400
342
2469
6
698
220
14
2660
2230
272
1142
800
110
2687
2040
1146
1130
2283
2427
184
2350
1678
1442
672
1978
2273
2276
466
186
2039
878
2705
144
958
1598
76
1096
1116
908
894
1098
160
264
2242
144
306
2350
2364
108
1738
2394
802
2360
172
1542
602
1826
2599
2
1508
872
2395
508
650
738
2318
2528
1602
1939
1962
1090
2266
90
646
2557
930
2323
2279
488
2202
626
1528
640
490
1578
258
1080
56
854
1960
908
1134
2139
1284
2296
2116
1232
214
1098
1290
688
940
2471
1754
2165
246
2788
2235
2116
2661
2277
102
2527
514
2079
428
2212
2382
2565
510
1666
2220
586
1414
30
2488
1832
678
2392
410
1826
332
2121
350
878
348
1814
460
2238
856
1620
1422
2011
788
2495
188
354
794
2440
2568
428
1716
2269
1794
2083
1956
1768
2236
676
670
182
190
350
272
6
38
2245
2846
2360
1040
478
2364
2039
820
782
1156
332
1258
508
1062
1240
468
684
2152
2144
846
1350
990
556
436
526
1044
2075
68
1260
1394
1176
1542
616
336
2479
2562
1762
848
186
2305
2427
2256
40
1024
1394
2141
952
2498
472
64
1292
864
270
2278
604
180
440
130
2414
2500
2343
2482
2266
2649
1022
470
1008
346
614
2325
2014
236
556
322
750
550
694
66
1068
2319
434
358
210
2612
2489
822
1924
1166
2482
660
476
1530
2425
2627
1764
796
144
1028
1992
322
2048
378
1874
2220
1454
870
226
2138
2289
2008
54
1683
2028
786
1316
1812
1002
314
2091
820
1838
564
2490
2002
690
300
2382
532
672
942
388
2313
1428
2445
2014
2148
604
2566
1914
2244
2086
160
1780
2111
1322
1546
2288
2207
146
1172
1150
784
2502
2250
914
614
1204
2204
1186
2647
2588
1052
136
1758
2311
2124
856
58
1732
608
120
1706
2487
460
396
2567
2527
2292
54
2627
2668
654
2434
586
2086
2160
2080
414
1404
2474
64
850
1902
1466
698
478
2230
692
1506
2501
832
120
2616
840
644
2444
2710
1614
1398
2400
1859
1160
302
2362
1520
1838
346
1732
302
1726
2070
2170
1182
378
210
2088
2273
1820
840
866
838
782
2321
1372
1016
2111
138
1332
1971
2234
1628
1542
2378
1306
2369
2131
328
2012
1640
1892
1772
2251
310
1638
316
108
1688
2047
1020
540
1358
1066
1614
2635
2358
1918
1430
954
1168
2222
492
1190
862
2142
370
1799
40
2301
2300
2603
1876
164
1272
958
2485
2747
2250
2196
2480
1178
1957
892
154
760
654
868
266
1771
2203
2120
400
1878
1454
2363
2354
812
1612
232
952
1016
2696
1318
2258
2300
1098
610
1540
2242
758
986
2035
2130
814
286
2379
302
2175
1382
1610
432
1976
2588
478
1520
888
992
2614
1166
1997
1706
72
956
2242
1626
2226
238
350
2464
1284
1644
780
1220
2165
906
912
1836
2201
1922
396
2169
1516
2162
672
702
2308
908
208
512
2597
1114
196
2056
2119
2396
1120
876
1754
618
2318
1966
1898
2438
2178
2332
1580
798
22
160
560
458
2086
1114
1126
2472
2956
1712
1344
2683
1616
2550
2333
1022
2626
936
1046
2838
2201
598
2359
2174
2030
1676
2251
2479
118
1416
420
2625
236
2298
460
2183
616
194
864
32
214
1092
2469
2577
1710
2194
50
1590
312
2460
1668
2135
2700
294
410
1706
2385
2012
2028
130
10
2448
738
2715
2229
598
2069
412
2006
2304
976
2298
634
472
1282
2390
1380
306
152
1317
1965
1686
740
2820
2435
1350
836
2098
564
434
542
2515
822
1102
2324
584
2488
140
18
704
78
332
2262
352
1490
2271
2326
2248
2482
600
42
2367
1076
2622
1452
56
1174
282
692
516
1436
90
944
1584
2376
2238
402
2409
122
444
1042
2128
86
1464
356
1858
404
1366
2614
1933
128
2721
900
764
2581
136
1989
108
2122
2052
1478
2369
188
1474
1332
18
1276
2544
1204
1596
2316
606
2536
190
1388
44
442
6
752
1878
2550
1888
1208
46
2216
168
752
2306
1895
584
1724
2028
582
1572
198
248
148
1152
1994
2755
2643
2160
1268
2170
524
46
1128
2257
2510
1514
2302
2048
870
2101
924
752
442
52
804
2386
508
722
2331
2224
1896
1832
2040
1082
866
1010
2262
168
2098
2043
2138
1978
2134
2080
2336
768
1566
1068
2254
1905
2476
4
1740
522
1945
2620
2224
2601
1010
132
2367
1546
268
2375
2262
2533
2371
388
1596
2083
1830
186
2388
1488
314
342
2482
2249
2336
1036
1790
1746
2431
2077
82
978
362
438
2355
1776
2421
516
2352
2226
466
386
912
2493
1846
84
1410
2136
1506
322
1010
2437
192
1090
2313
2478
2566
2191
326
706
2024
640
2163
870
1428
606
254
60
2678
2202
1921
1722
560
1112
482
682
2416
2374
2528
680
1660
2501
534
1708
452
2466
1970
2406
2387
128
418
112
2413
1942
412
2426
1088
2433
1630
2204
430
934
228
174
602
130
2030
1034
2595
984
2022
2671
104
2394
812
2142
2313
1568
2350
868
296
608
2065
200
2182
2058
450
712
1758
2388
274
100
2240
1822
2211
94
858
2433
1234
1002
972
478
1592
174
2298
1112
972
2125
1594
1862
2180
2251
268
238
774
408
710
318
1090
150
1150
1380
196
590
2266
860
2411
2342
878
510
2409
656
66
2374
2309
526
1987
2561
834
598
308
2004
2443
234
1514
832
2535
440
2514
746
1358
650
528
1848
2231
1272
2214
598
182
350
1134
2446
1014
146
1510
2118
2098
1202
2399
860
450
940
912
148
2172
120
676
44
2367
782
2331
2330
108
2537
196
282
2228
2165
388
222
2214
226
76
482
484
648
1632
1066
176
192
1214
1416
564
1552
146
1720
1258
2260
172
358
490
476
230
102
1740
44
1422
2455
484
1600
776
2371
852
12
1266
2490
1146
2251
1990
2012
2297
888
1312
2252
194
808
46
196
2513
2179
1470
1118
1656
224
2118
1566
2596
864
2337
676
424
680
2754
2619
2459
362
1588
1170
2474
2268
800
214
338
584
556
2383
2230
1338
1132
2140
2074
2091
2440
1416
366
2002
2281
216
342
940
1366
406
802
748
2367
2141
590
1072
2568
278
688
440
140
1104
1270
2298
208
162
1440
1056
1144
546
612
330
636
1330
2024
664
2012
984
2263
148
2105
498
2079
2408
166
314
2415
998
1410
1276
2528
1669
2136
2070
2266
1698
166
1502
2063
1964
1126
44
1202
2014
586
2502
206
2348
2120
12
2163
2114
884
2048
564
2446
26
1340
1840
936
1782
2432
560
580
604
2284
316
2196
386
2314
486
1204
758
666
766
614
1952
196
554
2166
216
84
332
184
1158
148
2199
2272
1850
890
1352
2278
2364
2810
2480
1130
2365
748
842
570
1926
364
1524
1378
1918
1092
2414
2082
2159
404
2061
2237
658
1592
614
134
544
1894
2733
2140
742
2156
2153
1420
172
2238
2199
2229
608
1949
1272
662
438
656
2638
2160
402
1180
650
1942
2287
3066
2102
684
562
488
1212
302
1642
146
1136
1008
2130
500
2730
66
1838
220
2152
2366
2182
2218
1144
2230
234
456
2246
946
144
1530
172
1276
2380
2445
2231
922
114
118
2500
1606
370
1352
902
1820
2659
920
858
774
1386
2205
2109
2617
970
1934
448
2454
2558
2120
2329
206
2315
1942
150
2486
280
1880
1448
350
940
696
2016
2556
246
1717
1118
2498
1180
1914
2606
698
626
2200
2332
496
1868
704
1078
188
64
702
306
1348
1248
1238
390
976
2062
1496
2405
204
18
2331
38
582
1890
1504
300
1846
1164
382
1859
2239
1706
1078
492
116
590
2787
160
2435
88
1398
2296
670
748
2161
2316
1082
824
1096
2290
1038
2312
376
2032
832
2158
660
1994
1484
2624
2042
1026
2308
2372
2217
1044
1842
2381
822
410
1062
2265
1595
620
1574
996
1344
2023
180
116
220
1652
2288
2280
2107
2500
1646
906
1310
204
384
328
924
2511
2325
354
2619
404
188
560
1272
2121
1066
2474
2488
2390
902
1580
2431
634
180
106
694
2547
528
2402
108
182
524
442
2174
1334
1212
644
42
2209
2141
134
650
1262
488
2221
640
2009
678
200
2098
2312
696
894
156
100
828
2443
2078
760
2530
492
1170
194
494
470
2187
2140
2117
1796
388
720
380
596
34
2541
2222
14
2540
938
1054
66
796
2472
494
90
1722
1060
114
1110
1320
90
932
2613
2556
320
724
138
2119
238
468
94
386
1678
2324
814
1284
2080
1324
214
960
92
1108
1286
1778
1102
1506
2319
2118
674
2068
2495
2048
912
364
2426
2146
2068
1028
584
38
2639
2380
968
2444
2307
866
2372
2441
1362
2352
598
2622
2260
1730
2432
604
1662
720
2741
1804
2220
1922
544
2603
18
40
2277
2378
746
2588
820
1060
2550
570
2538
990
780
2198
454
1266
2319
2084
2324
2278
2660
452
2392
2376
384
374
2349
1084
96
2353
2182
436
1028
108
1904
2114
942
236
1032
944
1142
2393
2288
1276
2006
2564
2296
320
36
1064
728
826
1242
970
1246
2309
634
2116
1188
2600
154
362
312
602
608
2066
2
1990
1086
1670
2331
2233
272
1474
146
754
534
1812
2681
206
394
2142
120
382
1860
2286
626
2470
1018
782
1050
22
956
2378
1332
2203
34
734
2139
2154
1332
892
2032
106
2297
2049
2146
658
1204
1238
906
1190
2301
954
1554
346
1963
2449
1426
672
2477
910
2436
462
2273
996
212
1478
2327
974
2988
2344
2374
562
1496
2582
1374
2126
2320
2977
2142
20
370
1726
1126
702
136
1220
22
1998
2337
972
6
746
2353
2563
1829
2048
2458
942
8
508
2362
1664
564
2019
968
2411
828
2139
2492
1258
2271
2222
2768
1060
124
1006
442
2752
404
1386
2354
114
1741
1054
780
748
2616
192
732
48
1070
212
294
352
2344
1641
1492
2153
2270
758
622
304
14
444
114
2018
2210
2328
1044
2515
598
1174
752
1488
2270
2490
208
848
342
438
16
2070
2533
1846
2428
2019
2330
2349
2440
2274
400
2666
2212
1120
1856
1942
1276
1322
1360
68
30
2106
66
2344
1144
2496
2189
1728
1512
1718
2312
906
1661
466
2102
1797
466
718
320
2214
518
1482
2074
1304
2426
1312
12
808
1536
962
126
58
1092
1559
1248
728
104
1772
2338
2393
842
2382
280
2159
1046
1959
2502
64
2157
976
1864
1636
310
1090
416
804
2458
1228
1014
2172
272
992
1974
584
1192
232
2245
744
82
996
1082
2245
2215
1508
1970
114
598
2611
2645
2325
1514
2567
1008
2597
2411
948
1122
788
2196
2220
2170
986
2150
328
1746
2060
1734
482
2110
1274
1246
2457
2622
2319
2364
2493
186
458
158
2332
1284
1454
726
910
638
2012
974
2529
2078
2677
1014
2498
352
500
2421
2335
6
1592
594
956
6
2073
2732
338
1937
1742
2333
996
1264
444
46
1308
2847
1724
2
2151
2456
1784
2576
2201
1803
100
2014
234
86
332
2501
1244
1613
716
430
680
886
2640
1868
958
2445
98
2344
416
2514
798
792
2408
158
242
1988
1116
1772
3177
1504
660
2108
602
1604
468
2112
976
1446
800
846
462
2306
496
882
778
2426
724
2438
492
1110
992
620
272
848
866
988
1090
1864
866
2216
2220
2060
2086
2678
2418
2689
634
498
2050
212
2118
752
1902
1100
788
436
2250
2042
856
160
1434
1932
28
2493
1960
356
278
1742
2516
1314
1180
358
2304
1965
1168
2068
2424
810
162
192
1278
1044
1816
1576
158
682
440
2421
380
92
24
592
2352
802
556
1190
1080
2190
1212
1092
1330
2201
1078
1038
2007
606
1250
1556
428
288
838
418
152
1094
920
2239
1216
8
1006
240
100
982
654
364
1793
2360
2210
460
2122
1496
1965
74
2117
2304
1544
2262
1944
382
222
1126
314
288
1198
1332
1432
942
2351
1882
1168
692
1192
1068
2284
1422
410
266
2333
1654
2069
2480
74
498
432
486
2435
1928
2682
156
1952
1924
326
134
2698
1988
1062
1282
1112
1558
2342
2415
2077
2194
788
2022
494
2038
386
248
2377
84
1692
534
468
1813
1124
1758
2070
2265
2097
2074
2268
2134
728
2260
550
686
2052
676
2282
2193
1326
78
1428
2498
2402
1782
2149
646
2397
216
2261
2561
728
372
1272
716
254
54
914
222
682
1502
552
212
1206
80
2216
30
966
90
396
2272
2096
736
2317
356
2304
1040
2254
1276
62
686
196
1286
696
144
2329
2350
2109
1750
1870
250
852
72
2389
2489
2280
580
590
710
2358
2168
100
328
540
270
294
872
1998
2442
1170
2266
2325
2491
2337
2211
916
2447
1672
68
2646
2450
170
1054
400
2487
788
12
2615
180
1893
656
2252
296
2459
262
1326
1550
658
2521
1310
728
102
944
2447
2015
2439
66
1468
2516
754
1356
2402
848
298
882
2162
2557
1270
2106
2513
200
288
660
1330
1756
474
976
1276
108
210
1236
584
2229
832
2238
2153
1598
266
130
10
2271
778
1720
2840
564
688
1704
1997
2432
2574
194
446
890
726
2318
2648
1134
1868
2601
44
2172
2187
2374
458
968
2431
1168
2143
292
612
818
584
1098
1482
2199
248
1290
2102
666
1668
2445
1706
924
1154
606
590
2189
2027
2336
2108
886
352
228
2324
956
1264
2282
1098
1608
2265
1763
348
1676
1486
148
796
2036
414
442
170
2485
200
2282
2278
1550
2237
1738
292
2205
742
490
1587
348
904
2189
2180
796
238
970
902
920
2628
2416
2202
2135
350
220
2194
386
1100
1674
284
1966
926
586
1582
98
180
1974
360
1012
1668
118
2330
28
654
2192
1236
1664
1874
2299
1590
54
1967
1464
56
1494
1506
1894
2086
2257
1380
2183
1742
1106
60
1993
1828
2502
276
608
2112
2062
186
2252
1976
778
2116
2346
926
1362
2108
1854
66
1764
2733
186
1562
2208
164
408
494
828
1058
2268
2336
2186
398
2213
2294
578
108
2247
2275
1228
342
906
1090
554
2406
158
1088
704
1750
1676
862
2817
2464
1814
1260
1086
1883
2090
2433
2039
2235
386
1920
2248
1872
2054
2272
888
2056
78
2463
2388
2671
1004
682
44
1933
74
1994
708
1292
2371
2472
2578
2518
1926
2094
2425
2588
314
2520
628
2072
2030
2398
2310
2400
2227
1714
2534
1414
2348
532
2304
1658
2442
2470
2215
1802
1378
46
1468
2388
1748
948
2573
1674
132
422
906
2192
564
652
2190
2248
742
1168
340
904
2810
1294
1068
650
2390
580
2815
982
2143
1004
736
1882
1124
1300
248
474
2004
2306
2079
1843
134
638
494
1034
2200
398
1222
2102
1320
2473
2110
610
64
1988
1032
2163
996
622
306
1678
1630
2263
2514
1012
1282
1418
1898
612
2251
1618
2416
634
2723
354
1868
2566
420
4
848
872
402
1566
424
2499
1428
2036
814
1110
1034
2470
2554
2075
336
1060
1784
958
2611
1866
2139
2
1146
840
2297
1262
6
2378
1514
2377
160
2268
198
2346
2361
926
528
2175
2036
642
4
776
200
326
2203
772
582
888
2182
2250
900
1930
2183
2096
2407
2299
576
1022
2170
2577
1928
2036
924
1360
594
2597
2263
1640
1464
434
1980
2661
2128
298
998
2491
1748
328
536
674
498
2324
634
992
332
2369
98
62
1308
312
384
2026
632
2294
2392
356
2343
668
2260
2491
380
1428
2122
316
1986
300
1628
340
2287
598
998
2266
298
810
2021
2303
146
972
2471
522
1360
2562
1694
2554
2446
2022
2450
290
2633
930
2583
494
1796
414
1940
36
2527
2168
1346
2160
784
88
180
2407
1224
1808
584
686
134
748
1024
2424
78
2383
490
1004
2614
2031
2680
1324
400
1914
2088
2470
416
1190
282
2161
670
2578
1634
2795
570
954
700
2123
2183
1490
1314
1516
1322
2196
2180
1320
2235
1236
684
328
2648
1882
668
1474
2046
90
46
1436
2653
48
562
956
1326
2283
752
1286
426
198
1496
1548
24
1344
1022
2020
1062
454
1933
2412
2040
1947
432
156
2480
2458
2270
1468
470
90
644
3354
2618
286
1202
12
130
524
326
72
2368
1680
526
1142
2323
2178
2523
2432
354
1118
1490
2060
26
172
2478
1114
470
82
524
2267
2473
2188
2559
816
986
110
538
2005
364
352
562
96
1148
1848
1182
2210
2292
2572
1572
454
576
2248
1070
1242
204
2177
92
2346
1106
1981
2184
1548
592
1452
566
378
2302
986
2588
2116
1380
1304
2109
924
382
2338
628
2530
214
48
220
1198
1680
2064
2388
368
1860
278
1042
110
2367
996
2058
1942
1048
572
258
1400
1242
176
2233
2425
2308
1796
1102
1920
2479
2437
550
2419
1928
1942
1588
2064
68
290
580
372
64
2038
968
1571
1302
240
2023
1968
1562
604
822
2400
282
800
2441
1296
114
210
2063
892
308
2319
2256
572
1466
1116
2321
754
1950
1674
2612
1494
2298
1148
498
608
702
2406
726
80
392
2146
612
2223
754
838
134
576
2424
338
2226
2466
1772
1464
110
2052
2390
554
304
1298
358
230
1156
428
620
1894
1958
2490
710
2232
460
2344
2236
1332
2453
280
1296
2096
2186
2576
350
1446
456
2210
884
1184
1696
2269
2073
2086
194
1292
200
1650
2385
1554
1108
2056
2028
172
2080
632
2282
420
860
90
2638
618
2264
1810
2303
2664
2410
894
2787
2146
1150
1114
118
1590
2220
2098
2563
1026
952
1212
28
538
2209
1874
1756
2219
982
2160
490
2347
2181
2155
2573
2048
2359
502
514
714
2614
1248
2518
2743
2118
1836
34
474
204
2360
2240
1268
2004
950
172
1422
1142
2608
140
2401
824
2168
828
512
1956
1710
2369
934
2074
2137
886
1304
1744
262
908
1232
2698
2559
2330
1954
372
1020
1955
574
2212
1352
2170
2255
968
730
370
2172
1862
788
2531
2508
106
2347
1414
2276
2557
584
2138
2055
2311
2473
1314
1564
30
510
190
1692
194
664
1404
142
38
604
1012
2384
1668
330
1002
2510
500
2669
2077
1738
408
2397
46
196
204
1690
1864
1272
2564
2269
2278
1702
1658
1728
4
648
2279
2481
2245
438
264
2411
2599
2371
722
2539
1982
200
28
1863
302
2465
60
2270
748
172
2356
1530
2001
2240
294
180
1366
2257
590
160
48
1944
1426
1744
734
2301
1807
2515
2300
278
462
2268
1632
2406
976
2031
2173
250
2472
2777
2420
2091
2181
2418
2491
2230
1410
2136
326
2635
306
290
692
1983
1346
820
1014
2362
2520
1126
2365
996
2174
1958
2320
908
2441
498
2235
2097
44
2092
682
1018
794
16
2177
38
162
2357
572
942
544
550
2240
76
244
542
910
2229
2208
2241
1938
1666
1882
2255
2512
1180
2466
1832
1242
628
1000
272
2363
212
1803
1974
408
168
338
2170
2558
942
962
1906
156
200
640
268
2268
2456
2064
2378
1470
2372
1700
1644
2079
44
1176
2284
824
1114
1096
2503
2339
966
1246
522
1891
2247
2319
1124
362
1158
2271
1436
584
1238
590
124
1508
2246
818
446
1488
300
2138
2144
764
1612
692
886
2289
1822
278
1012
1955
686
2353
2518
2422
792
2409
990
1316
74
1254
924
2129
2072
1402
74
354
2426
2278
2103
982
1330
1546
2473
2618
1288
1454
1583
2355
684
1178
596
82
1688
2648
516
1570
2748
1936
2563
1166
2179
438
2094
2048
1724
1626
1184
1856
2437
94
2306
774
1244
2279
540
1354
2736
166
866
2371
1334
2070
8
856
1362
2140
144
456
1780
200
2318
2122
786
1930
1286
2170
664
2512
272
786
2338
2597
1399
2778
1724
2198
2291
518
638
608
2503
580
1154
2127
1146
286
78
2132
2537
372
2161
582
2574
812
244
282
2112
764
950
1924
76
1008
1520
2252
798
1988
2242
2171
992
2507
970
488
2583
1256
2238
1544
280
2799
232
84
1360
2328
728
2243
360
770
2447
994
1962
798
1714
2272
2164
2354
2541
72
2275
1486
1212
96
322
2384
52
2020
2280
2187
92
86
1032
278
1918
48
326
2617
594
3424
972
2743
72
1772
1198
1956
1412
2288
2024
2080
524
156
128
492
676
2512
440
2216
160
2270
1980
1692
2474
1298
2407
302
922
2301
38
2600
1078
1074
214
1554
1510
2006
2590
14
1988
172
24
2566
2542
72
456
1586
732
364
472
1660
1861
150
1336
2166
2270
326
1358
170
2522
1892
2275
116
2411
1146
350
2561
2339
2294
2071
1354
1382
944
148
2142
2694
330
1208
1258
1400
1642
708
1492
2384
420
1834
960
2166
2322
2333
2357
1736
2257
418
238
228
866
1540
2180
2762
1080
2180
1346
1616
2547
1946
1034
2155
620
12
2206
548
2383
1302
1372
908
1622
2241
434
1042
2180
752
12
2197
320
1624
228
1811
486
204
126
2594
2450
542
2254
2106
2391
1068
1474
258
900
196
2249
268
2562
1442
1098
2498
2300
1938
1188
958
2246
328
2425
2448
32
1240
680
528
6
398
1694
2144
2039
2352
870
48
2074
2130
2815
1314
1140
2156
1874
2181
2216
2274
184
670
1486
1988
416
532
1905
114
2009
2484
2138
2458
2505
1080
322
558
1796
88
1196
2223
1438
1744
1888
120
1801
92
564
104
1730
2446
94
1158
1490
462
2282
2502
1762
964
2468
2180
1994
1814
548
514
1592
1506
1096
1276
2468
1124
2308
2508
2230
126
338
1010
722
2746
2281
172
2414
394
1834
548
546
2108
102
1720
990
736
1814
688
400
324
1820
1704
2673
200
268
2224
114
484
2413
1422
1252
1486
414
236
796
320
2357
402
2398
2473
406
1732
1296
2383
320
10
1700
1742
140
52
38
1434
2384
504
1834
2096
2481
1212
1900
672
1074
480
230
1940
1580
686
486
1472
42
2624
2092
2024
2366
1054
2337
1856
1298
406
2279
2504
802
184
2347
512
98
1074
618
1518
608
2312
1150
1152
2397
2410
872
346
1510
858
46
658
2280
2864
522
2503
26
2555
6
1464
36
1838
362
996
2369
2217
1306
18
166
1290
286
1542
1054
2119
1876
1056
1818
1224
1798
2238
868
380
1970
2440
38
2000
348
2314
1466
236
1884
2652
960
1314
566
540
2038
1630
2430
18
642
2266
728
2170
1849
1482
2336
1592
334
2506
1186
2254
164
708
1858
2814
1142
1976
826
1158
2262
820
2146
238
1534
486
2738
14
2362
2223
1879
650
1930
318
850
1647
1988
778
56
1304
2356
1667
2143
434
1908
2246
1388
450
938
2163
1678
344
1444
40
2190
402
2406
1218
2403
78
1916
4
2314
988
510
90
148
346
2279
2058
2373
2679
1830
300
1236
1546
2649
462
1272
1776
2077
2259
1274
18
2622
902
580
1204
438
42
1636
2006
914
442
702
2708
1950
1278
196
2694
40
406
2234
2056
1068
2093
2475
368
2154
604
2481
588
2434
458
2224
1550
1386
2243
2197
1404
714
108
2615
2211
268
304
2403
2319
2301
416
1586
2174
544
1380
2357
1230
2130
2366
2052
2219
2331
2668
932
2816
2199
1244
2020
2277
1950
2362
2152
264
1224
1787
2545
1488
1040
1072
1846
2602
2580
66
570
2490
1504
2400
2317
1987
1748
2193
970
208
970
198
1596
2236
838
2512
154
2602
444
688
168
608
256
2445
1774
1194
1746
398
412
14
2242
658
1036
682
2422
2547
1326
168
1268
1698
2498
636
2066
2424
1012
210
166
