652
2513
288
6
1618
2166
2549
1134
1256
2460
1330
1972
764
456
144
454
2701
2418
4
1756
1442
732
908
2527
448
602
1968
1900
1134
1246
2534
30
764
446
1134
1162
2513
734
2946
8
120
36
680
1795
2200
340
1630
386
2364
2362
316
2222
514
380
152
132
476
558
254
2486
224
2020
986
2152
1344
150
1746
2250
1992
1830
268
1464
2613
154
108
2190
2229
218
42
1614
2401
1070
956
438
2291
1438
2378
952
1678
1414
1660
2260
2391
102
2262
2271
1030
1854
1000
30
1248
1923
2246
1282
452
2448
914
2064
28
640
12
654
2522
2741
632
410
700
2291
1628
336
2533
890
676
610
554
1304
2230
2478
2258
1156
1612
182
1352
38
2256
204
502
1052
606
370
256
1308
2525
1534
2
102
96
1036
416
2567
56
770
2050
2082
286
656
2513
598
2357
1500
1656
42
750
386
1426
1960
698
302
934
1472
2502
212
2104
2036
566
1352
574
2043
584
1228
668
1518
2168
1970
120
2809
566
1048
284
1932
1952
2202
1288
112
1466
1136
1024
1618
2380
2169
1908
2004
74
1608
2222
2311
1714
1953
2836
902
2295
1628
2217
2486
2107
1330
626
1930
78
2634
1992
1154
2284
2132
2261
574
990
588
1330
12
1846
1326
874
2207
92
1180
2243
1500
2418
1794
2489
1438
1961
2288
1340
1744
1004
2463
36
630
2122
2206
1118
2686
566
798
2430
26
2476
2234
2187
2368
2283
2164
2098
2562
1402
1936
64
1020
294
2047
2188
2022
18
2458
802
698
1814
754
1978
1154
100
490
804
1798
2224
940
522
160
112
138
2778
2284
1194
762
2129
1670
554
1482
66
2174
2544
2299
2541
234
1692
960
2371
1202
1222
2172
574
2049
952
166
128
2177
1434
144
2537
938
2129
2237
1604
1152
1860
2255
42
266
2311
2342
2102
2160
1948
180
978
1438
152
1438
1000
2423
808
372
1873
2461
1272
742
1062
964
1436
706
1342
1546
126
128
284
1835
520
94
632
1558
476
1510
1598
2223
530
1990
574
1500
936
360
482
350
458
210
120
506
1436
6
1368
2711
1472
1310
1704
1176
244
164
1975
2549
2476
2248
2120
2117
2274
662
2356
1266
2605
2290
566
124
2450
2042
1540
2438
360
892
1838
1897
1947
268
198
1312
564
2456
40
788
62
2495
1244
1336
1316
912
702
1566
2276
2282
1644
2297
632
1612
2415
960
712
1508
662
2358
240
1314
854
2304
870
458
876
514
1164
2285
2301
2306
1731
278
1430
2252
722
2112
2444
924
548
1976
2350
1952
906
328
1791
546
540
1314
296
740
2205
296
656
1912
802
804
1682
162
2197
2433
28
2038
826
2366
2759
2214
1466
1584
10
2029
370
2206
178
2618
132
918
1788
2248
2428
1518
706
34
2575
2492
1492
1200
1808
256
2214
688
154
1478
2161
2135
2164
2267
2231
474
2452
1824
1120
1404
2636
1706
338
536
506
636
2282
2329
2216
366
1642
352
202
42
24
1998
94
2252
566
274
786
1268
664
1498
326
1532
302
36
250
2535
2445
310
2620
2126
2182
728
2147
2026
804
382
1076
2262
216
688
892
1628
1384
1808
2269
2288
48
566
242
2407
2769
2006
2196
1826
432
1038
1152
2451
1238
58
660
2302
2243
1194
2682
886
2514
210
458
632
2183
1518
374
938
2342
460
2076
2333
720
1034
2451
1428
2280
360
2356
996
210
1764
1656
2502
2147
1014
402
2478
274
1904
1756
1882
166
1126
332
2049
140
46
2263
1524
1124
2243
1800
1442
2169
2416
2718
1228
2310
36
1076
2209
2480
450
1726
2610
2283
586
632
2167
590
1702
680
304
1988
196
870
1286
636
2221
502
1174
2193
1036
1960
1734
740
2230
2
1046
2411
1186
296
2168
1602
56
2600
2072
1098
2600
300
2230
2146
228
246
1984
2619
222
1254
1046
2351
2424
2159
388
952
2372
568
600
206
2440
576
414
1926
1356
1758
2211
1868
772
764
102
456
810
938
1296
2331
254
860
456
2617
66
6
904
284
1774
2333
2213
680
364
2052
364
910
930
570
178
1190
2059
1892
2675
800
372
2031
2467
2955
2379
2664
1794
2126
254
308
1687
542
2294
2573
820
64
1582
1980
416
394
288
2466
2294
2669
314
948
2430
1176
580
110
1042
2087
2344
2400
86
1670
1778
2
1314
2135
684
2224
208
2496
2190
878
346
2275
1136
678
1286
2400
238
2525
1768
828
1560
566
2697
484
106
682
854
34
8
180
502
2542
2069
1306
1726
1706
354
2202
1108
12
1936
2460
124
860
548
2064
540
2437
332
2276
1402
670
990
324
286
2157
106
2148
2256
1278
1174
88
2282
116
2115
740
228
1042
288
2192
2506
642
1724
718
2356
2171
1008
910
1054
2441
2778
592
2284
2216
1854
672
1050
574
144
548
2050
590
36
2390
482
2806
1322
2412
1268
650
200
690
872
2233
562
2463
1174
376
492
2269
1912
486
1809
1594
1668
958
1996
2177
86
2204
1408
740
1002
158
930
2230
810
524
2054
154
1112
306
2822
1910
2442
2383
1726
148
704
1368
2028
2146
2406
146
288
2216
180
1756
1556
2233
2117
142
2368
1236
1754
422
1240
2329
124
2450
2313
268
2502
1174
1448
668
2341
2607
2623
2240
976
432
1554
1236
1555
2639
1208
54
2366
1692
1500
2575
690
626
2399
1220
66
28
148
2164
730
60
1110
412
2337
298
2622
310
272
2032
2156
2562
2278
2251
476
330
908
1404
2104
92
946
2813
190
1638
1560
2200
2178
2649
1120
2194
1526
1158
914
1926
742
26
2243
2188
664
930
1942
2574
2396
388
1020
1922
1438
2377
2257
2161
728
18
2057
1718
2104
2729
2105
1522
1946
1576
1204
1278
804
292
1294
2242
388
1356
2405
1386
1052
1794
2270
190
2611
1116
1750
1898
2406
852
1990
1967
1202
2327
142
932
1952
1226
142
1290
2207
144
386
1706
1376
1919
444
956
1264
1660
2052
2079
1930
1929
58
484
624
2384
1786
2768
2404
2213
2306
2602
1680
1700
4669
2379
342
2716
1918
1884
2499
2193
588
384
1570
794
158
2374
1358
808
2465
608
902
1834
1974
1752
2180
86
850
1340
1250
1926
1686
830
1168
1780
1036
146
744
2367
1678
1030
1190
1622
2134
992
862
2363
2256
2098
814
2038
68
2767
2474
636
472
750
2288
2405
1188
2313
1196
2220
2275
1803
748
2180
1060
900
2542
1744
396
874
1120
2519
2682
1786
1714
58
2711
2514
1590
108
1094
586
1670
1212
298
2135
1262
2278
2130
2348
2129
1658
2040
2276
2474
268
14
470
1486
2016
2130
1102
596
2299
798
2264
1676
16
2535
1196
818
1916
2592
350
1266
210
790
454
2570
2241
2494
1643
964
432
2185
1240
278
2405
1893
2098
1552
2384
1560
1318
1678
2258
2548
336
2546
2372
1966
616
2573
22
2112
640
352
574
1987
1110
2233
2006
2511
1884
2202
2178
2294
1126
2405
86
246
2071
2136
2469
18
948
1918
384
730
2357
720
14
730
1682
2086
1908
1402
30
720
1986
2434
2201
1156
1074
2285
910
768
1014
242
2228
344
2750
2459
2117
696
368
920
150
300
2385
1098
866
2336
2439
698
28
2673
2451
210
2584
2272
1072
2222
2719
378
1238
122
754
1940
1104
640
478
386
2267
2046
1056
2174
14
406
2660
136
1620
1168
1558
1618
1336
2736
2542
2195
1966
1914
1945
2044
96
2301
298
462
2532
704
142
2351
2205
2238
2063
1300
810
1070
848
2298
322
1628
238
2264
2086
2286
1570
2128
1970
452
2493
2264
2242
2094
1948
2571
674
140
28
138
2735
492
1328
2296
1988
1787
2866
432
240
516
1340
184
1788
876
2206
2251
2375
2134
1258
2315
1688
676
1086
544
2363
266
2156
1274
1086
40
94
6
1484
1222
2012
1954
80
2269
2357
698
2377
1108
812
2254
338
2208
2211
704
2106
1694
718
626
2215
1598
1044
892
2703
2365
2479
2245
2354
1440
2337
2472
2768
270
2506
386
974
1820
1556
854
596
470
2652
2312
166
1054
2344
16
926
1554
1376
2353
2336
158
892
594
1196
2339
726
556
464
694
856
2452
190
752
2382
2046
476
842
628
732
2505
910
1026
510
2536
2097
2468
554
250
1937
358
668
496
2088
588
852
368
2110
760
680
1822
2441
2494
448
422
2340
2247
630
2134
2231
1382
358
676
2480
1078
1700
2436
2026
1322
2123
1874
574
2138
254
2599
1846
1868
2471
2054
2282
116
1960
554
2250
1138
1134
1376
724
710
1096
2373
84
1234
1426
306
1926
2373
1875
1634
2666
528
2692
2080
2251
786
46
1551
2268
346
2620
2048
2785
2287
2235
294
1907
2197
1684
2443
2152
2048
2320
478
2004
2014
1384
62
1915
214
1985
2379
92
2398
732
430
1142
1556
544
1875
2314
2036
152
2367
1530
1978
2030
1792
2078
148
1276
818
1050
2251
2358
790
324
1430
902
2142
2697
158
896
588
1330
624
2606
2611
244
460
818
2676
1024
2048
344
1561
2355
492
1066
1840
1174
2441
870
364
392
1713
1600
2168
2693
996
530
314
526
1418
206
1166
4
2384
1152
16
2252
2395
2316
2146
858
272
708
350
2510
1775
2481
2112
2097
334
2039
602
876
78
2287
838
2403
696
1614
2526
990
240
2439
912
962
1668
68
2490
2407
914
2406
374
894
742
520
58
2360
1946
164
50
2430
1502
2344
524
1612
390
2099
1774
1920
482
1350
904
2468
774
1706
2151
2614
1936
2123
1306
1362
2610
476
650
462
290
1076
150
2259
512
2070
30
1962
784
1258
398
2558
18
1120
1538
2100
2652
1406
2486
1362
2355
48
2348
216
2030
1454
590
610
212
2063
148
2026
10
1990
604
2421
924
2313
18
706
2510
2058
716
218
2070
2274
288
848
2103
904
1914
1728
1502
1024
1244
2924
880
2596
868
2193
2400
2045
18
410
50
2591
2518
700
2172
420
2569
2211
1556
1732
2919
1020
936
2144
1136
450
1016
2169
2411
1606
2053
2289
378
2545
84
620
1378
1142
1478
2697
2626
2215
2333
224
1110
2284
1448
2252
34
2341
410
1682
2479
690
402
336
1752
772
2383
560
2231
2835
774
2308
292
736
2425
490
86
84
840
2294
1808
1134
496
2213
1115
538
380
808
538
1777
1002
1276
1975
1204
1006
2383
1346
2088
2612
1222
2358
762
68
310
224
48
1226
60
2080
2272
2078
1246
662
1606
2049
2122
680
2252
1790
270
1282
774
2148
262
1164
2310
2502
374
2754
348
1458
538
102
2366
1024
458
1066
1498
2199
254
2488
1748
248
186
216
714
2594
190
1498
1904
516
1196
518
2287
2346
160
598
1618
1010
582
1356
2601
2467
2090
1274
1512
1992
2208
2808
498
2556
2406
272
2317
2512
868
142
1452
534
2290
2037
1104
1524
8
1968
908
940
1086
156
478
1642
116
888
856
2526
2331
838
394
1908
1168
1174
2163
1486
1616
1312
890
2655
192
1686
1957
48
882
226
562
1322
2215
1094
1220
460
1314
1772
800
1032
570
1832
150
466
2147
578
2278
486
270
28
28
816
914
938
70
302
726
1094
2417
102
1658
2132
2026
20
1480
1548
184
1366
1750
434
2292
2912
828
466
744
2378
784
194
1392
616
2131
1278
1156
1506
672
1950
2388
2384
1992
232
2164
700
1978
1058
2223
1506
1070
2401
6
258
1180
864
1839
764
170
2156
558
184
2038
410
208
970
1098
458
1935
516
2238
2294
2212
948
1524
476
866
2146
2419
1476
1066
124
2577
384
326
1898
1042
2180
1378
2286
1416
886
554
2321
974
404
398
878
1742
2260
990
120
1124
2220
2318
2355
1678
2392
864
2394
66
194
1352
944
2283
2538
994
914
990
674
270
428
1808
2036
2524
2937
154
1562
2006
2149
352
2137
640
1220
2557
1969
884
2303
86
278
102
1268
2548
204
1850
2365
84
1632
1676
1352
356
1438
138
788
462
658
382
124
1352
818
1796
1504
2365
558
2098
498
1226
2230
238
2014
1896
1380
232
950
2202
948
1126
618
2562
2304
744
2442
806
1010
996
322
1548
310
2145
2268
2486
1630
218
2202
2349
1282
784
2247
78
942
24
1688
1716
1354
2371
2495
1358
2205
170
294
120
2223
2190
2375
2547
2530
2631
1604
1192
1340
1538
2348
340
2563
366
2189
2349
1895
484
2324
1972
254
1040
1894
2575
1042
218
864
2020
2014
1204
488
338
1554
392
1346
148
654
1868
734
1416
108
1420
218
1616
44
2526
2168
706
1410
2368
1144
1968
748
1930
2361
2614
1848
194
2070
2068
900
452
1020
2348
1166
846
904
416
316
1328
1802
678
306
1418
684
374
1056
1644
374
1262
1966
1272
446
1528
1040
2
816
274
754
306
258
1238
148
588
2652
278
710
290
2517
1674
516
1798
1518
56
2446
1810
670
1116
1032
1844
2389
2298
1722
2358
28
330
680
2505
1830
2251
1930
1732
50
2330
1160
500
610
2040
1546
210
1926
2370
2168
1076
1986
2507
790
474
496
390
92
2437
2642
2372
968
1897
2364
2738
96
1912
2362
1914
34
1274
1116
256
1754
388
1528
154
1040
594
2400
858
2307
2201
1300
1712
1860
1946
8
646
1778
448
308
1420
702
1680
104
1150
2506
2327
1902
2352
1648
412
2258
490
2363
1104
2318
190
2461
2445
1400
1608
1562
2
734
2288
662
570
1050
74
2479
2687
2054
1506
1392
668
2140
672
2070
2324
128
622
2612
366
410
934
648
2452
180
152
2121
1358
2488
762
2184
450
1810
1888
1156
434
12
2289
1346
958
1316
1628
810
896
1152
2058
2457
1798
836
374
2200
2333
194
2601
942
612
494
90
546
2280
1462
564
2213
260
2310
112
128
86
886
696
386
2616
1082
2289
212
852
56
624
2372
1790
2367
1556
424
1979
1963
2549
2268
1628
752
874
412
1418
862
792
1792
2419
416
1492
2284
502
378
194
2284
2702
86
298
2587
512
298
134
634
2220
2473
2542
2133
1926
1088
374
816
390
1950
790
2468
66
364
236
2269
2497
1186
2611
2022
412
2252
1316
1976
110
1630
724
2434
1404
2442
2146
58
2052
1804
708
1398
330
2503
2252
2015
1272
730
62
1014
2256
2513
2010
2328
2382
2104
1474
594
552
56
402
1236
90
222
1440
212
696
1896
570
58
2785
26
1912
26
666
564
2245
1690
1888
1292
226
490
1666
2335
418
1602
1028
1478
2618
1448
2026
484
162
2238
1136
2387
2540
2296
2181
2056
326
130
740
500
1802
720
2076
2288
1276
1508
2124
1818
1000
2272
952
962
90
622
1482
50
1120
1366
1276
876
2328
448
230
1618
1078
1280
692
1634
650
1785
136
2281
598
2307
2411
2572
1588
2329
1094
1384
664
1250
1202
2574
722
1720
1807
48
522
1572
268
2269
2259
2428
2655
2404
448
800
222
956
2232
820
146
132
2429
2202
1924
2516
2063
96
964
788
326
1922
848
2594
2528
2465
1054
2457
2044
730
680
2416
2514
1268
2136
266
56
884
432
1196
2513
732
2267
1496
2044
244
2096
726
1022
536
1950
722
2006
704
190
512
528
938
1754
590
1022
930
2118
1504
2369
1514
1628
2313
2148
1408
286
154
332
1929
2258
2268
2300
1782
2425
2336
90
192
2122
478
780
818
1770
998
1140
1864
2324
2552
1432
1750
612
766
220
2637
954
1933
226
2390
2386
1394
1414
2334
2532
632
90
2090
2566
1176
1324
358
78
2242
1072
64
2610
2431
112
2023
270
34
536
850
298
970
2359
1214
1248
1120
196
1516
1188
498
2225
988
2271
350
1182
2682
988
156
328
1396
1380
2349
1458
462
462
1058
596
1566
2282
690
1782
1609
1152
3393
896
986
1764
192
2253
1218
24
56
1136
1268
624
2742
2328
454
826
2014
906
508
886
108
584
508
656
878
148
62
1606
470
1158
2362
164
968
736
2239
2383
330
2765
2179
1024
1544
1602
2948
676
2149
546
4
1322
636
634
2
528
78
1112
410
528
266
1838
2384
430
2425
2269
546
494
108
1514
16
2213
256
928
1324
148
1798
2618
330
1064
2341
638
40
740
1266
534
2381
1206
248
1028
2713
2414
2472
2164
2284
1634
2395
2137
352
2373
672
1652
102
232
2529
2742
2552
2350
162
730
1806
1722
1292
578
12
2154
2473
2082
582
2364
160
670
1284
1838
104
2344
678
2314
1248
1032
2120
1921
830
660
1224
1676
270
2266
1160
164
1450
2382
2268
2339
456
606
674
1190
2035
762
868
1250
368
2098
1438
1702
1788
2616
396
2515
916
2264
2608
90
258
2413
936
152
454
186
1042
296
2038
1626
1750
598
1514
482
652
2386
2347
998
2492
268
1888
292
890
828
2098
42
180
1904
1586
1754
2087
642
1974
2227
130
18
134
2510
1206
514
164
1468
1422
2136
926
60
682
2420
424
1064
690
2240
602
2467
490
228
306
1778
1672
2494
2219
2238
690
2060
2268
1492
2454
2274
1472
526
612
876
2296
2558
698
1816
812
2120
2435
1234
1504
184
1376
54
2430
2378
1644
1878
382
846
2284
2433
2480
788
620
1648
942
2377
1316
2357
2291
2642
86
2478
88
240
2033
564
1098
1410
1070
814
804
1124
990
2356
2062
770
2579
822
2124
4
2102
2714
1080
540
1208
1712
1300
1912
2407
2407
234
734
1056
266
634
2425
904
48
2537
1568
258
1296
2682
2154
2745
544
52
540
1288
34
2091
240
1798
98
782
982
152
2174
756
838
200
82
2127
220
2492
2050
270
1216
690
876
1566
742
702
2729
508
2417
1990
220
2269
1704
2462
1560
1462
2001
452
1920
2110
2510
962
952
2743
2509
916
672
14
1956
2733
844
226
852
2351
1584
1838
724
588
384
1876
256
2484
2540
2480
1994
1426
66
2292
2496
2255
1946
1250
2487
2473
1884
1064
194
1256
78
38
2288
1974
330
1902
52
546
294
2207
2220
2212
236
1658
2252
1252
26
650
790
482
444
2502
2174
34
2439
1332
1476
262
2022
1186
372
100
2188
230
848
776
1278
340
2226
266
888
2404
984
2407
2038
2386
2042
2606
170
994
2223
198
60
782
1948
986
98
2369
674
2173
496
2380
1668
1310
308
112
164
1684
716
2498
2403
726
360
2150
2366
2495
1821
2342
2573
1130
2209
1052
2036
2313
804
2107
2528
2224
764
1460
122
2348
2748
708
620
302
1188
1104
2068
820
262
1012
244
1132
568
1504
2580
1696
1264
2572
2651
1262
970
2746
38
282
1734
18
528
2313
466
2159
338
2155
202
1072
238
2263
702
1660
652
40
700
2367
2211
420
246
246
960
2102
2069
2626
156
516
1364
620
348
1048
384
2319
2410
2490
1568
1588
2218
2068
2416
436
542
2360
18
2294
920
2223
2539
1909
2078
1156
1909
1994
340
2349
444
462
1084
2336
1184
362
2037
1856
1538
522
974
304
14
1138
580
932
1324
896
416
2208
478
1932
1064
2399
2253
2548
1852
514
1876
2413
1112
944
2233
2220
2819
36
434
2111
2020
1470
2536
1884
2052
2352
136
2036
1930
336
2512
2756
496
850
2328
428
2312
2370
2259
160
2646
378
268
116
1008
1534
2329
846
2542
364
54
1875
486
1917
1024
84
2461
1568
716
84
1771
1136
2738
1852
410
1752
508
498
2133
2344
2281
1052
968
2233
966
620
278
2030
170
1062
1010
1222
2022
918
2652
394
388
2314
62
612
2195
2896
638
2389
384
1761
1284
2248
744
1632
1858
1278
1610
2361
998
2118
556
156
1578
1414
1490
1364
466
2111
294
252
2193
2458
806
2650
2372
788
2726
926
1846
794
6
720
2554
1636
734
2310
1989
1624
700
1218
1222
328
1006
570
2196
654
1262
1156
1458
2473
910
2369
2742
2319
1000
1384
2204
2623
2488
260
1178
2249
964
2301
298
294
1138
1270
2384
2154
1362
1971
2649
1934
1634
2427
1906
1964
2316
1066
866
2327
2110
348
158
1930
80
2412
1164
2377
776
1882
536
1158
2414
450
1240
2059
2217
1494
2504
2212
1408
400
2549
128
300
246
2120
386
496
1092
2191
2043
1336
1504
1612
2336
90
2833
1066
1204
368
2279
1508
314
800
576
910
2453
1058
1092
1248
2456
28
2308
2222
1470
1746
2685
730
2405
592
564
1242
1774
820
2080
1496
822
1754
64
1762
2364
108
994
100
558
2027
152
1750
2182
774
262
324
536
1306
2528
1998
952
346
1736
796
730
1360
1068
336
424
366
2147
256
266
2207
194
1074
2
2630
1654
2445
1822
1952
2638
1780
1182
362
2444
2188
2615
2234
2139
118
1997
1298
322
578
1194
488
452
2012
1450
592
1262
2511
410
522
880
656
1078
2256
48
24
18
986
298
2193
2590
2292
2154
2212
116
480
1774
418
2216
2439
2703
2608
338
858
2108
546
292
378
474
544
362
1754
2237
2128
1530
570
2385
1758
1610
2127
2322
2042
492
972
1478
2
2430
1810
1276
646
2406
1986
2419
772
1026
2376
104
78
1774
2096
64
1792
1562
2478
1676
2262
1774
876
158
2242
2478
2142
436
1408
1838
976
2057
1400
1168
1068
2392
2455
172
1915
1538
2198
786
2300
1906
622
974
596
2367
1074
2
2357
1028
1126
2421
2005
1182
1924
1158
226
2235
1046
600
2264
544
1494
1352
1112
2116
2533
2201
1056
1786
2278
2479
858
854
2557
2438
2390
186
40
442
2190
188
1960
2167
2249
182
1426
1380
1518
194
1970
1194
606
740
370
1152
2582
656
2613
1386
342
992
1438
216
1442
412
1328
1856
578
624
1928
794
346
2619
2068
2607
1090
922
2255
772
554
376
2658
120
2405
1450
2087
1400
762
608
2358
2394
1374
1244
382
1416
2197
2480
2019
1616
208
872
1400
2476
18
2396
1630
138
2436
1114
2126
2781
2528
1718
2240
986
1168
870
270
726
358
1576
344
1894
1938
2232
2262
280
650
2154
776
2294
432
1748
226
294
70
458
2251
1363
1382
2266
376
590
2522
918
2642
680
2156
472
230
32
936
1594
1228
550
1850
1828
1743
342
92
2314
126
2186
676
1646
394
2180
334
1060
452
376
934
296
716
2418
796
308
2022
2320
2248
1504
2109
1002
132
1734
2424
468
2304
876
780
1264
2187
1974
192
24
1230
884
1680
2032
146
204
1730
592
452
2011
2489
1188
2326
582
752
170
2684
2726
1954
1939
480
1204
356
276
1242
2468
2487
1966
114
484
340
1934
1564
2439
100
2326
512
1332
380
1396
1952
2242
276
2445
612
2347
932
1524
2365
1588
1044
962
1106
1238
386
1858
2491
1925
2200
2271
174
2252
330
868
418
2591
2320
1774
364
110
664
2634
586
1128
628
1777
1592
740
1232
1226
104
930
2156
698
1388
2102
2148
2737
2280
2582
102
2958
1614
1808
538
1072
2762
192
440
2238
236
874
2395
806
1466
34
1880
512
578
1718
1948
100
188
2399
444
2379
34
2295
2187
472
584
2242
1546
2450
1528
2202
1326
992
1672
588
2314
326
1768
86
1782
1524
2619
2778
2420
2762
150
40
2000
2590
1966
478
1312
950
1490
568
2517
2459
210
1104
180
2020
116
2082
634
2289
2301
768
2256
1718
1736
164
2293
1556
1526
2132
1960
2330
1978
1204
436
2518
2477
2376
2434
2462
2688
1866
1422
612
14
2518
2390
2036
2202
286
1514
338
2391
2393
1420
312
148
2838
1594
494
2128
1850
2356
2010
1866
2477
996
2713
2238
1912
2489
560
2334
2078
2018
2016
1088
490
2193
538
1828
2343
2030
2026
262
296
1364
1258
1492
154
26
1234
2599
506
2689
158
2196
1366
180
856
2518
346
76
2068
2392
566
1558
2064
2423
1062
2396
130
2345
2105
1208
1594
1312
2313
744
2182
2709
2501
1338
1578
1020
2198
2128
2421
552
2208
2082
2072
1452
2284
2384
362
2265
694
940
2344
2391
30
472
1988
342
178
198
288
2009
2009
390
348
1888
2562
154
466
2300
2132
308
704
2374
1516
2166
594
1118
358
2678
2207
1170
138
2076
706
198
198
1914
1585
2146
1930
2634
2721
2120
2353
2343
2445
1194
2449
504
2028
1892
1406
2234
542
336
850
238
2301
2202
178
598
1968
200
404
134
2234
1048
1870
2104
2119
636
2009
258
2265
1852
500
2122
2794
20
1492
1106
796
332
876
846
1334
30
1928
2248
470
952
1678
1216
2048
772
1608
2528
1334
1538
1504
1122
1632
1468
1132
138
2540
2418
1768
2506
112
2569
200
650
1774
936
2423
1092
1324
1899
2276
2375
1936
2086
1879
1770
2340
2164
1690
2038
2174
1741
394
232
2544
1892
2250
554
308
2442
36
990
970
1424
1632
1348
1805
300
1908
2257
630
1981
228
292
2102
826
1690
2539
604
2318
1118
2421
742
960
184
868
2702
2059
1356
994
698
2631
20
1946
166
224
394
832
872
2574
2349
436
614
600
1810
320
2327
2223
134
2335
164
6
2517
1784
282
1921
100
2364
1402
404
2174
950
2329
698
1070
772
2376
242
1622
412
2634
644
698
812
2551
2860
440
426
198
1886
100
366
556
2268
2210
420
2492
1432
2347
1985
708
458
2454
1226
106
2210
1224
210
1230
984
588
404
342
2449
810
1048
2381
1220
1300
2286
2175
112
1186
772
148
12
712
298
2357
2176
1012
638
396
890
862
2206
2229
938
310
896
926
814
3392
334
632
2117
832
502
1532
368
1920
888
1276
182
274
2076
2078
1902
136
1995
2133
2459
926
366
2408
526
372
726
920
770
2406
2376
2201
718
870
836
390
2130
788
1310
2128
1824
442
2127
2245
2440
1376
274
2194
42
2098
2141
1738
112
2196
2130
872
234
2040
2433
2334
42
2764
282
582
2662
420
776
566
1941
2208
222
2170
560
2252
688
1804
82
808
1482
2354
2834
336
270
1860
256
128
126
1901
1734
790
424
2521
116
3155
2535
1170
702
252
1378
2172
2319
2136
1634
1926
574
2037
2734
266
1454
646
342
708
1998
1478
286
2614
988
532
1246
406
2415
488
486
1018
938
508
2504
772
2700
2135
2576
198
1122
1174
2549
2232
102
788
2102
2538
2450
1552
866
560
2392
1322
2387
2518
142
480
776
882
476
58
2048
2362
2090
2092
162
430
60
2248
2431
42
1184
1154
2009
242
1741
868
238
2664
124
2173
146
1160
1258
2360
1720
2155
1530
184
70
2186
48
732
2102
354
2038
2005
234
2327
2190
1006
1064
1016
1202
1296
986
894
798
160
1268
2279
1793
1528
2273
306
1268
686
2265
2253
2208
2282
12
394
680
998
2598
1666
2200
1230
2375
2108
2612
2276
1724
950
1006
308
56
2274
1426
2171
1012
856
334
378
696
1102
2449
112
1894
858
956
1136
2012
20
94
2280
1714
1208
730
1770
74
1786
2105
2522
1380
1582
490
2700
2099
782
2282
1836
1178
2288
2614
2145
2123
536
1186
1412
2377
114
2983
958
1878
1380
1940
900
2248
228
1026
46
1006
1870
740
1160
1616
2291
744
2250
630
1510
1240
1086
1372
600
2038
2126
1182
400
842
2279
2096
1670
2117
156
2497
846
752
606
2024
1162
2394
1710
2049
106
218
1646
398
2694
206
150
1638
250
2058
436
1740
2430
72
526
2042
480
2713
306
306
172
2452
1222
526
2172
1963
2132
446
1260
1622
2562
2082
2324
888
1596
1532
2491
68
2548
2057
2322
2077
2607
2316
1058
2708
2172
198
1238
2372
1914
2254
2680
1010
68
2198
606
780
2243
2257
1924
1472
2713
2146
2184
2316
840
364
272
680
442
2139
1887
2457
1494
1946
2028
1932
344
1952
2603
832
968
1746
1026
1718
2327
746
238
2299
16
22
1198
2067
678
648
2064
242
612
342
460
2632
1348
722
2760
1040
2364
2603
186
1094
602
2563
2526
132
1408
1198
2359
1090
474
2586
2323
1646
2247
2335
644
2172
976
190
2530
832
1854
1704
2524
2592
2082
622
2420
354
20
342
320
1252
610
1080
926
520
182
2048
1909
1410
2375
416
2056
1788
1396
2480
1052
56
394
1826
1606
1840
2459
2330
2220
2368
136
116
614
2839
1915
1600
1360
560
2424
1526
840
2116
1046
1752
142
1700
1022
196
1818
702
446
222
1902
410
2230
2087
988
130
296
192
800
1772
372
2126
494
2554
1920
1748
984
1060
320
242
676
386
1408
1204
302
922
526
2361
240
1586
1192
1769
1836
2015
2432
978
192
130
414
706
2092
1360
2306
48
1378
330
1314
272
2182
2317
728
2325
38
78
710
810
2440
816
1885
2202
966
474
2398
2393
1074
2499
208
1592
2408
2028
1819
1216
890
2153
966
1965
264
1456
2234
578
2426
328
2527
1128
712
2777
124
1446
1618
2172
900
1422
2231
2152
1278
1060
366
720
374
2456
464
80
684
2502
2200
1871
1170
886
20
96
1668
1825
1488
2350
18
118
566
1873
2250
2033
2058
302
2029
666
186
972
2449
290
2044
1766
310
1820
1756
68
268
2183
2636
2040
2494
2448
534
1941
2534
142
2378
906
2609
320
494
640
2504
2382
1994
1416
1628
236
1618
2361
1890
1837
528
1478
2526
2426
528
2358
282
1046
298
472
2408
2245
2421
1916
664
1868
2207
538
2397
894
1416
806
2402
1694
108
530
2092
2185
970
2543
2313
660
760
1004
2483
20
2221
2236
2513
2588
1290
1776
1818
2439
2505
102
1112
2086
2028
2094
316
1957
54
1892
168
1024
2769
2568
132
2568
2018
1014
1657
166
566
1396
2428
1866
1450
1540
818
1448
912
1882
1830
2157
662
2324
2305
1398
2374
2124
296
2479
346
2099
2313
2028
748
648
2006
2216
278
966
2086
2191
2324
692
994
2150
2456
674
622
410
112
1826
2673
1932
1480
386
1132
1028
1759
2467
180
2386
180
934
1246
1672
770
1090
660
2488
1060
2535
1954
828
70
2543
1815
2680
368
720
2189
334
1624
1108
214
2529
446
1834
548
210
1855
98
2382
2072
1314
970
902
364
506
1662
24
2074
898
320
2228
214
2048
1136
2513
2118
458
2369
2542
40
2844
126
272
776
1526
680
1038
2181
430
2137
1204
2311
2446
1999
394
2646
50
360
2395
1820
2924
588
2917
82
2238
2496
1348
918
2347
28
148
596
2503
2138
1894
1570
464
292
898
882
124
152
1964
1322
116
1120
1722
1584
1452
500
2097
1596
146
574
1790
716
1934
1930
2273
812
2255
2320
266
66
2382
110
1974
186
956
164
1046
466
730
1018
1720
2640
2191
660
2274
1855
140
2740
230
2145
1156
2198
706
196
412
584
1935
2300
908
1314
1502
202
2544
530
218
1918
84
346
2370
186
2340
746
806
1720
1158
1938
386
2323
1008
1150
132
2381
2287
1002
402
1308
1692
194
2457
2176
1306
64
832
2575
2539
1596
676
2346
2494
1028
2258
968
2077
1668
2208
2772
2718
2566
2419
2566
56
160
2304
970
1182
430
1794
288
808
1741
2494
2118
632
6
730
324
936
2324
1956
2329
112
1126
186
1336
2142
584
1984
2214
254
1174
1726
1753
1744
784
2438
1326
936
2249
228
378
2139
1372
876
32
852
102
1470
620
2232
1002
220
566
654
2269
2549
2555
2384
2676
466
514
264
4
1186
434
1354
2390
2038
52
650
2783
252
1086
958
686
1590
2372
2287
1008
210
1270
324
1158
1010
2304
1906
2245
2302
2625
372
116
1200
1308
494
366
78
774
576
1778
476
370
552
162
2214
1004
38
50
970
8
1660
2211
344
2568
496
724
1032
2950
288
1072
112
1984
328
1905
1370
836
1076
336
184
1010
2159
148
460
638
408
302
320
796
2034
2211
500
1424
2063
676
2425
626
2131
2034
942
2129
806
330
2672
2224
1042
824
1959
778
572
1476
2613
1214
1654
1969
2359
902
342
640
1884
1320
1546
2038
1923
2026
420
1462
1594
302
2482
2389
1360
864
96
958
1218
318
2294
958
718
2294
2597
658
308
2375
2292
2562
1984
1892
2330
1480
2348
720
2374
2172
2363
2527
2203
170
268
668
260
840
2119
144
1272
588
674
280
454
1076
2008
2465
2563
1925
1038
296
212
1264
1424
1892
820
1651
2633
526
2653
1556
236
2400
2245
1542
2308
2110
2319
2376
2040
2937
2098
60
1498
112
2014
682
2475
794
860
636
112
1558
2246
346
448
2142
722
2537
2082
1988
376
1078
1844
916
2401
922
1400
2539
2573
1472
2535
2426
522
288
1436
422
2248
2157
542
3090
2387
2580
2661
2011
2384
132
2424
2446
2524
726
1104
2122
1048
744
1612
2424
1592
58
2134
8
224
1332
922
1810
2257
58
72
586
2327
1796
720
1458
1172
536
1628
2094
546
1916
2740
508
208
132
2097
396
1212
1957
312
764
86
2637
2428
462
1468
860
2689
524
266
300
2328
2562
1338
76
1328
38
306
872
2273
882
58
1706
2064
2316
1064
1396
2094
1322
1618
326
134
2203
64
1090
2227
268
78
496
2063
394
2377
2366
1997
1090
1046
2360
308
630
2126
1210
2373
2250
2282
492
440
2866
1962
212
1688
1258
454
1564
2403
1612
374
1074
1184
1044
2534
1758
1144
1348
1032
1824
736
2198
924
2253
1364
2454
2103
2790
90
2433
2666
2082
1588
128
2511
2116
604
2210
456
1410
2539
1968
454
2267
2236
268
2108
126
1987
1652
2500
2379
2110
302
306
2465
778
656
402
2257
540
1838
2286
2318
422
104
2307
690
936
212
876
2288
1632
132
528
522
1334
1572
2301
2745
1436
142
296
1252
2192
374
218
1904
1360
1050
1890
2160
1042
904
1040
1804
1742
2092
2164
248
2276
718
2615
536
2641
612
142
768
502
1072
870
2208
716
2334
1394
636
1840
546
1499
2169
560
592
70
762
976
44
2230
1898
2531
1236
2278
2470
2497
202
2486
1438
986
2588
2101
136
2070
1504
934
322
538
1666
1792
2413
2650
2022
2739
1204
276
1602
2386
1882
2641
1242
354
1646
6
462
990
946
292
1132
1198
178
958
750
784
330
2421
1432
2382
1228
102
382
2430
2239
2077
200
2160
550
580
1470
1210
2340
1684
48
2779
2345
2048
1697
1656
1036
180
758
2527
86
96
2482
1426
38
1796
1024
1962
2041
2125
780
2220
1294
1880
2307
2201
1736
214
590
2477
2348
1774
2369
2514
1152
1648
328
2252
1352
2404
2110
2016
1906
914
1838
234
500
2424
762
2322
1280
60
1978
2107
1414
1990
2256
2189
2448
2372
1594
18
1458
754
2065
248
382
1902
3076
2104
362
654
1674
518
886
1830
2819
666
230
700
204
634
2538
188
820
2415
2610
2174
2489
338
624
212
2249
574
236
2357
890
114
2240
1342
2566
2492
650
2370
1442
2169
2222
634
728
1218
264
908
1738
910
348
2381
2174
296
2221
1882
2476
1256
622
1104
1146
2201
1856
2377
2326
424
212
470
1664
1707
2432
2093
142
920
1470
1927
2180
962
2124
2179
892
2415
2264
2424
1334
248
568
2302
1042
538
204
952
768
2068
408
428
2290
2130
2109
1863
1844
2384
1894
1506
2915
1750
30
1998
2266
1044
2281
364
406
4
1172
640
2048
2500
108
62
2501
2129
442
582
1958
2540
770
556
506
1957
1636
1982
2097
2126
2222
820
2275
468
1684
1846
936
1356
1828
1082
2644
350
784
1542
1853
2433
952
1244
882
684
2267
1082
198
158
2191
2356
12
2668
1090
1864
1442
1230
452
2114
1464
2324
354
152
2348
2088
2117
2022
906
2447
454
2235
2291
1734
134
2264
906
2182
2086
1478
2635
558
2485
1701
422
1106
1028
292
228
380
274
1382
208
2083
1792
306
398
2099
2570
1790
2435
460
492
1270
2437
130
10
116
2165
844
188
1360
2799
1730
2180
2113
1692
2789
64
1898
464
1940
1756
2512
2137
1246
2289
84
2218
926
1594
2695
58
64
366
1000
2223
1785
1683
336
2164
2266
1396
1658
296
2189
2548
1823
2276
942
632
840
2326
1202
1660
812
108
304
332
700
1436
32
1614
32
2708
578
1628
2250
2220
650
2278
1150
2026
1840
260
806
722
1790
2584
1472
2200
1758
2120
2448
2477
1020
2477
2190
2421
1674
2051
682
1766
2217
170
1462
474
1790
2148
174
384
662
1284
2359
370
2554
2425
2146
772
2947
504
900
504
1202
358
2702
2293
360
366
46
2277
1416
1624
1122
1900
1756
8
2209
2403
946
2231
2491
1078
218
1622
166
554
102
2677
2088
434
2115
842
1290
1886
2245
1574
2312
46
1122
552
418
2267
1706
278
590
2337
1794
540
2244
1484
76
1476
4
2177
1578
2020
604
356
156
338
664
936
356
398
780
1140
794
534
214
354
644
6
572
1364
2596
2443
826
1308
2084
2006
1438
1762
1418
494
2164
2230
1800
1694
1024
2002
416
2303
1322
570
792
1997
354
1176
1643
1324
2097
458
36
676
1282
138
450
1068
454
1802
2561
122
662
1118
812
660
1094
324
658
48
2439
592
1068
2765
38
982
964
738
2215
2791
2623
2692
2592
2173
1162
120
1726
2411
2829
1440
1200
362
2244
88
1174
2565
614
1914
444
2387
2748
1474
2237
328
210
270
2216
244
2032
616
2523
372
162
2058
2308
2614
2300
8
798
2448
86
2096
2157
38
928
2588
2115
2035
1516
2310
1212
1610
486
2765
2461
2150
1977
266
1348
2362
182
2295
1280
2566
1398
206
2247
2582
2574
1708
1378
2314
950
1586
790
1396
1430
906
422
520
602
1810
2252
2397
2594
714
1112
426
498
2643
390
628
2627
1316
334
276
2122
20
894
638
1904
1228
1422
1845
938
818
912
28
2573
96
1891
510
2409
766
858
1022
2240
1104
386
108
2242
688
500
2670
1748
874
422
72
2187
2265
1004
122
598
1692
534
168
1844
2447
830
1928
1915
1676
1248
254
2054
706
596
2363
1312
360
34
2365
516
652
410
1846
2328
1072
1348
558
840
1986
2273
2023
1826
968
2369
2542
1034
2547
100
1988
1204
2696
1288
2075
2556
2256
122
940
2138
4
1822
2229
1106
220
2734
2200
1108
106
2193
1844
642
1678
1058
1792
2129
1228
914
2364
592
2215
2187
1202
2038
968
624
1132
1440
2234
590
1610
2254
1460
2431
2127
376
2053
1828
2220
640
212
628
810
2663
1728
406
2265
2320
218
1820
1958
2453
2256
1802
1686
1178
1582
1792
1236
1174
1890
1520
760
922
1942
1008
2567
42
812
2676
2428
2403
2381
2314
2127
556
20
2484
560
2498
1012
1114
2269
96
14
2455
702
266
2094
234
1596
1716
2503
2390
1646
302
2586
500
2375
122
12
174
2501
2238
1698
1478
1206
18
2046
1874
2230
1416
2471
428
324
50
206
254
538
2742
1176
1458
144
2380
2187
1252
2553
178
2291
606
712
164
178
2452
2208
186
560
2552
398
574
1306
2248
1500
2326
2655
1130
286
2170
1158
2426
2308
448
1784
1972
1960
2543
366
2092
544
1392
2720
2359
618
2330
1168
1502
696
2015
574
82
1772
2798
56
1855
1008
2138
1156
1348
1126
2131
1630
2202
1685
2455
56
2445
610
2265
1194
2033
1730
364
2081
830
2178
1464
2409
216
2111
1420
820
630
102
540
1644
144
142
1108
2061
2492
2458
1611
420
2135
58
2288
2307
1232
704
2318
698
2227
768
1884
160
1698
68
1638
2262
956
2020
908
54
2155
2066
498
2148
502
1695
2251
1987
2576
142
76
2
2219
2726
2728
990
2072
2692
2168
1572
1882
1830
1156
356
1384
770
2471
1236
1958
738
38
2407
2304
328
2520
1955
596
58
154
1176
964
2210
2127
1114
434
1094
1710
1973
1672
1340
2436
722
774
74
48
552
1104
2414
2360
302
772
114
516
550
2102
148
854
1978
2337
2340
356
2503
370
840
10
2333
1656
2285
1720
1370
2335
1746
2307
2290
1694
320
1478
962
686
2608
2418
2018
1542
974
502
140
832
124
1714
2359
686
2437
354
2083
42
2610
2154
1654
1712
78
2065
858
1396
1820
2368
490
1222
2440
2176
1000
1750
2667
2379
1052
2014
186
2066
134
1166
2393
2009
1354
2090
2379
2416
482
2129
1274
1152
810
2165
1836
1866
16
2422
2384
976
334
1410
1889
1812
916
2546
2506
2298
2233
2193
1983
2285
2230
1572
338
202
960
2181
2355
1774
2258
706
2004
2379
926
888
1514
2246
2160
2200
702
2
1662
2338
64
2522
162
394
342
2574
1500
2023
362
1190
824
2146
1642
1434
2354
1452
414
2006
1246
2108
140
210
10
356
842
2353
2220
1836
1630
266
2382
420
902
2313
842
1118
446
544
2008
1436
1514
1094
26
2333
1568
70
256
2436
1904
2004
536
520
210
2196
2413
1804
324
704
1128
1950
2197
1222
2472
832
998
1956
1458
2299
2243
2050
66
372
640
1068
1154
1224
182
2707
1506
130
2395
1296
264
2646
2259
696
908
2432
322
454
638
2344
246
832
2106
1992
578
2567
2588
232
194
1142
954
1822
2250
2272
2111
1508
1638
1694
2308
1870
1132
2413
1854
1754
1933
362
974
724
1694
1236
932
2041
386
2176
2437
2286
2280
502
2227
1764
1162
208
916
314
2116
2218
2181
774
18
2629
86
988
236
1774
2228
336
1728
940
718
634
1772
1562
2358
492
1790
2589
1652
1160
64
2168
460
834
1148
2689
232
2492
660
290
1376
2656
2288
2070
62
2516
1432
1682
1202
1174
926
2625
2066
360
1861
6
2174
834
342
1788
932
694
2182
2018
1528
2
1390
1006
2215
2519
2497
904
116
1450
1961
2514
1970
1098
2376
2372
1990
2226
1971
2150
1022
730
2230
2246
2502
162
596
1758
1376
2244
2521
1680
1668
1562
1038
2671
1136
918
476
348
2458
946
1371
20
1068
634
2614
310
2270
1888
2614
2066
256
2390
2249
2557
834
456
438
1232
2643
500
2088
2294
2784
1893
178
2413
68
1142
38
2292
1526
2054
2208
2555
346
728
532
648
2613
1434
2158
2226
798
1246
2315
254
96
642
2206
2110
802
2666
2551
134
1304
1258
1900
2082
2600
922
1048
2441
212
608
1640
88
1620
2346
894
2613
64
204
2636
2467
578
1306
108
806
520
2390
226
1650
856
268
1242
2390
2496
2477
2256
2043
2587
2598
2051
1912
762
1326
1704
556
1783
2364
120
2080
542
338
1600
464
10
2400
1822
1526
2212
2121
1410
2280
1520
1936
1086
1048
84
1262
110
1502
1192
2051
556
2573
16
276
1324
2074
1414
1562
2246
608
272
2459
938
510
1776
332
540
2514
1382
364
122
2632
628
234
1614
1910
2140
614
354
1016
2158
1142
2436
1806
1166
2544
2050
610
1078
2318
2363
1648
2071
2328
688
754
2184
1440
2417
2358
2187
732
2027
2380
2242
54
242
142
102
202
2511
2717
614
2083
2614
2060
1921
2368
60
2274
662
1026
920
456
2188
840
890
1778
2178
1646
1112
2448
2409
1050
1296
2206
2197
2011
924
2114
2519
2297
2066
1682
198
140
224
558
110
2288
1324
498
1640
2295
118
1640
78
78
56
1976
578
1322
1040
2196
624
2484
1426
2610
1955
1811
734
416
788
1504
232
1156
2505
572
2330
758
826
732
2453
2288
2088
1868
104
1290
2405
1836
1726
1178
700
310
2286
970
72
2218
400
2165
322
376
1860
102
838
664
1508
1254
282
744
34
350
1258
2519
1194
1584
1068
2106
2502
2462
1326
2370
888
62
546
1118
420
992
524
2596
1174
1408
698
2314
376
432
506
620
1660
278
324
290
2444
134
528
1290
264
2347
2545
776
146
1352
2635
2143
2424
1130
372
2485
88
1356
222
2380
528
172
1286
284
190
390
110
1508
986
2056
1930
778
1724
98
1172
1338
2462
1926
2045
2142
360
1904
2303
2326
1750
2000
422
1438
2078
2359
2345
704
2152
2115
302
2327
2573
2394
730
72
58
1816
2417
744
1524
2278
196
1610
2442
232
2284
284
2403
78
2297
866
234
2638
2323
400
2421
558
146
2200
218
2115
2553
736
74
166
2416
1492
1018
2604
1396
138
2176
2426
1630
218
2592
1510
2060
1416
2553
2354
332
258
14
2448
2152
528
2387
94
792
390
1794
1256
180
552
1920
76
1996
756
950
1342
2144
1316
1178
2188
1070
1202
1020
1572
1682
156
604
1998
2210
218
66
1592
2269
1780
484
1298
2428
2372
916
2487
2029
72
2238
2581
768
2672
296
236
2178
888
850
354
980
948
378
2389
26
1964
2155
582
1778
1780
2523
2550
32
548
1584
428
2546
2137
746
128
550
180
2339
296
36
1758
636
1034
1528
1778
2074
840
1426
516
50
2471
884
2500
2133
2023
594
2265
2193
2326
764
2080
1182
648
472
2025
790
2351
240
1182
466
3319
1390
1936
160
2486
1194
1764
788
1506
116
1800
1102
156
68
2273
2088
736
800
1426
2432
1354
2276
1815
2330
2550
1696
762
1164
1972
442
1692
2224
1240
324
2359
1430
714
498
2448
2311
20
352
1942
2228
826
84
70
2703
1396
864
1600
2591
2174
2605
2267
1364
2130
2070
916
1280
666
1898
2275
2202
40
2537
2265
1040
1288
1004
1718
444
958
2209
736
2561
90
850
1134
1916
526
442
1674
1234
2393
1062
2361
524
134
2457
966
898
50
2268
1172
2449
2245
320
2358
2183
1374
1228
1010
1992
2547
834
1844
2132
2550
2246
968
6
1144
534
1080
160
210
2735
1096
1764
84
2292
1100
1568
878
732
1132
1330
2237
2038
2151
2241
918
462
574
1794
196
382
1884
928
72
48
346
812
1990
1284
2034
338
1926
1885
734
1574
780
2476
2204
2872
2263
684
308
858
1898
1482
1932
2172
628
2418
2348
368
164
1944
2375
722
322
66
2630
1032
1754
1804
1978
1576
88
1336
576
956
1362
1798
1192
500
2546
1364
2046
490
824
918
104
272
2135
8
2047
816
2137
2382
1714
2236
2021
2059
1284
1264
2434
434
2316
2470
190
700
1716
1418
758
382
1418
2750
658
2326
1985
1665
1648
2271
2380
2156
1628
1960
2310
1612
1804
168
2290
868
2652
2515
1180
1654
634
284
1780
126
1424
1274
250
424
2004
332
10
88
152
358
140
1698
496
1038
78
64
2364
290
1258
1686
2603
2463
1440
2227
1960
970
504
500
56
496
2300
336
888
1204
234
2599
214
2192
714
514
2220
1610
916
2552
1886
600
2440
2651
792
2224
648
1162
1016
2329
158
2549
344
704
1708
70
1386
266
1866
14
1370
1654
870
2181
2048
772
2485
1122
2265
266
2331
298
2688
426
1124
126
484
932
1164
448
2473
1997
2134
544
578
2190
788
1592
2484
682
1654
2498
2397
2062
2317
240
1192
1756
2032
2456
1993
2040
1995
892
490
104
2026
806
1058
22
2037
2052
770
866
374
2150
2473
2423
1370
410
460
2120
1060
508
2401
718
2002
1965
2181
1812
1550
2023
2398
616
1130
2220
1026
882
582
2230
70
2479
2644
1114
1700
770
2177
2596
708
92
2080
2158
1931
746
1659
316
2833
2003
500
614
468
290
2668
2452
738
798
890
362
2203
152
1158
2340
666
118
432
2144
1628
2450
1028
2213
1204
650
2013
540
20
556
522
2168
106
916
320
2704
848
478
2098
286
2061
2262
1869
1138
1912
884
1076
2376
2454
2273
2051
620
2213
1516
1022
682
432
2375
488
96
276
1528
2022
2071
2394
396
40
2438
2360
1822
658
1036
1412
706
282
1168
2100
1482
1110
1968
2167
2244
1983
124
506
960
2210
466
1616
2339
498
2618
622
944
414
2599
862
2428
1786
480
1468
1218
1422
2068
2054
468
328
610
1764
1232
940
2167
1964
1866
124
1926
828
360
2653
1738
2241
2177
536
2502
776
834
2643
1950
1552
2233
1809
440
1532
716
2078
1352
1226
866
2012
2544
2297
1770
2169
2310
1060
412
2300
2236
578
2349
1979
2662
1308
288
648
2039
2305
2124
1096
1418
2342
260
1761
2223
1962
1270
1832
1490
976
2160
1186
1504
1486
438
632
2499
42
36
38
2471
1594
772
1574
72
2038
146
830
2628
398
2291
1656
496
286
2233
1636
2434
1822
1976
1506
1990
942
352
2725
2418
602
1474
554
2250
714
764
2116
2305
1002
1346
2360
928
1764
10
610
1406
1076
1300
314
984
172
272
1028
1402
1128
1978
968
1096
1276
2602
2564
878
2765
2088
1946
2669
12
468
430
838
2363
1094
2219
232
2521
224
2530
184
548
2535
724
2211
1206
1058
1588
1700
436
2490
1212
554
2436
2329
2608
480
2217
130
2328
376
2351
2126
2156
474
2436
1302
1704
104
1042
98
68
2311
204
2242
182
2222
2342
510
1809
1853
2111
258
1796
1682
2265
2066
832
2146
498
2026
2093
184
2282
2080
2230
1670
1038
1929
258
2328
2276
2329
934
1276
1024
2544
400
1160
2385
226
782
2577
1358
482
84
826
432
1056
2002
454
470
2294
2394
2263
2378
2157
2272
84
1052
2544
4
172
298
2034
182
2291
750
2294
724
1122
2186
2328
1006
1452
768
352
1366
1948
1782
330
104
70
2286
690
2023
1162
2236
2717
2245
2319
1268
496
2453
550
1824
1354
62
2095
326
30
728
1592
2168
2104
2100
2130
1902
154
2041
442
1576
456
1228
902
1274
36
592
1951
484
1540
2656
356
826
1352
192
2244
1314
1982
2068
2404
2334
568
956
2352
786
1951
1052
78
1454
2274
1918
22
2552
1656
918
2060
602
2266
2163
2246
2158
2514
102
1979
360
1170
2128
296
1432
1152
334
2867
928
1590
570
270
1888
88
680
2296
328
1526
104
160
1136
2542
384
362
1128
856
58
1772
2433
112
2176
186
174
1548
1450
1368
716
1404
446
560
380
938
190
2735
1360
46
1172
160
742
1348
594
2239
2385
2348
274
2221
2262
1788
2234
454
2638
52
2072
1484
184
720
1136
572
638
120
2480
510
1230
2348
994
142
1538
670
2239
812
1978
396
260
1872
220
1280
2113
2808
2542
2141
880
742
1828
1098
450
2502
38
2286
12
318
114
184
2154
1682
596
2200
170
2277
2502
154
754
1883
138
2047
118
60
1294
2099
312
2473
380
2252
836
2180
746
172
144
2445
2230
1030
2256
2058
2608
1734
438
2361
2417
2250
2432
2289
278
2163
1876
322
322
2267
1164
1702
124
498
574
1821
332
242
246
1432
116
842
1312
1898
688
2120
106
244
666
2644
2847
1992
1774
30
1490
628
248
2296
124
1098
510
560
1556
2060
1394
592
2222
2547
2141
918
774
64
2008
790
768
688
800
738
1462
2298
2530
2318
564
24
2384
1920
1258
1702
1162
162
1565
2270
1290
2334
2344
702
572
1098
174
2336
2003
570
2111
2169
668
226
2208
1654
1842
1332
2141
2094
2158
176
1786
2184
616
106
212
950
1624
322
2144
212
608
38
2591
786
1778
626
658
2214
2289
1442
78
132
36
2011
1010
1986
332
242
394
2312
232
498
972
2021
2517
2497
6
1562
894
2094
862
2376
2571
2141
1078
1959
2055
2344
1692
2584
610
2145
836
562
612
2433
1851
2292
262
2182
2496
196
1596
1836
304
2571
1654
2154
2143
1917
752
964
1356
250
2437
574
2590
1368
156
2287
1826
2062
2073
358
188
1142
1430
2470
1982
1788
2486
2320
1946
2627
308
1988
2612
502
1724
382
2341
1624
1418
284
740
112
242
1983
2206
844
2121
156
2236
1406
502
1248
2328
1434
1980
298
1276
1546
1840
72
600
734
34
1470
1410
1742
48
1428
1876
1786
1637
952
358
1018
464
34
974
1004
1498
234
1682
434
494
212
2351
2200
1404
2412
824
1390
1300
556
690
2452
1262
2085
622
1264
822
2569
1032
1034
276
422
1748
856
2068
2180
2327
636
1290
212
66
2477
2390
72
2398
1484
2676
1032
2518
1426
2276
1418
204
34
1414
1008
490
2515
106
260
2355
390
2448
6
60
296
1240
2522
604
788
1316
658
1056
230
526
642
216
282
1424
194
1556
1265
240
2268
1916
1966
1876
166
932
448
306
1212
2314
2448
688
2176
8
2456
390
2293
2149
2303
2317
852
2497
702
964
2438
610
2176
104
1988
1792
750
658
2608
2245
2238
1913
490
2265
2124
2513
2449
2662
2942
172
2397
50
1956
1746
2260
1760
1688
724
906
26
924
348
1869
774
752
406
2069
1840
2455
1152
430
958
2238
988
654
2410
2214
1948
900
2310
2413
1664
342
510
1050
1582
2265
128
2456
1094
942
2439
236
436
196
2578
246
2675
1076
28
930
1983
2383
2309
2276
1992
1346
2110
234
588
1736
2378
2188
258
640
1756
1160
1232
134
2226
2244
26
256
1946
696
2538
1094
570
362
742
2388
1036
2258
1114
180
1474
2485
2101
2198
1550
500
556
2049
2550
956
634
1652
882
2113
1998
1048
2200
2182
116
2218
1606
2252
1878
152
1306
1746
2105
496
1722
1548
1854
1036
2606
2042
450
2512
130
2440
1742
986
2247
378
2306
2248
1762
2681
2
2085
1456
2148
2552
2284
276
202
1528
2164
2583
356
120
890
2348
2679
2490
2004
740
1884
664
2352
2541
1804
528
1842
572
316
522
640
590
2054
150
1914
1678
1264
288
976
2510
656
2397
1654
2495
212
2316
1943
1872
508
444
2066
2594
2661
1482
294
1454
2378
1943
1918
90
1840
1925
2099
48
214
292
2320
936
1026
226
2235
626
728
2212
918
402
254
2054
764
2783
2328
1098
214
2640
2143
450
1516
2164
2100
2324
240
510
946
1464
2474
2169
1984
2312
500
2373
2425
434
2135
2242
2169
14
74
784
296
904
310
2596
1914
182
192
2751
276
406
2196
2418
2561
654
656
2334
2116
1314
222
1676
1770
2602
2028
2240
56
1642
2376
168
2578
424
178
968
1224
2002
2053
2152
334
2030
2498
2535
470
2997
276
1496
872
1212
2242
1162
2244
2342
680
2544
1788
1600
2402
2092
214
148
2569
252
2144
2233
138
2068
1982
568
2416
1128
2691
1926
2018
220
98
276
962
1448
2097
1248
24
1178
2355
2668
742
1294
212
1756
1454
1214
1398
2408
2004
638
586
2
888
776
2064
470
2174
298
618
264
528
2026
344
2594
106
746
480
532
472
2866
144
2806
1094
898
2148
1464
2322
712
1536
1836
2179
354
2572
342
1968
2260
1784
598
1446
2550
12
1958
2154
790
624
400
232
1484
2486
1022
774
398
2353
1152
2466
2331
662
2089
48
188
634
1370
802
2214
1830
68
1923
1096
2510
2824
2380
1688
718
1834
2461
1454
1600
1376
682
528
2420
2319
58
1160
2382
548
1014
2026
1884
2244
2225
1184
1476
2214
300
180
352
2064
1704
462
476
1516
2587
782
2326
2680
416
240
968
678
2241
2340
2126
1262
1130
288
748
392
1266
2106
1566
1964
1796
1668
716
1874
750
808
2163
934
2366
24
820
390
52
2581
1022
1246
1716
270
1380
2577
1426
1682
1576
2367
392
1036
1940
2192
2190
2329
2070
348
872
2350
2236
1084
796
1711
2234
2713
392
2389
730
2127
198
858
784
2587
2366
1004
2217
812
362
354
1418
982
286
708
2505
2305
732
1600
54
656
2340
2451
616
214
46
432
2508
2596
818
1364
2349
1925
2234
2288
1298
1414
1678
1284
1082
388
130
2310
2482
2224
744
122
188
522
1978
306
2088
2129
256
610
1942
2200
1094
2250
2471
2041
1998
2348
714
1828
1204
2441
2288
492
2228
336
2625
2521
554
886
358
408
730
2519
2396
250
1786
166
540
2492
540
512
2447
108
782
1810
1860
2432
2739
2034
1146
1970
1962
2220
1438
448
2320
1534
244
1034
608
1574
488
938
1468
586
1052
2059
2262
2426
2248
1960
2218
14
2392
130
384
2173
710
2102
1146
1404
746
2487
2068
1492
1546
1040
1360
1622
1612
1298
978
2380
336
1430
2279
20
388
906
2458
568
2284
1694
2572
2372
852
2498
1034
684
2654
2428
380
1882
1348
1352
2293
1977
602
262
64
398
484
2560
1246
788
450
344
82
1726
1050
666
1788
330
618
2293
2149
2596
2364
1036
934
1728
1248
1214
636
860
768
204
2306
846
1768
2161
1490
632
336
348
404
652
1598
868
1544
320
812
198
56
332
50
2372
2527
1826
1004
2168
790
2380
2222
1742
1418
2153
1182
2136
1098
2561
2161
1294
712
2710
188
2369
78
2248
2190
2308
2458
1348
402
1278
1296
446
378
2417
680
934
710
1070
2318
948
2594
404
2568
406
1554
382
2152
1576
2322
892
410
454
2185
2142
2180
2683
2431
1132
2310
2411
1790
2616
904
2306
740
788
80
248
526
812
2517
98
2341
1602
2114
232
1296
1769
656
70
594
442
1414
2281
1830
126
1552
1276
672
756
1478
2314
1600
1768
824
590
228
1658
2280
480
1626
472
1722
514
454
964
2467
804
814
2445
696
2451
780
1030
2017
1954
2624
342
2535
294
1860
318
630
1024
2237
1082
1846
708
998
126
1436
520
538
84
712
318
2438
578
290
928
1072
2411
1788
240
64
1688
1554
1576
568
2379
1546
2716
676
1292
648
824
2225
1758
1246
966
2446
1586
232
2730
2310
1668
2187
42
1136
74
868
848
536
2370
344
1192
1012
1698
2828
2314
1855
252
2086
1418
1360
116
2339
1662
720
2096
1686
2391
1256
2128
1392
428
2170
2533
648
396
2108
2317
1338
174
922
1696
1140
692
448
328
1806
2585
1927
2128
2116
2588
1316
1134
1932
622
2225
394
554
1969
664
2085
806
488
2580
2152
1915
1644
570
1036
1884
1984
2178
1586
1949
2315
1778
232
2152
244
488
20
4
860
1912
2208
1880
2305
1622
662
2215
18
620
1266
2472
550
942
2583
296
2458
296
2564
1940
1032
1876
1304
480
86
1824
410
780
2231
518
98
2231
1965
2146
2240
382
2320
2100
2480
2006
1448
2128
2525
62
84
292
544
722
2488
930
2089
366
76
2577
292
1626
2306
2320
2198
1518
70
2158
388
1858
816
2374
1492
2313
326
1432
170
50
1646
2318
692
2191
1504
2624
2139
1084
908
806
584
2420
1200
1210
2282
236
14
240
1886
2282
1636
1856
1140
2066
2385
2022
228
176
248
1891
166
14
1682
436
2044
726
442
2163
2560
2028
1028
1850
1084
46
896
362
1252
1202
576
770
2083
2347
954
894
2138
2513
2460
2258
878
2116
948
1640
882
112
1338
2272
138
1078
2135
1212
1874
2720
1576
294
2384
2132
2638
462
2044
2482
2621
2598
572
1310
456
956
58
12
2282
612
1360
2281
96
2024
636
1936
248
2332
360
1504
2028
2122
1966
2142
512
2301
2446
2309
1054
1746
2128
2302
654
2423
700
2793
2228
410
470
930
1540
362
2265
210
96
184
460
252
206
820
2139
240
2558
2491
1958
1984
2425
1116
453
2345
1592
218
2190
2414
2284
360
2639
2358
1759
1174
12
726
2558
1774
2604
2647
2333
2584
652
2666
2301
2116
2550
1728
622
1360
1892
1588
2430
2483
1092
1796
1940
992
1388
488
1602
384
1046
128
84
838
990
2339
654
394
1028
620
1476
1482
1878
2062
860
172
494
986
1792
2122
1166
1092
1906
2331
2596
1044
2216
256
562
412
576
2392
1554
594
990
2297
264
130
892
360
1656
180
760
2398
1973
2119
2112
1944
294
2374
788
268
2100
1616
1662
2166
2767
376
948
686
2034
2029
2386
610
1530
2406
1032
614
2002
524
518
2665
2793
1940
1290
2658
1568
2581
1996
2786
850
920
2141
2519
692
558
1624
284
736
2380
2018
546
490
2616
350
1604
2308
1988
198
1788
1398
162
2267
1982
212
852
1446
1030
930
436
2422
2262
504
834
2442
2004
382
350
2724
2321
1246
74
2269
2350
404
906
1018
574
1628
2461
2533
2425
2278
2467
1056
1440
1932
862
2294
26
774
2492
516
2138
2263
2298
1386
2568
68
624
2278
404
78
1778
18
2312
2411
2283
2022
2451
1918
2288
1274
380
2542
2451
1914
2601
2393
1972
488
662
2341
1326
886
360
288
1194
1184
1982
1958
1947
120
800
114
602
2012
150
938
2490
1404
462
2103
552
1436
2022
1680
2440
154
524
1478
2732
342
1862
238
1108
1194
1308
2164
1218
2178
1915
152
624
2520
1700
308
1636
556
254
2597
1944
352
970
2156
894
2384
54
1128
2363
2171
1020
2424
598
858
144
2090
366
2489
2584
432
424
116
2019
792
58
2436
2574
260
604
2595
2404
992
220
160
2158
914
2062
2275
236
702
1366
1614
896
2130
336
2591
2496
2594
352
570
1150
1200
1084
2473
400
500
2142
76
2382
672
454
2015
1834
638
1468
1652
1966
2101
1242
1558
1202
1250
388
2359
1750
2228
832
1940
1184
1214
2462
544
930
728
368
918
1482
2223
326
1590
1948
2536
2414
790
2193
1994
2174
766
2559
1174
2325
1718
2394
422
1912
2495
362
1716
2177
670
2533
994
2696
1026
2312
2783
2585
2344
100
742
114
2276
1766
258
122
294
1410
1222
2230
2145
2285
650
270
2533
94
744
1744
1166
626
734
14
2340
724
1332
2039
1917
920
1314
2303
164
560
1566
2423
1806
2436
1106
2438
2008
1330
32
400
528
2567
1002
412
1788
478
2088
2531
1724
522
2393
716
2402
1334
438
522
2642
2713
940
2160
1945
282
1532
2097
2424
1358
1802
2115
2823
2197
2159
1152
2411
2436
2546
2220
758
1066
2241
2010
1827
2235
2630
2381
824
2390
784
1386
2256
524
444
596
26
2182
2282
690
1296
884
156
2348
2164
424
970
1936
1848
2068
1292
1144
2107
1988
564
1116
1600
2413
1876
12
298
2436
2334
1286
538
120
276
4
2685
2211
100
2626
920
1346
194
1060
1640
1450
72
1692
2036
244
580
1812
2022
2292
2414
1984
2737
2126
232
1072
2267
80
388
1520
674
820
60
1896
196
1188
414
1508
2734
2142
2016
172
404
1454
2330
1184
132
1859
136
1716
600
898
2547
2785
1728
904
2093
2040
1796
2394
1956
56
1374
222
1210
2164
438
2188
174
2310
2342
418
46
2088
1328
2555
2255
664
1384
2184
1798
506
1828
736
2515
1542
2720
156
2169
974
1346
2460
442
1108
1400
1284
2525
490
652
2688
628
2151
2948
2200
2364
2551
996
1138
1160
152
2261
916
1616
1198
2092
2442
2256
1990
1526
2238
2004
252
424
2600
142
808
2350
434
1314
854
2450
2266
220
828
2353
2286
2166
2372
1050
1924
58
566
274
1782
1648
742
28
886
2064
2134
52
2217
1450
446
1872
792
2441
2172
946
2290
2232
1876
1784
2570
582
2135
250
240
2449
2241
2308
1268
716
952
1316
2224
2197
722
44
1810
174
288
272
1302
794
2782
1512
402
2096
1276
1362
2306
1242
2129
760
1098
642
312
1494
2360
2256
2426
1828
124
514
332
1524
734
1132
2397
2476
144
996
2070
2765
1336
1206
2656
2480
2483
1268
1190
1782
2383
2357
534
1516
760
126
2358
310
1714
332
2176
2376
902
2276
2107
248
2185
2014
528
2776
36
42
266
2537
1300
1382
688
1310
2078
2670
762
750
304
366
1450
890
290
1827
2480
630
2656
2385
1060
40
2133
2202
1298
959
134
120
478
350
338
1096
618
686
2283
1940
2338
1758
2136
2658
814
1658
1886
2111
2383
1302
2366
298
2469
334
1336
394
832
370
2466
2129
1598
2213
1014
1916
552
1080
1342
1920
2371
2466
1138
216
2346
994
2406
58
2504
2269
794
710
1824
356
322
2019
74
1412
684
354
172
448
2010
1610
2404
654
1584
94
2140
472
420
2406
50
374
58
1006
716
428
2376
548
2499
2200
1030
346
1764
1648
362
272
2390
2056
2094
348
356
706
2129
730
48
80
862
788
2265
1902
1500
1164
48
2256
2224
1280
558
1360
1721
1090
24
2158
418
1474
190
462
608
222
92
2468
1998
218
1912
1374
1668
2544
2424
370
376
2340
2083
1050
2565
1881
2554
820
1184
2540
1736
260
2730
2431
862
156
2636
440
1995
116
148
1652
1148
966
800
2372
2102
100
1292
2407
2088
2333
562
2296
2429
2334
430
2033
2256
2338
1490
2354
468
484
1038
2600
198
704
664
1812
1204
2115
554
1004
58
78
1282
1680
1272
1382
1912
1774
1574
740
976
2617
556
304
878
1951
2824
200
34
92
2834
2350
226
398
60
1300
2030
320
420
324
836
36
260
1538
178
842
2481
2055
558
1656
136
82
206
238
382
688
766
1548
1208
2105
1094
2315
2070
2055
698
1876
196
78
1240
294
1550
1896
464
402
786
1124
90
1726
2299
924
2360
196
78
460
1648
1504
2399
2427
2181
90
702
828
216
464
506
12
2430
2511
1276
2164
2058
2682
1024
790
380
508
2386
1440
146
158
16
800
2
484
266
232
1798
100
1962
2474
686
2124
1390
1140
378
2392
2478
968
1948
2150
266
1636
2322
1454
1298
2520
2786
2355
2025
110
350
1854
1806
518
378
2519
2530
572
1208
786
124
672
428
1364
2471
336
2134
762
2114
698
678
220
2140
2244
368
1496
1308
2246
2078
1342
898
352
1806
2119
1240
334
910
292
486
286
2115
146
2440
2565
174
436
1550
632
2015
2212
2526
1708
2274
614
738
636
172
1910
340
120
596
180
1526
2818
426
666
152
1760
24
160
632
422
2992
750
64
696
2114
2328
1736
858
2264
782
140
662
138
996
2306
2505
2437
310
3077
2598
1380
2291
1386
2294
2247
1266
274
1062
822
2088
2163
2456
2625
2214
2229
770
2286
574
2322
1178
1730
2193
2454
606
2577
602
148
1630
2253
342
54
2564
2331
268
2301
746
1876
2301
902
1896
2106
2626
442
1902
2240
382
2288
2071
678
552
2171
2443
654
1024
2203
2414
1458
566
2511
446
2192
556
1472
222
1730
1796
1470
408
528
312
56
134
1114
2451
1652
2570
2174
1634
1254
464
2210
1918
152
646
2251
294
1570
2095
1836
1260
1808
530
512
2729
1572
2403
2150
1460
596
74
1640
2077
1977
940
852
2034
356
98
2424
330
332
450
2028
2173
2075
2646
2084
1276
2666
1584
1970
938
2132
34
744
966
1648
1270
2286
354
428
28
784
2466
2212
2395
894
1548
858
2470
1054
2333
402
1965
546
2674
436
2288
980
162
2122
1154
804
2430
366
1488
120
1150
376
2187
2342
764
1390
1902
146
2270
2450
600
1782
1560
488
1744
2196
730
370
2198
862
1500
1661
96
426
1881
1478
1178
2478
2511
1508
2056
2090
2251
1684
2409
2333
578
520
2874
112
1122
1398
774
404
2387
1664
640
552
92
2066
1893
1758
2160
2459
2368
2056
1844
600
1370
2109
608
1512
2458
938
776
362
1560
2342
676
1232
2487
2328
1934
722
256
682
228
204
708
2774
2146
484
1444
1902
948
926
2513
2229
1514
990
1768
2078
2337
2325
32
1646
42
522
2537
2178
186
868
52
302
430
502
2486
900
624
540
1440
1104
58
2221
224
114
2678
2680
518
2083
2237
486
2323
2588
1306
1598
2912
1380
272
508
1252
1705
2497
344
1642
864
2501
1872
12
1374
2236
1824
1763
58
2348
1934
50
648
1632
50
412
994
1008
512
1204
1440
1678
1252
2239
2502
2429
1865
1490
1939
2309
1452
46
1118
690
1736
2157
1486
2311
1890
2196
1614
2451
2475
276
2300
746
1666
2179
2511
690
640
362
1912
100
2297
2367
340
1750
2188
1504
1332
2077
772
2208
474
1010
166
904
1898
992
728
2405
620
360
1258
2137
1888
2165
1162
2153
2502
952
1146
2722
94
702
2178
722
1744
952
2545
122
2292
2641
296
2166
1556
654
236
1866
624
2724
754
1076
180
1048
848
198
368
164
340
1272
1144
2631
2398
1390
2443
1466
2178
1352
1278
2385
2085
2463
78
1196
2372
1554
1352
2278
2016
1286
462
734
1992
2061
858
824
1062
1264
2184
860
2372
1907
1992
2253
558
1092
948
2306
2199
1972
916
1190
196
1026
678
1922
2298
2229
958
2320
130
596
1754
2370
274
2072
1194
224
212
634
192
1036
594
2395
546
2455
2542
2579
650
746
1230
1076
1498
990
1096
794
148
642
4
972
2676
2639
1320
102
774
2268
2646
1690
2530
2456
28
1348
1894
1110
1704
2185
102
422
186
478
1292
600
728
2054
182
512
2406
682
2645
374
354
250
38
2735
186
2343
2378
2046
1798
618
18
1928
1326
962
2127
122
2108
2271
840
452
378
532
2288
466
1936
2062
2434
954
2386
2482
2596
1086
2199
952
2189
2165
2630
1566
1396
1592
1982
800
2051
2381
2461
1975
2194
2265
408
566
1238
2426
2181
136
2119
2795
38
100
2254
1999
2368
502
2340
2026
192
326
380
126
1136
400
2301
2959
2170
124
1164
2035
1092
1068
2332
2395
464
1962
2346
2050
774
2333
2466
2295
768
2463
1004
1205
2579
2621
2397
1110
1941
1994
2120
2991
2382
630
2334
586
74
2392
914
440
2538
2644
2256
1834
230
90
2277
1258
1812
2557
2474
1504
1374
28
428
1856
2151
2209
132
2163
792
2161
1810
1452
574
2388
644
1891
1334
934
614
2058
2376
2376
2409
210
2145
440
614
1274
2330
2119
2144
1364
262
28
994
532
2295
38
2235
1230
938
1883
22
1777
1976
1754
2107
1244
662
782
118
2038
1683
2437
110
2433
2469
700
520
1916
2097
1790
2455
2549
1634
1520
172
1052
172
898
2598
2440
1984
1950
2322
386
1238
1038
1663
1872
2393
2714
1096
206
2396
260
212
1098
1124
2140
268
2064
790
388
906
1018
1582
2163
194
700
786
1940
350
770
106
2523
514
836
2222
1394
696
100
1764
1696
2274
2495
1380
214
2342
1996
1548
762
934
108
1228
1696
814
450
2198
1992
1889
1350
1028
2051
1530
1512
1334
196
2014
1921
288
626
2238
172
1958
8
2493
2183
1927
1398
2628
1052
64
12
2168
2413
296
2666
52
2405
1058
2218
576
2363
902
2434
1214
112
894
534
2422
258
2773
518
962
2786
2391
2294
252
402
2576
1791
2397
1230
1064
2385
1076
2256
860
316
424
974
470
218
292
2519
600
1786
2433
2616
2585
2416
2568
810
2606
2809
1494
598
986
2648
2038
1913
504
2363
1953
1749
1708
604
28
736
2229
474
1524
1646
300
2594
292
2363
1036
446
212
1680
1018
82
438
390
912
1540
304
2395
74
456
666
1358
1749
598
550
530
2065
2077
76
2345
2295
522
106
1244
1436
1064
2279
2367
1286
1140
1210
2509
1252
268
1436
2241
2508
2740
2379
318
2224
2666
2272
1292
1254
1990
2287
2668
1266
2072
1104
1384
1975
236
2804
2635
2362
44
2566
2040
2159
494
752
1436
2575
478
982
2377
16
1991
318
1660
1916
374
1462
256
1640
2320
784
2440
2590
262
156
746
2264
2364
2384
624
1368
2074
494
1894
2632
1378
446
300
948
1806
2358
2776
1852
1076
364
2360
56
638
774
2874
2499
890
1750
1574
802
964
2599
874
1950
746
652
1000
1890
1062
1548
186
1054
1008
528
886
2083
258
728
432
552
732
2306
2728
1786
2111
674
2284
2009
1920
1012
132
160
2573
1016
224
2185
928
1340
432
2158
2039
1610
178
1786
336
436
2474
62
2521
2332
2488
1432
134
2193
22
182
430
40
2466
750
268
1032
1276
1937
2239
212
822
108
2388
2010
2545
1208
788
792
2440
2807
180
1212
1598
158
816
2148
1032
62
1508
20
1498
120
2140
1612
568
2055
1482
2324
366
160
2256
2280
2444
2260
114
2275
914
330
1062
1088
1222
2578
2053
1346
778
2283
326
640
2102
2247
2336
2413
2251
790
1012
2276
506
68
410
1158
704
2178
1302
58
172
2314
352
2644
2635
2749
80
870
400
1912
754
544
608
1622
1420
1916
132
376
468
2304
1228
1670
1162
764
1496
704
1576
2078
148
820
846
598
2061
1304
340
666
1698
2212
1668
168
2618
602
914
1684
1286
2726
2436
2263
2345
2424
78
704
1982
2228
2155
2337
416
2224
