1886
1498
90
1238
1558
2235
322
2389
252
866
332
1054
2175
724
2472
1370
2068
634
1756
2292
468
1296
2006
1306
1326
36
2415
110
1868
2697
2054
1050
414
1650
2270
2215
550
2362
328
2061
858
2103
1168
2336
764
554
2461
2270
1090
2381
654
252
2028
2141
2521
656
570
2102
64
750
1921
2252
2375
2156
2117
476
2499
2418
546
2544
186
2195
2036
2220
1972
2370
362
2103
1795
1170
434
1604
1982
1252
584
1464
992
2158
836
2510
1969
1949
1420
156
2091
2119
1804
2337
138
1929
2474
1406
900
318
1486
2523
2830
1074
1866
2176
2330
1930
2483
590
2580
2241
492
1460
2321
1136
54
864
2198
598
2288
2704
122
2199
2224
22
2341
1432
2370
208
1598
694
304
684
2390
1768
2378
2319
2460
344
368
402
608
266
76
2508
542
66
1632
676
2158
1046
2247
1290
1551
454
286
2607
1826
2357
492
2313
360
2077
2202
506
480
2127
1834
922
458
1116
2515
2010
2211
2576
2524
2487
1824
474
1436
2602
1588
2281
1532
1388
118
1646
1560
516
1156
1426
2210
1266
76
1702
2049
298
32
1150
154
382
2208
1310
194
1550
300
2097
2322
570
1250
1848
2691
810
2669
1800
1486
238
10
356
298
1630
932
198
96
64
596
2210
2373
1176
910
2209
260
814
1318
1282
1102
2329
58
492
48
338
2527
664
2038
1168
988
1926
446
1736
830
120
1328
966
1522
1100
2227
662
2541
566
212
902
780
2190
1640
2376
1174
2327
58
2309
2246
316
562
2311
1952
2556
872
708
1574
762
2394
1500
824
192
2425
1828
2061
2296
368
916
8
732
632
266
2219
344
340
134
2591
1795
472
1322
458
1476
356
1632
1762
986
600
2335
266
978
818
1604
498
1050
2014
1748
1819
2
1722
1584
1088
786
2674
2044
610
1112
2309
1248
2236
288
2264
794
1174
4
2381
2464
2038
774
136
2061
2175
2191
48
1412
28
806
2121
1996
1933
930
2373
1412
1728
780
1858
2240
538
430
1170
456
2336
2052
2077
1804
2447
1944
468
2332
1660
2371
1314
2672
1262
2633
188
1142
44
384
682
996
2162
624
1984
458
2313
102
2086
2200
1524
2483
418
394
2265
378
1894
2227
2248
1967
884
288
2064
1396
2629
700
2191
1370
570
772
556
2640
1622
1416
2734
2212
420
2
396
860
606
1390
2231
1884
424
2405
1516
486
2450
1214
170
984
2495
860
2417
48
178
836
2350
2425
1022
16
1186
692
676
450
1864
290
2414
256
2288
2264
426
2471
1242
1336
1024
288
1676
2433
1016
452
2189
1985
1676
1314
396
2267
2333
2388
1648
2012
592
538
48
356
1546
2487
1870
1636
2166
1579
2555
2785
166
1918
326
2426
976
2382
446
2010
458
864
864
2575
704
414
200
42
1735
206
596
2577
1258
2074
2535
146
1894
2282
2397
88
2233
1274
1358
1036
2651
2151
1028
1326
638
1704
2021
2517
508
1648
1072
2421
1018
1894
2607
808
1010
1760
2082
2322
1148
2226
1068
2046
2519
266
880
2037
944
18
2608
532
2250
1850
2162
2566
1202
98
54
2542
44
1995
2374
1594
610
2150
1134
496
2425
274
694
2498
2080
2438
1254
1182
1072
684
86
972
2144
2348
1092
106
2499
2286
2174
904
136
756
670
2746
1240
2536
126
824
318
344
2172
1094
1196
92
100
2363
2127
182
1410
242
552
574
1874
1330
1574
218
902
1176
384
2206
1638
2006
1280
2409
2527
66
234
2249
910
664
430
2395
2083
354
2469
158
1782
1392
932
2524
1206
2336
2322
1224
388
774
270
2214
1174
2623
724
326
238
1004
2066
2242
66
30
804
2022
2234
2032
1286
1048
1302
418
1306
92
2302
2306
1412
506
2789
1014
2585
2403
644
2105
2262
1881
632
496
290
152
728
390
2685
220
160
2005
674
1246
654
1422
2456
1184
2044
970
216
1190
388
2082
836
2428
2058
2218
156
1032
556
56
174
2344
2075
568
2140
1026
672
44
698
2041
272
2512
2358
1711
920
1238
1482
172
970
196
426
538
1656
968
602
758
2068
44
1280
1236
22
522
1878
2116
1224
1222
484
2587
1966
12
1228
150
914
58
2418
1384
1240
246
1776
492
1218
1494
2026
1494
450
618
2458
60
2502
40
386
1756
2306
842
248
1146
270
208
1004
1026
2020
680
1188
2724
2343
890
314
2116
76
186
2151
1282
460
722
2124
2720
842
1272
2573
2120
748
192
2009
1104
2446
1546
770
2204
1170
1434
1738
388
202
2658
886
2443
2670
156
754
428
2213
910
2540
392
558
36
1060
908
74
70
1530
1848
2229
2361
768
1148
2576
2027
2295
2320
1108
858
1368
76
676
2594
1862
26
1552
110
2123
2185
2189
1802
1908
2534
1916
542
1394
230
1658
2346
990
2389
1947
2182
112
1090
2449
400
2148
178
736
1755
1482
2679
2325
1634
2295
978
1594
902
792
2406
1978
1662
1925
616
2102
2703
330
2220
438
714
1040
286
244
2180
648
2404
1897
1380
2764
2518
1432
1364
98
1084
278
2748
2612
668
1959
132
942
1200
1656
1760
280
1456
102
582
1446
2793
1782
350
816
2461
2378
2234
154
142
184
1372
2199
1910
1196
638
726
566
544
1168
36
2088
790
888
2628
1364
2502
754
174
2370
2246
2552
2372
262
1762
534
1296
82
316
26
1014
538
2234
1144
2474
410
1510
1830
1390
948
1918
1450
1316
1028
28
2299
360
1296
1826
216
282
220
204
2563
1028
2224
2208
198
718
402
312
148
32
86
210
2073
546
730
1018
1574
1861
566
172
1612
1360
2253
642
2551
322
690
2544
184
68
1364
92
1064
4
2591
186
758
1472
294
530
2051
2083
2105
2549
678
416
662
2211
1695
850
32
400
640
2075
2353
2278
2108
1532
2086
314
2613
1382
780
736
2639
24
2469
136
592
2639
2200
2653
2344
28
1612
1672
914
2241
1320
2101
1926
2764
1960
168
804
2026
1832
30
2376
2558
1852
2535
1812
956
2122
124
1572
1506
832
374
2026
2342
1908
598
1464
1028
704
366
1794
2185
416
26
1748
1176
462
2178
2093
932
1934
1320
2443
2370
922
662
2496
1142
400
2533
1032
82
16
306
2373
1396
160
1962
532
360
1584
2156
360
2620
184
2036
716
2375
2226
2470
2644
1884
1036
1052
258
8
270
1762
510
2620
1834
2228
456
590
1570
640
450
2292
190
2248
1974
10
1374
2326
64
1022
1276
2410
696
1516
106
356
12
1640
374
506
208
2488
104
178
2074
2094
428
154
754
460
2788
252
2257
2430
306
1974
2548
1542
952
2098
2545
256
380
174
1022
2279
1486
1756
342
558
1160
570
122
1390
522
346
2294
2544
1396
1240
148
2017
1164
2371
2231
496
1042
762
1530
2470
2154
594
1152
1664
318
1667
2087
512
1032
84
2156
174
424
606
526
1302
156
2662
128
2066
2517
1544
2614
2692
290
464
644
1800
2500
1828
1926
218
130
2272
656
2732
2326
1702
108
2334
60
2598
690
120
1076
1897
340
358
398
978
1108
928
1312
1144
298
2192
1320
312
1782
1198
2114
2630
2101
2186
1236
1981
1546
1942
2331
2254
1618
1114
3273
2428
2365
2130
56
1068
1422
2607
688
1886
1298
852
2708
1178
2221
2503
2017
2120
528
314
308
2325
16
4940
580
352
730
2506
2316
56
118
472
668
1168
2356
190
178
2307
2248
162
2123
2605
658
2316
256
936
1891
2359
2372
2524
678
2523
392
826
12
2020
2391
2266
1972
1640
2107
534
1981
994
656
726
640
2498
1180
414
438
2312
2001
2074
502
1124
2120
2579
352
2661
44
968
64
2236
222
1554
2624
2262
1928
1244
1520
492
2428
2167
2532
2409
2250
2246
1746
1358
510
2694
1656
898
530
170
2687
1940
1640
2408
632
524
1486
1262
1244
1838
1100
2396
2683
2454
3004
2226
550
1084
672
674
24
354
1430
114
1186
2095
140
2359
2277
1208
2347
2016
66
1356
106
1424
2104
2383
810
2269
1638
2419
1238
2
1212
1604
854
888
154
2583
2026
2284
14
2633
1931
2279
2090
1864
1836
736
1992
1836
78
916
56
1832
234
1172
2323
1260
136
114
1348
1170
2448
510
190
894
1096
2258
2518
2103
2374
524
1096
224
596
388
1430
2185
952
782
572
1484
216
2420
2382
486
68
2177
2177
430
422
878
546
894
304
1960
2453
18
1320
878
532
30
2705
686
2659
2476
728
2359
646
2160
2269
1530
252
656
574
1000
44
1502
1578
2170
512
2407
2177
1042
2306
2127
2263
290
14
1906
2025
2077
710
128
2443
1910
138
2426
2370
176
1008
1718
1990
1316
2367
2054
566
2317
440
232
2228
184
1072
2407
112
1729
2410
2419
138
1126
2543
212
848
1738
2522
2251
430
1971
1196
788
640
1810
2666
716
1184
1276
488
1740
2582
1524
556
518
204
534
1004
2617
1938
2595
826
2119
1704
962
2324
646
530
2308
2170
1884
732
966
536
766
642
1254
1288
58
1488
148
102
372
32
380
762
384
2381
1938
2684
962
570
388
18
2218
2589
62
284
518
2850
806
740
1835
570
1922
156
2512
168
1810
2493
1236
108
878
862
2268
432
1886
1190
2258
2260
414
810
2082
2449
2062
2049
2345
230
736
416
2634
2104
2266
2240
912
2543
1856
2341
2174
2364
456
448
314
1804
1140
2767
2569
154
2165
2394
1602
2447
1890
1224
802
288
1564
2226
2328
486
142
1896
552
950
1442
2276
270
2056
2183
1358
460
336
1070
240
2202
2010
1154
276
1026
1044
430
2188
2376
2556
2375
180
1196
200
2214
8
278
414
1844
2215
768
1920
1634
2247
2528
2119
1514
1508
2125
1410
772
48
956
812
116
286
1937
870
1648
1086
852
456
2825
1968
2274
2022
984
1184
2224
658
46
314
2446
2686
1924
72
2416
616
2363
1684
2578
1918
1204
368
2395
788
182
344
2096
1278
176
2591
70
176
456
2478
208
688
2540
1206
1796
2049
1656
924
1346
2484
2681
474
1650
38
1528
758
504
828
1106
1060
356
2266
1954
2298
8
878
1344
2387
2304
1362
2465
1424
500
2250
1696
436
70
822
2354
1032
2062
2044
852
2113
972
2256
1112
254
1060
2181
406
900
1922
162
1895
1844
2633
1698
1714
898
382
2117
2418
800
2505
2270
2038
1262
2511
1608
694
1176
146
2355
1481
2237
1374
324
1022
194
2214
2545
196
2506
1933
2308
2354
2124
676
2090
2073
2278
2319
2571
1142
248
1945
2042
2485
220
1416
374
1730
2310
1336
362
2271
2084
2476
762
488
70
442
1018
926
60
2392
2222
1234
1372
1400
2246
502
716
130
2258
964
1252
1568
1266
2416
2476
560
96
658
296
2356
540
614
1310
976
2406
1792
462
2210
2004
1888
1012
348
2317
666
364
130
1922
1908
2555
712
2505
844
556
2000
44
738
2332
530
1636
508
228
1680
1330
486
2549
310
248
1974
2328
388
970
2221
2564
1014
1002
896
1832
758
338
90
412
2338
130
36
1238
1022
962
2588
2762
962
2600
678
414
276
2292
666
2460
344
954
1766
1246
314
1914
2438
872
2016
708
2404
882
1552
1704
912
2254
2248
1612
1308
716
404
468
208
2226
752
1426
1426
2813
2279
2225
608
1322
1566
1162
1024
828
1046
2068
2320
788
2506
2253
2654
1832
1098
1852
484
376
1676
768
2184
196
390
2380
2063
672
2366
64
2196
2168
2122
816
1064
858
308
68
2178
1916
1438
1124
292
814
980
448
684
2180
1198
774
8
1018
76
1738
1320
2701
60
780
2504
2056
150
78
352
2354
2621
2906
2240
1418
2410
782
1410
2409
1018
162
18
2616
564
1834
326
1244
2265
2404
894
1742
148
2313
1216
514
652
2357
1925
2644
178
1208
984
2631
1468
1116
716
736
1978
1186
1324
646
908
178
680
2081
890
476
2387
626
662
272
1620
2528
1026
1898
384
2410
432
2276
104
120
2131
242
1438
1312
2418
104
2399
2178
946
804
2136
2099
1596
2286
2693
576
2241
2905
186
1188
1989
752
580
2674
948
454
334
2180
1420
568
2379
2145
850
2441
924
2640
1582
496
308
1274
820
260
2336
1922
1609
1957
2223
1584
2399
2549
2200
2346
164
1154
1254
432
1540
578
354
2180
1842
2438
496
1246
2057
64
78
2275
296
2239
2184
258
490
688
1454
974
1444
688
2556
986
118
390
234
2120
2687
2656
420
2032
204
1274
2297
1464
1322
2543
158
2312
2220
920
1344
650
826
2120
2531
1786
774
1108
114
1296
2533
2355
1358
264
74
630
2247
2193
372
1824
450
2657
106
998
1480
516
1844
1282
464
1214
2351
26
2260
776
2381
446
482
2423
1092
608
224
416
1986
2445
2068
390
216
42
1502
498
202
1176
2646
2651
2557
2240
2201
2277
740
204
956
2180
1396
2049
2196
1650
880
2324
2075
712
778
2664
2326
2238
2657
1022
2354
2
460
1198
1976
2183
2463
244
582
92
1046
992
530
2041
294
1388
720
2608
476
662
2083
614
2466
2047
1378
2304
2568
1128
6
2412
932
2236
1958
1790
2570
2781
1575
202
140
340
906
104
1832
2468
2416
2309
2705
856
598
2657
158
690
2245
2420
2130
42
832
2020
442
1472
176
2127
1056
1006
504
2632
1554
1216
772
2002
1730
2030
76
1012
2239
2312
2579
876
1146
2024
366
2332
794
2435
2032
2218
2202
2269
582
160
706
1302
792
638
562
538
2629
1664
1554
1024
614
1544
640
622
66
1338
46
1770
848
2430
860
220
578
586
2259
316
2188
2793
2343
620
1811
1152
2397
2712
2598
666
2484
2482
1976
1498
172
2504
50
150
2079
2008
2204
1470
2048
1816
2250
132
1088
2262
1240
2089
836
2236
1928
2014
1394
820
2362
2294
2035
800
914
2181
332
1820
2377
104
1244
2340
924
324
2797
2256
2145
672
2316
1386
1414
2537
1340
1020
1408
1440
292
778
904
598
958
214
2203
414
768
2049
1202
2254
2731
224
1288
2262
506
2266
2517
22
578
758
868
2195
110
1120
820
1478
1766
998
2135
2400
1862
1186
274
1910
2286
2521
2226
2725
2548
1538
2517
2306
2092
1712
2143
1572
2204
1564
182
2402
464
1989
1116
1936
298
1806
1834
2350
2522
1846
2309
924
696
326
1760
1660
396
634
1646
84
268
1100
2233
10
2613
890
1260
218
1928
578
1480
180
1604
184
2629
2067
2026
2599
1816
1892
1362
944
346
454
1596
2006
2091
478
2475
1626
776
148
1396
352
2406
1126
2436
2004
1702
1050
228
604
2494
1996
2213
66
1696
2334
2343
288
2149
2237
2554
308
482
2060
2145
2294
864
2323
2728
192
2255
1320
2230
2095
2522
112
1602
2277
462
1366
2036
2226
2272
900
536
304
2498
2101
234
282
348
286
1914
968
192
2226
264
660
1128
1388
2596
1054
242
206
592
1210
1732
1870
66
34
2024
1066
1644
1823
228
1500
2355
1918
98
350
770
2414
286
568
1134
494
642
402
1000
1054
1696
2449
692
2650
400
2242
1830
106
1568
2329
1118
1656
2307
406
264
944
190
2402
780
1548
2447
164
2674
2373
2160
686
1508
552
808
1226
116
670
958
1965
82
486
1352
2064
142
1042
2033
2011
1350
258
402
2051
2069
2138
280
770
1834
1928
278
2258
222
112
2098
2576
2220
1328
2711
306
1991
1380
236
1586
2205
946
1979
2129
516
352
2084
620
362
1278
2602
2109
662
546
620
1928
406
1824
386
1352
464
1747
2305
922
2456
2291
2290
1834
2356
128
2695
844
762
2260
174
332
402
1952
1618
884
1684
2415
120
2039
1122
1042
988
2319
558
1594
380
1260
1572
546
110
2571
266
1694
1172
2484
1698
14
2032
608
136
390
928
94
1670
120
126
80
356
2378
2064
2542
518
472
440
380
704
1332
2329
2783
2200
2314
2283
1122
1238
1534
1772
404
510
188
2245
670
2070
500
90
422
1534
1891
2194
1410
146
2382
1850
2636
2038
1378
306
1478
1346
854
814
2309
2116
856
626
1504
1296
1900
1390
1586
552
2450
1078
218
1134
1766
1000
308
1354
792
1126
690
2167
1308
2164
2247
2312
688
2352
2034
610
2232
648
352
2222
2392
1676
714
466
1926
2214
1987
806
232
2007
36
2859
950
2304
914
2365
162
1816
440
2080
2201
1238
1332
552
162
118
1514
2674
1818
1878
2072
1016
118
1388
498
1032
340
1938
684
2587
264
2345
2466
2550
1188
206
1638
1312
2200
1188
2314
872
82
880
2098
2423
1992
516
996
2303
990
1162
432
1132
212
918
1358
2075
2489
418
2413
190
1708
2849
1740
1484
196
2356
160
2189
1674
2064
116
204
244
722
2652
1218
132
1050
944
2649
214
260
1218
682
154
2267
2219
886
1918
1314
2418
2300
1376
2341
712
2619
1048
32
2515
1274
482
2316
696
2491
1176
178
2282
1516
678
2058
1290
2525
58
2261
372
464
1460
490
684
1428
1016
2134
860
2072
1006
1744
1056
354
1998
570
156
110
1228
2052
2408
98
1616
2241
1725
2173
2250
2265
2344
2212
1102
1022
2584
1598
704
870
1883
1550
1158
1260
1348
2541
660
2520
2246
730
2089
972
2738
1042
226
2472
1706
136
2018
2429
1218
2117
1911
590
1540
1484
2487
264
2066
742
2292
96
278
2303
632
1938
1418
1254
2518
1260
642
2030
1672
2409
2106
634
944
2115
1664
1498
1192
2833
402
2398
2126
616
2378
1654
34
1962
2386
528
2300
1486
2507
2316
422
1384
1854
428
240
2734
2076
2106
394
948
2164
262
1110
148
90
2156
862
568
1478
1254
882
2502
1580
1100
1132
346
2389
888
2270
286
132
580
1118
2328
1916
1032
2222
1560
1108
1804
1390
2500
380
2220
1522
2426
1516
1472
1194
46
196
1180
1714
544
1100
2672
96
230
1934
234
94
2402
1246
1908
2200
1058
634
1254
256
1360
82
712
1922
2548
1784
2136
1204
334
1064
474
252
2116
1948
108
268
572
304
2004
2870
1800
954
492
352
1500
1254
1978
2711
866
290
2658
422
458
376
1006
870
1937
2272
272
2208
1638
2242
500
334
1872
1446
2002
1984
116
2050
454
2696
32
212
1386
238
2097
228
1986
2400
208
910
1882
290
664
216
140
1250
2481
328
14
668
1186
320
628
2151
2416
50
82
172
2075
886
54
426
1114
350
1755
318
2265
1412
136
2064
1314
240
2383
1952
2528
1444
1616
2154
996
584
352
1684
578
754
1670
2524
2257
1502
1330
290
2093
1212
2295
492
1504
290
542
1622
1561
604
1142
392
1554
182
160
718
2150
2544
922
658
2406
696
850
2612
726
586
2070
620
2111
1096
2470
1860
2594
322
1306
1927
478
342
2452
1850
2337
118
1068
100
148
1040
606
872
2388
574
1354
2905
558
2682
784
56
2292
496
1142
2301
200
16
2356
1434
592
870
1814
2115
780
1196
2277
2848
260
146
280
2212
2076
762
1998
304
2170
948
1126
392
1162
1928
2586
1774
228
636
694
1856
1544
2411
1180
146
2568
104
1288
216
1800
172
700
236
2436
1438
812
620
838
672
254
14
2523
1034
2396
784
1848
1460
1108
1534
2096
2069
396
1935
982
808
988
442
812
2186
496
884
2582
2427
654
2
500
384
634
270
152
2435
2664
376
1298
1378
2385
520
2170
344
2389
2434
2373
2262
728
300
1494
2461
2400
2151
2332
1166
2044
2046
964
2303
1588
2552
676
1348
1914
1322
1244
370
298
1524
340
692
2160
122
2384
2076
2193
1284
1248
1574
2362
2477
2145
2346
1932
1474
374
712
1536
1672
26
34
756
1662
2499
2452
542
298
1944
1164
2239
2699
2160
1608
6
952
2200
372
754
80
202
2242
410
2143
124
1264
12
786
1722
534
38
2352
1422
1634
2250
2237
2373
146
836
2082
20
2076
2080
356
2515
862
1788
548
882
2361
2464
2176
152
918
236
2092
2010
2406
714
2426
126
2248
1896
104
194
2380
232
1532
10
1182
2570
2494
540
114
150
126
1436
88
622
2506
42
352
1874
760
1176
2297
922
58
2311
900
1232
1540
258
2107
2734
120
874
1604
2045
1230
82
634
2345
2536
1216
1252
864
2435
1288
1122
624
650
2461
2468
1686
884
1248
2018
50
1020
1522
1963
836
2104
2372
492
2232
616
1568
968
1244
248
1274
2249
2415
1652
2055
130
2314
1626
126
2515
748
1192
2347
1138
664
2017
758
336
2520
534
724
932
2446
2102
288
2460
1530
2567
1210
3033
2281
2018
2213
18
98
2129
2232
138
2134
2201
1636
296
688
706
2048
2552
2074
192
1076
736
2423
758
2561
784
394
2822
902
1744
54
916
26
1632
1014
750
2128
134
2444
2568
2250
724
2539
2423
2576
2379
306
752
2642
854
2764
1722
2013
2238
114
450
1178
1636
264
1965
2823
290
1300
2620
1034
284
2090
2281
42
2359
2019
544
1368
430
214
790
2387
2382
1612
2640
1782
1668
2412
3180
2268
816
2443
626
1642
1152
388
290
370
2595
1460
720
2467
394
2417
2127
2471
1928
620
318
1174
400
1638
224
200
1268
1898
184
1234
1320
8
1696
76
896
1936
264
2080
308
1090
468
1656
1192
2397
1296
1132
1420
230
1550
1262
726
2327
2093
1472
1012
166
1874
1562
2098
1504
2011
2517
710
2154
2110
466
194
142
2163
2169
1078
2358
2318
2208
912
346
1914
1762
2382
3031
766
2518
2258
2066
458
1438
1476
1316
1440
202
2034
2254
1931
528
286
1828
556
1642
1024
198
504
2014
2012
2768
74
1724
2670
2301
2237
2316
948
52
386
210
664
956
2375
204
1274
1612
944
1428
2525
2116
88
536
1768
176
1546
2442
76
2480
1296
1264
1594
2286
190
2360
1436
510
1192
588
88
1222
90
2506
2452
1408
1030
480
126
556
1468
2342
394
2076
370
372
62
232
2198
2465
84
330
200
630
1690
1674
2862
18
1550
576
886
350
2273
250
1861
52
1042
1880
778
954
1150
2184
2507
354
1570
408
2377
464
2234
166
1032
1446
546
38
630
1236
2640
2404
140
2561
2026
104
1430
966
2162
1080
208
842
1412
898
2338
2615
578
26
1905
2340
216
2678
1066
308
2016
2120
360
52
2343
1784
2830
1570
2482
546
2188
158
746
2415
2
2238
760
1925
1314
1626
2740
178
936
1688
2140
2160
1978
1502
366
1720
1244
820
2656
826
1340
2602
2069
394
2177
256
1922
2222
2278
2277
468
1726
120
2096
936
30
376
34
1698
778
1592
1766
2390
828
2397
994
2392
548
2428
50
1786
1354
1866
374
2349
1162
1130
66
1466
762
638
48
626
2287
350
2627
2866
1400
954
122
1524
2435
2495
2283
2444
2377
1084
80
2350
1954
568
402
2386
758
262
3398
2551
2102
458
698
1678
94
2065
406
2463
1970
2270
48
920
454
1714
1925
2302
346
1456
72
1240
456
794
1150
480
2766
1840
2106
2344
202
642
988
2205
2666
1252
1536
30
1206
2078
1472
1744
1196
2604
2596
414
2600
2477
370
724
2322
2002
278
1760
992
2104
2498
568
2114
1380
2400
230
2150
466
260
1276
2490
386
2614
462
2042
1376
2830
1508
1874
794
2393
638
1818
2393
1268
2604
1730
1284
1684
1754
866
1800
1678
104
2265
222
948
492
1692
2385
192
712
1582
548
2230
1320
1626
2434
1470
2192
1898
40
2611
826
2444
1250
1004
212
2322
446
2276
586
2440
96
1308
2206
1798
514
692
2799
590
2173
1440
2042
540
416
1688
2056
40
1184
2284
2446
1220
152
2686
2228
2228
490
1082
2572
2566
1072
1338
610
848
2309
172
1292
664
1612
2140
2439
2286
2182
398
522
1318
1100
260
2311
2132
2485
2100
2639
108
1088
1568
2178
632
2489
324
2659
380
208
448
1834
1988
2473
1936
1098
2611
452
2172
2290
1180
2747
2030
318
1984
2473
1680
978
1884
2287
412
1526
1996
2391
2276
2546
2455
1546
2165
2491
2370
2022
2441
154
20
698
1732
1688
1284
1508
2445
354
2224
954
1782
1850
1274
1058
2587
2159
256
2205
2012
776
1889
460
2412
2053
350
1750
146
1240
114
1290
226
124
252
628
942
1306
2230
592
2265
2095
268
2390
110
54
1332
1406
2092
2322
32
602
470
2082
364
2358
2304
284
172
620
1140
2442
2341
796
2236
398
2860
218
2156
2152
78
1968
2188
1762
2530
536
38
1286
378
2102
106
678
10
1446
1180
138
1020
2352
216
1926
2230
1102
1720
2062
1752
2118
350
1046
868
284
2228
2493
2361
2600
2088
524
434
334
1408
2286
662
1218
492
2348
886
1112
1128
2148
1942
2100
2507
1728
1248
2400
1390
2433
2699
1874
110
2325
8
208
1538
624
2074
1460
1192
1088
1682
2091
2550
522
10
1764
120
526
726
2404
2082
78
178
384
968
1847
2035
2216
1764
604
1949
1308
1793
2207
1688
2082
2448
1422
818
2063
1022
2516
1648
272
946
1532
30
2209
898
302
220
2122
1969
1300
1112
2015
2521
690
2661
1826
1552
2230
1734
2617
890
1184
2481
348
1382
1994
2207
2041
906
1568
2067
1182
100
1598
2204
422
1216
2360
808
34
2517
2113
918
848
2319
1842
1697
2443
2186
2026
2098
2804
654
1108
582
2466
2045
2376
2003
150
1982
2147
1246
954
340
2105
2211
446
344
992
2278
214
2452
2554
1118
1662
1008
2330
2018
2446
346
774
2283
2394
1270
558
1833
1152
188
1404
1444
2237
932
186
20
1874
1300
72
128
1803
450
2159
1782
1054
1806
2098
68
2429
1252
2060
1600
2489
2284
2308
1516
2041
1106
718
2290
2384
192
142
398
1264
1062
2191
122
2423
1638
874
1692
2351
2157
1282
2608
788
152
1600
1994
1070
280
1342
114
1964
1927
2188
2208
298
132
656
298
778
2005
720
904
1861
1292
2601
2158
82
176
2566
842
2693
2497
598
470
256
934
1440
2459
840
1424
2076
520
206
1994
2311
818
664
1610
1538
424
1290
1832
1354
1098
2118
2346
2464
1310
1454
2466
550
2136
2220
828
2642
1060
2366
2256
1430
2102
1818
430
414
2222
2753
1186
3000
2150
2158
2106
1650
1596
776
1925
2756
1438
1218
2314
1646
2272
2141
400
2046
526
676
2458
1264
2337
2202
1684
2213
722
2305
588
2244
48
1326
1872
1146
1450
34
2576
742
2261
1126
2366
2252
2028
2096
1804
838
370
1150
2269
718
1996
932
424
2432
1332
646
2687
1860
1698
1942
286
218
560
1780
976
2339
322
1878
844
2160
1092
718
368
554
2348
934
726
2193
2592
2382
1108
216
2164
34
2433
2119
1476
2187
1076
2344
2428
298
902
554
1044
352
2126
2081
1060
454
500
1100
2415
1632
94
2293
1594
1354
884
2193
408
2194
1000
854
2449
1022
576
258
1446
2070
2752
448
1404
2116
342
740
1926
2068
1670
14
262
188
158
2089
714
2033
278
284
544
556
614
248
2503
344
2415
2278
360
188
1993
2332
696
148
1700
626
2541
2407
2400
2224
2451
864
2210
1820
1684
2800
2449
900
1687
2403
2446
2166
2678
2572
2408
1740
1472
2406
2403
2354
210
342
1989
2080
288
2388
2403
242
1854
1186
2285
176
572
412
2150
1974
2158
2347
440
2296
2006
2282
1100
2382
2440
1344
1622
2427
2101
2773
1736
622
1070
1518
2081
1408
2332
474
2655
2297
250
1848
952
2524
2144
1418
2512
446
710
558
1174
2607
2244
476
62
2346
2062
2255
1642
1578
872
2091
1444
1154
1172
2296
1448
2588
2213
274
2499
1172
2474
2563
1638
2282
522
846
638
476
2327
1304
1336
1967
1648
346
1114
2385
266
1268
1792
2122
2278
2404
2531
2413
194
338
2294
726
1806
190
326
1254
2232
1052
1356
374
1728
1284
664
1034
318
1184
334
2281
714
776
1496
1026
238
630
1548
1492
140
584
1990
698
542
134
568
696
2393
1270
674
2378
1388
1937
978
156
516
2383
1926
2312
1262
1814
886
2340
2428
504
1322
1074
524
362
334
2469
2034
642
2170
842
738
2330
528
960
1064
1070
572
472
104
46
846
1138
2773
1966
2766
2458
2573
2235
280
584
126
2672
336
1106
572
1018
2060
712
2342
2006
30
1626
2222
2436
1868
2306
228
1440
1995
106
488
384
492
666
1870
762
2575
1180
2505
2134
862
2173
2248
630
2075
1062
2324
1384
1512
1398
2033
2381
232
694
2329
2378
622
424
2093
2308
2136
2424
2120
2330
2013
2316
622
1734
1114
464
474
916
2364
1996
2950
2238
2330
1180
172
366
1106
2270
42
2057
1530
1666
1925
332
1420
1386
270
2380
210
2296
2038
274
1574
2433
2075
716
686
2120
2468
2462
2280
2665
2518
1300
2897
1484
1600
572
234
2175
2016
470
582
2664
1058
2488
2296
2414
1132
1398
2272
660
464
368
810
1516
1400
1444
812
1046
2401
1026
2187
916
854
2204
190
2406
1682
262
756
728
240
378
158
2234
2004
2160
1368
2316
202
2775
2500
2261
806
2136
2470
2765
1480
1048
2502
1582
2441
1584
924
1815
2182
480
14
1726
1604
254
1550
224
1238
2208
2597
164
548
324
2045
2293
76
2133
36
2707
278
2459
550
2476
1412
838
2695
630
336
2240
1030
2282
1188
2426
2580
2090
2048
1268
2265
260
1194
1834
1286
1736
586
2663
2129
740
790
518
456
2120
1668
636
76
288
860
394
454
1491
592
2239
1324
14
496
2095
2249
2187
1506
1982
2739
612
282
626
396
1898
834
2349
2362
2267
2050
26
530
302
448
112
2126
1993
1554
2271
40
800
296
2014
2130
592
1250
1766
30
1968
2194
1170
1428
1228
890
2213
384
1390
1030
926
2050
424
584
1208
2631
2040
720
628
1186
1338
2475
80
480
2155
1636
80
812
2216
1156
1604
2276
942
2272
1668
204
2311
64
2499
710
1985
2274
2410
960
1016
1116
132
2567
1218
940
162
1400
1656
22
1234
2480
1182
890
2150
722
1588
998
2362
2532
2483
938
1976
2200
1788
1762
752
1068
2026
2641
980
548
786
1260
1462
2416
1024
1962
812
2264
2218
2442
2126
216
596
2253
2239
1370
2244
1246
890
2699
536
1886
1292
2467
1496
2217
2305
254
2467
668
1094
2310
1164
2723
2104
644
2026
442
1990
488
526
1490
1949
458
666
470
1862
1280
2439
2377
2261
1760
528
556
994
1046
460
1416
792
76
1210
562
2368
2030
2431
968
1198
1362
676
546
796
1982
1424
2294
112
2688
1680
2825
1860
2330
202
812
464
2066
2320
1994
674
1886
134
330
84
938
1980
706
1888
1292
2405
32
1296
1302
2649
506
1832
1040
730
2432
1018
2668
462
294
536
454
1362
2444
996
984
798
332
2127
2363
2301
990
2230
1640
1708
314
914
260
1682
2368
270
878
444
2216
1224
2132
1920
2046
1410
2163
560
1514
966
296
340
1082
502
1922
544
390
58
852
1931
604
814
2868
72
2065
240
1214
2471
1422
2350
2479
260
84
2195
1497
228
2238
318
310
1038
2144
400
32
2548
116
96
42
1090
558
1794
340
736
1566
2199
1336
1224
2404
2505
514
652
498
52
2475
1830
2307
2322
1948
1672
1246
190
924
964
1800
846
2208
970
520
398
354
130
2819
846
1156
104
1148
1392
2358
2123
452
1120
592
1110
2454
606
1076
1808
844
190
1860
1500
1218
2392
430
1678
1218
2648
836
1977
590
488
530
1254
1114
940
8
154
132
432
1963
2050
630
1632
594
1648
2389
2608
944
2132
878
2621
696
2478
2361
3306
2135
278
2655
1424
2211
136
276
1164
1991
2503
570
1820
2628
2362
2912
862
2370
2302
2390
1236
452
626
2578
2240
180
2504
1006
2637
2158
402
2434
804
2276
1320
798
2768
850
1638
486
2526
2182
844
1738
440
1682
58
896
98
1992
808
2518
1058
2228
1166
2379
1098
2146
2348
762
2330
992
806
2491
2672
2151
1140
1776
1838
2289
1062
1502
1988
642
2314
964
1989
924
528
336
2008
1158
262
588
2133
404
1048
2716
1100
1960
1174
2225
1646
1002
2305
210
2112
1126
2446
2387
2004
2175
2734
794
1826
424
474
2014
624
1234
954
1790
1108
1290
66
2236
2149
2386
2248
1640
2324
2259
404
2122
546
2289
1012
1907
1612
2277
2330
1022
1598
124
266
2120
2566
54
2411
520
2394
2077
2361
2296
2194
228
1890
2232
2267
2278
2050
140
2255
790
346
206
386
2392
952
40
50
1224
2500
2218
2500
1881
184
2464
1918
796
1552
986
1466
2478
2353
92
2408
2007
1898
1826
868
202
596
892
2169
1867
2439
1580
568
1004
2407
2597
88
880
302
2448
88
2070
406
2096
2241
2346
1666
2569
2049
2387
400
348
2307
2368
370
1336
2860
1448
1356
2285
908
1402
16
1620
2293
256
366
2198
20
2094
1374
198
1202
496
470
1070
1984
1510
1362
2383
588
2100
2432
1236
1404
718
2420
2074
1454
2398
422
108
1380
2262
516
2372
1870
1870
626
2136
1362
2181
446
2429
1078
302
1788
1136
2339
1983
1756
154
606
924
1422
124
876
300
2140
1120
536
1380
974
2369
1394
204
2416
314
1751
1334
2281
2271
1388
1875
2322
1522
1028
852
2399
146
2096
2229
2244
1374
2373
1992
124
2059
842
630
220
102
1522
2476
286
2300
2544
2512
110
2131
1958
1192
954
2264
380
666
1114
1302
866
1076
560
2187
1326
728
2172
1160
2101
802
2180
704
188
2435
1892
18
2490
512
2668
2697
1194
2619
2606
1668
2352
2068
1218
2104
850
52
2494
1692
1778
80
492
2156
2245
2869
424
1962
408
1320
102
1890
2422
2373
2323
436
1724
2418
1984
2646
542
166
2631
1836
1260
1918
282
722
36
1928
558
2459
34
2114
1470
1920
286
262
344
698
1348
580
130
2076
108
1670
970
2004
2940
514
1048
2011
564
2542
534
366
1224
458
28
2579
2358
12
1933
1318
1808
1128
2437
470
1991
1752
1130
2189
364
1825
432
62
2582
2304
2368
2497
126
2283
2749
750
1991
2316
2611
152
712
2250
988
2616
2150
2099
1824
392
2353
2224
602
882
566
1807
1800
2543
1346
1766
86
1684
684
1806
766
1502
1738
370
2565
2184
418
2294
410
1486
1882
2226
2373
2119
2297
1596
464
752
282
2472
2551
466
2550
1248
748
1100
1334
2338
1476
2224
2180
894
2108
2657
2301
2400
270
1994
1178
1390
1568
1056
406
1192
2685
2192
938
2308
500
600
2250
504
710
948
2154
2062
2128
2008
1124
2570
486
1784
2624
1568
2286
2579
488
794
1708
2214
504
912
608
1678
1130
98
1904
2414
1986
36
2415
1348
2172
2234
986
536
1897
1028
1080
2161
1852
180
2182
256
2538
1706
1488
390
2065
1174
1272
2086
2026
2603
646
2418
790
2458
2380
2437
1076
2065
644
1122
398
1368
2354
262
870
580
126
538
476
1100
2389
100
2318
226
548
2355
1044
978
2627
2154
2640
1034
808
2147
2147
102
1010
1060
594
392
184
2591
1966
2635
2567
2600
2492
1756
678
1286
1572
1894
2340
646
6
1732
1956
2089
632
2299
250
1306
1230
2296
1542
2097
1720
380
2398
1058
2044
1210
2413
2064
834
1376
2055
32
1982
54
1702
338
604
666
272
68
2404
24
2457
1766
1312
1692
2151
2377
2631
2690
1750
2320
410
1732
588
2428
1746
1925
2262
332
2110
2108
270
1088
328
1248
688
126
2266
10
2736
638
176
2287
796
2014
132
2453
1070
2175
2410
1392
386
1306
374
584
472
166
2550
2406
1996
1826
2297
1406
660
1962
2074
962
2831
44
140
98
922
1002
598
1816
334
2188
1420
752
928
2582
1010
2063
1756
102
1842
956
2496
1164
2296
142
2320
998
2255
724
58
402
2772
2257
208
2369
1208
716
2734
2336
1350
1194
960
1556
106
1672
36
2190
2100
434
2272
626
2695
2347
28
2536
1888
230
42
1994
1616
1652
1516
2114
1498
1310
1242
254
2118
574
358
1348
1074
1432
1338
2466
1052
1670
1208
1822
2212
2422
480
96
852
2337
1398
238
436
2016
1864
1032
606
1542
2502
1494
1878
1960
1244
1198
1420
2614
1220
2104
282
470
186
1568
1562
234
2406
78
594
2216
1958
1642
1686
78
646
132
972
2236
2244
686
2433
308
1344
2052
2315
784
1724
688
248
2230
1092
472
536
2409
2548
2303
2369
2124
808
2398
622
1384
2064
662
834
2244
1240
2426
512
26
1298
2330
348
104
1690
2601
828
986
1222
212
2501
586
182
668
2347
194
302
878
2346
70
2441
600
30
1704
902
402
282
1522
1198
76
744
828
300
468
2208
526
432
1816
1468
162
2748
2158
2319
2598
1172
2306
2140
302
274
2196
1182
168
2265
482
1765
2592
1924
722
2281
1612
2758
918
676
1030
1974
1304
1962
2246
2428
438
2653
2659
1122
1478
2315
2377
2228
776
652
768
2398
1927
2240
2676
1466
864
1334
1420
798
2324
288
104
244
2030
998
516
1050
2544
2315
2445
1518
376
2050
44
2484
2154
1238
2053
336
1476
528
352
300
1032
494
1140
2573
2738
1574
26
1556
714
584
10
2578
2222
230
2694
1832
994
264
1994
696
1964
1154
2182
1148
92
2745
14
1482
1718
1702
2387
2759
2259
1394
922
1398
1841
2324
2603
114
2065
2333
160
540
1746
1804
2613
350
1312
2524
1282
1202
1120
506
84
2110
1995
2648
1242
1008
1980
1482
570
2276
2490
2824
760
1708
330
1938
1612
580
1654
2448
1412
2449
2320
150
2192
1340
592
1112
2292
438
1432
480
2845
1760
2332
1949
1981
436
20
1997
230
646
490
60
194
2629
1694
1142
88
744
1862
2024
496
1218
2363
722
2114
846
2435
458
1286
2218
676
1122
2947
784
1502
506
362
858
2220
732
2175
1638
116
2159
146
458
2293
2493
1318
2208
26
786
2088
276
562
228
2126
418
1484
708
1726
514
1244
2733
2486
1092
1492
2120
2022
844
1208
1416
2217
388
1424
2208
1744
2590
1634
2270
1938
8
1802
2307
334
2623
2156
2100
2614
1722
1983
2101
392
1430
154
1394
1834
762
1824
888
2034
936
480
1904
1034
2628
2266
582
156
2419
48
2254
2333
444
1980
1056
96
2140
2800
1402
1868
1669
66
570
1845
1710
1576
1564
1150
2180
2579
1912
2190
138
1044
384
1738
188
150
1110
894
1706
1756
1610
406
230
1634
36
2519
2613
1604
1560
2623
2452
2308
2238
1950
964
1386
2627
1320
2049
602
1290
2685
2411
2023
110
334
2334
1116
2267
2658
2283
1052
1812
2079
1760
1849
2269
2258
346
448
204
2150
2114
2138
2275
2666
2570
550
2396
2229
1258
720
1514
2444
424
788
10
706
348
2517
2201
2032
1366
190
478
1946
2648
2273
480
1630
544
720
154
2753
1644
2146
390
694
904
2714
1758
1272
80
102
906
1890
2253
2297
1234
2193
314
690
910
1092
240
2460
330
1460
494
2474
1170
2390
2744
1022
2220
2276
82
2438
866
2581
26
212
470
2560
208
2460
2161
968
1186
968
2383
1486
162
1110
1254
678
1480
2235
2423
1112
130
420
2134
1950
1142
1656
2373
2642
1797
2110
2290
620
2196
1296
2260
2439
2428
844
2171
334
2175
2593
462
1860
2152
86
2304
2198
1712
2058
976
1206
2161
1648
658
84
332
2044
452
2508
2122
1878
40
1876
2166
992
662
1575
1672
2620
216
6
1898
2208
2291
1090
856
418
854
438
1552
1462
642
1896
2904
2623
2400
1932
2246
2068
984
510
176
2869
2138
2171
2549
2466
654
50
1558
86
902
1360
2379
2175
786
2268
1512
124
1302
1664
2130
1696
204
122
2581
1450
850
2079
1250
2212
648
462
222
2266
1534
2379
1898
2052
2250
1784
2103
2446
118
852
706
2756
1574
874
2168
508
1640
286
2148
304
1156
646
2144
2003
1298
714
2526
2094
2142
1744
520
698
292
2406
2066
2108
1800
2182
1706
1224
2595
128
2570
1220
26
2564
8
1796
2438
1504
1784
2749
2114
150
1162
1618
1080
1358
4
2310
2577
250
1474
2374
1148
930
2392
554
1352
2143
430
466
1954
2249
958
2345
1428
2318
2086
204
90
464
2595
2010
2539
758
2436
1718
2250
2030
2374
2127
2804
10
1646
2313
2110
2432
1860
2466
908
2254
2206
2441
226
2124
2410
2088
1520
2239
1710
2317
808
2551
1272
2183
86
1248
1858
236
1486
786
1194
1995
732
2195
2030
2640
2172
2852
1204
762
2280
2346
1927
716
908
2466
992
2042
2441
1674
2265
1936
1382
2430
2427
1516
2347
1734
170
214
2078
1842
1921
2235
1958
818
408
2502
832
2558
2026
454
2711
1506
2553
2221
2180
1814
1662
248
2327
2391
2298
1686
2186
436
1970
730
1969
516
164
2562
2663
1794
230
2039
2332
2350
804
322
1090
2077
1220
1886
2008
568
1618
954
2127
1640
944
340
288
2532
2054
320
2314
1332
2557
906
2286
1352
1810
1284
2349
2441
1130
42
2529
166
384
336
936
2608
1162
1752
2382
1006
668
2250
2245
596
1650
76
374
1534
2485
854
570
170
302
876
2334
1324
1356
2284
1260
1318
1088
642
486
1394
552
2040
2417
1630
2020
2177
2279
2444
1670
2607
2273
2661
2546
2153
1300
2049
2251
1866
230
694
2323
1032
2404
2550
662
1580
2806
66
2275
2275
1240
2704
2009
1394
2723
84
1488
156
796
1158
2492
2453
794
1748
382
2578
2108
234
1540
1212
1678
1772
1608
872
2376
2092
1854
1876
1430
2
2309
2548
1590
2239
2357
936
1840
1918
1524
2606
122
490
250
2156
2157
772
2039
570
684
826
342
2283
2478
544
1412
488
2252
100
456
28
438
1120
138
2055
964
2124
118
274
1826
946
136
1046
620
2057
92
2795
1412
312
2262
2057
2689
2240
1024
280
1520
1724
326
256
392
2096
2336
626
88
2771
1380
286
2554
978
560
270
2020
46
1470
2616
2233
1164
432
908
2295
6
1222
2316
2152
2637
2582
2375
340
6
1714
946
612
2612
2264
440
238
1946
576
1224
1682
2836
2175
500
2378
1594
16
1390
496
2397
1242
2590
664
1660
90
2519
2218
94
2196
2198
60
506
2465
454
768
562
2284
1056
2586
1256
1040
2330
2506
2166
2124
2481
198
2446
2594
1382
2113
2462
2090
1150
2753
1426
2273
2451
306
2190
1876
2239
2545
1728
20
704
918
2389
306
2145
74
184
2078
1933
264
1970
2310
2377
706
1082
108
2169
282
2729
1570
176
1220
2290
634
102
120
1646
1796
588
556
1826
2438
2613
2586
2518
1558
2241
1390
1284
2222
2195
2345
570
134
674
1764
1552
2080
2553
2254
1086
1458
1202
1378
216
518
62
2314
2082
2210
2341
58
2196
2510
1132
156
2347
744
2215
2677
62
2028
1250
854
1714
652
1178
1040
2451
2906
718
328
2108
2306
1004
790
856
1748
1482
540
420
1024
1288
282
462
238
944
158
2507
400
1644
2162
1508
2351
278
1014
2097
2564
786
1132
776
2597
2484
1520
88
1054
2600
2149
2143
2533
2358
1951
1468
2307
1866
690
1900
648
412
676
2583
782
2262
1858
1918
2491
636
1408
2070
1124
718
444
1528
780
2142
2482
322
342
2550
2320
1498
2190
1510
286
232
2340
262
2256
1642
1943
2447
134
1784
1842
2381
602
2351
2176
2274
2022
2198
634
946
554
40
2124
578
384
2375
1370
54
2282
2261
106
164
390
2325
2440
2213
2254
1472
2280
2424
194
790
2247
2615
2618
2362
2750
172
2242
1112
2128
2012
2312
802
282
1304
2050
764
2006
1796
2129
2192
888
642
2309
564
604
2637
322
1240
830
890
198
660
826
172
1806
2510
384
44
2018
536
1784
2139
1250
2349
1604
146
872
26
1892
1376
2194
1558
1834
1326
2548
1562
768
828
2172
2307
1884
2236
784
12
916
758
370
326
2476
350
1168
2415
1148
2369
2519
2116
1582
2412
666
2008
592
1708
1979
344
2745
2553
1188
2353
2455
2118
986
742
144
354
488
232
384
1314
314
552
2065
2416
2127
842
2003
1044
1376
272
412
2281
1232
1640
474
868
1488
1050
408
660
2367
1324
2342
412
2059
1054
820
1814
1274
2324
1462
498
174
2434
1912
2315
2420
2278
2198
1448
550
2254
2477
816
1900
1408
2416
330
696
1598
88
1042
2343
278
2527
142
592
1232
2071
400
1216
548
1924
2168
2019
1828
2043
1592
674
798
814
104
82
2076
2318
940
2485
2162
2561
1102
68
2458
352
2000
1262
516
1258
1034
2657
904
2072
1971
62
1630
318
674
2206
2460
2128
798
704
1542
188
1694
774
2611
834
350
238
1102
2731
1596
1968
572
2302
1856
2039
2130
2195
1904
2028
472
98
2036
522
1930
1034
440
2465
1536
2364
2133
600
622
250
1614
300
1596
194
1808
2598
2068
686
2026
780
2544
2336
1402
288
2482
548
156
2638
776
640
2185
446
1930
28
1972
52
2483
434
146
106
2778
2086
2174
2053
1638
642
434
606
2789
1214
540
38
636
1050
1174
920
1498
538
410
2006
710
1644
2658
1588
182
2445
118
436
2192
546
1056
2088
1620
1464
2034
1402
2264
834
444
2153
110
522
18
1672
1386
2191
482
1142
308
540
2325
2306
2395
872
1418
688
2126
2065
18
2309
2693
1964
2002
104
2252
46
448
680
588
2287
492
1768
2529
188
990
2069
2503
126
1052
166
2114
644
1618
326
920
84
1605
1146
2568
1766
882
1672
1570
2432
1666
562
2282
1062
2018
1474
1718
1958
1232
444
2033
2432
344
1330
1556
1524
2466
656
2029
1562
1871
628
74
2128
1232
1574
890
1296
954
2703
1588
168
2176
1136
1638
242
702
304
562
414
282
4
234
1350
2195
174
1128
1690
2520
980
1819
2367
752
1740
1950
68
1412
454
550
2498
562
396
1076
2114
1346
1004
358
986
168
244
364
2132
56
1838
1547
2103
284
254
200
2575
890
2311
2068
724
2689
700
250
42
2159
738
1550
790
1796
1840
1996
968
2408
1634
1430
1210
362
296
2192
992
928
2210
1090
2118
1976
1090
2397
2346
1972
800
2120
610
498
1574
502
1174
2312
2646
1208
2343
1202
2143
968
2366
104
854
1346
230
76
2675
2242
1208
2469
1868
1780
1046
2186
2485
2039
1640
2534
40
2197
2135
1098
538
2187
1538
1548
1514
58
1134
2427
1616
2430
674
2241
1372
938
32
1470
2293
1256
2578
1024
212
328
208
1704
92
2166
1146
640
1386
588
2377
164
970
2516
2343
1478
2374
1232
538
12
786
2621
1318
18
2082
534
824
1498
194
1864
1714
2179
2156
1126
2340
410
814
2063
2064
802
1744
2375
472
2532
2124
2514
1658
1176
612
2126
2341
6
2453
1590
2561
574
590
226
2286
2433
130
892
2309
276
2134
288
860
2400
200
714
2573
1592
948
2124
1942
2009
210
402
2290
360
1804
756
1572
582
2743
40
164
2151
1966
2308
54
2410
1180
322
1682
2142
1020
2388
228
2030
1674
2102
2500
1196
2156
2236
224
1742
2684
1484
460
784
74
2598
708
32
314
2233
828
512
856
1342
198
478
1864
2180
508
334
408
1544
2427
2130
2659
2211
68
446
590
2050
654
430
1754
2073
2160
1194
444
300
456
650
2388
2236
238
90
430
1548
2060
2986
1480
1314
2106
728
1634
176
450
2451
406
550
394
1592
1318
614
978
976
1883
2425
1922
220
1690
2299
1580
822
236
2431
2082
1714
556
940
992
2447
1958
1128
2370
2337
1684
2062
1210
1772
1666
2378
192
1454
870
930
1082
2361
2224
544
2080
1044
2540
766
2209
2025
244
724
1038
2313
464
484
718
1986
2366
592
418
1986
34
2145
2155
896
2241
18
1772
2170
1114
1156
2060
1194
974
2347
164
2239
860
348
2739
698
292
604
2107
462
640
2006
998
790
540
1884
1962
40
418
104
682
892
2418
548
2121
1226
2267
1026
736
1918
2392
1917
2302
810
2454
212
488
2175
126
142
2180
892
2789
2554
2027
2390
436
544
370
2094
162
358
2361
1872
2378
2293
258
318
522
420
1482
984
70
2431
1208
314
2453
1572
1561
448
90
596
304
224
2260
762
1772
2620
998
3158
1542
162
2233
2435
2118
2619
1646
690
978
156
1788
2498
732
1244
1840
1576
1038
716
2264
1176
2104
212
778
2301
1436
1406
1124
2428
1070
2139
1054
938
36
810
1048
1080
2236
1402
80
106
100
344
2014
2172
570
880
1912
442
2247
1302
2570
1024
2178
882
62
2606
1794
2086
1776
834
636
1869
212
2454
1338
2667
2376
714
648
1962
2319
150
1801
602
664
786
1410
1802
784
440
1148
278
2458
190
1948
914
186
180
22
20
86
2384
2472
248
376
824
2561
1764
1196
1522
2306
296
228
1180
1372
530
2214
844
202
2474
1841
1848
84
2357
1342
1512
524
1802
148
126
2032
2134
2650
1944
1926
500
2196
2441
2252
1723
324
1874
2239
140
390
2466
2119
44
536
76
2309
1843
772
2283
1872
1316
2322
494
2377
2284
1080
2140
430
2119
16
1018
148
868
1690
78
476
1700
316
1506
220
1914
486
868
2615
572
168
724
2336
398
1420
2339
1834
590
498
412
1882
734
2483
318
2211
884
2276
1204
1772
1716
1418
666
2055
1518
170
2478
1705
2586
42
2103
210
232
2610
240
518
1022
1390
1862
1800
702
604
2083
800
1662
1148
622
2022
108
416
1734
1424
2389
22
2127
2379
2109
6
690
180
908
1728
1608
2078
818
2148
1596
1298
562
2362
440
580
838
2692
2370
900
1334
2159
1438
1951
1988
204
598
406
214
24
2582
1502
1136
130
2260
1366
2184
758
922
244
2157
430
854
842
604
2452
600
2643
200
36
2044
490
214
1362
552
80
2362
2185
452
912
1704
2509
2643
2830
970
2234
590
300
2308
2485
84
1518
2107
1682
2162
2363
2335
1452
524
2305
524
1878
124
808
308
1156
1492
962
2125
658
2130
1058
370
1230
1304
398
170
1934
1408
402
2150
910
734
296
696
2024
1850
1036
1128
1050
966
202
866
1850
346
1520
1444
1801
62
2061
2296
1830
358
450
560
2290
614
2246
2682
2461
2269
1166
450
1440
2622
1492
68
220
14
392
366
1136
2450
32
132
2178
400
2205
228
2074
1462
2124
1636
1900
54
902
1624
2387
2264
1152
2146
1980
2225
466
2748
2414
2386
1022
364
502
1570
2048
738
758
2242
116
722
2458
334
2164
1250
320
368
1902
260
2241
434
1724
2190
2474
2298
2000
380
370
2105
818
1738
2451
2379
578
2416
916
2306
936
1856
2601
1462
1662
2042
2039
48
98
184
80
1360
2255
180
200
2515
2430
1062
358
2199
178
2619
1126
466
980
1142
1888
1428
1650
192
292
2165
2551
2194
1160
670
1064
2098
2313
804
152
2024
40
84
1969
678
1770
26
50
890
2046
874
1750
2722
846
2373
2579
2173
1612
1238
2076
2321
2323
2257
2266
398
2402
2
1614
1752
1846
1310
590
1172
1964
2352
416
2298
328
2225
876
174
576
2311
448
1488
2582
2116
2328
2038
126
1890
572
786
2289
700
2015
74
556
2098
2360
1388
1072
2320
2286
794
764
1368
860
798
1026
1688
2570
2431
234
1068
2351
2471
1600
1378
2350
1022
2224
2387
2156
1848
882
2747
404
194
2388
2149
1916
1022
192
2243
1440
2553
486
160
710
428
312
864
654
1614
372
698
1957
1092
2016
644
302
2017
1156
1144
82
92
1852
582
2162
2784
2021
1616
2305
1164
946
2036
2605
2169
294
1880
1844
2154
2408
522
312
408
320
2173
652
606
708
1946
2334
362
2094
2262
104
1462
976
2480
2310
1266
248
1738
640
1262
2167
2056
2427
1740
1434
550
634
1002
8
504
728
2403
1624
2450
868
2096
356
76
1576
1524
728
2206
604
2201
762
2290
778
2184
1784
446
446
1132
2000
1814
504
762
328
420
802
1476
148
1742
2278
2771
2477
630
2056
4
2406
2007
2422
1136
2168
2276
1942
1320
296
100
300
12
2038
2584
2124
946
2148
190
2474
360
156
1082
268
1858
888
210
22
334
2493
1398
1222
336
2415
436
588
428
368
1672
288
36
928
274
1404
1984
2254
1834
620
694
950
1312
2544
2153
2535
2422
2447
978
1294
1340
380
2357
2383
654
2768
472
1252
660
2220
2481
320
2399
1548
2355
2190
788
542
1813
2472
1082
1529
238
1562
1002
1558
550
1614
158
2087
640
502
1020
744
1064
1213
704
226
594
1684
386
1376
958
2451
542
2590
816
854
2529
1680
2352
1214
628
2075
148
1346
2401
1957
592
134
1824
1218
3158
2340
2292
2792
2328
1908
1358
2521
454
368
1702
648
1808
1688
160
926
700
972
1802
2226
1964
1642
2237
2314
946
480
1392
1472
1238
2645
1244
2060
180
220
2100
1276
1692
288
1722
1686
1614
600
142
2111
1070
2250
2197
2163
2232
898
1504
2058
1628
552
466
756
1372
58
524
624
672
1708
2132
1971
1330
2547
282
448
354
2050
2661
8
930
736
478
626
46
466
416
586
1264
588
2814
2212
2019
552
178
2247
114
338
2122
882
2530
1604
1510
220
956
2098
2558
1964
356
2081
1975
796
1614
2472
2050
1150
162
38
80
1370
1148
1442
2216
2200
1458
748
1672
62
1644
2438
1400
1930
2557
126
2548
272
2369
2054
704
1314
1926
2405
2130
2315
2132
1032
438
356
984
558
2541
748
620
1248
258
1306
2138
1978
1324
1889
2503
720
2343
902
32
722
1188
16
610
2277
2281
2216
1750
628
2474
358
2636
1868
1839
2488
2520
1846
1168
668
174
2340
1144
22
432
4
708
1914
54
318
902
2258
678
130
576
124
176
1754
160
458
2184
1136
254
2176
2169
1034
928
2036
172
2738
2424
1698
2798
2649
350
2121
2736
438
2385
18
1708
388
2243
1212
832
2162
1238
474
2276
958
2360
2502
2363
800
2303
372
2085
2572
2114
2532
992
2396
1512
2335
180
1194
2831
2068
120
2132
1270
572
2474
120
648
2124
1364
508
812
248
364
1536
2375
478
1995
318
2660
1104
2096
876
852
2392
282
2101
196
3348
1294
1468
210
738
1904
262
2439
1164
2114
130
1460
112
490
2396
10
590
1758
980
456
2210
2000
742
1841
2169
296
966
2291
286
110
1380
828
2343
2455
2222
964
80
1520
454
822
2442
1914
1570
816
2029
2449
504
2421
2371
728
1042
2217
2060
1690
2648
1610
748
1924
2248
2063
144
4
912
812
828
1374
916
160
78
624
696
2198
558
894
1274
1812
2517
326
528
2580
160
174
930
1136
2499
2019
1128
2238
426
2496
80
642
2575
728
674
430
738
1064
1920
1968
1228
2378
2330
2372
352
794
2168
932
1938
2839
2527
436
1532
638
1997
2493
2660
2409
2021
694
2086
3236
2339
494
906
1142
2274
828
2142
156
110
1960
1552
2379
2621
1150
630
498
2518
2549
2537
1344
640
1198
1568
2465
2090
136
2631
426
82
106
18
30
2463
174
1282
1156
450
2356
2367
2327
1082
906
1328
630
2290
438
1116
162
1120
2582
526
788
478
1510
766
2354
1552
2564
1226
2155
2316
2237
16
114
1302
382
1562
266
2555
146
2288
1044
2062
284
746
2018
1402
2235
254
792
572
2126
290
886
1066
340
1598
618
2459
122
1148
1036
1100
1248
1971
2441
1654
2282
1138
2292
1304
1794
1388
378
262
1922
1940
1923
1002
164
510
1708
390
2620
1945
2674
980
1718
1174
350
1278
986
62
2365
2766
300
398
2577
574
126
2406
932
1593
2336
190
2603
1878
688
90
72
2472
166
502
24
2362
1667
1826
268
78
2303
268
2094
138
1920
2339
30
2082
1800
322
448
550
1892
912
2384
436
316
2454
2182
78
218
2150
2052
2872
1632
2616
772
2370
2141
2104
2194
1620
28
828
296
2542
2464
2334
830
1690
2407
1719
30
2402
410
78
718
598
754
510
1114
2202
1066
2189
2321
2493
744
2526
48
1482
346
206
2274
362
658
764
2558
2476
2265
530
218
2717
1718
2082
814
2612
2110
2233
92
1710
1528
1894
2054
1964
2147
1950
1004
1568
2293
458
444
614
282
2804
1943
884
468
898
188
1102
120
482
2228
152
42
2232
570
352
1836
2315
1808
376
2457
2535
1869
2633
40
454
502
404
278
1216
1170
64
206
2559
210
2293
2256
876
1136
2054
2471
2755
1886
1046
984
2135
66
2198
2684
1744
2257
100
56
1128
1903
2214
1620
2291
656
2207
44
10
2090
312
1018
1078
896
438
842
402
2114
1788
710
2179
2357
2101
1990
1458
1288
1754
14
2052
646
1460
766
1766
1160
2574
1406
1042
2170
2431
1262
2227
2011
322
2291
506
1326
1362
1218
850
1828
2552
1120
1966
368
2022
1188
2353
1226
16
1100
1853
1864
128
620
16
334
2292
788
568
2441
166
2505
1200
2219
1870
1746
878
660
1092
2515
738
1964
2404
1104
212
1210
16
1724
516
6
1426
2074
1274
416
1446
158
756
2205
58
2168
1636
994
2495
520
1954
660
2281
2368
2398
2286
2575
1012
2207
168
582
1404
2194
612
2187
2378
492
576
780
1732
942
2488
1780
2050
2459
1416
806
2496
1664
1668
2252
2245
180
680
674
1568
2507
416
418
716
1878
1714
2197
1947
2298
934
454
2413
1938
2144
2057
1100
2327
930
2230
1830
2186
230
388
2622
2325
1438
2272
2152
416
2605
2498
1206
1720
62
464
1732
90
650
560
2497
582
2133
616
2487
1969
2397
822
790
2267
2129
2544
554
542
88
90
2401
2571
346
2331
2480
2300
2207
2370
2062
964
2575
840
242
2455
1062
2259
314
2237
2324
1703
2052
2210
2691
2202
1234
2262
1208
2649
1204
344
46
234
820
146
464
712
226
10
2491
724
1292
58
2565
2435
1986
360
2059
430
2370
2420
2461
1682
2156
294
1817
1983
2345
322
530
456
62
1594
2328
426
184
432
466
372
854
636
1088
414
1758
586
158
560
848
2130
2069
1836
1120
158
846
582
1554
2250
2032
694
1338
2436
448
2362
1935
2098
1320
2364
1380
1734
860
2571
1226
1334
1098
2341
2370
2036
160
2335
1056
6
46
1991
2184
1168
1038
540
22
2329
2037
566
2095
2408
732
380
90
564
558
1062
1694
2013
1558
82
2200
2195
1456
2436
1654
1896
1464
530
2194
26
24
1650
1768
648
1014
486
812
2236
2385
1906
974
96
2041
564
1602
174
2050
932
1594
2793
840
1802
2359
1840
2257
966
2247
2162
2432
1804
1618
2508
834
566
2357
208
840
114
1430
2456
2272
422
1080
372
1386
2515
1560
230
2593
2369
2772
678
2368
934
2431
1000
1052
2476
1952
1046
2271
444
1824
52
2734
6
2184
374
652
2064
932
78
2519
352
2288
1642
2082
1654
1374
244
502
2366
200
1044
368
2308
2134
250
188
2580
2302
1104
576
2154
410
172
646
1860
122
504
650
962
1891
662
2049
320
1378
776
682
2328
364
1198
210
322
2085
736
32
2247
1062
2348
808
1758
450
586
1820
1638
1226
1983
676
1482
2196
2374
1582
2424
2016
224
2322
1302
854
360
2012
1348
2101
2416
1164
1678
152
756
68
1334
2100
540
32
1979
1148
248
2195
60
2187
1054
2608
224
1542
534
2285
326
2225
1834
1746
142
1748
66
2402
1090
2574
38
662
302
2388
2300
2564
2428
330
1476
1430
2056
2642
2040
1442
670
2218
880
210
208
1604
2427
988
298
2531
2739
2060
1768
2
312
2062
840
1732
2609
166
428
1212
2413
2276
2281
1326
2908
1836
2144
2563
322
1840
2090
160
2376
214
678
1172
1476
200
762
2368
2301
1158
910
448
936
432
514
1220
660
584
1992
718
358
146
92
2246
2415
1764
2476
1276
2638
2172
432
990
388
580
408
2335
788
2253
2385
1010
56
2234
1750
2056
1128
1438
2177
2662
2230
214
1906
2551
2429
1522
1386
410
2591
214
478
1486
230
1308
1356
708
1290
636
1332
2278
356
2132
1979
504
640
666
1176
1456
2594
40
1766
2135
1804
2230
1376
360
2092
18
788
56
12
2457
546
2186
986
2060
658
1712
494
766
1340
648
2110
140
2726
1993
2375
1482
2317
452
418
1370
1632
1954
856
2616
1990
2245
196
868
1334
212
2397
1256
2648
2262
2326
868
1878
470
120
406
2472
2143
216
742
1812
42
144
8
324
2530
2166
1200
732
598
1236
1624
136
1896
2222
2472
536
2077
2639
2147
2124
2493
2292
2538
2099
72
1192
2550
282
2172
330
2439
2524
228
2822
810
1446
334
30
2581
12
924
2283
806
314
1987
842
2394
2162
2140
2456
2354
1460
2493
388
2273
2377
1518
734
1730
2569
962
1376
2019
328
140
1924
2603
1788
1422
2381
662
332
490
2338
2344
1100
1938
378
2431
382
2482
856
1816
520
1582
62
1128
1888
1864
1092
2210
2707
506
636
1770
596
142
2299
2178
2683
710
1572
2178
238
1756
1746
2507
1464
346
6
1248
452
2635
2213
998
1290
2198
202
1494
2434
424
2056
2430
2394
2345
1664
1830
946
2229
36
638
2050
962
312
2685
472
78
724
2168
2801
1122
1062
1346
1062
2277
524
1250
2134
1993
610
1148
2247
1340
2201
1888
2254
84
2104
2652
1160
176
2646
1078
574
396
820
1002
36
1806
2495
2451
860
328
212
1156
2238
904
344
1881
212
2479
2250
2140
2630
2402
128
560
2443
1801
1562
1820
2130
1048
416
1620
1420
572
794
1753
1516
2455
332
1086
2364
2046
828
390
148
2251
1496
2468
1728
1112
1815
644
2158
2687
22
1478
2540
2604
1410
836
306
334
738
2358
1787
1436
1142
2056
1920
310
880
1036
1656
282
1967
478
1138
206
422
836
2475
12
2388
2844
1929
1170
382
2450
2184
430
1712
2500
1162
142
138
806
1324
2408
190
2036
680
1466
2220
2510
2089
180
336
2074
2015
2370
1825
2313
2158
686
1854
508
1250
2247
1530
690
434
24
2160
856
3117
2513
396
656
2170
2699
34
894
272
2173
2162
2593
2506
418
92
144
630
886
182
2078
100
2504
2542
1520
970
322
1424
664
2204
1440
1474
1538
896
712
996
1092
2208
2035
2442
1678
2528
2004
80
2477
696
2290
2248
410
2459
2129
754
2288
2457
1424
1894
1166
1932
106
1024
2547
210
2133
998
22
2285
2389
244
2325
816
124
2092
1298
1668
1989
1472
2490
1582
64
76
236
812
738
2231
874
2453
412
536
100
552
250
488
1756
1958
1218
1120
1370
1116
1694
364
2092
1534
2667
2541
312
374
768
1084
44
506
978
2177
2249
670
2148
1264
822
102
594
2478
72
2158
912
1788
2374
2330
844
326
2331
890
538
1790
838
906
2565
998
2312
890
262
1202
108
2474
356
750
1650
190
702
396
2644
1052
1520
1650
350
790
606
474
1638
114
234
2074
1352
96
2217
980
1018
134
2093
526
2206
902
2376
1816
626
2282
1146
2170
1200
236
1946
2358
2116
250
34
90
70
2675
2088
2324
2661
782
644
1556
2352
312
960
2272
2342
2414
2176
898
1276
2240
1030
688
500
968
1212
1770
544
1920
1078
2525
1278
1172
2548
700
1930
1610
260
2037
2016
32
1878
1826
312
344
2041
1536
1212
804
228
192
808
800
748
808
634
2298
2421
232
46
632
2204
2811
2401
2342
2368
1586
2246
2354
1936
2244
1642
2289
2606
650
2052
1726
166
2287
2636
2164
2009
358
2405
2195
2277
652
1186
238
512
2308
1276
336
2294
1400
2615
498
430
2633
2609
638
2504
52
1180
2604
2297
330
2208
1348
44
2224
158
2204
544
1928
2210
2100
2317
2189
1420
754
972
1082
2662
918
2461
564
936
1829
2449
592
52
1148
728
276
1846
114
2140
2036
1576
598
744
2516
2327
2451
228
384
1945
1328
1584
1284
2266
420
1022
2494
1584
1838
228
258
14
1184
2376
428
940
1794
2237
386
1366
2762
1054
2612
896
2105
1917
616
854
1214
2104
2456
2268
2292
1946
318
468
1726
2459
456
752
732
2119
394
454
2336
1750
98
74
24
2000
2043
1222
720
160
1090
836
136
2284
188
2672
1854
944
194
2115
2507
1150
2548
238
742
528
658
2163
2814
2180
248
2102
1116
624
2103
1350
514
628
1584
1030
2735
546
894
1564
566
1933
1400
148
816
2400
1486
456
2272
2310
232
960
1012
1288
2318
2547
522
2004
40
1556
344
1821
2295
2132
1980
2655
1604
634
1068
2084
1794
624
160
498
1336
1044
1977
1538
212
2518
798
222
514
2022
1138
156
2603
2067
1920
984
480
2002
732
258
2309
1900
402
598
2051
714
2603
1819
1646
1116
1920
2572
306
678
2600
1072
1854
1915
1154
460
2396
74
1902
2218
2030
184
238
440
1360
632
2388
124
1712
1222
2210
1392
872
2651
398
796
1042
296
1166
1152
2477
606
1446
2810
1312
172
422
614
1540
898
614
2562
2551
1788
226
2480
1218
1668
2129
212
594
1106
970
2178
278
2440
1120
498
2174
2260
1268
2310
350
1488
828
2625
446
2147
132
822
2052
96
2049
2249
2238
64
842
300
1386
1942
1813
1128
3072
1072
664
2011
654
3005
868
924
1732
1464
1648
1102
830
78
2610
2046
2241
118
2504
570
930
1214
400
2158
960
2393
246
2229
330
2721
1542
2461
820
188
2300
308
158
982
740
390
1950
2597
1747
2243
1270
2282
1182
1812
1414
860
1706
1252
2410
1338
2442
1958
24
106
892
302
994
2564
1912
1776
2476
2409
1992
954
2399
1902
2082
2109
1966
2629
478
2382
1966
1652
1128
852
2210
2202
190
2592
486
726
894
454
284
2448
2110
1744
1198
1848
36
208
1004
828
2376
376
86
260
1182
1196
2290
2002
2262
794
1768
2119
2204
714
1968
2574
2068
18
526
160
74
1920
18
500
2035
2126
314
800
1442
870
2147
2269
2243
1620
532
118
460
2327
1184
890
1795
2152
2740
2033
384
2372
2174
1708
534
1930
2140
2488
14
1244
938
1292
646
1452
2179
170
1242
2248
2288
954
2454
390
1604
1870
260
832
2266
828
286
962
2346
540
962
1742
2430
1280
828
1966
2551
400
344
2097
2308
136
326
2386
1170
2306
2443
506
1006
2109
2243
388
1736
2136
2004
1968
388
2630
1118
2679
1468
380
530
2225
2029
2600
2074
1350
218
1780
1937
2530
2692
370
2147
2511
982
368
2137
2239
2336
214
224
2233
906
248
1354
346
2008
1432
284
2681
546
178
1480
814
158
2447
274
1082
1958
2286
214
518
2063
996
926
2481
422
216
464
1488
2474
2372
548
20
2000
2505
1550
2583
1592
2339
2312
2496
2473
1636
1874
1456
416
374
556
1910
2216
28
306
2447
382
1868
1680
2076
976
554
2215
1848
1066
540
688
1522
2524
316
1062
2319
248
2180
1192
1502
1786
2216
676
992
2017
1394
468
1998
2454
730
794
2412
680
178
122
1076
736
12
2739
926
514
1866
664
2080
2341
212
1660
418
1254
154
2527
1832
2126
2551
1242
348
2281
518
922
2403
1758
2519
1640
848
70
1324
504
454
994
540
2508
20
1907
1250
1088
500
2804
250
1070
236
44
1038
2062
1338
1468
382
1140
154
632
966
592
1472
906
2099
2078
766
1146
924
1142
1676
2751
2360
2289
1014
674
666
618
1975
1274
952
1066
2274
314
848
2399
380
2354
34
1812
2419
2338
2544
1348
2036
470
2634
2335
1128
130
456
964
1194
654
1714
302
222
1132
2670
196
2106
486
2156
2385
1302
2631
1472
1012
20
2545
380
2477
496
954
2478
2418
810
2188
1786
716
2423
660
560
2239
1796
2098
2147
960
840
2439
2273
2281
30
244
2293
1854
2464
2348
2463
732
454
1026
1616
2487
2586
1016
1304
562
1203
1498
52
56
1366
1708
74
424
2371
2534
790
480
2443
2519
1656
812
1082
1296
1811
2705
52
2127
228
1705
1556
528
2336
1584
264
1078
2420
2432
2280
1520
786
1056
2529
418
444
2052
174
1548
1986
2277
2159
650
818
1358
16
1530
2099
1306
308
1294
2655
1619
818
2317
1082
1482
2280
2607
642
254
2382
2714
2448
1370
1330
428
2557
2510
2600
1466
1390
54
438
40
976
1496
2376
1948
2205
6
2628
1264
710
370
1588
1827
866
902
936
168
882
1770
918
2186
536
864
1038
1660
518
574
896
284
1972
1920
116
626
2606
1830
2098
60
904
2118
56
166
990
1630
1358
2456
2377
1946
262
2151
480
2456
2238
2852
526
2448
1859
848
88
2446
4
370
2126
992
866
2646
2552
1634
176
36
172
2159
92
1030
2473
1410
1302
1370
2038
576
1590
2268
650
990
1916
226
580
760
1130
510
2348
870
412
2399
1466
1236
1812
600
2
440
2029
2285
2618
94
136
2525
1840
1116
944
228
762
524
1068
2056
136
1530
514
2115
412
808
2
1198
572
466
1182
36
1484
2653
594
2348
2498
2574
2320
526
2349
900
2623
294
2463
2050
2111
1974
2151
1852
704
196
2260
1936
2355
1080
104
1070
2017
44
1986
2661
1098
578
1432
1874
2202
878
1036
232
562
2218
844
2233
1146
1210
1894
746
2132
520
1898
2168
896
542
1176
798
490
2470
2666
2395
2774
1522
414
1548
210
1000
2402
714
116
864
2237
2248
2
608
40
2601
22
1264
2301
1782
2256
910
1124
1724
1246
2137
2592
46
542
1366
2454
220
1990
2144
2098
1506
472
1008
180
160
2196
1144
1164
254
66
1804
982
204
286
1220
1202
1834
2229
372
2223
130
1864
982
2202
1530
1834
2897
2660
364
108
1032
62
546
2016
770
2295
1995
12
352
286
1988
836
2268
856
458
288
2343
1014
986
1114
1574
74
1712
700
394
568
2377
626
1264
220
138
484
64
1790
486
2767
2046
194
1164
2084
1688
608
2177
2317
712
2198
1324
1384
124
1094
1388
502
1554
2345
1901
1430
2456
1646
2310
1066
2423
1726
856
338
204
132
236
466
2470
510
170
2403
1676
1398
478
1066
1925
268
1272
2246
1140
1024
2784
2250
204
1072
56
966
68
1380
580
1444
2681
2604
886
874
2507
560
2079
158
810
2476
1450
1100
1200
612
2849
776
454
1172
1494
2763
1939
2248
2386
1628
832
550
454
1526
1260
2182
780
1910
2190
1914
38
1150
2202
2292
662
26
2273
2158
1584
2230
2480
130
954
190
1204
2055
826
2353
348
754
2524
578
94
678
428
494
1036
2515
1952
2186
2516
304
1106
18
2188
2218
2751
1488
1190
580
2376
286
1188
1280
376
1106
556
2284
1392
2358
2405
994
2116
1034
590
1192
2265
484
460
810
910
2129
2093
1078
1450
1770
2388
118
2390
246
218
2354
1768
410
166
2141
1472
228
594
2228
2139
388
2332
970
380
1925
1886
708
244
1896
70
1720
1336
1788
594
2102
548
386
248
1810
878
2396
2474
2224
2215
2633
1038
2293
2534
1908
2066
2144
2454
2187
1200
744
142
2421
214
348
1088
1938
214
2053
2020
206
2392
536
250
1614
1064
1124
40
488
262
1426
2236
1340
162
516
2251
1264
2156
2171
734
1550
764
638
1868
64
2397
64
774
2369
2282
1893
2154
1566
424
2159
426
1904
1374
2577
2154
952
2242
1316
1108
2570
8
1192
190
34
678
406
2435
2326
2328
1500
538
292
412
2418
566
2622
1704
2178
2532
156
1144
2275
1474
362
2190
2025
610
2217
1324
1762
2018
1874
314
604
2508
2302
520
980
38
1232
632
228
1741
1108
2012
2088
88
2452
696
1178
2193
2596
1012
1066
344
790
1280
1923
2454
2896
1960
1772
220
1882
2778
864
1508
2294
762
128
1090
1836
972
1632
720
2136
702
106
2392
1820
744
2216
2282
158
1746
876
852
1410
1582
820
1814
2
1234
2379
142
2137
2424
2034
2300
950
120
1552
2649
924
2325
1938
694
1162
452
476
1956
442
456
