1726
210
150
2274
2203
2481
1268
1328
2290
116
460
312
2436
1386
190
206
40
2204
2054
2291
1656
2451
1298
2360
818
1921
188
1078
2068
788
82
1660
1926
858
2312
914
12
512
632
1953
2298
632
538
1812
2215
1976
492
1954
1120
1488
1882
1064
1922
2191
1894
426
1900
2700
1946
2201
2385
2585
2226
2620
1062
712
1274
2458
1274
1888
1570
1602
1832
1846
2361
466
1528
1040
436
262
2426
816
2568
296
2173
1686
1582
2420
1194
40
1024
934
1976
148
938
1336
2458
958
2432
1396
682
1874
2107
1330
1182
2625
88
2600
2156
1588
550
2368
306
80
1876
2350
18
1725
1994
2287
608
658
874
2387
1408
414
766
2210
2378
418
1000
1644
52
1084
928
2592
1540
750
2342
2149
2382
84
1070
2402
2081
294
1100
1386
1574
1242
1052
806
1370
552
2123
1514
316
1188
1260
212
2398
1080
1947
536
818
700
2212
2349
526
1534
208
762
894
1794
2639
68
800
504
1580
1216
2174
2129
2426
154
2207
2618
220
1750
716
1670
2606
56
326
484
2010
2044
2020
140
2541
1922
1358
1552
1210
2685
326
834
2877
1590
78
1476
2379
158
36
2322
356
2388
1050
544
844
1442
2104
228
1890
2260
1046
2028
1428
124
2828
1692
2084
2199
2160
1518
1274
2487
1278
1914
2131
2479
2186
2150
1472
800
502
862
1484
456
1918
440
1152
1566
998
2114
2276
1944
1432
2096
2217
1088
2224
2120
214
144
112
694
476
662
1470
1996
2132
144
2219
2201
2393
824
2158
2558
1600
330
118
242
2675
1204
2493
392
2288
1392
1154
1018
2100
182
694
2178
118
1860
2311
1324
1540
340
1973
2358
1546
742
558
2254
1620
826
2114
1298
1244
208
1808
2364
2176
2209
1800
52
664
2600
740
2088
1048
810
12
130
1970
1384
2267
1062
2642
1508
230
334
926
1104
2336
1914
314
680
2566
680
996
1608
2301
254
2141
2106
2276
2122
1932
2369
2168
2347
468
2567
292
426
2281
1546
126
508
1860
2113
656
1184
1360
2255
2791
1604
824
2396
2406
612
862
378
1304
594
2413
2146
678
2312
898
1892
2164
2259
2154
2264
2468
1146
284
2037
2572
1322
1786
2206
2269
1152
1494
568
290
2227
1486
180
370
1756
36
794
2067
946
454
678
868
322
892
2538
1756
866
2456
2669
574
2506
2252
1480
190
736
380
2536
2570
2685
2086
62
946
1508
2205
916
2484
206
2460
2502
1954
2066
236
2556
2196
2496
194
324
2336
100
2402
844
2266
162
2034
168
2900
2072
2484
2666
160
364
2442
2563
542
962
114
1574
1188
1868
1334
1832
840
2274
2615
1058
2341
2344
452
266
2357
816
2317
142
1494
2125
772
2344
1918
98
712
88
1124
2066
318
1564
730
1642
2218
88
2416
2468
2422
1670
392
702
642
984
1502
1980
2393
2238
218
1694
948
2434
2444
2366
162
766
1012
1620
1454
1386
190
2195
2006
740
708
462
186
398
672
2020
2581
1452
2621
2414
80
2382
842
102
1302
332
344
154
672
2427
490
1260
1694
1198
2466
2562
110
436
118
1901
2695
2186
2158
2513
1896
2137
210
1078
1490
546
1894
484
800
1290
388
1672
546
478
1394
2612
984
2443
2313
2109
516
416
942
630
1478
2660
2120
2613
262
2632
2404
1448
2341
1937
2081
1892
1999
2678
480
924
1954
168
2368
2390
412
2340
1044
1094
2381
1844
2283
398
2250
1764
2545
302
2366
144
1228
2224
378
736
2144
564
1712
596
2512
2312
638
2113
2228
2082
1040
546
1586
326
172
928
1078
1570
2607
2412
2188
2042
1534
2535
2167
2071
2451
2178
2435
1296
2339
90
940
766
2106
1124
1364
368
1772
1186
1276
1206
686
1316
2374
366
1838
2066
26
1292
2470
2319
1212
72
992
2678
1706
2086
2060
954
2331
890
834
876
1658
498
2118
2595
412
738
274
2244
124
2301
2479
1498
2410
2333
1514
780
958
2448
1820
1374
1922
172
994
528
1260
48
92
2341
2163
1536
2378
372
1620
2004
1202
1046
174
940
1022
244
540
386
1978
1174
2008
200
626
62
392
1604
40
2489
2586
2126
1208
1868
1258
2107
2138
986
2630
1520
388
1286
2334
2433
2581
2329
2278
1420
1032
1608
692
2560
2402
2461
1162
914
2454
2365
244
2741
2022
488
550
1068
2490
1878
358
1244
1004
264
1008
716
738
620
2149
1988
188
1090
278
2491
2000
1372
884
1014
316
100
378
2149
1514
2098
152
2140
2518
2239
2508
1350
384
122
228
942
2401
742
2317
1014
554
738
1542
2676
2367
2301
1570
58
2334
550
106
1386
1174
424
172
1798
2043
1812
1512
2423
736
2233
1710
1152
2038
1970
918
1516
364
2022
428
190
2227
182
2284
958
2487
1376
100
2532
2277
724
636
232
2452
1108
2456
498
1334
1934
1526
684
412
1908
2288
1542
496
2214
1574
2413
2418
2551
2169
1118
2307
2453
788
776
634
2241
1090
2016
1016
26
558
2026
1890
2111
568
2416
628
2166
1774
170
1246
2210
1334
2460
520
2471
740
30
1965
72
2568
218
306
100
2477
1218
642
2487
2172
2271
2507
2588
2263
2231
2607
1002
378
810
2342
1982
972
2044
408
2122
1750
280
886
2515
198
492
246
622
1838
2534
10
136
1014
934
2055
1962
1808
606
186
80
746
2534
1523
694
2184
400
2370
2259
1518
1916
400
1552
332
90
910
372
794
692
2078
1552
24
504
1184
700
2505
40
2066
158
1680
16
1350
2037
2331
864
1226
150
360
1426
2273
2639
2022
116
960
292
1853
2489
54
676
1524
594
1130
434
2526
2424
992
1386
1174
1434
916
2474
790
722
2309
164
810
980
2542
1880
526
894
732
690
1742
1040
1468
490
2227
2040
2471
760
266
2420
2281
1408
2062
1748
1876
1462
1694
1918
1218
2304
1380
592
1472
366
2505
164
1348
2097
2723
2259
508
1184
2555
14
782
1924
1116
1102
724
1060
2366
2633
1558
2252
582
2459
2022
128
458
1218
2
590
1072
2202
536
2306
2495
666
300
1826
1860
798
2206
244
808
550
8
2165
2029
1404
2147
726
1248
984
2184
2463
1578
1922
2485
778
1432
2599
646
1776
1230
1646
2617
1030
152
182
518
682
2119
754
408
1688
2607
2086
608
696
2320
2338
544
258
2195
2257
1526
2244
286
138
640
2320
1492
2336
650
512
602
48
2221
282
2291
192
2121
82
2196
2599
528
800
2605
2092
1914
1580
580
1212
794
2797
1290
1152
12
204
256
1400
1276
1674
2064
1176
2122
1744
172
1350
2838
2058
816
1484
2232
1418
1298
1912
1194
332
2578
152
1506
1432
564
550
278
2229
2421
1892
2421
1434
1282
344
1939
2539
2178
1566
496
112
2298
838
380
1894
1574
1798
2519
2537
870
652
1977
2245
278
366
838
848
2339
572
1040
1696
854
68
562
1764
952
1604
658
2070
1988
1885
1264
2069
2467
888
830
600
142
932
2500
1586
2030
554
334
86
250
1929
2597
246
2453
390
2231
2604
2383
482
1108
302
2579
624
582
142
132
102
128
2368
366
1352
2005
1156
2334
2339
224
486
2186
1624
2984
1354
1854
1892
154
222
2159
2420
218
824
2437
566
1904
52
2249
2321
2331
2266
2492
1040
2644
1322
2068
1386
634
872
1120
1438
1913
326
1977
2087
2261
2442
706
2813
282
1118
1156
440
1633
4122
2669
2304
2272
2433
1606
2016
2523
2472
2075
2176
422
18
22
2342
1760
962
782
1536
2401
282
1858
2681
2326
1928
412
690
842
1024
1352
2044
184
1394
1860
2060
2330
18
1240
1852
2272
1961
1818
2426
140
2212
1198
818
196
1376
2607
674
1024
1180
2647
260
1540
2431
2196
1184
2235
398
168
1338
2045
2691
1819
42
1230
64
756
108
1670
2300
2476
324
2626
302
244
1264
522
548
1534
2672
188
1720
2185
1258
1996
968
2491
318
548
174
642
520
2416
1572
1850
1676
1482
686
2611
568
960
1176
2224
312
2182
2162
2228
932
712
574
1718
1114
406
2493
860
1958
196
462
426
2399
1468
1878
1492
2304
1798
2726
142
2196
1044
644
898
358
2452
2355
1120
2095
2227
2107
156
2305
2118
1390
1892
1136
1506
934
2138
1686
2318
2514
2598
1292
196
46
1538
478
400
2427
20
1556
612
2640
1921
1654
1500
400
114
2272
1260
2455
1304
2482
1444
2209
210
2132
1558
2376
1894
92
1685
2160
2477
352
2540
728
1254
380
964
918
992
1974
1280
2288
1252
2192
1924
2365
2573
234
2260
1448
2571
1186
34
2725
2424
2202
1806
1200
902
2050
2471
1056
160
1824
1900
2380
2231
1440
1838
826
196
2674
2052
1100
2215
2280
1666
2045
2204
2472
2244
2491
948
54
380
2596
2466
2200
2098
740
216
64
2441
2038
336
1783
1096
2624
2464
484
1920
130
2306
2211
526
554
1891
532
372
1821
750
88
2482
2054
262
2049
256
684
24
618
2830
1935
1670
2146
24
1932
2089
224
1482
168
2449
2232
432
2341
1078
2405
1896
236
708
2422
2630
544
260
2022
1140
118
182
1172
2012
546
1660
882
2281
1158
1858
2076
2474
2394
1030
1394
340
1300
2540
2483
2271
1312
1350
1268
2127
256
2116
638
160
1062
372
368
2356
734
36
2351
1022
2370
1380
510
2499
2413
2219
2490
2354
562
266
2480
1548
602
864
888
364
1798
414
740
96
1956
906
2138
382
528
2156
534
2035
82
2741
774
172
942
2455
2318
302
788
1764
1354
2355
1054
2164
2144
468
2777
2050
2138
88
724
1988
1986
94
2585
2536
286
2132
990
414
1052
404
1560
1568
2446
2335
682
2823
628
1952
2070
2525
1928
2795
246
2340
870
1638
1908
2449
1522
2272
1740
1108
2319
2057
2454
2414
2388
440
2152
2420
2111
2080
288
162
628
1296
200
628
2781
438
592
650
2516
2631
2772
208
2194
2328
1144
2335
2208
2252
1386
1868
2002
1222
1936
944
2343
2379
1354
1770
2332
816
16
220
398
2020
812
1758
2422
630
2578
2208
234
1032
2513
2063
106
1148
2173
352
42
88
1368
380
704
126
668
2218
2304
924
2078
498
44
2103
1592
432
2462
1976
2350
524
1886
408
418
2170
624
1706
1038
2591
414
2396
732
150
474
2342
2279
636
962
2246
2191
842
10
2624
1488
356
1678
1262
2162
934
38
274
2522
2270
1382
518
106
2179
2156
2252
2631
402
1386
2066
796
2408
2689
2100
2132
2336
1044
948
680
1390
722
280
1068
1048
648
1080
2455
1006
2390
582
2410
2614
1690
2675
724
1762
2292
2544
2668
1288
172
862
2228
118
1378
964
2352
534
1426
1124
2548
636
2221
1786
2244
1710
1792
2231
2109
1494
2452
1372
688
1618
2012
2084
36
1090
950
496
936
2589
1870
798
1394
2340
1012
2184
2371
1288
2005
888
1150
2325
2313
488
740
314
2354
1074
34
710
994
514
260
416
2474
542
292
1326
2287
440
2313
82
174
600
988
2126
2416
1872
134
2003
1682
2337
424
2323
596
2540
3443
686
718
1124
584
686
2098
214
2249
578
1852
878
2930
890
514
88
1888
2117
2366
1872
1832
66
1270
2638
2135
2342
250
586
2189
986
2404
2724
274
2182
340
1767
1414
1742
2401
1078
398
1112
804
2330
2550
1962
1740
756
2307
512
808
8
2266
626
1548
2327
2260
636
524
2341
2089
2287
2164
2245
2119
1548
668
50
1446
1981
1756
128
600
1982
70
2194
2470
330
1638
1736
28
382
2203
2520
2495
1288
1030
808
756
90
2414
198
2402
620
386
652
2393
2291
2552
2566
1098
1084
2030
934
866
2578
666
8
254
2554
2074
2285
1344
130
2753
432
64
976
450
2534
2193
184
788
1976
342
208
2538
1656
2047
2020
2506
952
92
298
2236
36
1872
64
2126
1326
1142
2212
1926
1492
2650
242
306
780
1370
664
2208
1720
2111
388
1062
2048
788
1196
54
1350
2531
1076
2366
480
28
978
950
260
2151
1074
78
2585
2288
2759
2080
1450
596
532
640
2419
658
2031
2580
250
428
2371
1361
2627
2461
412
1756
2554
2566
140
92
2172
1388
1408
510
2072
744
1720
206
1016
2128
2246
358
2846
2293
1540
2239
2733
978
274
2175
2153
180
1174
980
874
1832
528
1150
54
2535
2021
456
1330
1094
846
54
2449
2653
1460
2179
2528
1536
508
716
82
2124
2224
1544
950
1888
1470
1106
2692
898
2259
1422
2526
882
1536
2270
1212
1140
1980
2118
1024
1008
1925
1234
474
1933
1464
1294
472
1784
882
1628
1454
2661
1544
2919
2252
288
2568
732
2014
1877
1654
2371
1238
306
1727
1951
202
814
2351
2642
2826
2743
1490
638
256
494
208
2518
2130
1416
2135
2118
1514
2372
316
1250
680
1808
2006
210
2052
86
1640
2022
2388
2384
742
1070
1254
1340
2456
1702
2532
152
2498
1410
2359
1847
898
1118
2413
2122
1928
16
598
248
2458
1394
2037
1094
408
1770
2064
2370
692
272
2602
114
1160
2301
576
2306
2551
866
2417
2715
890
2646
1692
632
2020
1718
1382
772
2350
1590
2053
1118
550
236
154
2132
452
350
1668
2464
2408
290
2619
624
2566
14
1916
458
264
2108
450
1418
2184
1592
1326
138
2409
574
850
856
2200
1160
210
2080
2235
2742
360
2447
206
2506
1180
2192
1680
310
1380
2088
838
1562
754
840
2246
2536
2737
702
1040
608
324
662
1590
322
530
2066
2236
1002
506
2348
618
2122
728
2316
690
2340
716
208
760
672
662
74
496
2420
674
2604
658
1636
308
470
290
640
208
1308
2226
112
94
640
2515
2424
2086
634
2346
2434
1488
2461
1798
696
2510
2599
586
2277
1050
424
2203
2632
2424
2166
2099
2242
336
1342
656
568
1420
50
240
484
2525
488
1746
412
2044
1761
2480
774
128
1190
2444
508
2511
2550
32
2226
1082
2400
1252
618
1312
2425
1120
850
824
2199
6
1114
40
1726
2225
1448
902
2012
692
2112
1242
1516
2434
398
2514
846
350
2343
2585
2570
2518
1416
2448
1372
342
2470
2238
1804
146
1002
1674
1390
682
1754
702
570
1348
98
212
312
1330
682
2206
2289
996
838
1502
2278
1570
1994
1772
2142
378
348
748
916
1700
1318
2194
1416
542
1314
2414
2389
226
2068
1468
1010
338
1416
2250
2471
276
2088
510
160
798
2343
248
160
970
336
1338
792
1826
2460
1112
2292
2270
1906
2246
638
278
2463
1446
1735
462
330
1990
1874
2110
1300
210
386
256
1700
400
48
2462
1096
2304
2179
236
774
2343
886
264
2356
2166
2207
68
714
1354
2211
1312
2190
2256
1704
2298
602
596
1534
138
1210
550
638
620
80
2187
2241
458
1352
2002
628
1805
674
928
2406
1272
1654
220
24
142
520
1688
2044
52
692
590
1116
2301
2213
2016
2209
2324
240
2199
1990
950
2529
2558
2077
832
758
2407
2224
2297
2148
2225
582
636
2338
1881
1028
606
2008
1824
24
704
2193
326
1644
2425
2419
2484
1252
2240
1106
1866
216
1762
102
2259
616
2419
204
2295
2389
1989
1426
2136
180
1124
476
240
420
1634
1402
104
568
470
68
2344
2422
2443
614
520
1912
698
104
336
2813
1040
256
1922
1186
1642
1410
2222
2202
2203
594
2438
2345
1896
2135
1904
768
80
724
2501
234
256
1066
1722
174
608
2134
842
2032
2302
1352
2796
912
250
1244
622
286
642
2531
1290
1152
1264
456
2042
1720
642
190
1138
292
1931
1650
870
512
1008
242
1166
1140
672
2335
436
2309
2116
594
1814
1556
432
2741
578
670
1072
1368
734
774
668
1818
1318
2444
800
80
336
1726
2082
1925
2499
1794
1042
1582
1714
480
714
652
578
536
2709
542
1908
930
978
708
56
1792
2712
794
580
2359
142
602
2347
2414
1344
774
514
802
1390
1216
1310
2284
2382
1032
986
596
142
582
2792
1408
760
2533
2343
1038
1488
612
34
752
842
1486
2515
484
1814
642
100
2284
2276
768
2192
60
114
1186
764
932
240
926
1492
2110
1696
2400
1384
2354
1566
256
2257
2329
508
2383
1790
288
2016
1052
330
2118
834
334
2204
1080
1426
936
1640
478
2674
2436
1460
1788
1920
2169
18
104
2585
1112
110
600
1494
564
1054
2095
324
686
1963
2019
2334
2377
814
798
114
2264
522
540
2502
364
2026
2158
108
1066
1088
2154
518
2343
68
2435
556
1528
1604
1566
2541
1992
2133
238
2523
2198
1728
772
2442
1110
270
1530
848
2087
2121
204
228
2238
822
658
1676
1922
2359
164
1190
10
1934
1228
648
2519
32
2239
770
1904
1054
1176
670
1818
2267
726
1232
662
2618
2402
1970
238
1644
1832
1973
1924
70
1360
1120
2204
288
2160
2537
2166
1868
880
518
728
298
1524
164
1210
1980
1080
2250
2210
2035
2464
2152
1738
2395
2332
1676
2225
1946
1594
2069
2360
834
260
176
540
286
2137
612
1206
1622
2694
2493
1010
2015
532
26
2611
962
1952
1498
2264
64
1962
340
2476
162
868
2434
76
498
2397
2345
2335
1186
174
1496
750
2148
2300
2078
2040
302
2050
720
454
2108
1094
2176
558
972
62
788
346
2494
2171
862
138
2656
2418
2056
1436
2228
40
756
218
764
156
606
24
1224
2100
536
2050
2036
2845
836
904
46
264
1670
166
1354
2175
136
812
742
1014
2227
2226
488
2101
376
2519
1256
2287
844
2642
2558
2132
794
488
868
2360
14
1646
692
2318
1098
384
1866
2400
8
448
2957
80
300
1340
1952
1104
704
2103
2432
1316
2243
2514
194
78
18
670
554
796
304
1546
456
2251
432
2098
1972
1368
304
2669
720
770
208
2394
308
112
2008
2586
2223
62
2778
2268
2238
410
410
712
524
96
620
1392
2402
1648
2465
2461
1298
1562
838
2797
1880
468
2019
1584
620
2364
1893
2049
548
1088
2044
2313
462
2656
604
330
870
500
1907
562
2026
902
536
2120
1062
1954
904
584
94
586
174
920
2341
1626
1562
2576
2111
2091
2323
186
2218
2717
2312
1798
670
2313
192
396
1864
2130
102
390
1032
300
2275
2423
2583
1800
2266
572
2412
1186
292
2583
1692
74
58
1260
594
2432
716
718
2074
482
722
274
2224
2573
1436
2218
2627
686
2270
2156
2498
258
2010
2182
884
1294
2230
700
306
2604
2486
1412
670
820
1831
2304
1716
2092
884
1158
2041
2219
1072
2629
718
2229
2236
396
228
1884
1284
2491
1870
1570
618
1402
442
2076
926
2602
2241
880
2392
2697
2056
350
704
1156
1590
1939
2198
2492
2444
1250
2522
2394
1066
2112
1192
462
2487
278
2412
754
938
1376
2075
2362
386
168
2178
1748
506
82
914
2696
18
188
580
784
2260
638
2646
194
2282
1550
2084
2620
308
1784
1478
2161
1652
1639
2282
1780
910
1492
2375
1880
2351
2036
2522
2336
546
40
70
2127
346
398
2620
2721
2512
246
958
364
2507
1838
652
1032
1400
1424
1694
218
506
2185
116
2318
2246
2224
2488
392
2492
662
2106
782
314
1486
2080
1932
2568
1450
218
160
452
1414
238
2956
2284
2236
2307
176
150
1440
36
978
82
506
180
1474
1898
2007
1290
1578
1554
2301
2302
1444
308
404
1172
2337
2000
1252
1342
1688
1202
894
1304
1888
236
460
2430
2298
1562
234
2509
1994
780
734
2300
2292
2430
138
2389
1968
1284
1076
2419
1062
1414
2452
276
358
76
2452
1696
1712
1818
2332
2290
10
2110
1128
52
2112
2228
1026
996
1764
1876
656
2090
656
1490
328
388
712
2078
792
2008
2064
1020
1114
332
1068
226
2119
2248
652
82
992
2404
1568
2534
610
1232
614
1588
1706
2040
122
6
2583
2342
732
454
2056
1326
2245
2566
144
438
444
302
2304
2268
550
1940
72
170
382
544
2217
744
2376
1876
2296
2071
964
2109
2442
404
646
1384
2040
2242
1490
2117
1810
2337
2421
1212
80
846
1901
878
1148
2364
160
1995
1400
298
488
1270
156
2255
2460
2138
2187
554
1524
630
2555
76
852
1038
742
2221
1686
2507
2578
2416
288
2304
2181
1012
376
1913
1032
2751
2172
2578
506
2293
1514
2261
1730
1176
2358
482
480
2141
82
2610
1106
928
24
1332
1720
916
1817
56
1626
2102
966
1234
1849
72
2021
2655
2248
1046
2270
1670
728
1714
2521
2036
796
2366
1088
1852
2367
1242
854
776
2221
2065
52
1962
100
90
2419
48
2194
2471
2053
2285
2368
2253
2275
560
1170
2211
1230
92
1404
704
1350
280
1912
2783
398
2143
1740
72
176
818
124
1052
2496
2569
1272
874
1885
242
720
908
1018
2077
414
2110
1572
2598
2284
2362
1004
2698
2170
342
544
1614
2557
316
2176
1510
1016
1648
1454
1368
472
742
2022
1068
2211
2365
1284
1684
2463
2074
1830
808
2319
2844
300
1504
2214
204
1140
1532
1402
66
2286
100
1386
1990
1014
1090
2032
2171
1949
2275
2407
2447
1142
60
2230
2244
2394
928
2252
2352
794
1090
770
2048
932
120
866
750
2382
200
2618
2470
1942
1102
2553
1222
978
274
300
1900
2289
376
2197
1250
436
2360
1976
894
1634
106
1902
1920
40
162
2203
644
514
190
2336
560
492
980
962
84
672
1852
482
2565
744
1284
752
2605
200
2453
1452
426
1166
1772
1486
186
700
2102
1100
676
60
2258
790
572
1272
272
404
2150
870
796
1714
564
2335
2451
1400
88
542
904
486
1222
822
94
114
2264
952
1050
204
138
2044
668
2203
1366
2052
572
1356
2177
1490
2128
820
1998
1782
638
1214
950
2128
356
398
2085
2319
102
2280
2088
2495
1614
2432
2368
170
48
938
228
2581
2498
940
2649
1754
2164
966
372
2877
212
796
2185
428
2048
1048
1190
422
1962
2464
1224
2382
2322
336
2322
2426
1280
2198
1870
2475
804
1614
292
2204
290
34
642
960
1734
2394
1882
1877
1350
2104
1803
594
1920
1938
2166
2738
580
1176
2252
402
2087
558
2578
184
2368
752
2724
196
852
2739
1742
1626
2388
2338
356
300
136
1026
1350
1778
1370
1062
1968
886
2658
1236
2190
1240
398
756
86
1298
1971
2109
572
202
152
2182
1352
1094
2056
2418
2270
1995
1696
698
2754
76
506
206
468
1292
2404
2206
824
210
1048
2325
1608
950
2365
22
2551
2191
1958
764
1922
1082
44
2109
1120
590
784
1994
1220
1770
2078
44
1166
1668
1234
822
556
1154
2532
940
2262
672
2194
410
1316
2263
2176
1018
2641
1538
2174
2104
2515
2445
300
1244
2094
204
2666
2573
906
358
2432
2202
2812
2335
2213
1586
526
1748
2620
2038
858
1210
2036
952
2462
2548
2241
474
120
2566
790
1330
1598
2408
2225
984
882
2168
198
388
2416
2158
442
1526
1294
1894
122
1799
2315
1650
896
808
806
2383
2180
740
792
908
1450
184
416
108
2294
1660
1958
2020
768
1242
8
708
2490
2296
246
1316
28
152
2291
260
1320
444
1950
1076
1150
132
1676
2539
1402
1460
138
1812
1718
734
2114
2028
1674
1402
2672
2073
2410
2373
74
512
2278
612
2040
616
1180
180
2330
906
106
1280
1788
634
466
1302
1248
682
1092
828
2573
1320
780
2284
870
1290
1094
1024
894
2184
152
2092
2573
486
2392
2427
2508
2350
1518
2126
242
1068
2028
480
1844
1362
1378
1184
2397
1090
2372
2153
2407
2180
134
1924
2764
1610
2507
32
610
1058
2386
1474
450
2107
2526
270
1754
2248
314
402
2166
2576
94
2425
2186
1765
1036
322
2253
104
2432
2482
2204
762
2560
2162
768
408
1448
1807
1820
60
1450
1696
1894
2342
324
148
1164
2347
2088
1736
1106
2306
818
1164
1772
2296
496
2441
670
2103
404
1398
168
2020
310
592
486
128
568
2338
64
2048
2098
132
2695
2058
2519
1886
1202
2450
660
18
310
2183
372
572
1276
1124
166
656
2088
538
2798
2158
2375
2284
630
2614
1678
1290
2663
1490
1186
122
2399
2581
18
2313
2181
218
628
278
1985
2476
586
1294
1134
1745
2294
846
2155
1654
826
840
348
862
1886
268
2472
2416
408
2622
2265
2432
2178
1112
590
1726
2327
278
1560
2622
2050
2365
752
1648
2006
722
1204
668
428
152
1552
2043
1090
428
666
594
2698
388
70
196
2455
178
850
1352
2796
2058
206
12
738
92
270
902
614
1638
1040
1916
2057
10
1857
2246
2294
2785
532
2462
2157
2153
194
2042
236
422
190
2354
714
162
1228
2288
1600
1630
92
1901
2529
1602
212
202
2523
2408
522
660
2556
2439
508
494
1526
166
2323
1820
1976
1104
780
334
1814
1820
1528
734
2605
1426
768
1436
762
2567
2002
2392
2673
174
692
2254
1232
2002
2284
2204
806
2336
896
1100
618
2074
2351
214
958
230
2187
2358
318
222
2177
240
1572
628
1937
1132
2054
1468
282
1723
760
720
2376
962
2498
2456
2386
2651
2256
1994
1900
2085
1078
188
934
366
1760
604
506
2479
130
1004
112
2924
132
22
142
214
972
982
2653
1953
1808
2409
1212
668
1184
2485
2316
2078
306
172
1236
2190
1946
960
1530
1798
338
1646
1866
2313
2240
46
816
18
2494
1874
2499
1388
2332
732
2146
476
1140
2077
2175
480
1036
656
194
596
2514
1008
1568
626
1280
2080
2404
2430
2425
2224
344
246
2315
646
2402
982
376
1518
2271
424
2571
2464
2145
278
350
2059
2256
438
60
1924
1398
1868
882
2209
8
2344
770
202
86
2276
2221
864
2596
2202
596
770
674
1830
1188
238
2309
2524
140
80
904
1340
936
2504
1590
2048
1802
2036
1356
104
2278
142
1954
152
2766
2266
1941
84
2590
2308
2086
164
1972
988
1006
2299
2357
870
2323
1002
606
1114
2422
516
2709
1946
2589
530
1648
276
2462
216
162
130
424
2318
1764
2221
142
2054
132
2470
1178
2055
2323
1997
1988
540
852
2711
2136
1756
2561
2258
360
2156
566
2200
1682
1758
544
1020
6
26
2252
1720
2444
242
1918
38
586
362
480
82
450
2348
1382
740
2016
2000
454
1030
116
372
636
2394
726
2425
2311
1176
778
2678
2708
2072
1036
352
746
1254
2540
238
2347
1650
2257
1278
2376
264
2713
1050
570
1994
2580
1845
2306
1212
1973
326
436
1922
2367
816
1290
1661
268
42
2242
2153
1722
8
1946
398
446
2023
640
2508
878
602
1782
1212
2173
1930
930
972
90
2310
2018
256
2400
558
326
1150
1410
1462
2385
522
2622
1218
2258
2302
506
2481
778
2488
1568
1568
1464
1172
476
198
1446
800
2245
436
1270
186
1370
64
2260
1004
1024
1002
2441
2330
2634
132
2379
68
2626
1178
2597
1286
2458
2168
1574
1364
2467
116
2557
360
2356
2259
2304
2593
976
2488
1983
1658
2050
1496
262
2532
2441
2445
1308
758
2544
342
370
620
550
710
2308
72
2473
2328
914
412
2047
60
1230
2303
2563
1850
1298
1278
450
64
930
812
220
844
1596
640
2098
1596
370
2809
530
2160
344
2297
1154
2481
178
1066
214
10
842
1514
504
1058
2433
516
2608
2306
306
214
140
2195
1898
118
1980
748
1546
1544
514
2094
2375
2127
1492
2244
278
2268
1726
650
2623
2319
1382
2303
2370
2544
190
342
2462
2311
2462
1272
1378
2100
2276
812
2366
736
2826
2398
2402
2172
2366
2691
510
2070
324
2540
2061
1080
26
2300
238
2469
612
2110
2511
962
1854
2128
2696
508
2279
2308
354
1480
58
2546
234
2284
122
1738
2502
206
1626
2436
2358
2039
2333
2143
2109
856
996
1778
1042
644
258
1548
176
2290
260
1070
1414
1212
2181
1808
1080
1694
2695
2396
948
220
1406
1474
2220
2246
1420
1937
2084
958
2588
2477
2205
116
1404
1951
1172
2001
346
1814
2140
996
1294
1296
440
2788
1978
2482
1252
2823
390
2014
988
2555
112
1594
448
2498
1980
1856
2619
2753
404
2
2351
1256
1774
1834
2450
2029
2678
2216
16
1984
2687
434
8
2350
92
2474
2325
4
820
56
1078
80
220
1018
2116
1424
386
1730
632
12
2434
2768
2496
2609
1324
58
2220
2640
654
566
2621
70
2812
792
78
1840
2329
2524
2140
456
1082
216
712
2301
956
2402
2015
1180
368
2346
1486
512
1086
1524
176
2079
1632
258
776
30
1482
2226
2282
18
878
2250
1872
550
666
1943
162
1878
2121
2657
364
270
2531
1636
1478
1230
1981
340
2493
1803
1602
120
2375
2382
2154
2102
1955
724
1084
2068
830
2488
1198
18
156
1082
2153
910
1932
2598
2403
60
2125
2390
746
1730
132
1698
2303
1760
346
1398
1990
968
118
696
1086
1892
2164
642
2360
1696
1600
254
1162
478
68
2541
1018
2403
2074
1396
2066
512
2166
2498
298
2286
2114
896
1957
166
466
1124
2209
544
456
90
194
1190
662
1622
2506
1132
490
1902
2288
2228
2643
204
910
580
2195
746
2748
528
1606
790
1838
2040
354
634
126
2044
502
2398
650
1918
974
2253
2472
890
660
1478
2382
1610
982
2344
2040
1724
1436
484
2350
170
1428
190
646
1406
214
312
96
256
2192
2590
2168
790
2048
1560
292
2703
724
1980
172
418
2240
2098
1206
2788
1916
324
316
2106
1058
1897
1098
732
2000
2623
1720
2406
2229
2062
2347
262
144
1678
908
1242
570
232
426
1296
570
2472
2204
2442
618
2074
894
890
2432
1120
2236
2330
662
2281
2515
728
52
2150
2331
740
608
1222
286
2880
1336
1258
1232
1971
762
2412
350
1610
2567
1598
2347
456
798
1018
1320
1994
2038
642
2460
2215
2554
492
644
1708
1898
486
2063
242
120
2238
2542
1022
570
310
356
1504
380
428
1910
2449
2190
2572
912
2247
256
2517
2224
2918
686
2084
1238
2270
1242
1722
334
184
2440
56
1958
404
2411
1042
638
2262
1792
1900
438
2206
366
1022
2165
1629
1582
50
2278
208
1745
1020
1014
2511
2696
854
1528
336
206
1060
2201
2344
1804
1761
554
1750
720
2005
990
408
692
1288
2
2294
184
1904
2274
2450
1372
1886
2715
2657
1338
498
2615
874
2009
2559
420
1440
1956
354
2381
1548
458
2167
36
2526
1978
2163
134
840
852
1328
18
1182
6
110
1632
158
378
1554
896
2309
120
550
1918
2058
2222
580
466
2534
2086
1982
2614
14
1046
250
350
2239
636
38
724
312
148
146
790
1196
264
174
412
2274
2376
822
46
94
1086
2204
1438
2358
2099
364
2263
2995
2061
124
2331
1058
58
2243
1432
384
1508
2061
14
2306
2447
270
2023
2384
2704
502
402
138
2053
396
204
1208
150
2234
2326
2379
2351
306
326
370
110
2072
674
2638
2630
1466
968
2246
1402
1965
952
1922
614
990
2400
72
2290
796
2348
2753
2406
824
10
2565
1348
200
610
2200
1900
836
1206
2160
2361
236
1810
346
2381
2271
724
1306
510
2156
714
2260
2096
2643
2404
2242
816
2198
2104
208
388
1704
366
3038
2058
958
2779
2355
2250
84
2399
134
1560
326
966
1204
1450
2223
1660
2392
190
994
2289
2113
1138
106
250
2138
1644
1314
128
332
532
978
1190
2076
2162
2492
618
2637
130
128
1662
146
972
312
2036
2132
2441
386
1216
2431
1940
882
2137
546
2260
1910
2439
2141
2203
2611
1902
1506
692
218
990
358
2022
60
436
956
158
2240
382
1252
2051
962
2260
2222
602
2206
228
1850
1382
2591
2532
286
1882
2231
1654
2643
2513
2138
2222
1870
2
2589
2127
592
318
552
894
2150
1841
584
290
316
300
792
456
886
826
1926
2520
746
2537
2264
2479
1848
1566
838
1122
940
482
626
980
602
2176
1680
752
356
1444
2170
2375
390
2075
518
2120
332
494
852
2626
298
2386
1794
2374
274
338
2505
428
208
124
1704
6
1993
630
2439
606
698
2185
1970
1872
2596
1000
504
494
100
154
182
962
4
2167
1668
374
6
710
384
2110
706
1110
2084
1092
2280
2518
460
1092
1132
238
1390
838
2565
2226
894
206
2957
1670
1216
886
1282
102
1680
382
2130
1466
2325
158
432
1522
36
1949
828
2218
2667
320
246
2104
2030
1548
2128
660
1864
1590
1866
1220
1374
2174
2295
2495
2429
1118
378
2534
1178
1890
1254
466
306
270
2307
10
18
1776
856
2576
378
1969
1296
1294
2072
2760
2050
878
2997
2176
456
6824
960
2236
2764
2526
1218
40
780
726
38
980
10
1134
2020
310
330
588
380
2205
548
2307
2416
766
1854
1538
170
528
1162
806
190
2603
596
944
924
594
2644
572
1282
2215
2258
1246
232
1200
1900
2375
398
1200
1004
842
804
2529
1438
884
2675
12
2334
2356
1826
1582
2010
114
1010
380
1937
2331
132
968
1622
1618
194
1328
1328
352
2515
2246
2444
1444
1952
2156
2182
2501
300
1528
2438
2598
1766
616
1446
176
1558
712
2558
2283
772
2329
216
998
2286
2084
2388
200
2278
74
2144
452
1995
1086
2490
1330
2516
2255
1938
1028
602
2126
2597
850
12
1977
1524
2094
1646
1166
2032
2400
2807
2684
2046
566
1318
2523
2423
1831
2345
2345
1697
610
1326
1392
84
984
1240
660
536
1212
1210
1626
2480
1318
1850
2325
2537
984
796
2609
726
1208
506
1408
126
166
2087
1210
2262
1516
2325
2295
590
872
542
1622
1768
556
442
22
342
2246
734
2330
172
24
1308
1588
1364
906
2170
2328
2030
1752
2131
546
2176
2680
2693
348
636
1832
620
732
2426
2216
414
72
168
2806
1014
232
574
1979
1703
2503
936
1688
2592
2366
1132
1920
586
1298
2488
2512
1436
2280
1430
976
2074
1871
1898
1904
2498
2306
506
2546
18
1184
2266
134
1916
778
138
2116
1998
2359
536
338
1038
2496
2010
1328
182
456
2053
2385
2081
2306
1342
2166
2357
106
668
214
2125
2082
1160
2521
238
2095
338
2284
1028
178
2165
1512
2349
330
2280
2430
1558
68
2000
990
350
146
984
294
1796
1936
2396
990
2622
1676
2737
1766
300
1448
1510
408
2350
1606
1346
1450
1314
662
672
264
368
1234
1386
1778
2125
82
744
700
2521
2434
2266
2567
664
2231
242
2394
2066
1871
2112
886
524
136
496
2299
2369
446
2119
194
606
1060
1088
710
1324
948
2877
516
550
2267
1983
110
628
950
2009
2537
266
430
914
2585
338
524
770
1586
758
2439
740
2442
3788
2453
34
1146
1280
46
888
2248
268
592
74
2314
590
2210
2474
2248
1366
2125
44
1284
1442
260
104
498
2286
2191
2183
1074
322
1168
2182
1332
54
40
2074
480
442
524
1306
1811
2380
314
2300
2099
2344
2376
50
2108
166
292
2329
756
2460
1752
238
2340
806
1234
1086
570
864
2672
844
2327
474
2094
2336
2267
502
1194
1604
1923
2169
1889
1310
1654
422
288
2218
1120
2586
2524
292
2186
292
1976
1420
2796
392
2241
810
402
1102
84
168
2239
570
1999
978
498
2353
2277
1490
68
1080
944
2404
280
1326
148
356
1804
2694
28
2298
2028
2383
284
1546
1020
200
8
90
1234
2564
702
2360
1484
136
242
1474
1188
2641
2506
2324
1312
1362
828
108
1546
2293
42
1228
2425
2206
2342
2352
2396
876
334
2058
1508
2453
712
246
822
2103
908
120
1346
366
1914
2205
982
1268
2166
98
1464
1264
452
2234
666
144
2106
806
370
192
1234
2062
2232
2800
190
348
972
2096
972
1520
684
360
2538
2590
2124
1826
2036
92
1060
2116
522
916
788
2669
506
2504
2624
424
1789
1452
1544
1816
2142
2533
1168
1810
2108
2342
860
2222
1886
2210
956
1380
1036
1180
82
370
760
2131
2597
866
120
1649
200
2566
634
1589
246
2340
2475
358
2709
1418
570
96
1574
1204
120
1872
150
2720
2506
526
2222
832
1740
1778
1536
1284
802
12
776
484
2377
390
140
2429
1054
1104
934
104
1288
2074
1164
2116
530
898
1816
426
2718
1682
506
1498
2242
1872
716
372
256
296
1755
2073
1758
2334
2461
386
1736
1746
2523
346
2558
394
1975
336
2188
2249
890
2224
6
362
2352
1914
2717
2459
1200
384
2389
306
10
1734
2266
828
2394
2157
2414
1398
1324
1893
1146
2293
2273
2209
422
2111
2457
234
2307
2222
2017
1168
940
1188
1422
10
748
248
890
990
1883
152
440
2267
916
708
390
2106
1212
1094
748
1132
374
2518
2418
2254
94
1672
130
840
140
166
190
708
176
182
1154
1724
848
1646
1072
90
2246
960
1174
778
168
380
1340
64
1694
26
68
536
3072
710
2114
2419
2230
2672
526
1204
234
1120
852
568
606
2208
2186
250
1648
1496
2274
1982
184
2394
304
444
1986
1350
280
2146
2049
2556
436
328
348
1350
1292
1388
232
2764
800
1869
1074
1142
1416
38
1720
1228
124
1981
520
1608
964
2387
448
1070
2658
688
374
1718
2016
34
2272
730
2824
2530
2314
2518
660
2399
1692
668
2061
1208
1882
1888
924
2522
1022
868
694
2253
1878
2185
2287
586
1860
1842
94
2434
668
1520
2567
1860
1382
1941
2384
1524
222
278
624
180
2047
1710
628
2096
2241
544
1813
214
172
48
2291
772
2721
656
2174
1380
1140
808
1894
860
146
510
1832
2118
638
1586
160
2277
984
1990
2030
750
1292
998
496
2134
1397
2596
406
2043
684
1244
2385
2310
1634
1978
1148
1806
2075
690
2421
1184
490
526
722
2118
284
388
2572
820
2474
2265
288
72
1432
2480
1586
2338
2200
192
2404
846
2103
1300
170
2302
2869
902
1982
532
436
566
2251
576
2164
294
2068
2120
2277
2112
474
228
1862
960
2488
336
2415
1116
2194
2336
2161
2579
978
1106
332
2841
2508
294
2087
788
392
2252
2520
2423
536
578
2303
102
1290
1556
1420
1918
630
1312
2772
340
518
794
2496
498
2233
672
708
2340
342
1440
2438
284
476
1748
52
580
2361
1150
2317
4
10
2184
162
1164
842
266
1394
1964
2463
2256
2371
2310
426
694
834
2546
2486
1773
2027
2030
16
2252
1892
2252
2165
1890
190
348
1512
1962
136
1542
382
2320
108
602
2283
1206
2317
220
1192
2381
266
138
1985
2397
2078
2310
928
590
1416
1826
330
1026
1338
36
1912
918
2558
72
2085
1582
74
2175
1146
2411
454
2498
2399
2494
140
564
2152
2356
1292
930
294
576
402
1160
1192
126
1468
1594
1488
48
2127
2586
720
1834
204
1534
1630
332
2077
1551
2298
1854
2429
2605
2028
1923
1024
2151
442
1550
2418
234
446
1770
954
2202
1460
484
2784
286
2253
154
2325
812
1060
2200
340
146
2128
134
1032
2225
2072
306
1202
2252
1928
2114
1840
2186
868
2569
2254
280
546
1844
2624
242
430
1964
1348
2464
2162
1202
1092
706
840
2232
200
2150
444
2086
1400
582
482
1558
2269
2128
490
2374
2408
1222
886
1052
1184
1996
1824
126
1870
1130
2061
806
254
2460
2377
2036
782
1946
154
2036
1892
558
224
594
2038
916
572
1580
796
234
2635
2482
1012
2250
1120
2571
1744
2215
966
306
2003
2375
1952
2622
1128
2459
2159
2756
2726
2224
2268
2054
1078
1140
630
2076
1845
550
2106
926
1700
1850
2406
186
2578
1766
2215
438
2358
2798
2268
2166
2270
910
2462
1852
586
2685
2329
1034
2283
2337
1904
528
250
2032
2110
1650
2127
1406
954
1808
2398
1845
720
44
1943
2404
828
178
1690
2506
4
398
2267
1440
2070
928
94
1058
1999
856
1682
1124
1050
2202
844
2261
1056
1846
136
1946
90
140
522
242
250
2752
2012
890
2524
1754
2132
2184
192
550
2413
1464
1244
2448
56
2161
446
2064
2496
200
2499
488
504
94
2625
2390
1148
1816
2637
1442
1254
2554
2674
2813
2565
2209
2596
366
2280
152
2044
2209
2279
1312
142
2274
2142
2548
2583
1126
1372
2089
1566
868
430
1290
1726
2446
356
1518
178
666
2218
2124
2342
120
1966
2142
2209
2519
868
320
188
2055
702
2214
2090
454
1926
768
1287
2370
1550
2444
2188
1602
1926
1710
2479
2064
700
236
88
2277
2475
2092
2392
1821
2754
500
2316
1170
2387
864
772
50
1959
116
256
2192
2337
2477
2657
886
2286
634
2362
878
2427
1718
920
2468
30
2152
2259
1344
2388
1516
898
916
2555
2156
2278
156
2718
2342
96
524
1996
1652
134
1144
2608
68
2047
2031
1060
2005
1788
252
1678
848
748
1678
1174
168
1530
2179
1608
2229
2105
1834
2719
976
562
428
2527
2178
334
1090
1787
846
562
2586
62
2198
276
234
452
748
1644
486
1989
100
2200
1812
2544
2632
1969
1998
1724
2394
1100
2427
2581
2282
412
1276
1974
222
2237
1124
2356
1094
16
126
568
2420
1576
86
148
130
944
2404
102
2156
2451
894
2335
2199
1008
2587
566
772
914
2729
792
1784
2251
2138
850
948
2435
590
1878
1170
1620
2437
1256
2225
2062
2500
1300
18
1144
2225
1562
2530
2121
2264
762
262
154
2227
2454
2587
264
2164
188
262
2237
2074
2437
918
296
494
960
540
6
1886
788
2564
1626
304
390
306
2087
578
1766
74
988
2121
2670
2638
2051
2170
1204
1756
2642
1336
2488
280
2315
1554
626
2252
836
1510
788
2536
2549
2737
2397
438
2081
578
72
352
1382
2260
750
526
1704
1836
2208
206
2195
2238
392
548
2393
1608
68
452
2320
2397
1158
448
1598
2756
1412
1638
446
2612
2209
722
1170
2293
580
2566
1012
1364
972
2574
444
2507
1792
2408
84
22
666
642
1178
1340
2197
2170
638
870
2599
2268
250
566
486
436
204
2511
2006
1566
2170
160
1424
2022
52
122
2202
752
1711
2089
1732
102
2487
1934
926
1502
2493
2199
2630
2500
50
938
1130
646
98
312
1170
1832
934
1222
1034
1634
2132
1552
2540
1640
2773
2389
2237
464
1422
2015
1640
2677
1847
2563
2430
438
1951
1790
1682
304
2319
2408
2108
388
2334
1626
12
500
380
352
1494
742
1348
502
1182
2538
2290
2150
1831
2428
1872
1012
1700
2663
1704
1342
2586
488
1120
820
1820
538
1560
2130
2046
438
1308
1088
764
232
464
1626
2176
2148
2137
2521
2112
2239
36
988
320
1722
900
752
1124
294
1818
2469
326
692
244
1298
424
2210
218
2572
454
1928
18
2366
268
972
1888
1156
20
2265
1638
1578
2299
518
968
284
2399
1380
2663
586
2403
2332
2516
1728
2018
1308
1314
334
2489
1362
2563
2433
182
2147
2066
1118
2530
8
2481
1152
2229
1786
578
1900
92
666
442
1888
2296
662
2050
2721
2087
190
2351
2036
726
1520
2748
66
370
2444
2460
970
1684
1550
22
2399
2035
182
1880
622
132
384
34
2314
76
722
1064
684
472
2501
264
806
1096
222
2437
1398
496
1968
1298
2310
436
2222
924
1932
1696
2296
1754
1970
2414
1988
1554
2530
2324
1010
1126
2164
1770
718
1766
2186
1092
2221
2284
1112
2077
1232
1628
408
2071
578
206
110
316
1526
902
2519
320
2045
2198
1230
2198
1542
858
492
304
402
2632
1378
1976
1542
38
172
2120
2123
1302
94
2474
678
2250
598
940
104
580
760
2747
2585
2473
1998
622
1334
524
426
540
590
82
2364
2820
2373
1866
2645
2262
1104
1828
2342
2000
1492
2305
1586
1406
2253
2465
2297
282
1280
218
444
2628
584
844
574
1812
988
64
670
1432
926
1455
1216
274
2090
1106
612
2025
368
196
1856
2472
1040
376
2237
980
2110
2303
1676
50
1718
2193
2212
1926
78
2350
1292
1152
1312
2454
1028
1596
1980
2702
2641
2223
2092
2334
332
392
2242
2313
228
446
404
2057
618
778
2
2803
1820
722
2267
294
1228
170
1890
2184
284
2301
246
664
130
1908
886
318
404
2332
900
1108
2355
2702
1250
2616
2186
1848
208
2661
2274
1590
358
122
432
596
2256
2332
330
2257
624
498
1448
252
792
896
234
830
2337
1738
2289
366
2346
1016
2358
280
88
1074
660
2196
822
810
58
1268
150
2452
400
1150
2323
506
2099
1480
156
282
2240
198
2418
1576
2210
1374
76
746
144
2382
2612
194
566
286
1741
1740
1426
738
1702
2419
2000
2145
210
1036
792
2039
2212
2269
496
580
14
286
608
2392
24
1936
2435
874
1855
2623
364
1540
500
774
2190
532
1016
2228
1014
2083
2610
554
1934
518
2414
2002
142
436
1132
1028
1520
600
1780
1406
878
2184
844
2008
292
2174
2398
2292
248
2873
734
2382
730
420
990
2199
742
686
700
58
1534
1706
1630
356
2258
2203
562
652
2533
1058
2286
298
656
2258
232
774
2154
2162
1624
1206
2396
2296
1914
2633
2248
1894
400
16
366
1300
2371
64
660
2148
2739
2539
592
1340
574
1296
734
136
2501
236
2356
50
1120
1916
2199
284
2130
380
2285
2437
176
28
1188
2066
806
806
1632
2465
236
1960
1326
1510
1832
22
2067
2180
1000
2398
1048
204
650
2277
1958
1272
2284
196
1714
2561
730
104
2388
2561
2073
556
2796
374
1394
648
182
2298
596
310
2255
696
2048
766
764
1676
746
794
2853
2490
1208
1438
284
1156
844
86
2549
84
1110
2375
1128
2205
18
2226
1180
426
1900
1899
448
452
1066
2271
504
130
902
180
1274
2527
1114
2383
774
1762
1210
2511
1144
956
448
2522
2316
2284
1904
500
1466
144
1530
254
1708
2410
2006
504
84
1384
152
1330
1330
2092
448
302
2370
1030
940
1454
82
350
2319
2773
380
1672
682
1450
2673
2126
564
246
1864
880
1054
1698
1991
2562
2240
2346
1586
2107
1036
96
254
414
2196
598
1516
790
1288
496
796
406
1772
2541
2698
2092
1072
2649
2022
532
962
1414
460
1544
788
1880
64
2098
1070
1868
2409
786
1618
78
306
1670
66
1182
962
696
2124
1202
1086
1296
86
1556
2135
852
2062
2083
2452
2162
544
2265
2545
362
438
1050
1020
782
2340
2451
1102
1642
1829
1590
1258
2542
2300
1298
88
2277
92
2489
438
668
1562
496
578
292
442
1438
2006
2584
260
1480
570
2235
122
238
1938
2308
588
684
2285
282
1476
8
858
98
234
2176
2066
2004
2592
1986
812
210
770
2266
2390
460
290
340
2320
1594
2432
1468
2437
520
216
2094
2563
310
1728
1476
2259
1406
2152
1224
186
166
632
950
2327
874
658
2423
636
820
2133
2289
2570
2204
2130
1984
1510
66
158
1534
2218
1452
1384
1890
2176
1576
1903
370
1818
2182
136
956
1332
246
734
1942
1714
1112
24
2361
2371
390
2198
1186
1106
1202
932
370
344
2306
1032
680
2206
544
2639
166
1640
828
2105
2625
1382
1170
1472
108
1966
250
728
694
98
1302
924
246
624
2841
2146
322
2234
2159
748
2678
1986
1998
1078
326
2339
2536
2769
1766
2548
962
2591
256
1708
2627
1350
46
416
130
2358
1512
116
184
2109
2645
1590
2027
2319
2569
2330
1398
1408
1508
700
1676
722
718
728
1172
8
436
1864
2244
1246
1154
54
328
202
510
758
2141
302
222
124
2006
2036
2442
950
2168
646
2242
652
926
472
742
2112
874
2240
2714
1400
2646
634
1284
2637
1156
1920
2290
174
2416
1790
2224
2172
2593
1480
2024
2464
8
2064
1680
830
2199
2326
40
2265
2689
104
1550
42
1322
1348
2371
2458
2222
1140
1224
476
2010
2508
1996
1682
454
24
90
1602
194
2030
1340
234
2038
1916
1802
714
1956
1612
620
2109
690
2243
416
2243
802
310
1206
2566
2454
318
2067
788
288
2255
1760
2408
152
140
242
282
2480
1294
1404
1432
812
1868
718
806
1626
1142
458
2373
450
2290
1794
1202
938
466
1042
2188
44
2368
2636
2451
1158
2827
162
56
2134
896
156
622
2315
1172
1588
1286
2048
1120
2588
1738
490
416
2077
2631
92
470
2500
1358
1442
2406
714
620
2133
1028
668
720
2192
524
400
2569
2081
2552
496
2387
556
408
2214
308
962
1210
1010
1144
2329
1562
1062
1654
2355
2427
264
1914
1884
2199
1214
4
1588
1364
362
1472
2406
60
2570
1702
40
1302
2435
2670
384
508
772
1631
104
2180
2013
2440
2708
1770
906
2286
1422
222
2188
440
2466
938
12
502
2568
2384
1798
2023
708
162
1342
2285
938
2630
2309
1884
572
710
2303
90
2487
38
408
676
2310
336
1818
2304
514
32
862
2380
1298
2030
2160
14
102
476
872
2306
316
2430
32
2242
1498
1814
1366
130
2227
1860
1546
554
248
774
1814
470
1644
1826
2521
2539
1662
2243
1130
1892
1920
2545
130
834
2067
2560
1188
2302
1528
364
1134
790
2475
2142
50
1194
1468
256
2154
1636
1208
100
688
2183
374
2046
2211
2423
858
2219
626
1106
2399
2611
398
1456
1388
1510
190
552
2198
842
1650
1708
926
2835
2002
1014
1174
2533
464
2210
1976
2425
696
1484
2261
116
2213
528
48
1002
104
1442
1200
1554
952
1000
1594
2308
582
620
1046
714
552
668
1286
2252
364
1884
728
2452
2445
1148
116
1378
1808
1774
2495
2345
1908
662
2068
108
1558
2386
1264
1254
2543
364
226
238
2156
2416
1979
1840
1064
62
2592
100
1364
1454
880
872
724
1694
2297
486
142
290
1156
2174
168
1942
836
284
130
256
1290
2280
110
2121
2238
2078
2288
222
698
2312
2799
76
2815
2516
200
414
112
922
2260
2479
670
2760
1997
696
1636
2723
694
994
2294
258
474
1937
124
696
2014
92
286
2156
1066
414
52
2175
2024
2694
10
1826
2216
50
2270
206
2359
2789
810
806
702
2002
2246
844
1704
2352
2066
328
1688
1160
2197
368
2347
288
2529
166
2569
2228
2388
1892
2205
2229
776
2378
106
2034
82
962
1436
864
2300
2320
1204
2391
848
288
1430
1458
452
2782
298
1124
554
2042
1798
840
2524
928
700
486
1608
752
250
1862
780
1308
966
2454
1490
2275
772
2476
1244
546
1790
1912
1844
2079
662
1560
378
1214
286
534
2462
198
908
1880
2438
2306
2673
142
2222
2379
1990
732
1949
880
2181
2240
2408
2697
66
1938
150
188
1016
400
2243
2439
252
2542
694
2653
1866
818
1994
710
2177
2432
2391
66
656
666
1340
1694
3106
2668
2127
434
1950
2143
1754
1922
2746
132
590
218
2448
22
812
2492
2176
896
1722
962
2324
1434
618
134
184
124
2274
2489
2414
2829
2342
776
398
354
1334
2599
170
2184
282
546
1842
2036
348
2102
1982
1774
708
704
178
74
2670
474
2302
836
2512
2258
2070
572
1028
2062
244
820
2448
24
2303
1850
178
2014
174
2359
1552
1944
1692
2059
1925
2537
2506
2528
566
2600
478
2586
686
2574
564
1964
2109
2375
2429
1748
1364
868
1240
104
1731
2257
1100
2251
236
270
486
608
270
732
1468
1464
2494
2726
2257
2640
1936
1044
1562
1254
1908
1396
3443
1833
194
1042
2497
310
2230
1920
2529
1746
500
2333
2658
354
2050
1614
398
1112
1004
360
2049
1788
238
1152
2296
426
80
846
2540
2292
438
1920
2176
2387
2160
2391
444
2359
636
2288
1010
1486
152
498
2361
2160
2248
2375
1842
762
2422
1592
2550
1262
112
418
554
1578
626
2230
968
914
2480
1640
1594
1436
1660
1094
2678
630
368
1180
1916
1974
930
2168
1808
2328
760
2376
396
580
356
344
790
124
1100
1906
2296
660
316
1654
1892
2044
2309
2554
320
156
2553
2480
2000
1684
1058
1514
1802
2571
552
1544
2412
1416
2590
1246
586
1935
698
2155
622
372
2326
1118
366
1416
118
762
932
1954
1704
1238
1566
922
2188
2452
246
1436
588
180
2285
1836
620
612
2433
228
1620
664
298
502
2483
378
2183
1154
2546
2315
1686
734
2464
570
1980
402
654
2
162
2753
10
716
74
2262
1686
638
2106
1760
974
2159
150
876
908
68
782
2462
278
434
1490
676
2190
1984
2647
212
2472
1458
1838
16
862
88
232
2124
1282
728
1318
1714
648
2081
452
960
770
1438
2471
786
2348
706
2018
542
1870
2296
2430
566
2066
2380
884
642
1928
2382
1642
846
824
706
894
1606
346
406
1220
2228
1384
2492
1502
2004
2478
756
66
2227
940
2622
960
2129
694
346
164
2591
244
1504
2520
126
1843
2394
2423
1068
508
1286
884
884
1120
2174
2057
856
1042
1750
10
496
706
674
2008
40
1496
2115
2402
1766
2636
2437
2226
270
2337
1916
2110
2034
852
2518
206
946
1916
1094
2314
2186
1188
1663
1886
2376
1716
1980
1742
1034
2137
2246
1566
372
912
1202
1080
2345
96
2190
98
742
2156
710
1110
2227
2610
2168
1865
516
2125
2349
2193
262
542
152
2148
616
1608
278
2515
2269
2573
348
2068
2130
1428
602
338
338
1164
100
1866
516
480
2137
2323
2362
1478
2273
2411
1190
2203
2068
238
1752
2125
1208
440
1504
2125
544
296
1556
2066
388
910
2226
2392
2419
1928
2617
818
622
258
60
2393
2152
1986
1974
1020
2339
2411
2354
756
2379
2806
2606
2049
806
552
2069
1416
2292
1458
896
2320
2296
2293
2092
1530
1192
1054
232
1554
602
2156
194
2547
492
186
258
1998
2310
968
2389
1156
514
2290
194
2745
592
2822
1659
2254
2571
1827
800
2534
2471
2488
310
130
1690
1200
910
454
2310
288
2373
58
794
486
672
1795
318
2103
732
670
2391
390
2096
1746
1232
158
1336
1312
2308
1074
2474
234
770
236
1246
752
2055
376
2764
670
2010
66
800
1148
2343
2125
1352
2261
1444
2147
122
1924
1364
2144
1739
2172
972
1350
2661
144
1012
2383
390
226
1642
1414
640
1911
970
1332
1390
1028
1694
1786
50
1578
756
2552
410
668
1138
478
1990
1014
2466
2458
1018
234
296
2619
1820
1182
578
2312
2051
1174
18
692
320
340
1534
1290
1170
306
2018
1220
16
1354
2351
1126
1480
1214
1734
1484
352
1741
2371
546
1498
1826
1106
2194
1756
2665
1718
2125
2252
1452
2389
162
1806
2473
2548
1210
1987
2386
354
1446
824
906
2266
6
1710
2239
1500
2562
744
1750
2296
522
2348
1516
986
1004
2528
288
1012
1734
2707
2168
956
2430
22
2219
440
626
294
2129
798
1518
1472
2216
1072
80
2218
2204
150
1524
1712
576
1720
26
1536
1056
874
2494
1464
504
220
1928
1130
1662
2199
2410
306
1114
2765
1492
2177
2731
740
2097
1993
2161
1118
20
826
618
2024
424
2319
1194
2583
828
2402
394
474
790
874
2310
1432
2400
110
8
138
2050
2277
38
2503
2042
578
2689
132
144
2317
1706
2265
992
806
784
854
576
418
1004
1370
1104
36
1700
240
1446
2004
96
2028
2443
1972
2206
1482
20
622
640
26
2603
1814
122
130
2010
322
2280
1650
958
288
178
1122
836
1942
450
190
2632
62
1384
1656
624
1478
178
2145
504
1829
46
206
668
1830
2458
2574
502
222
1278
932
1168
1770
784
656
1842
1682
710
120
702
354
26
102
1901
976
2080
2459
2677
304
2282
930
196
86
2053
1818
1192
748
1808
724
412
970
2426
288
242
2508
354
2325
1984
2092
2058
330
1366
522
2465
1288
962
1288
1438
668
874
748
1998
58
1884
1894
740
2165
94
2104
1802
1160
1376
2325
1963
1114
2537
1288
2014
876
756
2321
2044
1636
1991
2216
850
2720
1076
1796
1812
766
2296
402
912
1116
312
616
2172
338
72
1588
1080
284
992
1368
2397
2393
2082
466
22
2086
2278
1174
1358
2609
386
960
2291
1264
1842
2289
1986
2353
2321
2222
1606
426
1110
2303
1953
352
1178
2668
292
612
386
1358
1152
334
660
594
256
2076
2141
2125
2496
2234
520
790
2052
1816
2295
368
80
1058
2560
1558
224
176
2361
2287
1386
8
1494
2212
2170
1992
2674
1706
178
446
2081
198
378
2186
2377
1338
850
1050
2160
352
878
2454
652
2319
2425
20
64
1442
2321
130
1920
234
2356
354
1750
408
1576
2086
1118
2259
356
488
1826
2323
740
106
420
1885
142
1830
1946
510
176
976
2262
2474
2299
2220
2275
14
2419
340
2154
2158
420
2553
1016
186
1324
688
1438
450
1244
2356
22
1624
8
1462
22
2174
456
1508
544
1284
886
510
2698
130
2525
1180
2388
2384
2264
2019
2163
1808
1208
1869
2280
1576
1698
1004
2831
1006
618
2566
1410
126
132
1596
314
2032
2266
2088
2553
2221
2284
1916
88
2560
2152
2358
2054
2279
2467
102
270
1358
2053
794
1184
1884
1642
2010
1286
2579
490
938
1736
2138
1484
1574
1990
1721
8
2339
1322
1326
1546
72
508
754
2559
574
1524
1978
2394
628
980
608
848
1294
2382
2514
676
442
2198
426
2420
1026
1988
1971
630
2367
2036
1903
2744
1108
720
110
544
1652
1496
16
890
888
1812
996
1262
2224
1886
2127
962
2306
1122
294
2550
822
2327
1668
2072
1268
1022
98
6
1736
2107
988
150
330
1969
2058
554
98
934
692
1726
2237
1636
908
2378
1650
708
1982
2304
1977
2291
2271
274
2125
1424
600
2421
1420
2660
1878
268
1048
482
1848
1590
2060
982
674
944
2735
320
534
1890
2121
2777
54
1430
2166
2179
1754
1370
998
842
1528
1142
2306
168
1488
730
2040
254
1588
722
1026
1911
2146
2214
190
1456
362
142
1372
2468
2277
462
624
2632
2334
208
1004
782
138
2614
2422
890
1038
380
138
1470
162
264
1559
2189
1160
2692
1052
2437
1582
142
200
2260
2478
906
1730
2
2662
2434
1174
1938
78
636
1544
2484
2568
1530
1240
582
1028
2285
2651
708
1154
548
2136
2238
1794
1642
704
1316
642
2286
212
1416
362
1932
2643
316
522
562
2543
1398
32
1046
1562
3262
920
528
2189
182
2583
78
582
1144
1416
904
998
1980
2283
2488
1680
2244
2241
2404
2576
810
2068
516
1456
90
2359
844
748
2346
1036
748
1460
792
2400
1196
1600
1036
604
2388
2234
2497
2480
418
104
62
2038
2306
194
1974
1382
828
514
1406
512
134
2088
360
2158
870
2745
994
68
2750
2360
2124
2834
394
2319
1666
1865
1176
2283
1394
574
796
690
2185
482
2371
2768
1588
2298
2157
1846
2156
148
1250
210
2508
192
664
2704
2049
380
1250
578
978
134
2046
2395
206
1742
2511
302
1964
222
1897
536
2327
1742
2624
112
2376
2028
648
2074
1466
544
696
2082
492
1316
1540
692
576
8
2006
426
378
918
44
306
608
2529
398
82
130
1428
736
2616
958
2298
1698
2365
606
2767
2576
354
1746
890
730
2478
1168
1484
652
2270
2377
904
1302
1908
2688
1156
320
1738
2040
596
2194
648
2046
1948
1954
10
1344
44
1558
318
120
2007
1190
384
2006
2193
718
1494
1730
450
680
1334
42
1330
2178
1502
200
2306
1450
14
1094
1314
2436
2254
1130
1666
1648
1128
624
2
800
1869
724
418
518
1606
348
808
2624
2477
36
304
604
482
2622
1310
2768
1738
2204
26
1836
2431
2169
2759
600
386
2490
2150
2495
2660
146
1538
962
2376
1882
482
418
998
370
542
44
440
2347
80
810
638
554
2464
2280
2170
106
236
80
646
924
34
260
1712
1880
1716
1586
140
78
750
2289
2392
846
240
1340
350
1678
32
394
2151
852
96
2074
2180
2785
442
1659
2068
1682
1845
906
2119
2196
220
1804
2188
264
2070
932
2475
424
1144
690
936
392
306
436
2154
2446
920
1434
308
2408
1252
2206
1992
1338
320
1806
1514
268
1386
1186
1954
2158
1088
2478
1662
452
1086
422
564
578
124
1208
116
2163
2664
1792
1394
2423
1670
608
254
758
216
904
1835
230
130
378
2278
2194
1198
1444
1552
2007
74
1566
2020
62
1018
1100
2386
1582
768
552
1024
2239
2083
2317
2538
1048
580
260
2011
1220
2145
726
1880
2226
1970
2570
22
2688
512
1190
2530
2316
638
1688
1386
2483
484
676
1752
512
1290
1356
514
1410
1180
1946
76
828
92
1202
2296
298
804
342
112
258
552
2292
2364
1420
582
2082
2177
1054
1612
1718
372
230
2376
804
2478
772
2671
2242
418
78
1919
848
1976
1048
2416
2366
250
2178
2055
1142
1352
844
2168
2727
614
578
468
2217
2590
2086
1144
1586
1084
2093
2346
1272
120
48
242
1016
160
546
150
1914
1684
1400
1268
158
2396
716
1904
2260
1006
1476
1706
964
344
2446
1514
824
406
2494
956
218
194
282
1342
2483
2242
2112
1148
2393
2195
2283
2453
196
308
530
2514
1236
218
2009
764
1376
2402
388
2341
2282
1888
1458
330
88
198
56
944
152
234
2270
1226
434
236
224
2033
1796
1064
2282
326
574
2538
1536
478
1432
858
1842
776
402
2787
1032
2738
1756
1268
712
1584
2160
80
2559
1296
694
2447
420
196
2128
618
2222
2480
2219
2198
1925
1652
632
2080
432
792
172
44
1202
2024
2182
864
1144
2250
1668
2172
2787
1404
1210
2444
2267
62
1394
2314
858
330
2252
660
130
2459
1756
1961
1144
2080
812
942
1776
658
1264
1252
706
1650
1794
270
1172
2355
524
1926
356
18
2234
1364
462
2184
2200
1372
926
796
442
8
762
734
2298
440
200
1596
1308
2325
2338
1180
1994
1985
962
1858
2272
1680
354
682
972
2016
244
2450
2526
946
1184
1090
2498
1846
564
326
2074
456
1246
1246
80
1226
164
1184
1028
836
868
2110
522
1740
1034
2737
2063
1330
1060
426
124
2384
1930
806
1372
288
612
442
252
1590
1536
584
430
2142
2609
172
1902
1186
1536
496
2360
700
2115
2095
2272
2339
526
104
1874
1790
386
2461
2439
1374
2419
630
1070
346
334
566
1921
2556
2142
718
106
2056
2457
1256
1290
982
392
666
1030
98
1450
2112
30
578
2324
1344
2024
1512
2328
1260
782
36
248
1712
814
1416
2240
2237
2330
996
1616
1468
2079
1116
2238
628
300
394
2414
2058
220
1730
2225
1772
780
1990
1728
2304
98
2517
1852
460
1272
28
2540
1358
2033
154
2000
2136
2725
2761
1130
1933
946
2074
1356
250
2258
1316
908
2259
142
2012
2216
2035
24
2386
2254
190
206
206
948
1284
2129
500
2100
838
270
2431
952
1796
2659
2547
82
2508
2329
1046
2199
954
1498
2760
794
972
1506
1458
510
1376
2424
482
622
2301
166
2846
2126
2229
358
202
698
1654
900
2260
590
1006
1076
500
1046
12
404
2329
2577
134
2167
1956
1344
710
774
2013
2454
2021
564
714
1986
280
2285
924
2374
2338
1196
954
1698
1872
156
2002
1146
1074
1496
1090
2661
486
2390
2142
2736
2574
2156
1760
18
1346
2729
2879
546
128
648
1464
604
3514
828
1574
2363
2807
908
2080
384
848
1664
672
1570
1442
1964
2332
1412
1262
2594
932
2419
70
1322
1692
1612
2543
1124
2301
188
2274
2297
514
2145
1967
978
1902
1180
2135
1682
2111
208
2478
2392
1784
2555
44
2612
52
2830
42
922
472
2531
2320
1942
400
392
2060
2377
2140
978
960
1792
322
162
174
2039
804
942
2048
330
2690
500
1008
1132
190
584
142
1226
2462
1696
2077
1959
2314
2161
656
1508
2243
2402
2176
202
1234
256
2454
2228
2459
2223
332
1530
2924
224
750
2113
1984
2514
1915
2214
842
1256
688
150
1064
298
2500
2059
2794
940
2263
1848
2350
2633
92
710
2565
20
406
706
2464
1016
758
2594
2164
2402
916
2666
1688
228
2347
1602
2280
2226
1014
356
2125
202
452
2524
408
546
2285
434
808
628
2422
1064
2237
2251
1200
376
1146
2314
1816
2507
788
1688
2802
2365
2838
2160
390
2306
1436
2348
1196
1202
1380
2157
392
1616
2375
1472
2432
1834
920
162
2109
864
428
1008
262
1586
1900
1736
478
44
1074
2098
2494
28
2580
2342
2247
416
1136
586
1934
2286
980
1492
82
924
1224
132
92
1364
388
1372
2232
1744
1074
722
2348
1130
2328
2234
478
2451
2238
80
416
1286
112
976
2462
2097
1722
350
2180
990
300
282
1928
2190
2328
702
2135
816
12
92
2089
1920
182
270
2561
2579
444
2006
58
2356
1408
656
2090
2208
1210
386
2571
552
626
850
2135
540
2406
656
2527
2620
324
2173
2097
3031
788
880
2141
2226
1622
1378
874
602
506
2176
1891
262
284
640
2270
1662
374
1222
772
612
2365
1142
1754
2522
328
1598
314
1368
1262
292
2698
2118
1122
2315
2144
660
1358
1166
114
970
1960
1208
36
1006
1058
1920
470
492
2225
34
582
74
2191
2217
2146
1802
8
1888
1268
1076
736
1262
2629
2715
902
2042
1044
50
1794
294
476
2428
2250
628
1228
2289
2318
190
2454
68
1028
158
1280
2187
310
920
268
2210
1366
1672
1540
1771
746
176
40
1206
692
1096
2424
2526
2549
806
2470
2323
958
652
1742
316
2517
2902
528
2305
394
2332
2461
2321
1158
1028
2346
2125
174
2448
2196
1623
2327
1952
696
770
86
2448
672
888
2262
1896
230
2364
1916
1870
2404
1418
1316
546
1274
2001
1302
2086
2556
2316
2364
700
2006
296
78
184
2300
990
192
2247
1945
898
274
1718
1834
1464
1056
2458
2581
1944
2258
1908
1826
156
1126
730
1990
2088
1112
142
2044
2211
2148
2498
52
2458
2114
1832
2588
940
1655
52
1726
1784
474
36
388
1022
1338
2227
1060
1994
1897
2238
2025
2723
818
712
696
90
972
298
122
212
348
2332
1154
2316
444
402
1504
2426
2054
2122
2017
1800
2490
512
2172
2462
1312
1783
306
1720
2617
2328
1897
2641
2258
2458
1120
122
448
2228
2472
1850
2207
1798
488
1758
2339
66
2238
262
1938
2719
2298
932
1046
378
880
1182
2081
1102
108
1072
2712
34
2507
1870
2268
1794
280
2492
1492
728
1676
1402
1814
1986
2242
2436
2381
624
512
1645
1044
2024
2181
1991
2175
616
204
1492
1438
760
582
2083
778
274
2662
1978
50
2349
2007
330
1951
828
342
1454
2716
470
2442
2190
1088
258
566
1214
2140
1006
2702
256
2440
2218
1920
94
784
104
1879
1304
1112
2361
2223
42
2308
222
346
2258
396
404
1600
2141
1964
1959
2403
1804
1454
2247
2226
1242
1006
2380
1286
2322
272
138
644
98
316
2134
592
2226
2288
2010
2379
48
36
2177
2356
2042
2034
620
2711
2069
2094
1856
2393
1994
2036
1876
2322
68
448
1394
1920
1272
2373
2112
2099
2166
354
1726
2252
2103
1346
2604
618
1258
2482
288
52
654
1886
598
704
2572
2301
1794
636
2110
1502
482
292
2267
1906
1472
1326
560
2596
1808
1422
1956
2566
912
1498
1102
2332
1400
2825
174
2238
2208
1710
572
1745
994
620
2551
2263
2148
2650
1920
554
1398
980
1194
2241
2274
344
1098
32
1272
2358
2250
1514
2431
436
246
1776
2456
954
1416
2572
472
2686
84
566
230
1666
200
2507
60
216
2330
2221
160
106
2482
1288
2176
1354
678
1164
2329
2718
654
460
92
944
2461
1176
2014
2407
400
2096
506
2707
2373
2447
2356
1204
1312
700
2154
2426
998
1514
2008
408
116
1658
116
2548
2616
2577
1144
1848
316
640
744
648
2366
986
2740
570
1166
236
1120
2510
2228
1582
34
2454
2074
978
2710
926
606
2596
2501
1808
2064
492
2124
810
752
980
2695
266
2459
32
2495
2530
930
1298
2568
2959
2870
708
322
246
448
108
2282
1508
1192
872
2132
824
2498
2174
954
1154
2125
944
2591
24
2492
2086
726
2416
166
2609
26
2814
116
1646
308
2416
728
176
2192
1148
1100
2097
32
2316
518
1300
16
2417
824
1574
2291
268
820
2618
1948
912
2647
468
2321
1048
2265
2508
2148
464
1598
2415
2216
2105
2357
2722
1166
1598
2463
1072
1802
600
2171
1408
1164
2171
578
1016
1074
2206
2280
2639
684
804
1508
1486
56
662
1935
2328
1352
450
116
152
444
1176
592
2185
1938
2254
2420
1022
20
22
2288
614
2490
2219
2409
2418
1362
492
1174
1890
868
642
2719
406
2363
2008
1446
1072
962
370
932
2488
2329
608
1216
2370
1360
1942
272
628
2076
2062
142
1773
2082
120
326
2121
2255
2227
2240
2482
2160
244
2460
414
2131
1758
2352
1240
460
1696
1648
2572
2514
1864
180
20
2218
1334
1924
2346
418
1985
746
2360
564
1712
2455
1296
296
2111
2173
2295
1838
2036
2273
1374
2262
2350
2321
2096
2392
216
946
50
202
2263
376
78
370
76
244
1960
382
1878
1444
1398
1088
700
1046
1452
1360
2650
1160
50
440
92
148
2165
912
1172
580
22
2669
1218
996
2545
196
2171
2238
308
2785
1826
2824
1208
2267
106
52
1727
2142
2325
1794
2006
92
1991
346
690
2325
460
2274
2334
588
416
816
1676
2359
172
158
2039
432
104
354
254
2022
1634
2699
2262
1723
626
56
380
500
1026
2588
2377
2440
360
1022
2239
478
2453
206
2194
600
2162
320
2446
48
1994
1200
2424
2042
16
56
2123
226
2250
2485
2138
708
1698
1700
2306
1270
1512
2120
448
2280
1890
1518
2266
2379
1414
2058
1200
1614
42
1216
984
2576
2203
1848
1498
2457
1852
2248
1867
642
2469
1582
972
42
756
2288
64
284
244
728
2186
8
548
2567
248
2780
1278
1896
1348
726
6
2163
862
1720
402
316
974
1980
826
310
2413
2342
1614
2435
1712
1382
1678
1935
1088
1184
732
1906
530
666
1914
674
1016
2866
1434
280
1406
238
2058
2586
254
2545
2157
482
2371
686
1368
1598
2593
580
2319
6
1800
1920
1696
1004
712
1870
998
626
686
2336
610
768
598
1218
690
1962
1300
1364
240
2208
346
2590
852
2581
1985
2344
1056
536
880
2661
424
2214
250
1845
1440
672
1424
714
910
2035
2457
146
94
1896
678
2308
2180
1918
546
1018
2399
194
604
2419
1823
1176
1716
1636
780
230
1748
1230
122
568
126
2350
1492
210
1216
1378
2590
1704
512
2382
1554
858
704
2282
2324
2417
1170
2610
2357
472
1344
766
446
1662
2440
170
2052
958
2195
1608
570
866
76
2304
1988
1362
2244
500
2144
1710
464
2358
1574
2204
602
1954
906
778
1492
416
2387
524
244
1594
1947
2308
574
2494
638
2052
164
610
878
550
2486
2098
1907
1976
1128
286
578
910
64
2440
510
316
2584
374
694
2624
2531
898
1060
1328
204
2010
1788
1642
1920
2572
476
2236
1860
550
250
2529
2327
718
1268
2334
1162
774
1576
176
1584
2323
960
632
408
2136
2310
1742
664
552
170
1952
1132
352
2205
1412
638
882
2352
1072
1700
1100
1676
430
1530
2474
690
166
606
256
2450
716
510
2414
1116
2211
2194
98
2487
2324
1422
906
290
348
1730
140
2111
2367
2221
1336
1222
2427
90
2485
2418
282
22
1338
1402
2633
2281
2139
632
2555
1706
234
186
1821
1196
2181
2381
1170
370
912
960
2595
2190
2688
188
2449
296
152
1995
730
90
634
860
216
1574
2264
728
2692
448
2260
1090
2264
538
1912
1914
2453
1078
960
1410
784
742
2541
728
1414
246
2176
1402
2122
2485
952
1112
56
2405
2358
2617
2587
1672
454
10
2330
546
2536
86
92
2305
2002
646
190
2354
552
1618
1520
906
928
634
2741
2688
526
1762
756
52
110
1670
60
2466
1526
474
164
92
590
2315
1680
1014
1824
1696
1210
122
2360
2308
1282
2380
1216
1742
378
34
430
2272
464
2184
1404
472
2172
396
126
1108
180
536
2176
1406
1170
2330
402
12
948
2012
2482
2366
154
590
