1086
544
1026
2094
342
1956
874
2420
232
2058
2082
1374
882
2284
364
2
2735
592
1446
1778
2240
2152
2116
1214
548
344
590
1440
1282
2516
352
986
116
2477
398
1848
122
2419
2543
2618
976
2285
2160
286
1338
2462
370
964
580
626
1855
2517
2423
460
180
452
282
2322
498
42
2396
210
564
914
2232
2632
2169
2334
646
2120
52
2472
2124
2708
822
644
420
2202
852
1332
942
2266
1748
1922
322
2192
1376
1786
788
1396
274
2194
518
288
1006
2230
1072
1144
2129
2132
96
426
244
738
78
386
714
966
1130
2589
1878
1390
2553
2581
2316
2576
444
182
1668
2468
1804
990
2561
1608
2733
2212
822
572
2173
444
1164
2162
1072
1803
648
1386
2887
488
872
2269
1460
272
1870
120
698
126
536
258
2336
368
2528
2101
898
1360
1992
1270
1464
608
2091
898
2500
2226
652
478
466
952
2738
1732
312
422
1230
2388
310
2162
2097
780
2036
920
1392
2680
224
2505
2497
1880
1910
2309
2374
242
754
1204
2481
412
2079
370
76
1842
1276
1220
2098
1022
1856
720
1897
2121
428
94
1356
2516
518
1982
268
960
984
2257
308
616
2089
322
334
2768
240
2343
1248
1218
1962
574
280
2819
2700
2401
104
2055
62
1462
2135
584
1360
362
2031
2061
2102
2010
2198
2203
218
72
1773
2234
382
274
732
1738
1140
2248
584
2229
1935
2558
1824
2284
2603
1218
1048
742
2321
2078
1936
2191
2443
1018
50
112
592
1320
674
552
544
744
82
292
2084
2363
2168
2174
120
24
108
2571
1980
2518
470
636
1264
2074
924
452
2143
2107
944
2448
2301
850
800
782
2346
734
1266
2161
2357
716
924
2146
350
2113
1926
1548
2426
2315
800
674
1995
1984
160
2000
1782
68
2216
1578
2598
40
1306
534
1346
2243
2241
2461
32
1792
2106
2219
36
422
1098
2499
1676
2118
2442
2402
408
12
1294
280
1318
142
2338
2402
378
120
512
2886
138
2452
282
786
1670
522
2626
418
2162
472
2274
1932
2805
192
1870
1790
2199
2584
1120
1838
926
2052
238
1066
1466
2051
2128
2675
1662
700
1712
2650
226
252
2422
2085
2348
1002
2630
2296
1544
458
1874
2142
304
1106
694
102
1054
2449
954
116
1904
2281
2401
2164
2450
2313
2356
1822
2263
1544
1931
2104
378
1354
2600
2536
574
2445
302
40
2298
2630
1892
1434
932
2898
550
530
1234
2158
1046
1128
1984
676
2319
922
78
2407
1084
236
2
2471
434
2153
1586
752
276
2576
2383
186
2321
2786
2058
2056
698
1662
30
1592
330
2478
98
1230
1072
664
38
372
2393
84
1284
30
2102
2062
2675
2476
922
1562
50
2116
2452
22
2056
2382
2554
2522
2089
1266
1394
1956
1664
2358
2074
1792
1494
876
1208
2302
80
1764
1062
1702
882
904
740
462
2529
190
1762
228
2267
1210
2567
2382
2363
794
516
816
840
2497
2082
2682
1054
1554
2976
420
374
1604
2224
1228
1384
2587
1026
2084
1232
1706
2168
920
482
1546
1144
944
860
2710
2599
2431
46
1922
510
2369
1852
1772
318
1654
2664
2275
866
1264
1102
1922
70
1286
2152
290
2726
88
1442
1828
338
142
492
2554
80
2298
2494
214
404
1552
646
1916
1856
1440
1940
2036
1124
2486
114
1730
2053
2634
548
1696
2057
452
2070
1418
1102
482
2551
1808
76
2351
1940
210
2218
1628
1274
1856
2432
2512
564
2652
958
380
1224
1242
200
360
80
1270
1736
1666
2331
2186
2326
1842
1872
1532
1278
2372
856
2524
166
1767
2375
1170
24
1764
2155
2111
2154
1884
496
698
578
284
1206
2
1756
1408
346
2172
760
598
766
2600
2549
912
1360
2308
2635
1308
198
742
140
1548
2394
988
254
238
464
2220
2532
92
1546
128
1026
1743
2367
598
10
2591
100
1610
200
2552
1568
340
2395
792
2274
598
572
938
2124
996
1656
2328
1332
2054
56
2238
2887
2395
1146
498
900
472
1734
1412
1874
116
654
458
984
190
662
288
1648
1558
180
810
896
836
680
534
2198
70
2324
458
2219
64
1240
2486
370
1564
740
684
420
2491
278
2060
628
2382
2380
1138
2054
2108
2515
1188
2488
870
2171
412
2674
1672
2354
2004
726
1332
686
752
986
482
176
1734
2471
104
122
2779
2242
1670
2414
2272
254
1038
2201
2270
444
146
628
2212
2021
392
1166
1846
2256
2209
512
710
2427
2397
2262
2236
2520
1620
1056
904
1342
1828
2297
2355
272
36
990
1130
2173
548
2385
1246
616
730
2638
248
2314
2251
1654
566
2201
2318
612
1008
1354
1096
254
910
1516
2937
2554
598
2265
2279
2144
1378
632
192
336
534
346
164
114
2156
1804
2530
2105
696
1750
44
20
2652
1094
28
1966
2515
956
1834
2447
910
1926
714
2245
1278
672
2480
1924
1912
992
2489
1978
166
706
2193
438
192
530
1604
2220
1374
2048
2243
1454
776
1290
810
2492
1354
1354
714
1878
1598
1324
190
526
986
1312
2069
1014
162
1716
32
150
1768
1896
1440
2467
180
2605
2254
2262
626
2375
2392
2484
1456
1006
2329
940
1966
880
2158
2848
630
1906
2320
1838
2433
910
2294
2239
2368
2462
1376
1086
1288
2626
166
412
490
382
962
972
1040
648
2334
1008
2467
1098
2584
182
72
2184
2322
2529
492
1298
952
1496
828
318
2409
2156
2190
2847
2843
2844
2170
258
656
1582
848
138
2332
1176
1929
1034
1444
80
2526
1212
1760
1346
2253
664
2354
2001
2024
2184
360
1558
2473
454
1961
1826
718
2584
754
2444
2420
2322
1468
96
2120
1326
1014
236
2157
1004
14
2662
2183
178
2055
2454
2162
634
340
2241
1857
1636
864
460
2534
1160
172
2197
450
1740
40
706
2571
132
2222
1615
2028
2344
884
1414
1726
2518
168
1680
346
918
1574
700
2564
1154
1270
2416
2028
2637
2193
1757
408
902
1464
1126
2231
986
2252
2208
2232
2484
110
2519
1336
528
476
2067
2377
68
2505
424
526
8
1584
2516
2204
504
1118
2134
2074
2239
1504
990
610
964
278
2587
2390
728
2282
2470
2304
1466
824
2296
48
1026
2456
1774
542
1470
1362
2529
336
1944
1484
960
1252
922
344
586
332
2572
572
8
1386
2022
1314
1120
1538
384
754
148
2332
2840
1076
1504
2463
170
2710
1316
1070
258
198
1392
1276
2270
2494
236
1808
2442
2528
2579
354
2403
2066
2305
420
2272
884
1634
878
120
82
652
2129
230
1622
1307
2171
2124
2394
1969
2319
948
968
398
1128
2096
870
1092
442
2287
1368
502
400
2296
1868
1666
810
2286
1390
434
1188
656
1660
334
618
308
474
68
46
2212
304
368
2073
92
726
2157
2046
796
124
760
452
1354
2625
1118
352
712
2096
1388
2062
2141
2723
1250
288
2363
2482
342
1625
1600
2311
904
2337
2605
2193
404
244
2379
1074
516
2592
2257
724
982
1610
1670
2199
240
2638
832
588
2470
2370
1902
2136
3051
1802
1610
2452
1979
2626
1002
646
2254
1832
994
1984
2205
2445
2484
1889
2433
2684
712
2262
2326
1096
1684
1906
1740
2102
2437
1652
1742
356
870
2789
54
840
2606
1080
1402
1150
268
886
2388
374
2264
740
828
12
940
2232
328
582
322
2488
720
1858
1272
808
2081
2271
1310
1672
1925
312
2791
80
2540
2500
2337
100
2298
1688
2419
2329
1566
2370
786
798
1438
2157
38
2260
1982
2236
1712
2392
34
416
818
1188
2339
394
2636
706
1312
2362
1852
458
2792
1048
1042
1224
588
310
2535
768
814
2334
104
1732
2166
374
1370
2632
846
2624
2170
572
352
1534
2301
174
452
1978
2170
1056
2298
990
254
910
2373
136
1860
2328
2574
2148
884
2585
524
1866
1990
694
1224
1316
490
1864
1150
2301
1570
2034
1496
1772
1064
276
382
2295
2274
1172
1550
2042
2440
602
330
2276
2154
1726
592
2444
778
4
894
694
316
2673
1034
1230
226
2212
292
1090
2887
2014
1084
2090
2072
2463
616
2342
468
786
2101
1056
1864
112
304
1876
1490
2436
178
2115
2875
828
758
1933
1264
1946
516
304
1492
906
2409
300
550
414
554
1380
2526
1734
2290
778
2167
2203
398
2367
2132
986
90
2328
2309
758
2801
1184
2286
2496
2136
1142
2330
1780
368
2057
776
2576
936
2026
712
1616
656
2359
440
2324
2339
26
1644
580
836
1408
2878
66
86
248
1232
562
2590
2310
2318
2698
74
2458
188
530
738
1452
58
806
1903
858
2327
2081
646
2249
800
2345
1228
2009
1846
838
1520
1078
2376
1086
2339
2410
1791
1070
1772
852
1965
2200
1188
2104
170
1937
2538
698
136
782
1054
2118
1404
100
838
2183
2329
2295
790
2092
2593
2308
376
726
2321
372
1910
2178
2156
1628
1078
2194
1856
1052
1740
2353
170
1094
2306
174
1004
2053
2500
168
1070
2412
186
2476
2337
2258
432
2720
1264
154
1562
68
44
224
2612
1694
2463
3050
2097
1226
1124
436
742
1196
534
1630
1390
1096
88
18
208
1934
1028
256
1140
2140
1246
1852
324
1904
1566
96
1562
74
1114
2286
1782
2118
2546
1982
2085
810
1504
42
258
2339
1270
384
620
2338
144
562
166
762
1832
1226
1026
2692
2020
1522
2363
2431
916
1118
1984
1616
2732
638
18
1442
2084
1548
2232
2714
2191
314
1298
162
1028
720
536
1149
2520
354
1420
936
2138
2572
438
2595
2238
98
572
1898
334
2246
228
368
400
880
310
964
1708
256
2578
182
2441
1816
880
2263
2471
2212
2685
2420
2567
2226
2307
2503
1992
1220
1348
1164
158
2449
1416
2683
1906
1970
852
84
2389
682
2138
46
1044
2507
1514
578
456
2313
954
2312
822
2205
2234
28
16
1280
1260
460
1988
2495
2216
2702
1136
74
966
1396
1216
2605
22
636
1500
1282
1088
416
2618
2381
2132
714
2396
2269
2814
250
876
178
1196
1062
850
1456
1763
490
514
574
1856
2336
2034
1068
2148
918
1394
34
1192
362
300
1042
2145
1162
2330
2429
2793
2555
2129
1956
718
692
998
1140
448
1554
1728
2244
226
534
200
1150
796
1580
862
1082
600
1470
206
1626
1882
2336
394
1266
492
2148
2316
852
2721
1482
1936
2664
1990
892
1846
2531
488
2537
482
668
86
76
2139
800
36
2338
20
2111
908
376
376
666
202
2160
1728
796
2646
2407
2238
80
2173
92
2673
2215
242
2126
624
506
2726
652
120
864
1909
1911
226
1344
2337
2087
2112
1298
1098
1966
1600
628
2335
698
464
330
676
2205
2056
66
1052
1048
2166
606
1830
1990
822
812
824
2488
1864
180
2318
1052
704
2202
74
2206
2235
1432
1268
1628
712
342
2423
2032
802
330
908
2188
336
10
146
1584
1216
2491
22
530
344
2424
732
2614
454
1856
2552
236
72
322
2359
174
1740
36
624
2384
8
2363
184
2339
422
2
1732
568
1106
844
2222
1950
656
210
2453
228
746
1994
1090
1444
2030
2128
188
402
2121
2430
2262
306
2656
2409
180
2320
2238
138
1260
900
1058
1070
1862
2398
1872
2281
2152
2508
360
1355
1124
1466
906
2562
348
1502
52
318
252
1794
1230
516
2169
2521
2477
290
2150
60
658
2077
2362
926
898
1058
2407
134
2196
230
1048
2229
2510
2114
1040
82
2140
1896
2226
298
1324
2100
626
708
2080
2457
2019
308
658
2094
2801
2468
548
926
638
1210
2395
2408
664
1914
1078
1354
1052
1999
2086
826
1282
2020
6
522
1126
2317
2352
1210
2430
2352
572
238
2700
714
2246
1846
266
1444
976
200
2458
2207
660
2260
500
2126
1246
2451
2706
1656
736
528
1236
232
1320
2301
678
1026
2683
2251
2374
1426
2708
2195
868
680
2497
74
2194
624
1062
2288
518
2497
884
2143
920
2082
2583
2572
582
1849
834
2121
336
2432
364
2010
440
8
428
874
1958
2201
2355
2802
1426
2426
2038
482
1252
476
1935
1486
1680
756
154
2282
958
2186
154
446
2022
2421
836
1118
406
862
148
2038
1963
1574
1258
456
1436
986
1514
2098
948
2012
52
1747
2547
454
1350
2385
2397
2541
2600
174
282
2062
890
1580
356
2479
56
2012
2536
636
1016
1474
442
2589
902
132
2290
1618
236
242
220
2254
1126
1290
1438
2610
148
118
524
42
12
414
632
938
1512
62
2297
1996
2115
1320
76
1825
1026
1292
1244
774
1164
602
278
686
2066
932
350
2104
2545
1850
2065
1530
1142
1564
1648
2202
1816
1830
2213
946
1932
164
922
108
170
336
2384
2140
570
2059
1736
804
120
2444
2222
1146
1562
2308
2521
1638
1672
432
368
720
2014
394
848
1584
696
2312
84
2729
2308
2506
1852
2384
2136
26
762
1774
1474
2520
838
1912
2378
670
2486
124
558
2461
84
2176
2440
48
2106
1044
2826
1394
2035
756
1930
2353
1124
1618
2464
1524
2412
2452
1714
1930
72
2507
2384
2308
518
1222
84
926
2035
202
518
1664
1504
1346
2328
2481
1550
1074
2162
2023
2125
1760
1766
658
1332
60
2455
384
932
670
596
1760
2160
230
1120
2242
978
932
2268
2620
770
364
2717
2
1008
1034
1192
1090
1382
1951
90
2251
1986
1658
2054
772
1308
2397
1544
288
2264
2434
1506
536
1496
758
1813
72
292
1666
610
750
992
1658
424
2457
156
1612
2420
106
1168
930
792
2143
2558
2098
2279
2479
78
516
1903
2509
2327
2280
190
1809
2655
562
898
516
2683
1014
982
2021
2369
2151
396
1136
1436
1878
2956
2374
2613
1090
2038
1442
2482
2352
362
4
2590
1016
1770
1284
1076
2195
728
1222
2609
2597
2110
2230
626
818
1968
2342
460
136
156
2378
1316
612
1354
612
22
748
266
242
2341
1610
2306
906
1897
1164
542
104
1780
2258
218
250
2344
2251
746
1076
6
278
2066
1950
38
1314
1922
490
2728
2550
1668
970
366
2036
2187
910
246
2158
1064
584
1798
2198
2019
232
126
1919
1156
2595
2700
2416
1238
2042
1148
42
2122
974
498
908
442
510
400
1478
2380
2727
1204
2672
340
224
2315
790
388
174
1058
2549
338
2654
2313
888
944
2247
942
1552
1572
536
1244
2283
2499
1788
1066
334
1690
794
1476
1188
806
526
300
432
2280
624
1082
534
646
496
2434
2668
1268
1278
2259
2422
66
1746
812
2099
1434
266
910
2847
1986
94
1150
1298
840
826
1792
1532
2054
2443
1124
486
484
880
2230
640
1392
2554
8
694
1859
2611
2340
2231
456
2074
624
2358
402
2542
2132
2198
1684
540
1338
76
312
164
2099
2500
1264
1136
2052
1362
1018
1882
2459
138
746
2386
2594
2514
1444
850
1997
120
156
1562
2847
166
270
2628
352
68
494
2608
290
574
2220
1588
794
60
2453
774
2016
2560
2174
2056
2127
1092
370
1530
804
2134
2437
2575
2314
2278
2636
452
692
902
662
2176
2367
326
2062
898
2030
1132
860
1412
318
146
2168
710
2533
2278
1444
2227
2488
1590
450
1638
2179
2444
1194
570
1633
124
1056
2233
1038
2229
2112
2340
2422
942
676
2098
394
2666
2037
16
1718
2444
990
1400
22
1068
20
2489
1164
2053
2232
104
1228
768
324
1836
340
268
1858
2248
2192
202
48
2360
1218
856
376
496
976
1440
1612
1386
356
610
42
72
1720
486
962
1358
32
600
62
1062
2580
824
402
1032
1280
1310
1925
2132
1706
502
266
1676
554
358
2075
548
2351
2372
2388
2598
658
488
704
1030
650
260
2459
2684
2440
2544
2507
1942
1414
1790
2262
1938
1548
2439
2069
1754
1004
956
2208
882
2100
104
336
664
158
2134
900
992
2321
1422
2719
1974
524
2397
840
182
1062
2341
1444
2545
2547
2036
1946
1594
1982
1730
1380
2016
650
2715
1130
2519
196
2339
2330
2176
1316
1444
488
2294
548
24
54
638
2074
16
1902
446
1078
2392
2495
290
1164
2618
2193
906
2461
2286
2051
2174
1094
2648
2646
2265
2074
346
2650
106
392
974
1846
1508
542
760
136
1554
2038
2410
1486
2176
2435
428
1194
598
976
512
230
492
2388
2407
536
536
1268
2299
296
1014
512
2110
350
1662
940
34
1138
1210
954
1016
122
2059
848
2164
716
548
1987
2602
888
742
1158
1956
2049
2876
88
2075
704
2503
2351
330
1322
830
874
26
782
48
170
2913
2104
2050
2633
2144
856
94
2060
696
2044
1254
478
1140
406
1876
2137
1058
512
2468
1216
552
1300
2153
1070
2288
690
580
212
2188
1212
2403
1742
982
2040
56
474
1950
208
2240
1038
2171
126
2528
1246
572
858
1206
1056
562
506
2284
2164
718
608
2426
986
2463
2104
1014
12
1692
298
2519
1095
1252
1446
2218
2084
368
1931
1656
368
1620
414
552
240
1804
1342
108
2136
2223
1184
2319
2217
2656
1734
228
1853
874
522
374
2041
2647
220
1904
808
114
416
686
936
1690
1116
950
254
1997
1334
700
1172
900
1975
520
1666
382
2447
458
1578
1609
296
850
132
76
1903
72
112
578
1088
124
784
1984
1492
1338
50
640
222
1506
652
1896
1058
916
1560
1894
2253
2328
2482
1999
2286
1686
2104
832
1352
728
1510
958
74
2252
1140
784
1961
94
1592
144
1566
518
176
470
1666
1072
2412
82
1997
2533
2319
460
2206
2345
822
2183
2496
38
292
436
1156
2345
2274
1616
1872
2517
550
362
1718
1604
1070
2144
1650
1290
1484
2146
1528
1648
1602
1046
318
2003
1278
2679
854
1136
1440
2698
358
1168
2161
2250
2058
1626
2036
2563
502
716
58
2163
1765
2499
104
1360
738
2256
396
462
2476
2102
2201
792
1258
2474
1986
2719
444
920
130
2501
632
336
2162
2345
1508
1756
696
2582
2165
2497
222
200
1873
298
2415
2222
946
716
1474
1980
2300
1658
1386
398
1746
358
1696
904
1949
2452
2296
118
404
148
2587
470
1480
64
2776
962
1588
1308
1186
38
2460
2498
2149
712
1180
2020
2264
2264
1070
520
84
2536
1904
1558
1034
1942
1378
2206
1608
2780
1648
2296
2122
2273
1662
2616
2177
78
4
2729
58
484
1342
2550
1150
834
2515
1408
2598
1178
2574
1228
1662
1190
1960
2400
1554
1887
944
698
22
2607
2320
2591
150
358
424
324
1570
1116
328
2261
478
2590
2385
2437
386
372
1104
1152
1278
946
2415
632
2460
2568
2289
1610
1877
478
1160
594
1470
1564
1344
696
1858
2169
66
1018
1602
2050
1578
106
446
648
552
1368
318
248
1883
1298
2398
2739
1558
1976
144
398
2177
2420
564
796
1824
996
1240
2330
2108
2491
2294
1812
2478
628
1911
2224
2563
12
412
2508
2295
544
1120
484
458
1981
372
184
732
2078
1702
160
2256
264
598
1466
884
452
950
2100
998
1126
76
176
1916
78
2152
1632
782
1576
2465
844
96
998
302
46
2451
304
926
134
2300
2160
2369
418
1346
1957
706
886
382
136
2210
152
1560
2392
2364
616
1720
722
854
1896
422
2200
74
2288
836
1194
1460
2402
1094
2662
1184
220
716
2046
2466
2331
1889
1674
1832
658
812
692
690
130
1408
54
1981
40
592
1626
760
2167
494
1386
2517
780
2729
1762
274
2556
1694
2440
54
2617
750
576
1156
2
1228
452
2381
10
342
2307
2413
2226
1758
1946
2630
1928
1680
1650
2765
1978
1772
986
1888
44
1500
2310
1108
2120
954
1941
268
1938
2500
949
46
2148
1056
1406
1876
624
102
1304
2060
1366
1909
2150
478
192
1430
2044
366
2370
2176
1438
2387
126
2481
2368
1548
318
2194
2157
1258
782
1880
2393
1448
2597
280
1386
518
2238
1840
668
2212
422
502
784
314
1923
1848
852
2610
882
534
2182
2338
1590
1841
870
1020
1879
712
378
2608
1270
1650
1938
898
1400
2376
126
1844
620
1926
372
1774
46
2569
2423
180
774
2280
2334
266
398
1032
958
2480
594
2242
2507
2212
2354
960
794
2808
2492
1750
1962
2214
1446
536
2069
586
110
2473
482
428
792
528
2415
1998
2338
916
70
2148
1238
2138
336
386
2100
2132
316
2076
724
1576
50
2140
200
810
1516
1026
1750
2262
2503
450
2434
130
1182
1324
1472
2167
1849
2145
70
686
2160
846
640
1904
138
2269
1950
2208
1110
260
2023
1664
1975
2300
2618
290
2170
1645
2705
1432
2236
570
1190
1774
664
1380
900
1040
2534
174
1404
2298
778
604
2128
2366
2342
2098
1660
182
172
234
344
806
984
258
2179
366
2058
1892
522
286
1832
2216
2362
2462
564
762
2247
1108
226
1686
240
978
802
242
470
2539
800
1924
2695
1172
2476
2540
182
652
2432
12
1346
230
2176
1306
1088
1042
2016
1744
2210
2119
370
2185
368
538
2327
2482
2530
162
522
1910
1524
332
2132
1958
2291
1000
2022
1622
1933
338
456
1102
810
144
780
280
98
2372
966
1969
534
2527
1444
774
894
2665
2109
438
1044
292
42
1224
722
2668
756
192
1884
2133
2300
2298
4154
2030
2423
1816
1738
1646
202
60
2166
1628
872
2412
1280
1622
288
2391
234
1244
440
692
1744
2038
648
2495
1212
834
2639
1060
786
2276
330
2020
2394
2468
2660
2035
1138
936
372
266
1650
2109
340
242
62
2062
488
2310
2418
988
2146
1694
1852
2128
2292
1356
1054
1398
606
2226
578
2020
1840
2236
512
112
2358
2479
406
564
156
264
1624
1416
260
2415
1316
2265
2201
1884
240
2396
868
2338
1242
2708
446
394
222
670
2557
2335
872
886
1484
2130
418
116
1010
2124
2244
732
2231
1012
1534
1498
2657
288
1929
1390
2009
2264
274
1082
102
2292
2406
2471
262
2689
1258
1760
1396
2066
1652
1962
816
2431
2222
1448
370
466
2307
690
1748
860
2245
1818
200
444
1928
1552
2586
1364
2726
224
1888
1494
2359
1738
1514
1538
1178
2422
772
2040
2279
1254
2512
2462
16
930
2326
458
2028
2311
232
892
2476
244
1599
2048
2341
124
372
970
2563
1248
2010
64
468
1000
304
1070
1740
552
2321
2252
2406
2302
68
548
2372
192
1634
2029
2381
1568
2276
1784
1580
1988
1710
2477
184
1489
300
2336
668
658
816
1528
762
2464
600
2172
2295
18
238
840
1792
1604
768
2613
1460
2016
1062
2470
1354
1176
358
930
368
498
426
1580
2415
272
2233
2605
462
2700
1292
2021
190
2248
916
1992
2623
252
670
1666
2039
742
2312
794
1482
1154
1298
2585
2791
420
1234
2203
504
2032
396
656
1838
1702
2601
2342
1314
2683
976
282
1356
2395
1542
1444
2148
2112
2232
2165
288
892
2581
2268
2484
2687
538
112
394
884
988
72
1865
2563
94
3042
122
2196
298
2230
1230
1548
252
720
360
2603
696
128
426
320
68
2051
24
2062
956
2456
1768
264
2386
2422
370
2405
518
1893
2465
2305
874
828
1086
2024
32
614
2100
364
1528
950
1904
2293
2816
2242
1012
2219
740
370
1478
2701
1642
1610
1498
14
210
692
142
222
1462
1288
1946
1012
1372
2627
2162
2217
2016
938
2550
860
1384
1022
976
118
110
998
2494
610
216
858
1760
2550
276
2221
180
594
1531
838
260
2887
2590
2491
562
2068
72
2413
1494
2160
40
2430
2431
2550
2391
2316
2580
456
2494
204
526
760
66
2086
1650
2014
1688
2256
412
950
1770
2365
1348
914
678
1636
2580
160
2104
2288
588
1276
1260
2479
2442
2469
170
614
192
1214
434
1094
2448
1780
2572
292
1976
2744
1144
478
962
2493
2089
2192
2497
1264
2244
812
314
1058
120
1328
1398
836
236
2181
942
846
1064
720
2063
256
2460
208
160
1914
430
588
1336
546
234
1788
1974
748
606
56
2581
848
2163
2162
2355
254
904
166
712
2296
1120
42
2605
2325
1534
2233
1270
1534
2450
204
538
2377
1452
1258
934
2645
1975
2646
396
480
1908
806
776
168
482
540
340
2441
2331
1062
1260
1400
1042
2018
310
2075
2267
996
2244
136
200
2200
376
120
2763
1028
1726
126
2449
426
1364
2748
868
1920
160
314
2196
18
2650
786
292
2072
38
678
2284
140
76
2040
386
1046
1158
2432
678
2376
2
2905
38
2646
430
292
2546
2680
2194
464
1804
2193
1774
1740
3119
382
1646
1544
1228
238
2281
2532
98
2516
1158
1460
716
2520
1946
552
2186
2054
496
330
2016
68
808
1480
1830
2825
494
2240
2351
256
36
1734
456
2157
2416
708
2008
2162
1150
1306
1996
574
450
674
2299
2626
826
2510
114
2328
2092
948
2332
1006
56
174
2169
1970
768
126
816
882
2189
2484
2588
1870
1994
1532
1028
2292
252
2497
488
1724
2733
2241
312
1576
1240
612
398
988
934
880
1056
400
1886
1988
2356
1626
774
402
272
756
2084
1022
430
638
158
2302
926
54
204
534
2362
1830
2449
398
264
772
14
44
2141
2488
2239
1852
344
1700
966
996
798
364
2367
2351
920
1717
2399
2105
302
44
2480
1682
1588
2517
2050
1984
2264
1210
8
2376
2515
1634
1088
222
1826
1368
2508
386
192
2008
986
2586
1048
600
2590
1512
1944
1030
2440
294
104
1254
2071
876
2428
1446
1168
2831
930
1662
2367
1008
896
1288
770
2872
372
1472
1406
2020
2681
792
1620
1018
190
162
1897
1976
2645
1232
2634
2074
2351
304
110
772
2113
2172
278
450
1997
1832
1440
2505
1902
2482
704
428
1002
1100
2235
100
1610
888
2400
36
1442
42
2747
2108
824
68
282
1078
42
2190
1062
1390
2050
2216
698
1408
826
1600
564
1532
2120
1114
1616
1556
1989
280
1018
666
1478
102
2464
760
2200
1212
1940
338
1162
1060
2168
2106
154
2276
432
2054
324
784
1370
1826
40
2348
1646
2742
834
74
1883
1156
1028
1498
1150
562
444
688
2355
330
70
2112
2624
1796
2010
174
1016
2407
934
396
1722
1136
1038
1520
1622
380
1024
670
1828
444
2159
2234
2232
2158
2504
1666
808
2462
2385
982
2288
2032
1228
590
1922
240
1048
990
144
628
752
3474
1386
1364
374
2206
882
472
1404
2229
2417
1628
664
2003
1246
304
630
2263
1586
2331
726
1828
1262
1516
2311
1034
2110
1570
1136
1012
772
62
1970
484
380
478
198
724
406
1118
2429
2393
404
350
180
524
1638
2421
1893
2613
1068
798
2148
1145
1579
1746
634
1336
8
1995
774
1834
1870
2277
78
2383
1178
658
458
1980
2146
2506
1290
2711
2532
2302
2263
2391
2404
1460
1542
2533
750
886
648
602
490
1862
1664
1010
2498
1248
134
304
124
2046
2133
14
582
2237
1982
1734
2097
1396
1176
988
1550
26
1082
292
2020
1304
1760
1082
972
112
2918
2540
2373
1825
1394
2448
2299
2346
634
1702
290
2142
176
660
2298
2176
354
2571
418
594
2407
310
1954
570
1268
164
2126
934
100
2348
186
1250
2475
898
1116
678
54
1936
2032
2185
176
92
578
286
172
2112
108
330
374
1064
2696
2311
316
2012
2553
2072
1064
986
620
2364
1504
2294
1450
2406
2223
882
1404
226
1704
2142
1030
506
854
2296
314
258
2218
854
2450
2289
2354
550
2390
2614
2514
2332
436
410
2234
2371
2138
1128
1304
460
406
690
892
2617
2615
1736
1600
454
592
628
522
2078
2540
178
2587
2548
2214
756
1330
142
160
1582
600
822
128
2362
2405
2703
588
1968
1226
2264
250
440
1856
1656
568
1140
2226
2475
1584
1930
848
220
706
2313
2039
1432
2132
2414
938
502
320
972
220
2400
538
1654
80
128
1838
206
466
2561
2619
992
106
2879
2225
2537
1772
1830
1548
996
2704
844
1448
2169
210
1008
1646
2449
2390
980
2051
2543
1614
956
1983
836
34
238
2142
2378
1954
936
508
842
2466
556
2254
210
238
2036
2087
574
2804
2033
688
1962
2428
2284
72
2526
1452
1859
2396
1528
1038
2584
1716
338
2297
2233
336
1188
1996
2208
732
812
2510
2080
1232
1536
2457
1913
1958
366
1552
2558
1258
1248
1682
188
1928
736
2404
546
2234
2393
2306
2282
1354
2668
1828
1366
2520
2241
1972
2899
122
1460
6
528
308
374
2052
1480
836
2180
600
372
316
884
2423
2292
174
18
2321
34
1384
996
132
2157
32
22
2420
220
1808
1982
1086
96
1448
218
854
198
2382
2183
994
1050
1262
902
1130
2687
1666
266
1908
1102
2175
1897
976
2690
1754
558
2538
254
2355
2511
2474
126
2170
2376
1122
472
2541
2020
2395
1140
1662
1566
1572
1472
1988
244
2352
58
2167
332
1328
758
1942
2490
2252
2058
2600
1954
2011
166
2169
298
4
1090
2476
1550
926
2497
1490
2369
810
1724
2032
2727
1140
144
1960
2386
654
766
1220
1812
2348
2027
2144
2102
934
2251
1578
2606
282
1746
2351
2545
62
1656
206
2290
2138
416
790
2545
762
1442
676
1308
286
2422
2316
220
574
2332
1052
1660
158
930
1068
82
2560
2215
1218
2104
1096
2170
2821
2285
1514
1120
2480
2160
2234
86
92
152
288
350
1856
1626
90
994
620
1230
88
1966
1926
1810
2162
280
2199
2476
862
1568
2386
1704
1994
2201
2668
872
1698
210
594
372
1732
66
1422
1462
410
1939
612
1312
2431
1842
66
1094
1176
570
2457
2259
2296
1058
2370
1620
2267
1402
2303
2314
1881
1324
1916
2133
116
2256
358
1344
1630
2467
656
1811
890
2128
452
1166
2004
1572
2312
2626
2186
260
1696
2216
1950
2060
2112
676
2578
2691
606
1911
2038
2184
1888
24
2158
2600
736
986
128
50
2384
770
274
2144
2016
102
2488
116
2411
2018
1062
926
878
806
442
1508
1464
784
2243
1486
1050
1907
1402
2691
54
2226
1548
2268
2388
2374
2316
342
182
2505
142
334
2368
1002
1755
482
920
1446
742
360
1540
1516
2279
1210
2314
266
2104
134
198
2704
420
2728
228
470
1440
1644
1354
1690
1986
644
2706
1224
250
336
2446
786
2089
740
432
2035
1714
498
1166
2299
2344
1836
2600
96
2183
1416
372
2408
1258
2160
2459
576
2126
82
360
30
2176
526
2704
1236
2162
1506
2143
1887
2403
328
218
502
2487
1226
2235
2324
2563
2270
1224
2301
1870
1048
820
542
1064
482
432
346
34
54
1992
1950
1698
2554
1550
2202
180
2757
1320
2461
2049
2451
1786
1954
2747
948
2117
1510
186
1771
984
2542
2525
244
1398
18
436
2228
2474
498
402
1558
418
228
2228
188
2728
1689
178
2412
138
982
2034
2086
1026
170
696
1590
256
2232
114
1298
1250
930
2244
30
672
554
1200
2210
408
1734
806
454
1052
1874
64
1604
1124
2586
2160
2118
64
264
1830
294
2351
1560
2170
1002
1160
1642
720
2009
154
1666
2063
958
110
2537
262
1516
1502
1462
2012
2543
2570
1100
452
2342
1694
1586
1905
114
988
20
1414
2408
880
1172
1478
2451
2619
156
2232
1442
2142
298
2830
2893
2178
1420
230
204
540
2301
1999
2218
134
2567
2129
2649
2297
432
2096
2434
2368
1726
106
1060
1984
52
2248
1262
2039
84
1904
2269
2496
1240
572
2190
2243
1540
882
954
438
2518
1740
496
2117
1958
2489
2328
66
2425
108
2330
1908
2282
112
1394
480
1900
18
2469
526
406
1614
2008
2275
1558
1819
830
342
1114
1150
854
1000
2225
872
214
2275
1180
1606
498
276
2419
788
2090
1080
2349
1680
208
2414
2135
2045
292
348
304
1058
896
1280
822
870
1662
554
2294
252
2590
186
2227
2534
418
2269
1084
418
472
290
170
1940
368
1022
1986
2233
512
904
2473
566
832
1018
1570
272
2327
1724
2285
774
984
424
258
340
2577
698
414
2560
690
2319
1040
918
616
1984
310
1108
2144
66
838
2060
454
2138
264
2050
2340
324
296
360
942
1284
912
240
2600
482
2416
1554
774
1890
302
220
984
1862
2344
2068
154
474
1711
370
2102
64
646
2516
1204
2733
562
2054
1182
1894
548
1972
1196
2308
6
2276
1855
1164
1258
2156
1600
1844
376
844
2323
1434
1518
2345
2734
660
2622
576
802
1688
508
8
2386
2466
2410
2049
44
50
2181
2151
290
2041
534
236
1622
2284
2170
2062
208
110
1861
496
2132
1758
2580
1852
2110
896
2275
826
622
232
794
258
2307
200
1520
56
374
1416
2058
20
130
2715
564
2525
1066
978
2452
78
2258
2170
492
44
1446
978
752
938
1618
64
552
1150
1126
1550
2256
2
2106
62
1160
2166
284
2552
2417
474
2415
2359
2102
1556
1346
1456
838
1436
1923
1352
1204
1634
1997
2457
90
868
922
630
836
2555
1684
1136
146
1930
1028
2445
2778
1660
1372
858
2724
2254
1028
2007
2236
344
2158
1846
2213
1464
120
2400
1462
2314
2388
2144
1510
482
128
2332
1324
158
2506
2126
2074
2266
2312
62
2258
2645
2
1580
2064
2416
1776
2367
2050
2163
1848
2192
2055
410
1138
1922
254
746
832
2553
2212
1892
42
1028
1024
290
2186
2859
1940
2275
2316
1494
288
1398
2604
1480
226
2147
1120
166
2483
1941
64
2239
2299
2174
110
582
684
2616
2406
348
782
2048
1428
2476
1058
428
2358
2302
1716
1004
152
200
1606
2701
948
2306
1166
522
1384
314
1106
2227
622
1260
30
2257
2375
2106
280
858
150
1116
2165
2328
2335
1170
2260
1180
1032
16
2372
386
294
812
2109
1929
1998
308
2214
714
1868
676
440
98
1568
12
1130
2404
618
1592
774
2495
768
1120
104
2141
2406
156
1698
2476
236
2278
2021
2348
350
1820
2104
2064
2011
2193
80
2455
2499
704
2032
1974
982
2392
816
1004
2348
546
1954
574
2254
472
108
2348
2461
2611
2072
1340
422
2418
1020
2391
2515
170
1092
910
120
434
1536
1166
2012
1958
2631
1278
336
866
2755
2408
382
2117
2325
400
68
2498
1528
584
494
474
506
1474
942
2305
1678
2
2487
420
354
1924
1538
1780
572
998
766
1016
2224
962
370
2697
1554
2115
890
1768
712
1444
2128
156
2330
2050
1396
2046
374
2229
958
76
1210
848
416
488
2585
876
2289
414
1532
1633
558
4
602
2331
172
2457
780
2095
2056
2113
2287
612
1948
244
554
400
1326
854
1068
2094
2090
30
132
700
1140
2054
1502
2232
502
1902
182
2449
1772
1825
2620
322
1642
2198
2146
1610
682
502
730
3732
2403
38
154
1915
2089
414
1414
862
1838
2444
1486
206
988
2542
956
516
2317
2475
2472
2095
686
720
198
2590
4
706
2541
2488
130
456
1828
584
802
2085
1740
2429
1458
1782
226
2110
750
2697
1606
1542
2114
58
1606
892
2496
1806
2369
90
186
1452
1442
948
2191
1254
1524
70
2052
1502
2421
466
2220
2168
1550
1142
694
414
1732
1694
1864
166
458
86
1284
1096
882
2430
454
764
810
1094
1072
2537
1210
2242
594
1664
916
846
2201
1290
2362
2151
2587
334
1896
70
1338
2479
1110
574
2279
2423
748
622
1084
606
782
1619
2553
1310
464
126
1214
2200
2103
2341
1546
488
1334
2270
930
2239
2535
1428
1378
2290
2200
232
2686
2146
2942
1718
312
2393
2400
2072
1268
610
968
1848
316
1902
2335
606
666
2872
2350
386
1078
2209
1662
506
2514
2049
2207
434
974
2152
36
2290
2140
2210
2142
646
1824
2609
1740
646
1226
316
760
2659
546
242
786
440
2865
1088
1954
656
134
494
752
1462
2280
1298
1880
1626
852
1869
2671
20
2290
2468
282
612
2357
2376
2082
98
684
1736
2350
806
1988
1334
2040
930
518
1696
62
78
1192
1470
998
2373
2128
1834
2503
1640
1456
922
2179
2310
2159
214
2391
2018
2017
2435
2116
2392
2258
998
754
2278
2074
2032
1372
98
2681
1318
506
746
344
756
1024
2251
940
254
2245
508
444
2461
110
236
2284
2382
854
2248
1922
2322
1826
678
2122
138
1406
860
74
686
1684
848
378
2317
1929
1402
2306
1576
250
2212
2495
18
2191
1174
942
504
586
1782
2009
136
2260
622
184
882
604
424
2466
2316
450
1586
1364
734
2454
326
278
658
2563
474
1564
398
2410
190
362
1887
596
1498
546
1580
242
1638
2222
2937
2214
478
600
1312
1376
2375
1364
1914
2394
630
914
1930
1146
1772
1188
1644
1552
2422
670
1714
1474
2599
2304
476
668
276
470
2562
196
2028
1957
2330
566
2475
1484
186
2342
974
796
62
1662
1198
1348
2326
220
1542
770
374
74
2006
200
2400
20
498
764
702
1448
540
446
2143
1296
398
2187
2340
772
2521
476
2266
568
1938
2120
8
2316
1658
854
2126
2129
2520
2348
2247
2245
2179
666
2133
2172
1925
2737
2235
2471
2
426
52
1990
2547
2494
1926
1542
2146
2291
2521
1910
2203
630
2515
2454
2052
90
704
94
2525
1370
214
2270
274
2468
1948
1008
2340
2055
1388
958
2101
232
2008
2010
2480
1286
2054
2408
2291
2826
288
764
994
292
2273
2555
630
674
1104
894
1474
2367
134
750
2221
2204
898
330
392
1010
2339
784
1984
406
2564
1110
38
2125
1048
308
376
2287
912
1308
50
2439
1914
2603
2728
2494
1310
1156
704
192
360
1474
2417
468
1706
1877
2511
2225
620
1716
2610
1764
76
1504
1602
174
2338
2286
1913
556
1634
2272
1862
590
186
700
908
2543
2246
1781
2248
254
324
1474
2490
404
2635
1916
922
548
2013
814
2330
2175
2168
664
1506
1026
2334
2353
170
1816
1296
2340
822
1991
704
2426
2087
2692
2241
2255
1174
2332
248
2399
1818
2484
2030
684
2094
990
1074
1296
2350
728
1490
2304
2158
936
2536
2057
596
1688
1954
1894
1723
1610
1764
232
356
2118
2251
630
980
2397
2026
2220
898
2502
2092
320
2285
1578
134
1292
1872
1688
1204
1728
714
486
906
2210
2624
1980
62
202
2162
374
1110
2530
1906
2625
1754
596
940
2118
848
674
1130
2269
954
2174
742
272
2309
646
914
420
576
2675
2459
2389
1306
2302
234
1518
1998
610
1084
2124
322
1262
2148
2097
1350
2500
2201
1690
1088
1964
1600
674
2451
1894
470
284
2517
116
414
2282
2388
82
916
2290
2288
2545
628
530
900
2332
2235
898
2346
166
2208
2158
2620
1032
1286
446
2264
2556
2010
1554
52
2158
564
1338
400
478
2435
1060
2801
1554
298
1548
2074
1872
2328
26
678
2396
2086
480
2086
2160
1200
876
42
640
650
2645
156
1534
946
2
758
1194
538
212
2019
716
988
802
452
2198
1794
1000
2194
1138
2265
288
1062
2090
1206
1136
1838
874
978
2517
1326
282
610
42
1352
2278
1184
178
2508
1936
2575
2194
2604
1928
638
1268
1362
948
138
1926
2342
2175
1594
2361
2781
2525
1270
1642
2318
1084
1971
2035
2291
570
978
820
1670
220
2507
404
8
2030
242
496
66
588
350
1822
1370
854
2454
2146
1978
2357
32
828
1186
1644
56
232
2425
1976
1947
118
870
36
2221
1758
98
2078
282
290
2405
318
2344
1108
496
800
1344
2456
1685
322
1810
870
578
2410
2249
2112
836
1870
1398
2028
306
2220
316
54
2215
2936
1130
2565
54
616
4
2699
126
580
2086
642
410
2147
210
2998
1762
2511
18
448
774
1996
1044
2048
424
1994
1464
1004
1732
1076
2070
1548
2448
2061
24
680
2101
2042
1860
154
1951
880
2330
544
1284
2124
142
2642
2288
1864
1542
410
2794
1440
590
2593
2510
618
2251
1178
1935
1142
2629
2140
2110
2656
2010
336
1700
1616
2348
694
1454
1160
198
2229
330
574
1248
884
1882
364
1860
2243
616
1182
816
396
1582
1596
2708
2218
416
750
2221
1120
2310
1974
2407
2374
400
688
388
2013
2594
146
552
2152
1010
1104
2186
196
1564
152
606
2214
1250
46
1968
2274
1166
1304
2425
2708
342
2118
750
2220
1528
1092
480
1860
982
2114
1752
280
2142
2026
2507
1564
1964
50
1588
138
2196
32
672
388
54
2160
2177
2339
1008
42
1914
2665
1038
2220
1170
2376
582
2120
270
536
2244
2446
2477
172
258
1296
1962
1873
2217
2294
440
1300
1356
1804
636
2582
1254
524
2046
1852
2175
748
1738
690
2386
490
978
1712
72
1576
2548
1534
1664
356
2500
1961
2387
1952
766
2699
1938
2198
1854
792
880
2336
2441
1360
402
764
1316
1886
194
886
40
572
2207
2192
2496
814
2448
2623
1460
2760
2370
158
1040
1274
2316
540
2599
1937
136
558
2181
2526
1566
2249
634
1884
1956
2410
44
1186
2157
350
2037
2463
2200
1324
2265
1056
2311
2451
464
1456
1808
2356
2146
236
1538
908
1346
2162
200
2206
1216
2212
2263
2363
1428
1086
602
796
994
1184
1108
1898
1422
2118
2335
1666
854
2515
84
2180
1824
1222
2012
2371
1742
88
1874
932
2537
1422
2402
1144
850
770
1142
1851
830
380
1642
1548
2588
718
564
66
2482
2423
266
1756
1802
2045
2178
1270
38
560
2317
2512
124
234
740
2130
398
2054
792
2494
1846
2514
746
1302
66
2461
778
2658
2432
214
582
2794
2032
808
2196
672
2480
426
2074
2393
1032
1210
2457
2442
1232
2180
2325
2182
1816
588
2174
748
1778
616
1296
406
234
112
2156
858
2058
1744
470
1214
882
1878
70
2658
1340
1284
1936
2037
2185
1304
2352
1940
2098
456
2410
694
2094
1276
1000
2237
1468
420
2050
428
752
2168
1926
1490
2544
510
1825
2503
2576
1878
1174
1888
2391
2196
1454
1890
1738
924
580
528
2465
2194
2578
1384
192
762
1382
2138
2182
130
1148
2776
2327
2256
2644
688
270
1280
2068
1738
2100
1528
1432
264
1414
1456
2483
676
2019
228
1244
758
1978
2930
986
1334
1588
2051
288
2525
424
1166
1344
386
592
264
1132
1554
1886
322
1904
2014
2306
2139
2176
620
646
2244
2247
1104
2415
2585
2331
1090
2500
2196
636
672
2204
2218
1376
1402
1910
2034
2138
1908
1808
2254
1824
96
402
2151
1644
656
746
2245
1516
2235
822
706
1216
2456
52
336
2357
2199
306
1110
1360
596
860
2588
774
2049
1878
2259
354
2058
2169
1022
640
1418
1042
28
1626
278
1444
1406
2576
1818
2193
1662
416
2252
1790
2425
2265
2274
786
2119
2298
902
1856
1116
848
2235
2153
2352
168
778
2695
1628
2144
38
604
2039
1960
2203
2249
1600
14
150
2140
10
1058
2241
2182
2320
2229
1068
1476
2159
106
1216
450
824
2147
2130
528
2608
580
1116
358
2
1270
2307
2203
2631
150
538
1949
2075
1734
542
2848
542
248
2594
802
2034
1970
2306
1448
1904
2252
344
2364
2054
122
2788
1056
2564
834
930
2619
2184
2176
344
1368
2036
2253
2208
1676
2276
490
2334
118
1314
2093
2069
2456
772
170
2377
1918
1860
2088
1118
2008
2357
1360
1812
1264
2559
2865
332
1786
824
2054
2569
2448
1857
1262
2687
2084
1426
1104
2240
1648
1856
640
2428
1973
288
2595
1967
1943
2184
724
2219
2121
2156
2846
434
222
58
1212
2498
36
1444
2621
1878
1264
1258
1968
1756
1134
2565
36
1962
1532
2244
1678
2268
2479
2170
68
1366
624
2340
2673
1835
2609
2526
1258
198
1902
1948
1106
1178
2887
1616
956
76
794
224
80
2336
1328
2444
2399
1196
258
190
2256
158
2452
1062
2338
2316
234
764
1082
28
526
1768
1664
2355
378
2249
566
72
590
2037
368
2163
1082
74
422
584
2612
1478
1462
1868
2604
2461
2031
30
2521
1336
2274
254
2474
274
328
328
468
2536
1260
2249
2390
1798
2164
208
2520
364
1820
20
818
896
2589
978
1966
2193
2815
1390
784
2373
2028
2047
1042
82
2018
2468
1768
788
2245
414
1977
2253
694
1066
512
1094
314
998
2217
2377
2178
1020
2846
1024
162
2369
1438
1716
2621
864
940
372
1994
924
2303
762
1182
2136
2088
1939
166
474
2227
2302
338
662
2726
2386
1906
768
1000
2233
1594
2076
44
390
2565
266
500
1729
1244
2332
2272
2463
1720
2088
328
2175
520
1988
2154
708
2273
1754
158
90
898
1084
2377
2352
418
1312
2092
2436
1941
92
2557
2326
240
1016
540
2077
1864
364
560
1984
378
1900
2011
318
80
1050
2420
146
1502
2190
2662
686
1802
2242
492
1574
1410
2615
428
2249
2417
2219
2315
140
1782
1999
292
2026
1058
1972
816
616
1194
1756
1168
384
528
2764
720
1286
512
800
1510
190
1234
2328
834
238
1938
824
1492
1204
404
1696
2144
278
760
1358
826
564
1970
2049
1976
2024
892
1940
2609
108
444
2570
2593
2047
1652
154
1014
526
140
1202
2364
1800
656
116
2603
704
154
1462
2552
2383
1906
1360
1926
550
1178
186
770
382
1470
1772
1658
2453
536
1162
142
1830
1388
1304
2119
724
1014
2415
1294
1902
1554
1610
1026
84
2156
566
558
1268
2353
226
1130
128
1008
2351
342
2327
786
2510
496
1664
2127
2428
650
968
1624
246
2537
924
380
2102
2534
1344
234
592
708
318
2178
1414
1974
408
1698
810
2089
810
2259
296
382
2022
2540
2131
540
946
230
226
2245
1316
308
2082
1034
720
572
2572
1028
136
2576
2462
822
2298
324
2469
256
34
2296
1024
2510
480
2764
346
1836
2445
2200
62
2504
2320
444
396
2337
2517
2374
2370
2178
1696
2040
2329
314
994
1925
2206
2222
2307
440
950
332
2440
180
1591
1984
526
2487
1622
1848
738
1106
600
2299
2101
2567
370
2439
2395
1844
952
2312
1960
50
2845
1455
2174
576
1960
2434
1898
2276
176
632
2520
2403
1090
2614
206
2397
1997
2249
40
1464
1816
2432
2504
668
1786
1154
658
68
52
1272
112
1441
340
2184
434
1254
54
2406
856
530
1836
334
2138
1626
1252
2335
796
542
260
450
2259
1498
2419
1646
1612
822
1856
1879
452
2093
956
140
122
1507
2409
262
2328
158
2536
2674
2223
2545
940
1422
844
86
2138
1634
948
1042
814
380
2504
2943
1172
1234
1360
1526
1052
504
458
2278
1398
2072
2570
1190
2629
462
1374
1292
642
1010
2116
2294
2452
138
2368
2365
2385
700
1861
2615
520
150
2174
940
456
336
2177
252
2068
2081
1690
2190
2465
1436
2336
74
2151
908
1640
1944
442
402
22
1036
1826
1326
2719
460
1430
1150
2540
2492
2623
388
454
2365
2237
2360
1266
284
1110
898
418
434
1834
2248
936
586
1076
702
1470
2433
2187
2156
2293
2082
26
1320
2493
1472
2680
40
286
2455
1970
1888
1794
634
2803
1394
1182
2257
258
1882
1616
544
666
536
2216
508
2065
254
816
2522
2446
630
30
2449
2205
916
2388
514
442
2420
1752
1320
2507
2304
1206
718
2434
1988
426
168
1222
48
1020
2516
908
2604
2560
2450
48
2734
638
328
1156
1939
362
716
2639
2077
2163
2168
638
1694
2472
172
1388
2284
2172
48
1178
2490
1878
1352
2158
2690
2496
2168
424
938
2138
2302
900
992
204
1742
180
296
1696
40
1340
2433
2082
2360
2084
2313
926
68
1782
350
1376
626
780
1582
28
878
1018
832
834
1078
78
1558
2498
2381
1998
2468
2412
2252
460
1146
1350
2154
572
1098
1324
2369
2590
2073
1698
2123
2109
1844
978
2020
324
2068
268
586
2464
1398
888
680
2142
2656
2236
2153
2149
2712
314
318
1692
1064
22
48
1632
642
2500
2179
364
244
958
2628
1126
2762
582
290
2361
1798
122
574
978
2400
210
1938
1034
1384
1542
674
2028
1912
282
2478
2558
2257
1688
1194
238
2298
222
2480
168
2117
1667
2736
1118
1700
374
2878
2402
1444
1104
12
2444
80
2144
2263
2670
274
1490
2274
928
44
1221
1558
534
1942
1846
2278
1404
1506
884
524
528
512
304
2040
2269
12
634
2365
2050
306
1236
2405
1778
2408
1180
718
1100
2638
2315
1552
668
838
1626
2303
2527
2175
2365
708
2494
764
2145
1881
2127
784
1516
1814
2099
504
502
778
994
2719
694
1898
826
296
2710
360
2333
1490
2326
2377
800
2308
1340
820
2272
2148
2272
2257
1300
1118
1110
674
1090
2203
2358
352
552
2429
674
2132
1324
2395
2583
2091
2374
1954
896
902
2689
1244
2300
1282
1066
1654
2378
2461
2280
2622
1432
142
2216
2055
1036
76
1930
1274
218
80
448
1604
1972
2463
1404
284
1284
2543
534
2250
1226
682
338
1687
1978
1772
1258
532
1150
2434
428
1726
2144
78
2310
998
14
226
2208
1406
30
1234
2398
1966
530
1991
630
2000
1886
2421
344
1818
534
2601
1396
1026
752
532
1808
2032
2366
2084
2246
158
1152
2490
2524
132
116
134
550
1424
1400
696
1844
2526
1640
2414
14
432
2040
1992
408
2410
1286
1652
188
1356
2358
2418
2613
638
2687
2036
2428
2099
348
1030
2189
34
308
2215
2223
1983
734
442
174
2102
82
230
2550
2319
66
2092
1276
2280
106
2432
2306
2582
2376
70
2297
1302
564
2066
2354
882
1142
1900
2644
84
2516
1130
84
1884
246
1946
356
1624
546
2235
2217
2319
340
606
546
524
1998
1772
20
2264
2191
558
976
2570
2271
1214
2394
1997
1476
1746
294
1166
934
2177
1624
542
990
644
1392
2375
2305
2597
2655
1678
284
2441
524
1528
304
862
476
2268
2373
2438
1950
1394
2484
2130
1028
470
1036
2285
2036
1260
2351
2385
148
1018
600
56
180
2028
2280
288
972
2272
2188
1552
2579
42
1976
1730
2272
2040
2005
2451
1623
1422
1454
2338
2273
2513
2527
128
1228
162
238
2253
1304
256
1410
260
820
1306
2551
746
302
2174
544
2328
1909
228
350
424
2577
790
1190
1826
514
606
1018
378
2708
530
1738
2629
1000
2628
2632
468
572
2357
90
2090
610
2370
988
170
772
1176
98
2337
1862
856
104
436
338
516
1664
852
2874
488
2589
2386
1928
1909
2166
2195
914
56
770
2080
204
1422
512
1052
2103
2243
2059
134
696
170
1694
2211
394
950
138
1524
1466
2610
2556
2435
2424
936
2419
2313
294
1888
1014
2493
146
2400
680
34
824
1078
2603
60
516
1634
610
1144
90
1820
1826
1000
2490
2626
1188
1798
382
2340
2584
2034
2023
176
884
2026
1602
1988
2489
288
8
1582
2063
1798
1862
2337
2391
2352
1688
396
1440
1058
1090
318
2016
2437
1374
720
2318
2383
2092
220
2663
2126
334
132
2204
2468
116
284
1534
1874
396
2372
2086
1946
132
2374
46
538
62
436
1022
394
1594
1780
2289
1708
326
2214
1822
2245
804
1544
388
370
208
2146
462
2431
298
346
22
2363
1772
2111
596
1174
2062
634
1604
2264
2404
2126
370
1715
2118
2632
646
1074
774
2290
2453
910
1720
1028
2346
1739
276
2117
352
52
2726
1078
640
1390
1240
746
2212
2103
1426
2641
2280
384
2106
2058
176
2136
516
1976
2374
2129
448
878
2148
1168
98
1164
648
1558
1314
2038
176
1588
1442
1308
1016
2275
644
1148
1893
2222
2171
1796
104
2116
370
688
2032
1778
2365
1274
1242
2192
328
16
1052
2353
738
1993
368
2225
2335
2666
312
2419
242
2110
1110
890
2682
210
994
578
2481
1218
1644
94
728
2122
764
86
2474
178
538
2096
2768
242
1698
1544
936
1392
2470
1608
2427
2847
386
2532
54
2564
544
1832
1490
2556
532
714
1884
2038
2062
1036
1422
450
296
150
2360
614
2331
110
2729
2198
492
2738
2381
1930
2511
56
728
1434
88
276
132
1850
1638
360
828
622
2501
1326
298
806
140
2527
2284
78
1950
372
728
22
1926
1214
654
922
1140
594
960
1546
208
2558
2032
2148
1436
1178
2148
992
90
2510
600
64
1266
1856
2650
608
2112
2264
2418
2326
2343
858
2316
1600
2239
742
202
1753
2273
2515
2417
2113
1638
1926
970
220
2139
1204
270
914
1410
1796
994
786
2028
372
2432
2501
1438
2105
70
636
2266
104
1672
272
1692
1002
376
644
1368
936
2211
2432
780
1590
342
706
2274
1670
1198
110
1887
1134
1028
2146
1636
1976
646
778
2016
1302
2202
1010
2136
1756
2338
2422
330
112
2697
272
2390
2342
226
578
2043
1244
56
1372
166
2506
474
530
204
1982
1660
2446
874
796
86
2194
2245
1028
1812
776
844
2192
1218
2443
2214
1588
2350
1184
2414
2218
310
2547
982
1142
880
2210
562
978
290
756
1838
2464
2722
1744
2087
1714
2092
1876
176
458
1018
1374
2456
1658
2092
2700
2014
630
46
1816
48
2559
342
2491
2182
546
2163
76
2039
2246
1766
2212
1626
752
2673
1969
768
2263
2324
1032
336
148
1953
736
2152
2062
2361
2001
1892
1052
2288
2019
1762
2315
2326
678
2000
2558
732
1616
2314
880
800
766
844
2419
2168
1448
1248
1844
2568
2580
824
2137
60
112
1492
2186
2557
1986
2173
2246
1820
2414
2204
428
2121
518
1340
76
196
2339
1338
464
2087
148
572
2205
594
1638
194
1300
1730
1342
1276
2287
1918
864
766
2023
302
2218
2646
354
1044
380
264
526
2421
2271
1248
1762
1904
1322
2290
332
1644
294
2277
802
1780
688
1380
734
544
520
1468
2777
588
1732
1460
610
2163
1896
2324
2102
252
2135
2316
2533
1995
2404
2537
2385
1172
772
1162
1613
432
2329
2694
2342
50
270
2098
756
1644
2455
1262
872
796
380
2336
54
46
2094
2489
1574
696
1124
222
144
1834
1846
374
1948
2179
232
1038
1500
1716
1064
890
2222
778
976
2760
694
336
18
1822
2432
154
2038
972
2342
2302
726
642
1358
1238
1970
1788
770
970
208
1060
2175
2485
210
756
1254
2413
2280
2212
2835
2314
616
2653
1202
550
128
2560
884
1946
2137
2160
68
1144
1999
30
854
2472
2167
2298
2411
366
2424
2668
900
1688
1164
2104
446
2672
1350
128
78
2211
2290
1736
1654
2239
2201
2513
1482
1612
196
826
82
2267
1088
2048
2835
690
704
2054
1586
2478
2310
2525
2243
2266
1482
610
1354
2647
1436
2188
2608
94
954
2653
1444
334
66
2276
1408
64
1540
1602
384
2087
1258
264
1747
536
144
2040
706
1072
284
554
264
314
1851
2357
2460
1310
2197
1958
2398
274
2357
1928
1826
260
1336
948
28
380
2278
1652
2208
1062
476
2676
192
1472
114
626
2523
2576
1320
2573
32
770
2010
522
2324
2582
1780
1468
152
106
282
2352
1902
2214
2204
26
142
1080
124
602
1252
1828
2307
2544
2288
1516
2069
1358
180
2326
868
154
1112
1896
2272
358
2357
2926
122
2279
2259
2375
1852
1666
140
328
1104
2302
342
914
2045
1396
556
2528
964
464
2148
766
1558
1244
432
2742
2599
848
534
2463
786
58
2758
814
2304
1911
1298
1060
322
258
132
686
190
116
356
1652
232
1062
648
2207
120
330
1907
118
1392
2222
1116
590
226
1102
1790
554
1936
436
358
1424
62
2183
2000
630
1952
2272
1598
1968
112
2348
16
1989
160
1576
536
466
632
156
1078
112
1108
376
2044
2629
2156
316
1492
2012
122
284
36
1284
202
1754
2687
132
1962
2343
144
1138
1901
2453
1984
2266
2334
2160
2204
954
398
1580
964
742
2238
2117
2082
2076
2167
304
50
1738
708
496
1260
1962
880
58
258
1228
1214
2065
842
2270
232
2126
2638
242
2382
2269
24
2187
2641
466
710
182
2202
452
1975
130
2381
2338
2408
1884
1052
1216
1734
272
2391
1426
370
1624
1368
1800
1392
1864
2612
2293
1038
1280
2406
2533
2012
1986
1496
1712
1096
1698
2289
40
2239
50
510
1995
2498
568
2540
104
2121
1688
302
2266
14
1238
2605
1154
2596
1230
1647
162
216
140
40
1866
2169
16
940
2419
1682
280
974
848
2446
2245
50
2804
700
2060
2233
2421
354
2296
1680
1012
416
1140
2388
476
2224
1992
2190
436
2196
698
1112
2303
780
1394
2210
1632
78
1941
654
1464
88
506
2032
750
10
1270
502
1104
2218
2384
2562
2438
2513
2308
1380
1756
286
1380
1772
2189
2354
38
172
2668
1492
990
352
2768
2530
1979
1596
2116
1678
1912
2135
2800
1436
442
340
2510
2336
2304
1128
2304
2057
614
2448
2348
274
360
1530
2484
2189
2354
254
1304
1746
1861
1380
548
2032
2564
278
1668
2626
1494
86
1918
2666
2264
2415
1764
1222
420
2335
2370
2161
1282
24
1242
676
2408
2670
2256
2293
2585
2416
324
2263
894
2476
236
932
1352
2544
2220
2468
1834
2460
2316
2094
2243
1945
2150
724
1084
1958
2200
734
1086
1330
858
2399
2233
2379
1838
2459
336
2491
408
1995
1484
604
2034
2338
1154
14
2592
1330
332
836
2385
518
1848
646
1112
682
148
768
958
1644
2018
88
370
1624
2218
506
50
2295
388
544
2120
2334
2232
1536
346
488
2195
1050
2112
2441
456
1387
2252
22
228
244
2380
1602
824
716
884
674
2319
2476
236
1562
2247
478
2467
666
1574
1274
226
158
1816
2340
978
1424
2554
1971
2417
2162
1746
2219
806
310
170
122
2268
2554
1606
440
2120
2072
2385
1466
2467
2241
2204
578
1416
330
80
638
126
2210
822
104
2253
416
2637
1160
72
1296
2460
2326
72
2255
1336
1592
2546
52
428
1304
1974
2595
1222
1936
2187
614
104
1750
142
436
2207
1176
1810
1418
840
1484
2126
1462
296
94
646
1886
2581
2318
2548
278
2410
490
1270
456
2600
560
386
2435
2688
2048
2820
1636
1234
2455
496
240
2198
2254
496
520
1282
2094
2488
892
2324
1876
1958
792
2131
2299
156
2387
1448
628
2134
696
128
1988
582
392
184
2014
1994
854
790
2236
2218
472
244
1728
2006
2268
796
1997
1788
198
1186
792
1814
1408
2739
76
2878
1880
1030
1224
528
2467
66
442
2549
1278
2361
2527
2267
2257
1182
862
2661
1774
2125
2222
882
254
2278
1384
988
2174
2306
1150
24
1764
1890
804
2532
2351
444
1542
2138
898
1797
910
1900
2452
1050
2347
620
1580
2089
2644
2367
1066
328
138
574
1956
1296
314
888
2034
632
1468
226
1958
1266
298
2434
2475
138
2822
2449
236
1805
782
544
2197
1198
2245
2320
304
108
708
656
2148
994
1609
2442
676
1484
502
1578
460
1694
920
1450
332
104
1252
140
1850
1762
144
886
66
1322
1895
202
2100
2164
2128
174
1108
1188
2569
1902
676
1184
534
682
2094
762
2249
2394
104
2044
2162
1220
1728
892
2363
2121
2143
1446
2595
1867
1584
2314
1934
460
2319
2387
858
2030
2005
2453
2047
2032
1300
1166
2354
500
1860
590
852
2516
1082
840
420
1354
872
1562
890
1270
2416
100
60
2507
728
2000
2301
814
62
2635
2289
2317
164
1388
1842
2121
1778
1712
1956
992
2296
2538
1528
2314
1390
2232
1252
1618
2307
910
1308
508
1894
448
2228
2557
1908
124
1967
856
2558
236
716
2392
1640
810
938
970
1446
888
1688
2220
1072
2390
394
1052
2587
1736
1705
188
1142
216
494
1334
820
730
2498
1036
262
360
66
246
758
586
2170
1334
2206
2556
592
2634
1642
688
2391
2060
532
286
812
488
1572
734
2172
140
364
1434
200
1090
2261
508
2599
304
2235
2708
74
1428
1964
1634
1552
2440
168
2020
744
2427
2749
858
2058
2046
2485
2175
692
860
2411
2406
2201
2289
316
326
2686
422
2951
2766
464
512
1788
2470
1830
2242
1878
290
2000
2422
762
2167
66
178
1186
784
304
418
592
2889
332
2108
246
2032
2342
392
1900
1971
1598
2209
630
2292
214
470
1256
2003
2559
2381
2171
2309
1226
1402
2427
278
1464
1876
30
152
1742
1506
2248
2528
40
2301
2218
1556
1188
1068
2079
1912
228
152
896
2248
590
354
2109
960
2204
308
1060
2265
486
330
574
2546
1464
2378
474
684
566
2218
2180
506
2523
444
1152
2223
2234
2018
942
1508
42
26
776
2388
616
2669
1148
990
160
338
426
2449
1048
1408
1510
812
682
2566
1348
2439
88
2138
2245
342
32
2148
2127
84
2505
1118
1354
2696
866
1466
2355
578
2116
38
1100
1722
2255
678
1466
436
952
1964
2478
1326
2118
2331
352
2421
346
2138
784
2142
1132
1838
1716
2335
550
1482
660
1906
646
896
860
2221
2282
566
326
2172
1750
2233
2213
2688
2163
436
132
160
136
372
708
364
1652
288
96
2246
14
964
2379
1868
2414
214
1766
2417
342
2206
1952
2359
980
494
1835
242
76
1146
684
2696
1024
796
2586
4
290
588
1276
2292
916
868
112
2339
270
2433
2129
2150
792
2293
2164
916
2309
532
8
1458
2178
1468
2269
498
1750
2080
2436
1824
1256
2695
1848
480
686
2277
88
442
1868
2496
2560
1942
1320
998
128
44
4
2101
2587
140
984
2431
1998
2048
486
906
644
662
994
2482
2173
1062
1154
1278
1990
2222
462
2245
1920
1036
1562
1358
944
1368
2392
422
232
2048
1782
2081
328
656
1136
504
1990
722
2283
2391
1946
2068
350
2358
2532
1961
788
1100
2659
2362
1612
762
2306
996
152
1084
64
392
116
396
108
2092
1490
566
2194
1104
846
1126
192
2406
1677
568
2719
44
370
214
1224
2293
1442
580
54
2145
558
2290
2356
932
1438
2600
2387
210
1658
462
288
530
578
508
2528
848
914
2040
2108
2648
966
1020
556
184
1394
2565
258
1392
1586
384
228
378
450
2004
2611
2000
1690
1890
1748
1228
1570
910
480
2646
2759
1930
124
500
528
428
1866
1782
2558
1650
2458
2419
2132
1214
2
350
2670
1256
2266
1930
2074
1072
494
846
1456
288
336
2176
544
122
424
1891
896
2574
974
2054
2136
1340
426
464
1052
2126
266
2216
422
1996
2249
1965
1498
3206
2437
2049
1550
28
156
416
864
1184
1542
438
1626
2826
2202
14
1598
722
2224
1916
1116
702
1444
782
1836
1358
562
748
2310
2229
1376
1334
2079
602
324
2052
2364
1012
1618
288
430
2342
1650
2211
142
104
66
962
764
1328
912
2406
522
2223
560
1248
2076
1808
1814
214
2193
2059
178
948
1910
1312
254
1476
1632
2039
260
962
2376
66
306
344
1326
2300
2819
2405
90
868
1660
2384
1366
56
2164
322
2275
970
2058
2529
32
2350
2600
1166
1588
724
882
2712
1122
1914
1814
2055
436
2531
816
1284
2102
522
1620
2353
1426
1810
638
2454
1130
2036
2234
8
800
24
2202
1830
2175
988
230
2504
2366
1826
2302
2252
266
2668
2249
32
2456
724
522
718
726
156
1516
1254
1704
1918
2418
2599
394
2175
1834
92
174
2419
2490
2483
570
514
52
750
700
1168
446
1264
2286
2410
2230
1672
2292
2111
244
358
818
2177
2452
254
1402
524
800
1576
658
792
278
260
2691
108
828
2175
1802
146
406
454
2030
1720
2658
1304
918
1190
2458
2439
482
710
638
1656
852
458
968
42
280
348
598
1984
260
180
1778
2512
2614
2323
48
30
642
722
2523
594
2042
20
574
2396
1532
2560
644
300
314
1246
2461
268
1670
2471
680
98
210
64
2194
2319
1040
2366
964
1002
2114
1751
410
2320
288
698
2520
52
60
1632
2266
2168
342
306
110
990
618
2168
654
2321
428
2205
2352
1016
204
1486
862
854
2164
2180
2435
770
2097
286
564
430
2234
1506
250
2688
660
754
2208
466
2315
2356
1734
542
892
302
2342
1478
1941
2433
930
1630
1282
850
2550
632
2349
872
2106
1366
554
1944
502
332
2081
88
1202
692
2083
2123
376
418
1532
2810
2127
2407
682
22
1863
414
1828
1000
714
2443
86
394
1276
190
658
596
1632
1354
650
2515
2543
174
2049
2155
1864
318
2991
2351
384
1760
202
2468
844
2
2559
136
2276
2438
58
690
480
2570
152
32
988
2277
640
2610
2515
1224
110
2762
1614
2534
172
2638
30
2222
998
1188
670
370
996
922
920
2279
2449
350
642
1170
2003
2379
2483
2631
626
302
450
2106
2584
2609
344
588
1762
2616
2273
2244
2757
734
650
1260
716
2576
2396
474
2354
2526
1930
1750
484
1825
1372
2312
272
52
2337
1382
2035
536
172
946
2314
114
2387
218
2072
1670
1360
432
1906
2579
2703
1746
240
676
280
692
772
1154
504
2353
322
2223
482
134
12
2560
334
2200
70
1472
24
220
1024
670
96
1528
1550
80
1686
12
922
492
2050
930
1916
2328
150
2030
2132
78
492
1542
2518
574
1530
616
1574
982
318
290
2185
204
2666
1972
1302
336
824
1998
342
2610
2335
62
1566
2232
402
2631
2578
2174
1765
2265
2266
516
1282
1448
678
224
2167
210
602
2023
570
2523
1977
490
804
1932
2153
474
38
1936
306
1070
2032
1172
2369
1146
2687
2042
744
1850
1342
1802
2370
960
302
1490
1767
758
2066
32
1318
2524
2235
648
2293
1306
1684
2352
584
154
2607
938
104
298
2729
356
1970
1898
350
3150
2462
2703
552
88
1000
2052
188
2381
2442
2080
768
2396
86
928
624
1430
2154
1960
2473
2249
50
2388
846
1186
2045
2198
650
680
400
356
1636
2329
2416
1324
1962
2058
1504
1674
2222
2232
1156
298
766
540
442
1886
2016
2432
78
1048
66
732
1969
324
2263
1744
490
2309
1710
1954
2150
604
248
1336
1054
2098
1044
2319
1486
1726
1312
250
562
2303
1974
2279
2511
1376
984
178
2548
1018
2090
1030
1026
974
248
1863
904
1438
1640
614
1676
2409
2328
150
422
572
2565
2124
2280
170
1058
374
2595
1200
910
2219
148
2011
640
716
2087
892
340
2398
2535
934
2314
82
2174
2187
2500
1848
328
1066
224
2050
1196
76
2018
2460
2413
2296
582
2486
1871
1646
1522
44
738
1834
598
2215
1662
1118
2106
160
528
206
54
1106
1450
2422
2519
2102
568
596
1062
2220
654
338
184
2571
958
2312
2420
834
1332
982
2266
260
2510
2326
622
2636
306
2208
562
1803
2592
1456
398
552
2490
298
142
1734
2381
1174
2749
2528
2132
602
1844
370
346
2275
1140
704
46
916
326
1328
182
40
2640
96
84
2898
444
2396
48
2320
954
312
1104
938
54
530
1632
1638
1162
2028
1416
198
2354
1382
982
200
2396
2248
1524
52
470
798
2386
2243
2058
2150
1950
16
604
922
482
2170
228
340
508
2031
790
2264
326
1258
150
106
914
462
1720
1624
2380
2535
1594
304
272
2294
2101
296
2131
2655
1162
1440
900
1024
660
20
142
1656
74
456
336
1048
116
334
164
2220
164
48
744
1292
520
288
2002
672
2268
198
2304
2361
1228
330
2104
1488
2040
2296
2296
2178
2066
1580
2258
1300
2228
454
2188
1744
390
1202
178
954
44
120
2149
1118
2673
2410
760
650
2499
2077
2256
2381
916
1232
1386
288
764
1620
874
156
190
2313
94
1222
140
130
676
924
56
2333
1192
1998
50
1202
1912
378
242
1262
2200
1688
1534
2376
1190
76
734
2306
898
2610
1304
2580
234
102
1932
1628
1910
574
2404
2840
2328
2282
928
806
894
430
314
562
522
8
622
32
10
2072
1106
1834
256
530
708
2343
328
1594
2578
192
1706
640
2388
1024
244
628
1346
2357
696
1122
134
2106
2376
2356
2396
456
1948
720
1612
1994
858
1884
1032
178
1108
1818
342
1879
412
1998
1014
962
1044
994
392
2729
2358
1150
1956
1184
546
2017
1650
2258
2129
2446
2462
84
2293
578
1886
1186
894
1630
1734
1348
2021
1474
2314
2707
234
1944
2347
592
2105
1504
2842
982
518
2265
1886
2378
2563
2428
2329
428
2465
528
1930
2289
1268
1558
54
102
254
2602
166
1170
392
1546
514
210
1130
758
250
228
946
2631
356
1534
2540
2469
932
1676
2116
2366
492
2413
178
468
1929
116
1834
1070
518
2478
290
200
900
2541
2427
2665
1068
684
1150
2062
1980
1134
370
2543
2576
2703
1152
390
668
44
88
1032
2370
368
346
2526
1164
2386
2251
138
2257
1766
2284
2473
1821
2178
2091
1104
1970
640
590
2323
2303
174
2400
2240
26
680
1712
1036
2361
2158
156
822
2384
1280
22
322
2146
644
1488
2133
1508
1864
1924
1270
788
1276
2454
2279
2209
248
508
312
2658
1544
2410
124
564
84
8
3051
1984
84
712
1532
1781
270
2208
2286
2568
222
176
544
292
1666
574
1148
2542
1308
1750
2372
2196
800
516
2330
74
888
608
1108
868
116
70
1954
2333
2101
640
564
1949
2263
1014
2177
1072
1190
2272
1222
278
264
1368
1862
1220
1038
166
1698
1224
1720
1228
360
1300
62
778
2386
2225
2226
1046
276
520
304
558
2304
1694
2227
2204
2316
2498
78
2344
346
2246
2229
1958
1452
2033
2120
2255
866
2018
798
294
1898
580
2670
918
682
2122
546
1682
2696
888
1106
2070
2916
2216
1804
2097
2347
72
1524
934
542
756
2353
2568
2168
982
256
1348
762
1956
2114
1884
246
964
548
2529
1806
1406
2621
1556
2405
82
1874
1218
2146
464
1750
2074
1700
1278
1550
2290
1984
2132
1816
2001
1278
1032
2683
1856
2608
916
2366
2013
1990
802
1314
2149
1761
16
314
418
1740
968
1948
2288
2286
1666
678
2496
1720
344
2144
2063
1660
2196
2044
1800
2363
156
708
2739
54
460
118
1242
462
568
2732
894
2295
858
1798
2530
2607
2280
2493
2187
2655
2358
2225
1722
1901
2275
756
582
612
1502
134
1642
1182
158
2262
1586
2121
1528
2366
630
610
1769
2736
2236
2223
2107
2039
2452
1212
1456
748
184
2297
222
412
2091
14
2034
1698
2195
1022
2287
654
580
686
2520
2090
2168
1584
1604
1158
700
2404
1260
576
1008
744
812
2186
82
296
1516
642
6
2592
1402
2046
2290
1236
118
626
2242
1960
2216
1820
624
66
88
232
2476
1328
2094
2522
2056
2138
1200
132
588
658
1094
2541
918
2550
608
2597
1298
2352
2372
1266
2710
2673
2440
202
1570
1352
1172
1516
774
2118
1172
2604
2638
2057
598
2531
150
2318
164
138
20
604
1990
2508
1998
2488
1084
2134
1342
2790
1232
2455
286
588
452
2210
572
1224
598
1794
1262
2114
2602
2400
1977
2368
1272
1368
2152
540
1958
1444
810
2606
2065
856
1972
1560
2443
1218
1112
1824
418
264
290
1030
2391
794
618
108
1392
2323
186
146
1918
292
1382
1698
168
2207
70
2687
986
2175
1084
730
972
2049
1997
786
1979
1640
300
1136
440
198
1938
1648
1364
1913
2455
1472
2142
10
936
16
1634
1936
182
2831
2705
122
1510
1880
1266
2288
692
58
1744
786
354
64
2073
2402
2165
1926
172
42
1200
1858
204
474
1356
2169
1506
1660
2443
1474
40
362
594
1576
2326
2278
28
2413
2248
608
764
124
2611
2274
2604
2277
906
640
2274
2507
1930
2664
1280
514
578
1744
406
326
984
1640
160
1016
232
256
2600
2272
796
506
584
732
1198
2277
2369
2502
172
2227
2179
58
844
2660
1728
2612
3023
1628
2780
2154
918
1586
1236
2272
1560
632
634
2529
896
2211
2277
972
2486
1956
2683
2302
1032
2121
2403
2507
1226
142
122
1688
144
82
1662
1596
2244
2415
1678
698
2004
416
1548
2229
150
298
2022
912
2152
2484
444
258
2034
864
1058
2154
802
212
2271
248
2307
1366
266
2570
544
458
1550
2581
2760
1314
2241
2149
106
2494
2341
1264
2010
1678
1708
2721
1396
714
404
1164
2062
168
2354
1262
2796
10
1076
342
692
578
2498
352
946
2104
2344
2008
652
420
2172
1542
686
340
82
110
312
1704
198
290
90
2574
312
1472
1500
