438
2380
2178
1776
2315
2281
1954
1404
2124
1074
2463
2184
690
8
1570
148
2454
690
2205
2026
2284
1056
940
1502
442
618
466
2123
1756
2684
2385
2220
1208
2230
2230
1806
2594
1164
1826
520
1768
2377
470
550
1400
2332
16
1634
582
2056
2120
422
1900
614
250
2179
2488
2218
1808
578
2455
1366
2687
2251
1306
1840
250
1512
266
2406
1346
1940
578
1616
458
1192
2465
180
1786
138
2039
2463
388
2098
144
2114
832
1928
2604
926
2409
640
2040
2480
616
1952
2573
1776
368
2785
1982
2347
432
2669
1674
614
2790
2550
490
1812
188
1622
840
1762
250
1244
2477
304
164
276
2487
102
92
2330
1208
2126
1122
1850
2513
1598
2302
216
2267
2222
476
2524
2654
2110
528
834
670
434
1044
632
2044
562
932
2586
2202
2552
122
2601
1384
126
2024
490
328
1482
2226
756
154
2185
710
2527
480
850
1966
2480
778
84
2631
1580
454
2081
1488
2458
2331
2535
1126
2238
2334
2341
378
1028
378
1340
1794
1956
232
1348
2591
2277
2081
396
2130
2167
2406
1532
1566
1024
1094
2286
106
1972
1172
2268
86
2186
120
174
2312
1120
1108
2353
2432
2084
688
492
440
2637
412
576
1046
2260
2401
2123
244
324
2504
666
268
2232
1292
2326
2053
1226
686
1216
2412
804
814
2048
2140
962
178
190
58
794
1264
1632
116
1644
2094
242
1052
2278
1082
1432
2524
1910
1000
2078
822
1244
2374
2148
672
776
854
872
1386
2193
1370
1336
2388
810
2263
2352
2266
2427
1032
2154
122
2303
408
1937
2007
700
904
2449
2562
2327
1974
2404
310
768
472
2065
1744
548
360
2305
440
206
82
2348
2288
1122
248
2348
2287
2212
1410
2451
1874
2619
1054
134
2580
1562
2329
94
1903
422
2338
1802
880
2323
546
1835
1954
206
1948
358
684
1150
2304
1852
784
2279
2329
234
1922
2382
444
1832
2232
1350
1136
688
964
2003
1050
2359
684
1492
2088
802
2345
2623
2066
178
2572
2065
2276
1376
2495
1937
262
2952
2284
34
1936
2265
2583
2040
1044
590
56
1248
2172
452
2636
1200
2146
2198
2504
2619
2641
818
1698
582
854
186
1588
22
2734
2056
360
536
1552
2522
10
488
1538
1850
1234
1810
542
550
676
912
714
1108
570
680
2414
2118
2256
1404
542
572
1296
1096
520
634
2350
2563
1256
2705
2100
960
138
2081
2542
466
278
2202
2357
64
298
2487
84
1794
292
2293
2303
476
1670
1154
1470
2456
1014
1014
2086
2282
2609
724
2387
1440
2258
558
1378
2597
304
300
120
1196
2484
2222
1226
8
630
584
2560
982
2185
408
936
2283
2174
2210
144
2200
430
664
74
608
1862
882
68
2353
1884
2291
134
1340
2141
1168
2550
1776
1873
582
1130
2050
1006
152
1454
456
770
530
704
592
468
2108
1816
280
2237
548
2126
2618
1652
508
2535
152
260
8
768
1810
2251
1866
2242
2379
706
330
2508
2309
2560
1310
162
118
1340
2350
1578
100
1978
586
692
748
850
2504
732
2578
18
250
18
876
2296
330
1434
2409
1216
752
2438
84
1424
2349
482
2713
538
766
1230
1102
1860
2378
2438
1120
550
2442
1914
2551
298
1890
826
1634
2344
368
2468
132
1026
1124
640
2339
828
120
32
850
2147
2206
326
2648
1250
1088
2028
844
2558
62
2403
1298
2157
2206
754
1128
458
2438
2257
1090
2430
566
1952
604
2334
1104
1604
654
2130
2227
2360
1044
1634
2211
1694
608
214
2239
2226
286
1526
2602
456
1042
2056
2578
858
2258
1813
900
1372
864
2486
80
1420
1952
2308
2394
130
1670
718
672
878
170
1851
784
2525
2158
1500
46
1720
654
1926
2305
590
2092
2478
2335
304
2476
2298
1196
470
410
904
2567
2218
18
1690
722
1448
648
2588
1058
2345
596
1630
260
30
1168
1384
1970
2503
570
124
1886
844
910
392
1042
2329
218
2286
1798
2002
2499
722
1152
452
1998
2240
2350
624
656
156
430
1854
822
1668
230
900
2648
14
2512
1386
578
2356
1290
2108
516
468
2279
1376
2362
926
2292
2219
2557
874
598
634
2400
2437
2988
136
2358
1882
1048
226
402
212
618
2473
324
1532
2654
112
2332
1744
1066
626
2332
1478
1798
506
354
2490
698
978
242
334
2010
752
1652
1404
658
2429
854
716
2132
506
1728
32
98
2626
908
646
778
1294
1484
560
1560
2311
2574
1986
520
1854
1036
600
2357
208
2058
278
84
574
804
1368
2201
1935
918
412
2577
334
1952
300
520
776
2184
882
2397
2293
1946
2097
1052
1434
964
354
1104
384
940
2090
204
2039
1160
2178
1604
1394
1470
1998
2228
1170
2261
694
2556
78
322
1430
198
1987
2228
1362
1224
2736
2237
954
1850
376
2381
1294
2622
2064
1414
372
1466
644
2395
1805
2364
2405
1294
2160
1384
848
2164
1882
2317
1579
1074
712
256
2348
76
1950
432
426
604
2429
1138
984
2344
2258
644
848
948
2150
1712
1500
896
100
50
2713
1544
1926
1326
164
118
1676
360
1136
472
674
2134
494
1258
2158
440
1194
2116
2238
2260
586
1502
160
1110
1896
530
708
1990
2098
506
906
1272
282
1610
2341
1448
2
846
1942
1308
1346
846
2477
1955
2026
2373
774
180
1728
18
762
556
1062
24
1736
2447
782
2313
2760
1586
2224
2112
746
2248
1216
2290
2372
316
980
1754
354
122
428
2395
578
2259
1394
692
2418
552
2076
1980
2218
2352
218
62
1656
2045
128
2482
182
1000
1188
1044
1134
2021
340
424
548
178
1902
1490
232
276
2422
992
304
430
2345
2568
116
680
2878
2240
1586
2364
1864
1844
928
1426
166
1939
352
182
2240
1336
1907
2715
2022
354
2124
644
2144
754
670
272
1274
536
280
22
988
1772
1774
1584
2736
468
830
12
1250
2221
2048
2468
2441
1396
2409
2424
2374
800
354
1086
1034
2389
520
1512
340
1634
1970
1554
264
532
1712
538
1410
570
1560
2272
2626
1330
1574
70
518
2285
2325
1384
40
1386
312
892
2246
2077
1616
2008
20
870
280
30
816
758
310
1758
1938
1098
2545
1408
608
2102
2463
1010
2688
2374
2132
2203
2300
1352
196
244
2132
1764
60
2096
1046
260
1296
98
2061
2622
626
2224
154
2224
2484
2180
1910
910
58
2442
1414
1944
72
138
36
794
970
1930
1842
1493
1938
2492
358
2286
1468
86
1166
2632
434
644
2456
906
610
1538
930
386
454
2012
542
1098
2281
1807
1102
720
314
800
2229
2531
432
196
2344
2221
2490
6
1328
2682
2317
2298
2767
346
1312
1790
2433
1366
136
198
1892
1548
1344
204
2701
1955
498
1474
708
678
890
2359
352
1470
2457
2610
2331
2131
40
2599
86
136
316
440
1056
1388
142
500
1392
24
1082
200
1584
838
530
1997
90
2390
648
264
74
396
1586
2066
836
156
394
2258
2511
660
2595
2049
336
1056
606
2321
2419
704
448
848
584
1232
2388
2435
2031
858
2570
2322
2358
854
1218
2251
54
1456
256
404
974
1922
144
1556
1638
2489
2332
2090
2504
1878
1790
1140
994
2370
2429
340
384
2238
2267
1248
590
314
2210
2713
1964
2369
850
2352
2076
132
112
2014
2149
38
1598
342
2181
1034
2989
380
1510
1998
2675
1224
2149
68
2143
210
1970
2388
382
198
598
1744
2048
1376
1516
358
2344
502
2146
1568
320
250
426
2200
2404
1444
2326
1768
2390
1848
176
416
1344
1874
1512
214
838
100
1976
2638
490
208
602
956
2431
2194
2103
618
74
2322
190
1744
2357
716
1344
682
328
218
2170
1338
20
462
458
934
1098
1974
174
82
2069
2460
154
142
2128
386
928
2104
1278
1700
544
696
2236
2080
1336
876
846
242
2278
1838
358
1598
2372
516
2382
928
1846
754
648
2389
1112
148
2436
2041
2450
2266
414
2202
1818
2098
324
2053
838
1408
568
2366
2479
398
142
592
2139
1500
72
984
2339
424
2064
2695
334
662
940
2131
1438
2894
974
1434
2088
1156
136
200
1386
2303
2766
340
1182
334
2671
2297
50
1206
1578
864
2670
2453
1402
326
1712
1362
2525
2208
366
348
2410
642
1899
2353
2766
2348
2433
1088
118
1192
2068
2534
356
1012
332
922
2011
660
2284
1252
2160
2214
1552
2629
2369
216
1892
2298
2482
2163
2401
2290
1316
578
476
2259
2175
878
2276
492
312
1104
1548
106
520
1788
1094
354
568
142
406
1304
2178
1695
1870
1240
504
188
814
2044
1971
518
1258
2481
2093
1470
796
1226
462
2474
452
770
1972
1200
856
2120
84
2626
384
88
2326
158
1282
1460
1096
1140
1586
382
1146
954
2256
2077
1432
1806
1974
2236
2670
552
2222
2071
2500
510
2142
106
408
1504
882
880
192
82
648
2212
954
824
1496
664
2576
374
1074
2353
2154
1264
390
2489
278
2333
2389
266
156
638
564
192
1424
1829
2190
564
1993
1054
2176
2415
1416
202
2304
2222
2248
1946
618
896
1372
972
1562
2459
2032
282
2233
210
1312
158
346
2100
2562
264
380
2073
2476
148
2104
1374
730
2523
2284
2269
2230
2420
2235
1086
1546
812
1704
2322
1192
318
1538
512
2722
1616
2328
534
842
2121
2635
590
386
230
1518
2310
1164
2098
1038
114
1338
342
58
284
2359
240
914
604
2713
2608
1176
1082
582
2148
1084
274
1356
2329
416
1084
2562
134
16
1040
2690
320
86
2639
2471
2544
428
138
2378
1420
16
2604
712
1512
2171
1990
828
1412
1058
2026
2780
12
4
296
2341
2687
564
772
1678
178
2232
2084
1070
394
1460
298
2380
1210
418
612
168
1306
2204
1216
638
792
520
2140
1120
1312
1048
2433
2338
374
2059
1973
2101
1166
2543
2530
2313
436
70
1410
402
836
1638
2720
2337
2294
1002
2874
2631
2340
2506
422
84
2373
2268
2628
396
1110
2298
666
352
756
1324
2254
284
1816
1686
2542
2138
10
2456
230
1194
2592
556
126
2688
1078
266
74
1266
788
1146
1002
2118
1308
1434
538
214
428
252
2464
1216
514
2491
1918
994
2194
1572
20
560
2190
1934
322
1260
2548
664
2998
1812
278
2013
2354
194
2178
296
1761
544
616
2481
1542
2689
940
208
1200
756
1766
2582
1186
2400
2338
46
1054
1736
1050
14
504
1668
1772
518
926
1320
1843
1196
1110
864
778
200
1512
816
2555
2200
1540
1608
2332
1788
72
1610
802
332
644
1468
600
4
200
446
2339
580
2252
2435
2108
212
828
346
2268
58
1094
1086
940
2401
714
1082
1416
2108
478
360
1238
1416
634
2330
2067
1466
2154
2706
2188
644
842
2386
318
72
2209
386
2517
330
218
642
4
2651
2432
2440
2298
834
1140
402
1656
2022
628
78
2060
896
946
316
684
520
140
1276
2047
1996
2349
684
624
618
2476
1620
2547
1166
2216
2366
594
2281
938
814
982
2222
6
1412
2603
422
2349
2060
1016
1806
2332
496
2153
82
2112
2597
2286
2487
2083
44
1960
2555
518
2415
2808
1028
584
460
2415
976
30
2198
1216
988
1102
2384
666
906
2030
1792
1968
16
2520
2350
2164
2594
260
662
1174
2583
2233
774
1874
2222
2400
2018
2062
2022
154
972
848
460
2220
2435
686
600
546
2558
2636
820
1744
2324
940
250
1772
1596
52
2399
520
2623
1810
2016
1046
2310
664
2601
1228
448
2344
1158
410
1710
616
2267
1664
2389
1652
1868
2406
2085
2185
2637
2300
890
2113
802
2322
446
192
758
1554
2858
2243
2134
90
1238
1056
230
634
2550
742
126
2230
366
1776
212
314
2546
2336
1872
1792
1964
1560
1794
1816
1640
1534
1074
2380
292
2274
564
1778
1444
216
926
1540
1532
532
1046
464
2446
2386
12
1336
370
1772
2117
22
2291
2332
2437
1550
2476
1746
1444
1212
704
1264
154
2714
2603
472
2579
2156
78
26
2359
14
368
1290
162
80
978
1004
2308
1014
2090
2282
492
92
1978
224
982
1680
818
2312
324
2596
738
2286
248
308
56
1598
268
818
1920
846
1410
1858
762
604
574
1064
2421
1704
2256
916
118
58
2448
2452
644
552
2279
2696
2289
2350
1802
2164
1961
404
1490
266
532
2447
2194
2365
146
488
118
348
1194
2201
2166
2687
8
2271
392
850
8
1806
274
1270
368
2508
786
8
180
1164
2333
1558
1698
2216
1857
1152
286
1280
2210
794
2293
146
1296
84
2561
2547
34
2076
2436
780
336
2451
2084
292
98
1704
624
2316
1724
816
2311
446
2386
594
1996
1618
670
2549
1460
154
1408
236
1726
26
2158
1190
2076
1878
1074
152
1474
1436
2474
506
980
2342
1018
160
774
2307
958
2480
2324
68
110
190
1316
1184
1672
2083
2419
1328
700
2175
2308
86
1396
1642
1414
2553
1162
2786
3493
526
1004
570
660
252
2167
2481
808
2284
1558
982
672
446
1112
822
2222
528
1346
360
2402
2543
432
872
1580
1938
1428
120
766
1836
1214
922
1118
2284
2595
2920
1276
2343
1030
2632
1334
2285
1414
914
1532
1944
746
2349
1020
1798
218
110
2898
742
2125
922
1288
110
2131
104
342
1582
2431
204
1220
302
1028
2134
2544
900
986
1064
2246
692
908
2553
694
1936
768
18
560
1898
2689
2085
464
786
566
572
2245
2459
842
116
332
2134
1322
600
2168
8
1052
2555
1118
40
38
728
2
532
1442
1246
396
584
2732
2359
2006
458
644
2276
370
384
518
786
632
364
1464
2281
1698
2014
1688
1702
398
2422
2058
644
2214
332
1032
1974
2404
1448
2303
2135
1244
204
2272
1216
1444
2590
1102
1695
2647
2506
1430
44
2524
64
1924
664
1288
382
1218
1158
2376
2149
2104
1478
2497
2387
1998
2500
1234
98
1886
2464
2864
500
1816
548
2234
770
152
2556
204
1996
684
2642
1918
2171
196
2254
648
1812
410
932
1904
456
2036
2031
296
1298
1098
70
354
488
180
1877
2459
1350
2312
120
1336
2642
2255
522
480
88
1555
188
738
954
166
134
2652
2028
920
452
214
1242
1028
1378
2479
2291
2462
620
1780
2669
2522
2553
1222
2239
380
2595
116
12
2157
1812
54
732
1690
2579
546
1732
104
640
1066
1120
740
66
716
188
2227
1871
2419
1332
568
2329
502
954
2101
752
972
2836
1970
1813
70
452
54
2054
396
664
1218
498
42
964
506
2088
98
1514
2632
2105
1176
2555
812
1140
394
1968
2087
818
1428
2575
432
2064
1232
648
1732
196
202
388
360
2664
2432
2079
1146
2010
704
1444
38
2019
386
1400
2022
2174
14
2136
1901
476
1514
172
830
1986
192
1026
620
932
1022
2203
946
1240
2382
1766
2493
810
2364
830
2273
576
598
2160
2375
1778
1492
2137
1538
910
322
1018
124
2087
1464
1666
1402
334
1558
2284
36
458
1286
2196
2036
1998
2307
164
2394
1556
276
64
2613
1888
1122
152
2434
2062
2921
1136
1856
504
808
2119
1510
2245
144
1533
1948
2211
2571
874
1506
1630
296
2342
1376
876
224
2347
520
52
2282
410
674
1698
798
240
412
450
1918
970
2302
1880
1128
2206
1678
1550
2408
2161
2532
204
700
2236
276
532
8
2717
2146
2402
2
1854
1336
2216
2390
80
1590
1330
88
58
1822
2648
2451
558
942
2428
158
2734
842
2006
458
2307
332
1694
4
2338
958
1700
468
604
2195
1442
1490
1800
52
2560
2321
2140
226
696
1810
1472
888
80
50
2431
812
1098
678
20
2458
1888
106
702
2226
148
102
288
1783
1356
218
1352
458
2252
726
218
1932
214
2531
1138
2414
418
86
1434
440
2218
1022
2517
2352
2287
1508
1740
194
2428
2301
24
712
1488
2077
326
2108
1256
1700
2537
1148
680
116
1194
2464
348
134
844
1172
656
2167
106
2234
2658
336
2168
1348
2687
260
2414
1012
2526
1800
2112
904
470
2336
1218
2208
2181
214
1090
1430
1340
998
336
2110
638
1098
354
2582
1474
2193
2580
2121
2189
444
322
2140
962
696
2254
230
2270
1126
8
1694
2327
2469
1920
2050
774
208
746
694
1960
144
880
2209
1452
1662
834
242
592
2443
990
1996
112
700
966
26
2165
2238
1782
1956
272
14
2124
2010
468
264
1282
42
1634
2358
1512
1268
2358
1960
1786
1989
2034
1914
1024
782
1920
260
980
1256
2040
1034
2172
2319
1090
948
2334
1100
84
2041
944
274
70
640
1890
2238
1922
130
2516
554
994
2518
798
680
848
942
2089
508
2616
338
552
50
338
2768
2298
2601
300
1904
2173
1920
616
1582
372
2083
602
2122
498
2394
334
2572
140
72
142
996
2574
2216
678
246
204
750
166
26
2397
1318
1714
1250
2688
976
24
12
140
1326
1632
778
2171
496
1916
536
1000
2151
22
596
882
290
330
452
718
2074
284
808
2487
1492
1280
550
2522
1862
660
2149
2588
2602
546
2095
1869
1584
494
2368
324
1102
2127
492
1880
2421
2229
906
756
2457
1674
2548
1664
1456
2199
1819
612
150
344
2713
162
2013
994
840
1138
1800
306
1052
250
2470
962
506
1214
1752
648
1402
1382
2199
2310
1811
1044
206
684
58
414
2416
2287
928
378
1722
958
2110
1408
1874
396
1867
40
1364
342
1292
950
218
1824
2556
1652
1728
1364
2492
2617
1810
1976
166
2112
2206
1166
2606
2197
1240
2194
2405
2370
1414
2547
650
6
684
2022
716
950
1976
2357
2356
1438
1038
210
612
186
2282
1500
958
552
2312
954
548
418
2040
1764
140
1086
40
2416
800
1270
2441
2748
532
2468
2575
2392
1290
82
1166
2167
2106
1790
2441
2160
2542
1834
2481
2567
1626
36
160
614
2116
26
2729
1840
2332
2360
2682
280
1959
2220
1468
1534
1630
164
532
1250
928
2389
1284
118
2116
886
2393
848
928
342
2096
1380
2444
2492
2740
202
2452
472
246
2280
1484
2004
2109
1504
88
2646
132
2145
2249
300
2320
2606
302
1602
1992
1006
560
1092
2023
150
688
2246
1532
718
854
1992
1134
2436
2536
916
1722
1180
1968
40
268
320
2314
234
1516
2625
2480
120
826
2106
1018
994
2364
760
458
1962
574
2145
1124
2466
868
2274
2235
1894
376
2543
946
1769
2124
256
1226
96
2645
2022
1932
1202
596
290
90
2332
246
2167
1362
932
1216
598
598
1594
1412
262
86
510
112
2385
1590
516
494
2128
2396
2214
2625
2280
262
1708
2096
1352
358
360
848
1010
2488
2037
886
842
2572
1786
2550
472
166
2421
1834
1562
2182
288
286
1844
1328
1986
2782
612
2396
1366
924
2226
1944
1961
1452
376
1620
2112
184
172
1264
2278
1692
2018
196
104
336
2067
1986
1890
2222
2120
176
450
2511
1998
2571
436
668
2502
110
2223
1398
858
2476
1012
906
2178
770
162
492
2697
1080
372
1696
416
2058
2192
300
2181
682
522
30
2450
488
2422
580
340
2767
2144
2436
890
1762
726
2517
2110
786
1252
2282
884
1474
2794
2401
290
78
900
10
1194
2351
2255
1106
630
1896
2128
2345
1857
2356
2277
1404
1190
428
360
394
2580
1358
750
370
2381
2386
1020
326
530
2257
1046
1432
1850
312
632
202
390
652
14
1864
2394
384
404
1196
958
2044
2748
2507
2468
2315
2221
1000
400
1936
2254
24
2065
2858
2343
1708
292
2583
1590
686
1160
2308
2313
2174
836
24
292
1054
148
1876
2202
2366
420
2281
768
80
2231
22
1200
1026
2230
162
642
1506
2397
1460
760
2263
1224
2642
2320
2586
2770
2304
430
776
960
2365
2328
72
1478
2328
1334
988
1394
2344
1298
2480
908
2058
2556
712
1622
702
340
2315
2516
2342
1400
2377
758
1981
190
2197
2276
430
1782
1120
1288
2536
2200
2248
1112
1853
152
224
1016
1092
2189
1046
1955
1002
2088
1268
1338
1790
102
2114
1874
1650
1128
818
2282
2346
1106
1704
2548
2572
700
1850
92
2368
1638
54
2649
324
782
174
2581
2737
2235
832
1972
544
2401
516
2552
460
1562
864
1088
1010
1746
1336
2178
22
1682
2470
938
1020
2120
1726
2420
506
1870
1282
1194
2730
960
636
2173
666
148
1548
1700
2229
376
2741
1450
1994
142
2349
2556
894
2486
2116
1887
370
1450
1212
248
504
1994
1568
2112
338
1552
2420
2219
2056
2174
1848
184
1942
1624
578
2167
692
552
2637
156
366
2098
1190
550
2082
2512
290
76
1346
2428
2075
620
434
636
530
146
1272
1176
748
1996
2224
1750
618
2138
374
486
552
1632
1066
2238
10
642
16
718
624
1330
2274
1482
2308
708
850
2152
1554
2179
1064
788
2201
398
2098
156
886
1232
166
1568
648
1726
2707
2317
558
178
2441
230
1922
2074
2412
2543
2039
2639
1630
2337
1470
166
1616
378
1656
578
2734
700
1943
1212
906
34
2673
492
2212
722
280
238
616
2135
1406
2294
2168
2461
2051
1376
2430
2538
2187
2261
1128
1014
680
1900
810
126
696
1558
1264
2501
1548
2325
820
2435
300
2290
2199
476
2674
2222
376
790
782
660
2218
2363
2226
1852
2090
54
608
2305
1370
1164
2142
456
2417
2678
2282
618
1970
2471
2197
1076
2453
2321
2298
206
1140
1036
1306
12
1968
1812
22
2361
174
2320
1270
430
2352
2210
1170
238
714
694
1518
690
692
2300
1490
214
1999
2639
1542
780
2019
148
2196
710
462
1740
2188
140
2287
1858
666
1550
918
2335
308
2492
792
2297
72
2128
2292
2248
318
2008
968
572
2561
2290
1899
1742
2204
24
2458
332
692
386
2541
1340
636
458
2245
1178
2296
574
2865
2132
794
328
2116
606
92
680
2568
2110
2103
1134
2369
680
1390
1210
54
438
2447
1338
2332
2411
788
158
1408
694
246
1370
2631
2379
2497
2328
2230
494
1390
60
2029
32
1977
2275
2259
1258
2183
10
150
1796
2496
2574
2438
2493
260
846
14
2321
752
594
804
2006
652
1662
2122
2166
30
1576
342
1364
2325
1460
2163
1356
2360
1694
1570
1136
2228
2104
258
296
868
1574
40
1472
1180
2420
1320
346
42
168
2115
2519
1955
2238
690
924
316
1730
1997
2422
2118
1002
314
1546
776
918
270
1110
118
3196
1218
1100
1152
2438
2033
188
368
1864
494
2543
2204
1536
160
2276
1508
58
794
398
90
2493
566
2237
446
1558
388
1302
1376
2166
1480
386
1164
428
2180
2077
2264
1264
2218
1336
380
1268
1654
676
1676
2226
1352
1006
2346
2450
104
2320
2707
2025
1088
1016
506
2479
1422
2234
370
310
574
172
2350
1016
48
2245
1822
2436
96
2080
2262
952
2058
2244
320
2109
944
990
912
1402
1786
986
1668
2615
2105
856
2009
450
868
168
302
758
1470
1416
2129
122
2484
700
2137
1112
1972
736
1959
1334
2150
2201
60
1919
2115
1180
1952
192
2295
778
274
2074
2460
774
1426
1816
292
2496
1060
2322
1732
1080
2064
272
2132
552
1878
1214
1086
1718
1802
2391
206
1010
2358
114
70
1634
106
1002
654
408
2599
524
1292
882
1981
1120
2156
660
1870
2326
54
820
1042
2214
274
1958
506
1492
1004
1870
2096
942
2548
1526
2341
174
2699
8
1210
1150
204
296
1484
2342
90
2864
2318
2779
2317
102
1176
510
2110
916
2016
1324
1668
2365
2150
530
978
1811
2166
454
1949
2075
1568
948
2666
1360
362
314
2348
2559
1272
208
332
286
2451
1072
296
1036
2478
2168
1858
4
212
1320
552
150
30
1488
2232
836
286
200
2067
1508
766
244
840
2173
2100
198
2480
268
2400
2443
246
2463
418
414
734
1784
714
1690
766
40
8
2757
692
728
2151
2624
2346
2232
2393
2024
2154
768
1864
1693
1286
1018
772
374
1206
16
768
402
1020
1392
2086
1370
2372
258
6
320
766
1814
1876
2494
2106
1989
700
2089
2121
682
2323
878
56
1154
2032
2204
518
2018
1932
1784
2177
572
2084
1793
730
2525
78
138
2503
2571
472
2465
1768
488
1390
2473
1989
2642
192
660
914
260
132
2599
260
1622
2667
1730
612
2444
80
806
1929
2232
2
1488
1226
2137
1038
2326
1902
1765
96
520
712
2198
1838
2496
1174
354
354
2695
2432
1882
2084
2486
912
2614
46
1880
682
1034
1973
686
2010
2246
1858
328
1906
74
2533
198
1984
1680
102
776
1378
1110
2444
702
484
628
150
308
730
742
1346
1110
868
504
1000
972
440
738
1552
660
2172
690
638
1531
200
184
1676
2148
40
1056
1666
528
2250
1806
2795
906
142
420
658
1692
464
928
662
2378
768
996
2303
1096
1582
86
2703
292
1362
686
1314
2464
2306
66
2336
2525
196
1886
2145
134
1786
1274
492
2190
14
2326
2519
2475
2093
422
2458
784
884
100
2165
634
326
1956
1891
2673
2118
1703
2398
454
1662
1802
324
1030
1042
268
2571
316
218
1156
2535
2999
2136
386
98
676
510
132
192
2351
2139
1304
1590
1192
1056
598
380
392
434
456
606
2041
2141
1865
2275
2441
2523
500
2302
400
1072
2424
664
2453
798
302
1182
262
250
64
1906
2095
2305
154
924
2676
752
2420
2514
320
1584
1226
504
2339
776
2369
1903
316
2995
2337
2424
2282
1134
1390
134
2232
1004
1256
818
2376
422
2417
1392
486
600
70
1170
2715
12
140
2499
1948
448
210
2334
2160
886
2298
286
250
554
2407
2342
1204
2139
1038
2348
766
2371
2234
2106
2395
2340
1350
2108
204
1830
374
2317
408
2509
584
2024
1826
238
1844
876
2532
2720
544
1378
2635
1148
2228
2149
2038
2664
2239
1046
2311
2475
566
2498
132
1648
264
2494
2450
738
526
2399
190
1424
972
1042
656
1058
2713
802
2205
2740
1114
2311
1636
556
108
2203
1732
1782
1582
1772
1594
2669
2712
738
1336
182
2131
1128
2154
28
48
1114
2272
1058
2182
2354
1246
1094
2220
2350
22
2603
2739
1634
2426
678
314
1644
332
1032
2630
2256
654
534
2036
960
1160
490
1338
1988
680
704
2232
1818
2396
146
2036
839
1028
2187
712
178
1588
442
1672
2300
212
584
2198
14
806
688
2244
2108
2325
1723
2262
1686
1996
8
1464
1434
1430
2240
1036
148
1008
360
2078
1642
2406
2397
2557
2286
2584
500
2078
1624
2625
38
2124
1274
2310
2215
2130
2335
902
2652
604
1922
2139
480
980
38
868
1112
610
2166
574
716
1892
438
176
2754
2718
2747
324
2267
852
1680
2558
1198
184
374
316
1794
750
2313
760
2164
2163
2306
2188
2466
1292
2389
216
656
368
116
80
892
870
338
2260
2371
1266
2518
1558
150
158
1652
176
1256
592
2583
2077
788
2112
2229
2215
298
2437
526
2136
1532
630
2545
2209
1573
1995
636
2642
1280
2495
1654
224
224
2160
2358
822
198
266
1734
980
814
196
926
824
1580
2150
2314
2086
994
486
600
1174
1729
848
2539
2542
2340
792
2115
662
1000
2667
154
2041
1080
2072
2151
1430
1168
1738
80
490
2218
1961
2229
2288
1836
2151
918
98
654
1984
2405
44
402
306
936
252
1090
2397
278
2114
1716
1226
1358
1926
214
806
2152
420
686
448
2449
2204
860
98
472
2469
906
466
2468
2368
162
868
2325
164
2529
428
752
2464
2576
240
1506
2411
118
2044
710
2279
2126
744
1016
2464
2964
1376
230
86
2171
2271
558
952
2278
2360
2370
1774
70
2486
2513
938
1202
826
1722
478
1362
440
1986
1886
1880
2653
1999
2163
780
2034
132
1086
1234
1100
2740
822
1046
2640
2199
1772
1548
696
326
1783
2288
44
2248
2575
2378
2380
2247
2696
1468
720
2399
562
1660
690
2172
1792
2366
2355
2258
1958
398
2570
2393
710
2021
2198
340
236
1972
1576
1666
1234
306
1186
2481
126
80
1638
288
1854
1918
242
798
20
2359
748
946
2345
356
262
2371
1484
2492
586
2005
1436
2160
4
1958
1328
176
438
1012
2208
250
188
558
1472
2266
2340
1852
562
1892
344
1340
212
1386
2769
968
1688
756
2197
1058
2949
2526
2142
2076
2209
2156
2278
2374
2206
2174
2337
1784
2441
1216
606
978
1132
2140
1978
972
2998
2083
2176
34
16
2282
374
2163
2248
2177
1208
1640
1418
1530
480
460
2278
764
46
1636
2382
2741
2435
2895
1112
128
2254
2565
2336
316
1917
2580
2451
2253
2309
122
680
1953
1757
1492
1086
602
270
2426
102
1926
70
1864
2107
1170
1952
584
124
1112
730
2293
186
84
2385
2194
90
2640
3038
454
802
84
938
1014
2443
254
24
2067
484
2244
58
2323
392
2411
2014
1156
532
246
1740
1508
274
2494
2218
2408
822
2026
206
2326
1208
2389
1250
2446
2055
2779
1132
94
552
2437
1972
2386
86
2451
1010
218
814
2040
478
896
1116
388
2481
942
2608
2189
1140
380
1472
1624
16
390
324
1292
586
30
2424
232
118
2074
2616
2593
1478
514
2187
1412
1238
1612
876
282
762
330
1140
2038
328
1852
2054
2302
140
304
792
552
654
1902
856
836
1404
76
2733
814
98
2462
2137
1912
1790
2233
436
1330
2518
62
930
866
600
1134
402
772
2454
2281
152
2140
2623
798
4
2334
130
70
294
290
1878
928
2199
1074
1468
862
1284
388
2413
1248
2211
2295
1922
1980
64
1376
1120
1938
332
2036
2467
880
1100
494
2455
1046
618
978
276
1180
820
2509
1876
264
1912
18
702
2098
2562
2426
1846
1364
464
2388
920
1608
2052
2405
14
2148
2341
910
36
54
2662
2258
1420
550
1212
1406
396
1136
310
328
1436
668
1676
950
316
866
1902
70
148
1640
2284
92
2171
2008
612
2505
594
600
590
2498
1989
238
1344
2416
392
434
910
64
2238
1158
2721
222
2231
1360
366
2386
2233
2335
2408
2100
2471
2589
734
772
2138
2022
932
2235
2196
2570
486
2311
128
2080
320
2232
948
788
228
2105
1112
2150
156
2254
1016
152
70
1758
936
260
1638
1084
2698
2645
2059
268
2530
1316
158
646
2259
604
2252
628
646
2546
2254
2499
44
928
388
1444
1741
2222
2509
2466
848
510
1606
2400
388
2415
2498
1910
330
2442
194
1700
1690
1894
2252
1524
2486
862
2686
2335
268
280
580
546
164
82
442
1306
2196
246
1560
2235
1346
260
56
2054
102
1624
304
2335
1592
1532
2243
2098
558
646
848
2195
1704
830
1032
350
604
1508
2381
1844
1328
364
1060
962
238
554
2486
2368
2224
2505
150
1880
1870
338
2062
1376
2717
2344
1518
28
2026
2110
2469
970
236
1998
1822
1650
2324
828
348
1202
158
1558
2495
2385
1300
858
2546
2557
1612
2730
2120
2156
1554
1941
1334
336
2109
2433
1392
110
736
260
756
454
912
10
164
38
198
2371
2598
2335
1654
1096
2148
2149
1116
1811
2306
2551
2136
1440
522
2427
1711
2386
772
998
38
1228
344
1718
362
1864
204
2571
1801
708
454
798
778
1596
580
2345
2145
1304
330
656
540
1674
1134
246
262
2536
2408
282
2170
216
1166
2136
2296
1242
562
520
2551
2529
1814
2274
14
1947
178
42
1018
1896
1956
864
2234
878
904
2194
2347
1168
2238
2237
410
804
154
2238
1354
2564
8
452
160
1184
142
1866
1478
836
2406
262
172
2564
582
1814
2041
2518
960
2416
1110
2417
136
1402
2036
1532
900
2676
2150
1662
2715
892
542
1470
226
1336
830
1110
2412
186
2221
2168
530
464
2049
828
2323
718
2156
1216
1300
188
2735
2280
1014
2069
2240
128
2098
1864
822
752
1008
120
2244
2428
1006
482
674
86
2643
1484
2190
1180
2004
2024
810
920
2308
2060
2621
318
422
84
378
546
86
2384
1973
1192
2336
134
2278
1652
2042
1094
1120
1086
170
306
2236
388
2449
2688
2129
822
2100
512
2121
318
832
126
1002
522
2348
942
1564
218
2278
2527
1794
1026
2537
2285
928
1040
2216
2412
376
1973
906
2218
706
1951
882
1746
84
2113
2758
548
1338
2368
746
1875
1016
608
1294
948
1782
54
2283
488
52
1158
520
1228
594
2338
2294
2402
28
1960
1020
900
560
2206
2278
1680
1306
1110
198
1514
738
396
844
1344
780
2211
22
2932
1678
1100
2375
402
408
2095
1274
360
1262
1164
2548
266
2606
168
632
1530
478
262
1558
1840
1958
636
136
1135
420
1284
1314
2268
502
2520
492
2053
1238
2526
2707
2534
2430
1334
800
98
806
2625
642
342
304
2350
2352
2655
532
314
2527
2483
24
2206
2168
2326
1206
1582
1378
604
2026
932
2106
540
74
208
1674
2531
490
2232
704
228
2653
2233
128
330
942
962
772
1080
2271
1684
392
2530
716
606
2691
534
822
2183
2280
866
2266
2258
1810
484
2297
1558
560
2218
778
676
272
686
288
2290
1864
388
1964
6
534
2442
2035
2231
2138
2511
2212
2524
1718
302
2366
2284
118
172
450
2236
2456
2153
1114
568
188
212
352
20
904
1366
1282
1530
2635
66
1082
1024
1026
338
500
2213
2344
1566
2250
28
116
1906
72
2620
1300
502
682
558
2338
770
258
1847
2268
156
1680
1596
1312
948
558
2094
1808
334
790
1434
964
2120
1334
1960
1522
1596
2314
12
2346
290
1882
322
800
2383
714
2435
582
1648
832
2016
1656
262
1030
470
60
1044
968
2910
2400
1784
616
1854
140
1062
604
824
340
782
2826
670
268
2378
612
2023
2507
1240
2275
1633
2096
2048
2604
2014
1832
2280
1913
268
936
2350
1440
1018
1404
170
376
902
2349
248
352
2086
2664
244
1316
1522
2296
1953
2361
1614
1380
314
618
2221
1064
840
2048
2440
2238
1456
1842
1436
518
2281
2000
2703
2211
818
2206
362
2474
1100
1394
1708
2344
2684
346
2435
2422
1562
2260
1100
296
2215
2306
2564
1276
2795
766
1068
1262
282
20
734
366
520
2098
2615
596
396
1094
1548
1196
2799
1921
252
806
2078
1032
10
2625
206
484
2658
1664
56
732
1917
1330
690
576
1180
1656
230
1356
2647
2351
1884
2488
2661
1900
1536
1908
908
1976
336
836
362
824
1006
1008
2028
2310
2785
594
2096
2230
1234
2459
1483
1270
2120
2330
1212
880
146
308
2288
2152
1362
2455
2221
2552
1258
54
1260
704
34
2298
336
132
106
2008
1462
2271
2399
2746
1076
80
1088
836
1230
220
984
2029
1394
1066
2214
342
216
502
994
2035
2655
2399
1606
690
228
2382
686
586
142
1754
1448
374
1236
2543
2476
52
310
118
506
2293
6
252
790
28
1148
796
312
2601
1830
2444
730
960
2762
616
672
2426
1216
2307
1076
28
2098
1108
224
2226
1670
2429
188
2426
1084
2255
622
722
1624
372
204
54
140
1348
2232
1940
2574
316
1478
1154
852
38
2038
2500
2100
2562
2
2380
692
2097
2306
248
2071
156
2289
1588
2629
1550
306
2048
94
2130
340
2080
2158
16
88
1262
2372
2528
2156
2201
790
120
1808
2376
988
2281
1122
948
1915
2198
2586
2228
652
2317
710
282
870
198
1666
1248
2715
602
698
1664
1844
550
1340
160
20
180
32
1248
208
2452
722
2273
1100
1204
2521
90
400
1963
382
2576
1670
1846
620
2490
2185
2122
862
1616
220
72
2791
2033
746
890
1682
2488
1886
2098
64
2457
1336
2425
1824
1354
736
806
30
642
910
1536
2214
242
2372
224
310
2200
438
2304
2134
2748
2481
176
1038
2299
2298
792
956
648
270
2741
2014
940
2316
24
2373
266
2331
644
1987
1236
1971
290
2164
2128
414
2084
756
2
2478
2360
854
1216
1716
2203
2529
934
2114
1588
1536
2093
2726
2303
566
1898
1264
1978
2470
770
1718
534
2090
2286
1448
1272
2436
2160
706
2209
918
1604
2553
548
1324
816
1340
2110
338
1854
346
928
2621
1847
658
1534
274
2242
328
2541
534
1358
1188
242
2230
1922
724
2482
2272
296
2054
2105
2451
112
174
2076
634
516
484
1630
382
660
2472
2299
2347
2153
922
192
2314
14
2543
532
70
2518
1966
2764
1936
1034
160
2531
516
2245
452
1188
2423
1324
308
1204
1196
946
816
2382
2417
386
550
946
1916
752
2471
2360
458
916
1326
570
412
2164
1292
466
2012
2422
394
108
528
1384
1851
1622
1814
1442
2429
824
1494
1618
2252
1166
938
2253
164
670
710
1936
2216
2208
2326
528
1883
1434
960
580
216
1164
2317
1758
1696
352
726
120
406
2056
222
2597
2957
1988
1126
540
1710
1022
1858
1754
772
430
340
2110
1702
832
2423
2374
1820
712
2092
356
1843
458
2589
282
1944
288
986
704
2742
2170
342
162
1012
862
902
630
1610
1124
954
574
530
2577
540
1030
486
2087
2732
18
1132
188
1222
866
2253
186
2483
2276
2250
1448
2281
1052
738
1962
454
208
2168
168
306
2158
686
4
2707
2440
2521
432
2042
786
2264
2072
348
926
2510
2247
348
324
294
446
2649
922
1806
1710
1720
728
598
930
1582
576
2641
1504
2117
188
392
2363
2220
2034
370
2616
1192
722
2475
1772
2188
2483
2682
616
216
444
250
422
174
2478
1174
1234
686
2315
1376
1524
144
1750
926
1886
490
32
572
316
172
1918
2501
1066
2211
1794
1006
142
2303
1856
1180
2464
338
326
2295
964
2105
378
614
2110
946
2345
150
2150
1112
2305
1760
488
2519
1162
1686
604
1798
2407
2043
2401
1800
1405
2380
492
1464
950
454
1538
878
312
614
2447
556
214
260
2165
202
434
1212
600
288
1604
2386
1060
1474
2561
1552
90
1664
1762
822
918
2184
1564
2323
2424
1026
628
1186
2527
2046
2090
1078
794
110
2485
838
736
862
650
1486
2699
1890
710
2264
586
2606
986
194
1320
38
1915
528
1650
1886
776
2199
1840
1034
1344
334
1028
2466
948
1558
2586
744
416
2008
2239
2232
268
1504
2195
1062
1030
436
1712
2217
2031
2179
2600
1170
1856
2161
860
1342
2121
842
422
118
2230
420
2157
866
312
958
1264
570
2408
1016
198
382
2443
1012
1614
1566
1280
2046
1600
66
2420
2394
1544
2130
2449
1046
2449
2516
2145
798
484
2616
2523
2541
2164
216
340
1864
1906
146
650
352
1436
1918
1124
2690
180
132
1588
430
860
476
304
530
1304
604
340
2396
2397
2202
246
608
348
1076
2206
2312
1308
792
314
188
1034
1926
1978
594
984
362
962
654
1888
2648
228
2954
672
2302
2390
280
334
2220
152
742
2279
1830
1936
1930
988
50
160
2329
2635
1176
2311
384
1800
2006
1016
522
1484
268
1168
947
1974
2119
2540
2406
632
490
2482
1592
1342
112
558
3032
918
388
2559
200
284
638
422
2288
526
1650
1174
2222
1260
2264
1226
514
484
516
82
2556
2298
532
610
98
710
2450
2106
2489
2180
298
696
622
354
920
2188
2312
2137
2278
376
1056
1964
1920
258
964
1270
684
368
242
976
2443
918
2502
918
366
1534
790
1328
1002
2790
598
976
1981
2269
918
2143
480
232
626
524
734
160
1590
544
2392
632
2229
1466
32
1386
2500
1830
2330
2208
312
2298
2448
1434
1642
374
1700
134
2629
2736
140
480
208
2070
402
1448
722
1864
2766
1841
2205
2464
168
2186
2329
1498
716
822
348
52
354
114
2258
2116
22
1968
1492
1050
368
1352
2336
2190
138
1212
2546
480
498
950
1374
1258
466
2098
2249
2385
1704
1807
324
2634
740
154
790
1096
1056
56
546
384
2058
1966
998
1140
2407
2316
594
1338
2422
122
638
968
2385
1932
2157
112
328
2466
2315
924
1764
1990
2506
676
2548
1892
1388
1670
716
2038
2252
166
1908
2426
232
898
1316
868
2131
2167
1402
2404
2209
2068
436
190
1344
2068
2572
2156
394
1130
1510
282
1977
738
1096
1294
1676
2618
24
1326
672
2020
1779
1458
418
2889
1130
322
2210
58
326
1250
1070
1562
112
1979
596
812
1610
2169
1188
2227
662
542
2683
190
436
2430
972
1232
16
638
736
1512
158
396
1210
2201
2153
390
1576
976
2208
2370
1570
2262
326
662
14
538
2115
2094
1896
1142
1836
2086
2315
2058
860
2410
1260
2363
2468
300
758
2172
412
1786
802
2407
460
894
1618
1542
2080
2376
708
92
766
400
1532
1844
2461
2582
1174
2568
138
854
2591
148
352
1769
1786
428
518
818
2838
534
1686
1604
1224
1240
12
2627
226
1708
1160
2311
2194
274
2094
1164
256
756
622
2168
300
1816
1208
574
310
2358
142
144
2427
36
1700
42
2130
912
468
2058
2610
2184
2357
982
2493
1004
34
698
664
2875
2603
250
2203
772
2280
638
230
1486
132
1314
832
2174
64
884
2550
1592
2118
2618
208
362
2683
2094
2435
674
682
148
370
2474
1050
510
392
2275
256
1268
1438
458
314
2314
1366
2404
810
1783
542
2588
952
1410
1654
2027
208
666
1988
512
618
602
2384
58
558
692
68
902
492
2645
2417
2259
748
946
2094
342
1524
2662
572
558
674
2122
2785
2309
1560
2264
1792
414
544
820
130
2802
6
1408
612
1684
672
722
490
1940
374
854
1298
2348
620
484
1556
2184
152
504
640
148
188
598
1498
2196
2656
12
1926
2326
1582
2605
2232
1558
2271
338
576
2505
958
640
284
1132
1608
466
128
2287
2625
684
2587
804
1484
2622
1442
1857
778
426
2310
1378
762
540
2085
2386
1108
1048
2024
1772
1966
2345
2437
2253
174
482
476
1130
272
602
656
740
2153
1522
2702
440
860
2769
2459
608
2200
2605
1783
2162
298
1890
2915
2478
2353
2163
2203
1550
2641
2365
708
2437
2191
1838
1266
2269
148
260
620
272
762
2429
2709
12
516
2592
1786
178
2354
2438
1534
158
542
2516
2247
1260
900
278
1948
170
2354
1968
410
2264
2685
1150
2284
2434
2397
1108
1262
1454
2256
678
572
2258
1482
2267
214
1642
2532
300
1842
2231
2342
120
1298
144
968
1906
2003
962
1966
1440
2464
2671
2208
224
938
302
2231
1954
564
96
1108
1594
1004
396
2280
2060
114
2696
160
162
1468
1414
168
850
300
2361
2633
488
2536
2626
2268
1122
1454
112
2115
474
1070
258
332
314
522
34
2084
1074
2224
1943
1260
888
1776
210
8
74
298
334
2084
286
1630
920
2116
1758
2350
544
2230
1068
1142
1036
2246
480
746
1926
54
1966
2371
2103
2348
1024
106
390
2318
1740
134
1804
2513
1996
374
578
2134
1874
314
2212
768
218
1114
2368
2630
216
434
2217
1796
1196
1124
1744
1858
440
934
56
1700
2169
1398
516
1766
470
1038
488
612
324
960
1320
2282
868
592
402
1684
306
1732
848
2141
688
618
1006
112
1300
196
290
498
502
2020
764
1588
40
2652
2562
454
636
1464
1420
1800
1230
1148
552
2016
1576
226
630
1494
148
2584
1618
126
2004
456
2698
2542
2277
1428
1398
368
1446
810
1026
792
1964
2108
494
310
588
2411
2313
1000
1106
2530
950
892
180
268
1220
90
796
1798
38
1216
1106
2256
210
270
290
2310
438
380
1338
42
290
2357
612
2156
1034
2606
2590
744
912
642
316
2538
10
1494
2284
1256
2515
216
2248
712
710
922
1424
2452
2175
2082
758
522
2279
1168
1230
2351
2498
2223
70
1236
368
2613
502
620
900
1296
1518
2126
232
1344
768
146
2000
552
584
360
1988
340
84
2062
1206
2596
1840
504
208
1884
2098
488
1294
240
2288
1052
186
2270
2089
346
1250
194
2399
1062
888
2349
2072
2414
866
2823
2176
2196
1676
2612
138
1022
362
2692
146
1066
614
1618
38
2318
160
736
1630
2299
2422
2110
2259
2394
1634
1688
2162
828
2222
1846
2829
1939
1959
908
1588
2327
2410
1098
934
2380
2376
2298
722
1675
2561
650
2150
120
64
2271
2704
2517
2542
1400
920
792
136
646
2130
2398
168
70
1290
2406
2517
678
226
570
402
2280
1234
2052
834
2363
418
72
2038
1756
2422
656
10
2298
1876
2426
1004
1984
2676
96
672
608
1270
2317
408
2482
786
2018
1178
2106
742
824
1394
422
1708
2224
2491
2445
990
2530
1584
2103
348
694
324
2290
2455
168
1816
1404
1702
1700
1544
2116
868
764
2640
2123
1870
20
1170
912
2422
2011
1999
1282
98
2455
898
2300
2550
790
870
2414
1494
584
3157
1448
2646
2
1222
272
1452
1426
678
926
2491
336
676
2635
1816
2540
66
1934
1408
502
68
840
2424
2516
2741
302
1116
872
2092
864
740
2218
2010
1440
60
2200
2381
336
1466
474
2386
426
112
2435
1698
998
264
2415
654
1983
276
422
2350
1538
1584
1962
54
984
2040
112
536
2170
1806
1278
1970
2287
2264
2346
1840
354
662
1240
1148
22
1550
1386
2007
692
774
2285
2074
386
164
868
494
664
508
1078
2021
112
744
2442
1953
182
2324
788
1168
1874
594
1362
1808
2128
1070
120
658
2324
2067
2111
878
2556
894
2134
72
194
372
122
2673
362
2114
174
2537
484
2416
2196
684
1852
2730
1712
1354
1626
2457
2185
590
2127
1808
508
2210
1262
2321
2246
738
842
2029
884
644
2133
926
1316
1654
2197
212
6
510
2469
2607
1911
2449
2265
234
1884
2207
2025
702
1748
152
438
104
1804
2434
2267
548
722
2268
2500
1962
754
1070
312
108
122
724
2681
450
2613
506
1094
2261
1092
2064
2442
2564
250
654
2482
2340
2545
516
1488
1742
918
2346
2618
578
134
246
376
476
356
2567
2569
1284
1406
1400
1410
170
848
2528
868
1526
1936
2341
986
232
620
112
1140
1508
518
2404
1892
1308
2021
482
270
2150
512
132
2028
514
2744
2112
944
46
1908
1906
2172
1985
2149
336
1692
768
2069
2058
272
2017
434
2006
1350
2660
2641
1048
1262
1098
890
1226
218
2624
2482
868
1226
444
494
1870
1760
2702
2169
2529
430
342
2708
1100
952
2269
2630
308
2427
2178
272
394
752
398
342
2298
248
256
326
572
2513
1424
1236
1790
110
530
854
2374
798
1234
464
1974
1142
226
2474
2191
2351
1996
2354
1132
2232
2246
1500
242
2016
1881
2577
1634
8
154
1254
2424
768
2614
2406
86
2418
358
1314
2686
2220
4
2590
1360
2200
248
298
60
1080
2168
916
2598
274
2234
1975
1042
1386
2351
1390
2402
2206
2394
2306
2794
36
1166
2176
2723
798
278
986
1020
834
470
46
1398
2379
1870
62
292
2576
186
2346
2264
720
980
10
478
578
1198
2444
372
1012
220
1870
312
822
1034
178
2232
2625
590
2019
148
784
2664
2101
1784
2165
2826
2462
2638
580
944
1212
1300
2544
2591
954
468
790
2643
390
140
2555
978
170
2132
2353
408
2271
2082
1124
454
1040
2124
62
2834
1900
470
2718
354
2775
734
994
1066
1380
94
2168
166
866
254
150
2286
1866
2316
22
1654
2088
2148
1704
2224
1976
2403
554
34
3114
2505
628
2383
2526
2396
1518
710
1488
106
1048
1586
466
378
956
1242
522
722
136
2220
1286
444
2022
2189
330
932
2080
1182
652
1540
480
1806
1834
2102
222
360
272
646
2525
1696
1961
210
2393
2373
530
562
970
942
634
1992
916
492
994
628
1314
242
728
308
926
186
598
270
2117
612
1342
2095
188
948
2115
530
1266
1402
2291
1576
204
1078
2360
2250
2472
2794
294
1118
266
2400
58
658
2246
942
1234
2318
1064
804
398
1384
142
1012
720
1364
2150
1646
540
554
448
1584
2175
794
110
454
2382
896
2268
58
1274
1478
666
1368
426
2427
1520
1650
946
200
2292
490
202
1188
1240
1602
2633
1036
864
1422
2132
196
450
2306
842
1372
1084
1752
1198
726
238
880
2496
2210
2183
282
660
208
1220
1476
2244
2330
638
2413
2612
2276
2036
2396
1934
122
626
1844
758
204
2442
2234
2442
2057
270
204
2375
1762
1108
1584
328
958
2529
584
646
2299
2140
2512
2695
2340
718
698
942
352
1492
2205
2237
122
104
1957
730
62
1482
372
2277
2209
2368
248
2076
582
2436
2383
1200
618
860
978
1992
1268
2550
2030
324
362
2133
982
2503
546
1598
144
414
2528
2273
484
1362
1140
1014
560
108
710
1496
2048
2155
826
2276
2335
760
828
2068
548
2384
2149
2123
400
142
494
2250
1887
328
1418
2389
1306
446
898
1776
1302
2080
1166
624
732
1978
304
438
2166
470
610
2119
228
626
382
440
2122
870
2278
1824
1604
792
2030
1834
254
2300
2302
2028
2083
1048
2606
2346
2153
2359
2300
366
334
684
734
2375
2381
1940
2571
220
324
516
1838
44
1114
1985
2213
1994
314
2004
2408
544
1442
2341
2541
240
1780
2142
2397
2260
1074
172
308
2086
1410
1921
1066
2886
1158
2546
2634
1658
2102
650
2192
1242
216
2633
1684
1828
1370
224
710
2270
478
704
560
30
36
398
1100
308
722
2000
1166
632
388
1764
1856
1098
1024
450
2778
288
1126
2532
658
142
436
478
300
774
48
370
808
94
144
1738
562
2449
1094
566
438
1626
578
2764
1224
2655
1468
588
924
2206
1266
284
272
1984
2949
2531
200
968
544
2196
2184
1478
2587
1738
1860
322
402
124
1996
2480
976
2047
288
276
616
752
334
172
392
610
2126
1602
590
1644
1592
1530
932
2167
858
2410
2257
2456
104
344
2225
2823
632
286
2514
2511
1156
460
74
292
2369
488
220
1618
2313
656
1887
2476
62
642
704
690
628
988
1448
724
424
2677
2336
668
678
2121
572
2384
410
806
574
1691
2421
302
2288
1426
2088
2562
1636
18
1138
2909
2011
1760
2173
1502
82
1078
886
470
2297
410
102
1186
2333
86
388
768
1610
2591
2096
94
2562
260
914
324
1784
1962
1740
1072
2585
1040
2367
764
1993
2388
238
2432
2420
2578
166
264
88
252
522
1304
92
108
652
2579
2377
2439
592
160
400
2164
422
2310
34
556
374
2443
2410
38
1234
156
44
2687
26
298
1798
2263
1956
1486
206
1318
2323
1190
282
2308
2222
32
1368
914
1000
584
2427
528
62
286
1264
506
1428
578
42
826
590
1584
1398
1336
2439
2643
908
400
1232
1076
28
214
2502
110
1052
1072
420
528
2430
2254
2546
2066
1954
98
2918
1170
74
1458
1812
1262
438
96
1698
1174
860
204
1976
2002
1298
630
504
846
226
654
2067
1134
1510
1038
2162
1696
2173
1878
1862
922
272
1170
1050
1398
1628
314
1366
2225
600
2305
2623
780
2256
1076
1999
2538
476
2401
2090
2047
1376
810
2422
632
1918
2459
1688
694
2375
2315
1152
2142
744
192
1608
2002
1144
1112
986
2142
1422
2388
2482
214
798
2252
210
150
2203
290
1716
58
1720
2495
1946
1138
1894
1674
790
1816
34
556
2531
196
18
546
2397
1790
2576
1798
1784
2780
1390
666
1580
134
1710
588
2289
780
648
2456
144
2436
1048
2006
2295
1666
648
2396
30
1306
230
1744
690
1076
276
428
1912
2318
2475
1014
2368
2014
1237
2157
2382
1144
890
1154
1582
1118
2258
2192
2808
48
300
1266
2373
2682
2061
2157
2549
2468
100
1999
1630
20
1168
2356
1454
2655
2072
152
744
2103
2383
1936
746
156
900
660
2661
2446
2
90
2814
1026
2358
2016
2508
808
2328
404
2043
828
1006
1264
294
2112
1562
380
1594
2308
422
336
2130
170
952
454
856
1883
736
492
86
106
292
44
784
1502
444
2606
662
2366
356
2559
2482
2429
242
2008
1822
108
1104
2220
2194
330
150
2550
1176
1106
1962
292
1772
978
1840
2058
216
318
116
1472
1404
542
1412
170
1496
2221
2364
1132
2123
1702
392
780
46
96
2294
632
1524
618
2602
1438
2330
754
2157
1452
2289
2050
1528
462
216
1778
2257
2524
2068
1100
468
2375
1046
64
2010
2539
672
1484
2557
216
166
2288
1738
1074
40
626
2436
980
2377
1666
2540
732
2060
890
2249
342
2217
268
2353
2422
1208
1172
1886
1860
200
88
2246
2286
1750
2263
2008
2115
382
1108
482
646
724
1382
872
890
1132
2614
1062
2253
154
426
1868
2118
2304
2471
924
1766
2163
2492
1464
2420
1736
814
2737
678
2472
1376
940
760
328
2258
1226
2432
624
1852
1925
152
430
700
1986
144
2002
1366
2686
1971
696
694
2052
1378
2352
544
856
2333
2335
1062
1716
1932
2316
2294
2204
1512
714
2037
2102
114
2034
670
2475
2412
766
48
844
374
84
1721
882
1780
226
634
548
1370
74
2006
1294
790
2095
494
212
484
1338
1422
2416
1222
2569
234
2449
1990
154
146
1490
2138
2082
2288
1154
1492
2425
148
1048
418
1753
1940
1438
2210
2450
2427
2686
2314
1200
124
1819
1710
58
2077
1160
748
1902
1438
536
1260
2435
1374
2331
2144
1138
1272
1104
1266
204
276
2726
2021
2192
2947
838
150
922
464
1676
2050
1426
1402
2063
1732
2428
68
2089
130
762
1050
1907
1390
1204
1630
1872
1068
380
174
40
508
264
738
1923
1666
882
834
2694
2102
40
72
2280
198
646
244
1524
624
2304
118
1981
194
2082
2764
1006
2145
518
40
2330
460
428
984
1340
258
1876
2056
2535
964
1032
194
140
1840
278
490
836
2125
520
1268
488
1920
912
2269
48
2397
182
1656
610
750
2075
1308
1952
2548
1358
444
1474
2382
1166
924
2419
1042
2315
2023
298
2174
2381
584
2280
916
94
2039
1728
2034
1928
2292
1138
636
1464
940
1981
2197
802
56
2386
2987
760
2205
698
1566
432
1458
666
884
2204
1236
664
1172
270
484
2233
714
514
398
622
888
1670
108
1448
2530
2201
1040
1256
2162
1158
1342
2776
2051
2324
474
2175
2561
140
2176
2499
1734
792
1932
248
432
2022
566
1860
2690
324
1882
1392
376
934
2569
128
2378
866
172
2214
840
2251
1142
2501
384
82
2182
680
1692
2315
2360
636
1884
204
2450
1594
1832
1570
2155
90
2523
348
164
1594
2525
858
2267
1968
2432
206
1676
2548
2482
1270
2420
1186
608
56
2143
2357
2270
946
1683
368
30
1554
2489
1168
712
2524
614
1004
928
852
1082
720
2562
200
384
992
1832
2512
2032
1098
2088
294
2127
2433
982
2236
2463
2280
224
624
1722
2263
2468
2350
956
2278
2275
1532
2322
1554
476
178
2714
1434
2044
776
1994
1438
912
802
678
58
830
1560
324
338
2006
34
1860
1582
932
4799
620
2178
748
1568
1282
2286
2152
46
888
1470
2380
2665
2589
1910
1984
440
1530
2235
134
554
2528
256
1080
522
2499
2753
724
96
2232
752
1004
666
158
1482
294
2306
978
592
2368
426
1977
370
1604
2038
108
2085
36
1404
2566
1320
1902
246
198
1476
564
2218
1082
2211
744
2275
660
330
2381
450
1490
2262
826
2420
1932
290
2555
2421
416
2330
4
1747
2166
2008
2244
104
2303
2149
1846
1612
1774
1382
100
1456
2380
1360
692
1977
168
356
666
2056
634
644
538
2334
2198
2266
1810
2357
820
182
1628
1560
2347
2553
82
1638
2455
1152
8
1354
656
1618
558
84
2543
1824
512
366
1908
2409
1738
1925
542
644
1446
2242
590
184
2241
552
998
182
1174
2048
394
604
2018
598
600
102
2611
2192
1934
594
2617
2007
312
2240
276
2190
1502
942
2196
892
1094
850
224
104
754
1258
2518
606
262
762
796
2460
384
878
1596
2072
662
930
2596
2578
240
768
42
2000
960
2529
2463
312
1708
2357
1846
458
2058
2276
1396
2587
2362
1256
672
2211
232
2083
1814
2243
1512
1308
2276
2304
2018
1848
2192
1310
340
1172
268
1666
1857
2469
818
2163
930
2500
2303
2859
1594
2082
1932
1192
2082
370
110
202
2408
582
192
130
2066
6
2377
1256
870
1376
1652
330
1054
2257
2526
2448
72
1216
2524
1630
2391
2076
2700
2223
2370
2010
568
104
1754
2374
1744
74
1808
2523
2563
2240
2042
358
1068
928
1334
2250
86
2295
2187
172
2252
218
904
1840
2266
2540
2415
2166
800
12
2024
1428
1362
346
20
618
1290
786
700
946
2144
152
1874
1370
2322
696
226
68
1484
1264
2389
2115
2024
2042
384
1198
82
1995
134
1964
10
2376
1164
2203
1892
2526
804
518
172
1222
2016
1272
556
1272
2006
208
756
340
54
2467
2444
208
2261
1438
1962
1174
418
1288
294
278
1410
938
1494
462
130
2158
118
180
12
2217
404
940
2580
1410
2453
2098
2561
58
1500
1666
308
2222
1898
246
14
2169
2284
1114
298
1102
400
80
326
112
2607
2012
1222
1756
432
960
306
2356
2016
1374
684
2326
2414
392
1538
2155
956
1628
2235
2434
2514
490
384
944
170
390
2570
1898
1428
438
1853
1542
370
2632
440
2601
732
2329
2102
784
380
78
1610
2542
494
284
604
72
1674
1380
426
1959
278
1357
248
2244
74
2362
1032
1600
2605
1408
968
442
1884
2267
720
82
1924
492
1969
2738
2375
1488
378
828
1420
1362
256
450
1440
772
656
1828
2449
2499
622
2178
2498
662
2410
1938
2182
378
1390
464
2140
816
1604
404
334
1216
2538
324
2314
1158
2574
1863
476
324
2285
1678
2361
578
60
1694
780
1686
2127
1168
40
678
124
670
388
1710
1178
962
1072
588
1196
2414
2102
816
308
300
230
1504
1857
936
1198
862
1188
370
104
1526
1112
1368
1236
1176
2566
2120
192
724
2682
1238
886
2318
508
272
952
2109
718
172
1516
2355
2158
2756
628
2564
942
2233
1216
2616
1620
2153
4
146
260
2377
2686
1096
136
566
376
2007
220
1764
2412
2350
2345
1346
560
2541
1380
1684
730
2406
1094
2235
2156
378
56
292
2
1542
234
2300
792
342
392
1074
1588
1052
306
2072
1242
20
1946
1442
472
2048
2691
2192
2428
2051
482
2319
1354
2670
1406
2233
1070
572
1308
2790
2297
1938
2250
228
1304
1620
114
2038
146
2337
1316
396
900
770
770
924
2035
438
1500
2319
1526
2650
204
288
2095
2563
34
94
1572
1444
2441
30
1410
90
1202
1734
2674
1088
1172
2099
998
2234
996
1070
1780
1842
1382
1102
2679
2156
2172
1382
1698
1916
768
2721
1446
1955
2195
2718
60
824
2772
982
1078
2104
2042
1294
408
1140
548
74
2864
2077
1672
800
2270
2124
412
1082
380
2012
1264
1752
2121
2211
1760
926
1336
1556
2035
90
222
1070
858
1374
2134
1038
176
2224
2378
2412
1624
2330
498
1042
2546
2038
900
2110
1200
1998
1970
1674
2391
1864
1086
2366
258
2150
738
1920
2492
30
260
1040
2402
2513
1994
2438
2160
496
26
1724
2193
652
1118
442
1122
790
390
268
564
60
2395
2509
16
338
2296
1120
2071
964
1470
790
2546
2513
906
580
1776
2116
2737
1112
228
382
1528
782
1588
294
2188
1144
522
2457
186
2610
204
984
388
858
1662
2666
716
74
1120
1806
1198
2164
296
1994
2418
2084
1410
670
2612
1726
2155
1548
678
2562
968
2538
2377
2362
2356
2090
2827
816
682
1280
2501
256
76
800
506
744
2262
2626
358
792
1214
78
138
2184
562
1100
1236
2248
2169
1592
1632
2519
572
1446
144
2554
280
850
1937
1270
60
2131
730
912
810
1862
460
252
2717
2482
2492
620
2102
560
2490
1332
1386
2535
1222
774
1654
1252
2340
1971
1298
2499
1096
378
2638
2206
2150
1218
472
600
1138
1702
2515
2646
2404
680
1742
584
578
2278
694
422
174
54
1502
220
2577
798
2056
1392
2318
2484
2249
316
1050
126
378
2156
200
2279
174
2470
856
834
224
2114
916
2390
222
570
1642
844
1138
2094
956
1988
710
2448
1196
484
904
1158
2102
2233
26
292
2610
1322
496
248
680
942
1786
2550
412
2081
1740
1676
1660
2247
192
1164
788
2425
112
1028
2384
702
1222
1962
2285
980
424
130
1434
1979
558
1832
342
2036
1720
2203
234
2528
1908
842
512
2546
2066
2265
1904
2190
2396
2213
354
2403
2568
1358
2375
1662
546
850
1030
1580
2363
564
580
1998
432
1734
420
284
632
1386
1120
2316
1042
2492
1696
2461
1114
1152
2316
1004
786
38
1600
668
238
2453
1016
118
856
192
406
2659
204
1712
1652
1354
2218
2187
452
1308
1726
2634
2465
1889
6
600
2140
1388
934
622
936
1672
498
1402
2682
920
474
218
170
1506
1356
2312
2471
1812
2046
2423
1626
1404
2371
1746
2537
2196
1988
2042
2326
1520
2148
610
2759
238
1935
940
2244
1110
690
1296
272
2432
984
310
1752
1678
2167
1334
2260
942
1164
362
290
2519
2543
342
644
1566
2216
2160
450
2106
162
726
2207
374
54
1526
1264
2335
932
2134
2161
2210
790
1813
164
2486
1066
2192
1374
650
1092
1770
684
1216
162
638
2461
2590
482
782
108
1048
1332
2528
468
1910
2373
232
2105
1968
694
2036
2376
276
1910
2229
48
742
1778
1748
2324
466
2397
2264
1884
180
2343
2350
1592
1946
56
1644
626
2520
2564
2609
1578
2382
750
2448
1212
1678
172
76
1054
2134
2363
1378
2724
6
356
2239
2639
2732
1528
78
566
1020
2023
676
2396
1936
1262
1584
2205
1530
856
966
2756
1500
1654
1906
2604
2559
22
1228
1330
2427
2389
560
1854
1830
1352
2177
26
1812
2112
2339
1544
1770
1736
2250
2644
1974
798
1720
2506
1492
344
1764
1110
1430
1464
2360
988
470
2684
1958
460
1340
246
2537
1778
1812
1172
1797
42
2711
2134
474
240
1984
828
938
726
2222
2406
90
2728
798
1426
2261
2225
2263
82
792
1404
688
146
2519
2576
340
2663
628
2271
2083
2292
1622
536
2441
864
372
2328
2065
888
1781
2440
492
666
84
2401
2086
362
1666
2617
386
868
128
982
384
2210
1456
372
1300
1264
330
1890
680
2215
740
98
2572
308
2012
216
264
58
788
2290
126
2452
2174
1000
2101
1514
762
1348
800
2521
2152
1182
1696
2504
950
84
1804
2291
194
1000
936
2215
2123
440
2264
168
2103
722
300
482
700
1152
2260
8
946
788
552
2449
2780
286
1338
974
2209
1212
616
780
2618
1414
1070
282
1820
1935
2704
2544
838
494
742
2164
454
2736
2106
1852
1958
2323
124
2256
304
492
536
2520
2343
10
1556
2543
2503
2557
2187
2302
232
2306
270
2462
2515
72
1282
994
718
786
1798
1995
792
734
2388
1971
1132
2470
2339
1749
2076
144
2168
1280
2064
2056
1786
1596
1418
812
1838
2418
408
1997
1906
1550
120
2157
2584
1042
734
2667
2697
24
654
2477
1330
2343
304
216
258
1969
388
2402
1164
2242
1104
2425
2371
168
2356
2264
2289
1016
2635
2216
2286
2612
2249
348
820
20
60
2243
2029
902
2095
1576
140
2100
2475
550
288
2522
472
346
108
800
322
2056
2145
322
766
194
92
2177
1598
8
2100
2584
982
60
972
1620
1144
588
2436
768
836
298
222
1160
2374
162
100
2100
2282
408
800
2259
2269
2104
168
2438
1742
602
764
2283
310
2249
2624
1220
30
2193
2200
2046
860
1698
2020
1388
420
2178
922
2680
2521
1720
2409
2330
318
1832
578
1368
668
1956
2291
2259
2034
2482
202
2231
2122
2214
852
22
1484
2493
196
2116
368
506
506
2012
2331
2579
2320
2031
2443
1342
2284
448
326
2183
2123
1020
732
114
1640
944
1344
2692
22
642
2256
2431
1945
1999
2031
2100
1288
2606
1722
526
2294
1306
752
2443
1150
654
1136
1422
2551
762
1899
472
1192
2424
2325
950
236
216
1204
1192
44
2166
838
944
2189
2576
136
1242
2367
1736
920
2216
792
16
1868
1014
386
2290
688
2144
2061
2158
1474
3023
1640
2476
2186
1196
308
2000
2687
2713
520
2135
1834
2574
1216
2125
1814
1224
2080
2144
494
2241
1944
756
1188
1602
1158
1808
166
2557
164
832
926
2353
2384
1896
1998
302
1404
218
1576
1024
2285
528
236
2216
1476
828
716
2635
420
1922
2288
2304
2139
156
412
808
1622
2065
508
926
2512
1994
1576
2176
60
408
2063
1436
1600
568
2549
2441
1080
126
1054
36
1390
318
2414
652
692
1044
1954
2564
1764
2323
1544
858
2091
1000
1626
2174
232
310
188
556
260
2089
212
860
1838
2085
820
1036
1344
2450
2176
778
2648
1360
1518
2180
1438
182
140
1112
2156
94
112
822
126
1218
1877
1775
172
2026
1058
2038
408
2198
1202
2086
714
2178
934
1520
2340
710
1914
292
2636
1558
98
1624
1498
1612
2044
1540
2056
218
794
88
1182
2160
1816
2568
560
1680
1178
398
666
2388
1934
1762
1352
1296
82
104
272
680
2515
472
2480
1174
2181
2405
2423
456
1924
2485
1568
926
616
454
692
2357
2144
350
1140
652
2674
348
790
570
380
2435
782
1848
214
10
1928
2900
2138
1176
2258
2528
146
2462
230
2387
1170
660
2361
2393
346
1991
14
2276
2567
666
1856
2012
2581
1722
1352
426
2180
2641
1816
2267
230
1548
2144
2468
826
198
388
2024
2594
326
2492
2497
2109
110
2179
44
542
418
2377
614
1718
1418
280
1961
2324
770
1720
208
1136
2274
1882
1624
1490
562
42
1908
1969
1742
962
882
1850
204
1974
276
2040
1052
2795
1158
1348
2325
828
1686
186
2289
270
972
166
188
1100
2266
1384
2110
2224
2510
2158
120
2241
1246
1468
1052
46
804
558
420
264
308
2400
166
1026
2069
2435
1990
16
2238
300
638
504
2219
2041
1984
2191
2564
1804
732
2285
1888
1964
810
2062
1000
38
1308
2266
2300
776
2030
2247
156
34
2546
1146
2474
2441
1290
894
94
346
2266
2263
2512
2261
528
116
1262
1566
2182
2598
926
2270
2068
2002
1062
928
2048
810
146
2692
360
894
172
2505
1910
2262
2443
190
122
1186
2193
184
40
1939
1282
736
2425
2005
148
94
1730
816
1948
2090
1429
2126
2435
366
910
586
88
2162
472
2480
2212
706
150
1862
2116
1044
1142
1070
2133
780
2270
1254
616
1338
2433
550
2091
120
2022
448
1260
2125
2002
1656
276
1326
1154
356
2331
506
608
860
54
364
2382
2451
926
1334
554
2538
988
2378
220
2235
1126
466
2403
2642
1956
1754
2715
2753
1406
1790
62
2096
54
606
2471
1038
1878
1200
1504
2388
170
470
2259
954
434
1218
234
2137
492
1988
528
2019
40
894
614
866
2215
1790
2689
2219
1662
2768
2093
526
2828
260
2130
532
1686
676
150
2318
146
2195
2358
1528
1856
2113
712
2624
2022
2379
1508
92
2539
1604
2101
2348
118
2553
1160
2272
2253
758
194
158
1476
452
2634
494
92
2321
244
2054
2062
1810
2008
1830
1490
1934
570
2420
348
1928
1540
1830
2334
2017
122
368
2021
2435
2138
1334
2367
278
820
1540
516
896
624
676
806
1960
1878
934
1628
2104
930
2175
700
1346
2990
1328
644
318
1174
2013
14
796
1726
354
1056
1122
448
342
2298
2112
138
2510
1930
346
2693
752
232
2350
1940
2321
2687
896
180
652
1320
1787
2366
1056
2481
286
906
622
2300
744
610
928
2238
2186
404
2170
712
1196
708
2005
966
2116
898
1044
2227
2061
40
1242
1092
1066
2224
1276
222
2358
2367
1136
2379
1694
2330
2472
2640
306
138
1226
2229
1494
578
2340
1222
502
2505
1722
1975
2682
982
1598
1674
966
2321
1786
478
1352
1380
1118
2646
1972
332
2490
2142
1734
2380
590
2381
1949
2314
318
2304
338
2364
1928
2451
2249
1340
836
652
1314
1040
1256
756
370
2386
74
1188
1448
226
1923
1136
2178
2044
2323
532
584
1732
1116
1914
2079
2136
2510
2726
246
302
2321
852
2654
2679
346
2196
542
2163
816
476
2094
6
2364
162
158
422
1208
1573
2000
1334
4
2710
2427
2165
2095
1304
1372
2221
1636
1264
50
720
804
670
214
1998
2410
1004
1296
2405
826
148
776
1484
1716
2440
414
2242
210
596
912
382
2052
752
1834
1548
42
466
2008
72
980
1106
588
2428
854
1094
2260
316
1858
128
660
2280
374
924
444
2680
358
64
918
2216
810
76
1094
2018
1376
986
2471
2337
154
172
428
1260
2267
2436
1412
422
52
824
1566
2219
2298
106
2398
540
108
2328
630
1168
168
2457
218
1682
2712
228
2278
904
1000
360
2022
346
1064
648
694
66
2142
824
394
44
2370
2424
1536
1796
1412
2685
266
1938
2300
1204
206
2154
72
1188
2624
1008
204
2194
2172
1080
126
2121
794
2531
1620
1892
372
2172
1828
2329
584
2745
2328
2511
1126
996
64
36
1919
1750
2014
2919
2207
1442
668
2086
2263
2226
1854
1596
776
2601
226
336
128
1902
2240
1796
2378
2368
2445
2249
844
2622
740
700
2332
2383
2412
1378
1172
2334
512
146
188
2561
1254
752
1500
2398
2010
1568
582
844
2026
1230
1414
1849
1684
2618
846
438
1166
854
2271
1484
2184
1400
1342
1918
94
376
2484
2186
1310
2388
964
426
1090
2298
2500
182
28
1670
1024
1670
198
692
1932
952
2192
292
414
1312
276
2591
1266
652
1634
2382
2026
372
196
2597
1548
2136
496
2118
176
2117
1885
2122
874
288
2532
126
672
1900
782
1484
1250
2061
842
70
2026
1438
2272
450
700
1598
886
2278
1784
2424
2236
2681
602
2344
1576
2691
1010
816
1576
708
318
232
18
2490
2206
2103
1566
2393
1750
1070
1924
1308
1702
2485
1158
1984
460
28
2106
2303
1434
162
1774
2285
2239
760
2032
2134
2238
1870
2018
1672
2018
892
748
2299
728
2029
982
910
2473
2090
668
1076
2146
922
512
2652
1992
1738
2440
72
2008
2344
304
386
458
2079
2022
206
2694
2378
188
1990
1246
2662
1948
2260
2184
2579
2198
698
2559
196
1348
722
1188
966
2149
870
2365
1302
2368
2154
526
742
1456
82
620
918
1826
1360
2390
1823
1892
478
40
822
746
1214
406
2362
534
1919
398
558
80
1606
2241
114
956
1816
1848
76
1955
32
1240
442
2699
2318
2191
58
1382
1430
2737
1951
554
890
810
198
1204
908
568
46
358
2557
1008
170
2638
1016
2490
1126
1156
2328
952
2477
2183
2619
118
1444
234
1550
2252
972
536
806
2182
222
1062
1456
1666
1458
2304
2256
786
470
2186
2196
30
2871
556
2281
958
172
892
220
1442
1242
2380
1886
1460
972
2372
582
1614
2296
2722
120
2770
2210
816
2489
162
1574
458
1098
532
1112
2406
2366
380
1154
1060
2283
1744
340
120
2070
90
2594
2721
134
2398
2451
1738
630
830
284
2165
2044
94
850
2304
284
1300
2248
2138
2454
346
630
1064
1927
374
1746
678
1954
2512
2143
1698
2096
1989
2196
262
2402
1186
172
2250
2038
656
294
2612
2311
2452
1876
1334
1968
1921
178
2261
2214
1548
2627
18
170
346
2491
1836
2342
628
2544
162
1064
2242
524
2124
2594
224
1648
104
2582
46
1390
2443
2335
1706
782
1718
2112
2131
780
1348
14
190
1658
1136
838
368
2
1516
2117
442
2139
2167
2178
1112
618
1140
1364
130
132
2013
324
664
1642
38
1986
1378
2586
8
852
1782
570
498
1853
2310
2694
646
1950
464
354
2156
2477
1362
2229
498
248
594
756
2482
2507
2437
2307
1884
2406
238
1722
1256
136
1414
2676
2168
2033
696
1282
488
368
114
1574
1436
2166
2565
1746
2553
