392
2163
2573
2712
628
734
2214
1318
20
2724
2540
24
1708
1366
2610
2182
52
2640
1985
2494
1660
2394
384
520
274
112
800
2190
2139
58
752
304
1914
390
2495
1020
66
46
96
2268
948
2693
2368
2020
2344
2193
2284
926
2364
1740
454
652
980
2340
348
2289
2111
2209
2010
760
504
1802
1578
2004
2087
316
2400
1865
664
2220
2129
1502
2105
2400
1570
2253
1424
574
2346
2562
266
2383
1874
2266
1318
1080
1756
1022
2479
2302
768
504
350
50
38
2162
2262
1494
2480
812
2324
2316
1482
2396
2068
878
2332
652
2373
2038
738
28
2290
2336
2086
708
302
486
750
2479
2682
368
738
344
2295
2503
1396
580
946
2194
1694
2173
78
878
22
1740
616
1226
662
1464
2088
94
2588
224
2221
750
1894
716
1156
1096
2584
544
1136
244
442
2287
2250
116
200
754
396
28
164
2262
2429
488
462
2623
1418
1434
2644
1700
2669
1148
642
724
1124
1963
274
734
2375
2398
1386
294
2152
2515
966
264
842
1872
772
488
966
2421
134
2428
1813
184
224
1004
2088
68
2348
1446
2045
1060
548
586
1878
1202
664
936
2219
2448
518
2279
2485
286
1994
2978
2652
2176
2074
132
2307
150
1640
806
806
464
1058
1404
470
2325
2235
468
2285
132
730
924
444
2540
294
1976
928
560
2389
1606
466
704
2133
372
1132
696
588
2372
46
2570
2332
1794
2000
1870
516
1182
2026
2047
1722
20
500
2337
318
190
664
80
2152
480
2210
1744
2431
370
2229
300
8
1036
2601
1258
208
790
2070
614
1758
2137
1302
2301
2521
2634
706
526
880
62
1788
1446
2197
246
2465
22
2596
248
1436
2028
2285
174
2264
820
484
12
394
2290
750
708
1186
408
2424
2223
854
622
1074
446
184
1294
574
2714
2146
416
2142
1626
2259
72
2126
374
768
1930
626
542
1634
1926
2356
2275
2140
1426
34
1134
2470
72
2058
1578
2539
1052
872
428
2069
2514
2330
342
1634
1805
706
1846
2292
2172
568
1406
1092
1144
110
804
2493
628
2493
2386
2350
1124
2427
2190
1909
2401
154
1094
238
806
2301
1760
2771
164
2192
36
1908
178
2241
1454
1434
2273
348
1764
840
2245
586
2145
1608
12
548
1985
2096
2058
202
2258
1942
116
244
2452
2415
12
2706
1782
1132
2148
2169
2323
2562
604
86
1478
2569
8
2062
2227
2498
2014
2061
1606
2291
832
1236
1198
2273
196
638
2033
798
40
40
2366
2169
1784
358
696
108
1940
2683
2667
118
2319
924
1992
796
2310
2141
18
10
530
582
496
2482
1232
688
786
38
2062
950
372
1518
1746
1780
2320
2463
2321
1930
978
1142
516
1076
2298
2350
484
1744
92
2307
1486
192
2065
1136
1946
2213
344
1991
288
680
534
826
2167
2081
2282
846
622
206
1542
2287
2288
2439
204
1814
1983
2762
2395
252
150
2525
682
142
2045
2380
2452
1458
2468
2632
240
242
1766
148
366
1238
1624
320
2436
2375
2492
2392
1572
1212
1998
678
388
2521
1690
2579
374
30
1882
352
382
2249
2390
1220
1686
1520
1158
310
2540
2010
2410
602
2475
1857
474
2272
2179
2426
460
2134
1264
2582
70
1500
1000
1828
752
474
2217
1386
1932
1916
452
282
1640
2626
568
912
2375
2455
296
462
1136
466
136
392
2249
1800
1506
2313
2306
2513
2
72
2230
434
2484
2255
454
2132
966
1486
466
494
2186
12
2336
336
394
2122
172
2495
2782
2232
2218
2562
2232
226
2277
2526
1600
1252
2769
1830
1156
192
100
1698
656
726
226
2128
1466
1200
2665
2148
2000
928
2148
530
1250
1138
698
1690
2364
2212
2531
2237
1750
2149
14
920
322
2422
2530
990
1702
706
2196
2462
1402
2829
2072
2402
512
2282
774
482
1858
324
184
228
2598
1540
1516
114
1146
270
2256
2553
2684
712
38
404
322
616
218
1292
50
2539
180
2789
126
1933
1752
586
1694
1990
2268
2452
2355
2615
180
2588
1076
2143
1378
72
1024
214
1066
2447
2196
2420
304
334
626
2327
2196
646
1080
496
1654
822
2258
280
1354
2361
1088
2238
1726
2325
2162
210
1634
360
2590
58
2230
186
938
526
36
2309
2452
1078
492
226
216
1742
288
1970
2123
2256
636
1150
1554
96
2160
1886
814
1940
1204
2603
1662
2317
1836
322
86
2344
1184
2390
720
956
846
992
2687
228
12
1000
2528
2014
2345
2012
1348
2349
312
852
294
2592
2518
1084
738
1152
2327
2541
868
2409
2585
1298
2295
206
558
2759
510
2266
268
202
226
224
870
1907
1876
392
2608
2138
284
748
786
2010
696
1168
1380
262
146
1522
1888
362
2138
774
822
738
2616
732
928
2325
2255
1652
276
88
484
480
1158
1360
664
78
358
1990
208
1704
2534
238
1871
2342
290
2220
1344
2094
2479
272
1600
2608
2211
1226
2651
714
1264
2248
1314
1010
304
1034
792
2276
572
804
2350
2115
2205
830
1176
2242
288
2070
2412
60
82
286
2076
170
2602
408
572
2560
280
700
2199
1522
978
1086
1678
2481
2334
2372
178
242
2699
2389
604
1020
282
1224
2431
884
516
2026
962
2542
2413
256
8
2260
770
1984
180
1926
2462
1985
2632
876
696
1448
1910
956
2515
2199
442
1337
2063
36
648
388
86
2176
268
296
2080
312
992
1900
102
746
348
446
1090
2502
1008
1366
1172
2489
2106
2197
962
2317
1402
2281
2006
2105
2415
1916
842
2013
1645
1074
1290
2213
2421
774
2185
2311
2284
1969
2247
2007
2301
1404
272
2669
2324
1811
1084
166
1056
412
406
1172
662
2391
2645
218
860
932
1936
1308
2014
12
2108
1688
2264
854
416
792
600
36
2456
476
1564
1414
1564
1286
1474
1256
248
2733
2008
2459
1866
2325
1338
32
1228
502
2217
406
2441
746
2220
1992
1422
2519
2559
2637
2576
112
878
726
138
1754
88
2440
398
874
194
2328
1296
2336
1896
2303
1248
444
1070
226
2399
2176
1578
2536
2691
1244
2184
258
258
1380
614
2103
2156
1202
64
944
2108
300
2505
92
1982
668
224
1280
1410
50
2393
2697
2105
346
1902
1520
310
1494
2515
656
76
2410
436
1312
2
2579
256
2358
358
2377
1732
400
708
362
514
2614
2295
1002
2318
2745
1548
426
2501
2063
2384
2339
468
608
114
108
2366
1308
2009
136
2353
50
678
2306
1004
656
1260
2549
2610
2002
1416
340
2538
622
2158
96
2680
2261
2216
64
1362
2645
2288
724
492
2209
44
380
2342
928
1822
2168
1906
2360
1987
1520
1682
760
812
2714
2263
2503
2112
604
2091
1460
2358
1224
400
1506
1434
1080
2313
726
2011
2118
2428
2043
180
110
104
210
1178
2169
2060
2096
2376
1646
494
2085
1492
386
684
2369
252
2330
1468
2287
68
262
2125
2398
978
452
804
2399
644
1612
378
1996
2226
2194
1898
718
72
714
2212
1178
2060
1906
2770
978
532
548
1905
1112
2264
1850
704
1646
510
1428
88
1070
74
2005
2279
1440
2726
110
1564
1628
2419
2591
480
360
1498
2733
624
2334
2471
154
654
892
1258
106
1748
2247
338
474
1774
1038
972
390
740
1254
1890
790
270
2587
1360
1716
760
130
2130
1476
92
394
2159
1634
1322
1852
1476
2181
2126
2132
1606
706
1834
804
1076
902
2374
576
2104
164
2800
1926
2045
1360
2476
2445
2184
1210
2212
920
1820
70
844
2150
536
1456
142
608
1949
1708
642
1440
4
24
204
80
2196
1098
236
2080
2428
580
1538
2462
558
894
386
1616
728
780
212
164
500
2436
2494
1518
450
2394
2203
712
1918
1132
2254
926
2489
866
1456
1706
546
1506
2486
1066
2278
2224
900
2292
2135
272
156
718
1974
2438
2651
1466
86
1756
2190
684
1264
246
376
780
1506
2004
1298
34
848
1921
2275
2415
1928
2053
2209
354
1950
1826
1822
2279
2388
1336
2198
2451
2605
2177
1474
1808
332
2261
2381
996
2044
1516
1244
1778
8
652
1690
70
464
2515
1022
2296
818
918
262
214
208
658
2490
3046
518
74
1872
966
104
1993
200
856
1202
2469
2456
826
872
2219
2376
898
1026
2517
2326
322
2305
160
2261
2110
200
324
2608
1684
620
2007
2580
454
410
460
718
98
810
690
2590
2523
1974
906
406
1344
1298
72
598
780
1562
1804
1768
922
2154
1022
1050
558
1950
2256
174
2198
2382
444
2023
2732
2788
1566
422
518
258
1110
160
1974
1306
392
1384
858
1156
2436
2449
1544
412
588
276
802
564
1024
318
304
2356
1422
1484
756
1768
2133
2067
1598
1032
284
1496
368
1786
772
712
50
2726
2052
1654
820
976
2800
2322
602
386
2164
2012
92
1616
1942
1919
156
1526
1062
1564
1975
456
800
2221
44
2081
1374
958
2444
1052
478
2401
288
726
1370
988
2446
1218
380
2270
452
482
594
1608
2703
2303
2353
474
1938
1941
1122
2434
1296
952
2650
1754
1366
444
1078
1136
340
1560
756
2886
896
2326
1640
1672
2528
1690
1732
2506
1064
1530
2119
2300
108
1608
2324
1496
648
408
896
2068
1610
868
2551
60
1092
2052
1888
2303
522
660
1078
1980
694
290
808
2478
2168
842
2158
1470
2296
2169
2076
2090
2325
1838
118
1064
1490
386
70
1880
2343
2054
876
800
2217
234
470
200
3127
1588
1698
2447
2748
1764
184
2688
138
854
756
2500
1710
1340
94
2369
2595
832
1156
1128
460
448
2280
272
2469
1422
2131
2644
110
2436
1450
2281
320
2437
890
1092
778
2109
938
2220
284
1162
932
106
2214
2176
1252
1334
2220
2037
2513
2120
1220
592
86
118
1614
1016
1258
278
528
2371
804
884
958
2075
460
1774
1526
2838
1815
2280
698
2090
2637
2729
626
634
326
2140
2380
656
1030
2728
562
2262
708
1590
124
576
874
2580
2260
188
2298
1961
2552
1996
2064
430
24
1862
202
2485
914
2410
66
1202
1194
82
1718
2216
584
1842
452
2499
738
1180
362
730
1312
2405
1430
106
2169
404
2239
1957
1428
2421
436
1420
2324
2390
952
1170
1426
1036
46
92
2194
2456
1260
2636
2070
1946
2404
2140
2230
1512
572
2100
2013
1180
1821
146
2662
2619
690
1064
972
620
252
2397
94
1929
2267
534
114
1082
2421
300
484
922
568
2398
2552
2132
216
2104
1428
582
2372
1066
1112
690
2352
2318
2451
2138
1452
276
2224
736
2745
248
2273
2150
1925
2494
1712
2239
472
738
596
1612
2279
2121
2699
546
2419
426
2469
1372
1796
26
2408
2619
2194
1352
2224
894
1372
1614
26
1464
48
1036
1216
2638
74
158
2825
1052
2605
2234
2392
2452
1474
1470
2078
2474
758
226
872
406
1456
758
2353
838
1840
2206
2109
2394
906
2179
2412
2024
658
2568
522
2539
2571
2360
1750
1778
2588
1812
1416
2499
2263
2659
444
2544
784
2183
156
2514
2250
2527
2412
148
470
1038
2052
2589
210
1630
932
424
2388
540
264
1969
1726
796
2301
2071
2580
1969
12
1869
378
2557
1534
298
2164
2354
2096
406
1666
2250
66
790
390
1546
2466
1812
906
1366
26
1208
300
2450
2169
472
1214
2473
872
2271
2346
1576
124
1560
2076
3188
2377
1864
836
2080
224
2332
2695
2223
266
1052
1222
2309
2094
2487
1190
128
334
1358
1810
326
458
890
2239
2032
2075
2098
852
1999
1776
2280
378
626
888
152
176
1124
968
1786
910
1834
1164
204
476
146
552
2060
2377
874
896
390
2172
328
2294
1724
1200
1054
38
2460
1612
416
2538
2544
976
98
1168
2295
154
2421
642
28
138
2532
2486
2199
2618
714
968
560
382
482
1248
172
2436
412
116
2370
2160
2276
58
1186
2360
66
2124
2253
2239
2172
778
1712
284
2271
928
422
1612
192
30
2462
1498
2272
794
2052
2364
2719
2230
2275
1182
2567
2506
1032
2769
126
192
2314
2328
130
2266
666
1646
236
118
2453
462
458
1018
568
2306
2110
1080
2380
2453
950
764
920
1622
2155
2341
226
22
1736
234
1524
1470
1742
1832
2382
1892
2346
1938
1428
604
902
2405
200
2638
242
2805
2116
1030
2247
898
2742
2658
1186
2477
1012
1612
1560
1442
918
1804
1192
2240
2655
2424
112
2162
2006
1763
680
2258
1957
558
2328
580
1146
1028
1280
2207
242
874
672
2081
2409
906
576
110
2463
544
1568
1362
420
56
2240
80
800
100
622
2212
2407
912
2429
512
1278
2004
2479
2361
500
222
660
2172
46
2203
1146
1937
1382
2071
2064
340
2508
756
602
960
818
1054
376
1800
2181
360
1296
198
254
2541
1184
684
1438
408
1326
496
572
626
2397
1354
2001
1736
22
2603
774
2141
722
292
84
1694
1150
720
2014
1552
1634
318
14
272
2037
2231
2338
1604
1266
2092
1076
336
542
190
1166
2208
1390
376
38
68
792
2328
2068
2533
820
2543
860
2202
2501
834
1436
2241
1438
26
656
120
2210
110
350
250
268
870
2343
2214
1256
1042
2521
34
2072
1868
2004
26
954
1584
482
350
2664
1124
358
2133
902
570
2758
1642
758
2887
844
2040
580
2136
2281
2147
410
2491
1604
2412
2288
120
2392
162
58
464
1276
2609
1496
1916
980
2141
2086
16
714
122
48
2318
450
2187
1974
2509
2522
1994
2722
2336
982
334
372
836
2719
2315
2567
862
2608
2570
518
290
958
584
2246
916
208
2018
2701
836
2355
1870
66
122
1022
2652
2506
1200
2291
1698
1954
788
1034
2500
2339
358
570
2221
656
2065
1176
580
1282
1154
2442
822
2475
2623
2543
2262
186
370
2249
1180
152
66
2561
2542
998
1088
2007
2086
1712
2392
760
1134
2050
2389
2934
1486
508
694
638
592
714
1628
294
2503
2441
702
658
312
1036
2568
92
368
668
2155
2092
368
1810
1494
626
428
2108
2529
2252
2454
2087
366
2558
838
964
1224
2636
202
2413
1946
898
176
798
2434
882
2617
1795
2589
2572
2068
886
294
2519
812
334
1430
1384
2160
1502
2476
1984
994
42
448
2156
844
140
2246
356
1841
1184
114
2493
2141
2209
472
2542
278
192
2140
2094
1772
2424
2418
958
2584
1952
1022
1472
1882
2336
40
130
2052
2791
2280
1879
1192
424
180
1906
2560
1282
2054
94
2446
1254
2170
2578
2442
1130
2034
196
820
2274
2054
1178
1034
150
1304
1260
24
218
1096
1953
2417
2300
1924
914
142
2388
980
2524
74
1132
1082
1686
226
1102
2443
1020
358
8
550
1402
2472
1718
660
2545
298
978
2113
1496
2179
32
324
40
1318
814
974
2116
1056
730
1920
2195
2282
72
138
334
552
966
2432
1028
1492
540
786
814
748
842
1452
1560
1676
2118
780
1240
1354
780
284
1528
2269
2086
1292
1030
108
1196
1991
428
618
2285
1280
626
2512
2644
2451
2014
830
2728
784
1932
638
2084
982
2354
1110
2371
204
2129
2616
1636
420
2407
56
1178
32
1920
1850
578
2283
1054
1316
1118
890
426
2753
1899
1324
2566
1586
2410
226
2640
2138
536
404
2004
2165
1068
182
2207
2141
2048
84
662
2623
2315
1510
2153
594
1554
940
2362
696
1288
664
482
2199
2490
1800
440
438
2458
2412
2192
2306
2376
2332
1270
258
2301
2238
2082
1266
1936
1246
1818
1655
968
38
2380
2541
2339
1898
2473
816
16
2336
2189
2328
90
1398
172
1954
2269
2529
2147
1974
1240
1991
1876
2243
348
938
2544
958
144
1008
196
496
2524
1416
2092
2293
1604
628
2529
80
2267
2
1012
38
132
816
332
268
50
610
1344
536
2246
636
1026
130
70
460
2237
2339
118
2304
126
1082
480
2513
1738
884
2004
2542
2446
2282
948
2401
14
2113
1652
2163
2406
2349
1810
2100
472
2062
2181
244
702
2492
1532
2184
2528
176
1998
262
2581
2226
1740
2067
430
2525
190
1634
1164
2529
358
816
390
92
984
2523
646
2420
466
1136
2249
1326
1244
282
1306
194
1910
852
172
652
2130
18
1100
2003
314
2115
378
2417
2438
2621
2358
2472
2110
2487
506
522
1546
2305
354
2684
566
754
2762
2480
614
2350
1252
2210
2432
54
826
286
170
788
2558
2318
306
222
336
730
2124
704
2211
696
2320
2224
2346
1016
2263
2517
2058
378
2035
502
1892
1506
158
2331
2277
646
942
2667
2546
324
2646
2626
2416
2359
1404
1628
2333
2140
1882
2236
2347
1220
794
1882
2305
1024
666
646
1552
1738
776
1594
1288
2018
2337
644
1262
462
2316
72
666
1474
516
292
228
216
768
2716
1136
76
2358
1771
2167
2364
336
2338
2550
2092
938
1963
510
482
504
1380
924
2538
308
2046
154
2418
12
68
1418
550
286
514
1870
402
2177
2129
140
486
2165
2121
1792
260
68
980
1602
2635
1987
158
2246
2002
926
1284
54
570
1846
392
926
1920
906
1122
166
210
1962
388
616
1824
2188
1466
760
1500
1706
640
838
458
2099
820
2242
130
786
2320
2370
2266
44
2088
1706
1752
1034
644
2378
882
1272
1292
2484
524
2187
124
2016
418
2329
2804
668
244
506
2561
90
922
2522
104
1832
2313
1842
276
2252
1624
44
220
180
294
1196
262
1270
2719
1196
2251
356
2534
316
236
2424
586
626
2284
1498
2484
2662
480
2479
1560
770
2234
2519
352
302
646
2515
2365
2428
2418
250
2402
366
2315
1336
2437
2341
264
1478
2935
1930
926
176
2577
1530
2323
1672
2130
2563
2325
290
1474
1722
456
794
2196
1132
188
2130
188
534
1572
234
2165
904
2767
2612
522
2248
2321
278
2176
2513
2451
1186
2728
826
1072
1046
2168
1322
864
286
2143
568
246
2435
466
60
1016
1946
2216
1861
992
2756
1630
2517
578
2139
2218
2615
858
2243
2353
2152
278
10
658
2095
2224
2546
708
1992
2475
2644
82
1036
370
1966
1876
1448
532
2383
2205
306
640
10
2346
2635
1414
306
164
202
2424
478
2051
2372
538
740
1882
338
496
222
962
82
2602
1526
1833
2555
6
1122
670
2183
2347
674
884
2541
1317
2475
90
918
1144
800
2536
2461
1825
2096
1618
756
2185
422
1424
2107
1260
2475
916
2317
1920
1654
1034
162
2304
2184
1912
2494
546
1458
1692
2074
1298
2114
574
1040
538
2004
2006
1434
446
178
142
430
2104
2000
1096
708
686
2344
1430
892
1640
850
2153
1242
840
2671
2357
1034
3168
910
76
600
2256
390
2259
554
2270
1390
1434
1272
978
2008
550
730
2371
698
466
2722
30
314
2503
352
2588
2460
202
992
66
48
1800
2396
2498
158
2250
2102
1318
2148
768
2275
1100
2045
1826
2220
2474
2108
2614
612
98
1292
916
720
2008
2358
2662
2106
864
1926
490
774
1766
614
1866
2206
2695
644
66
1776
26
48
92
2363
562
50
1164
702
874
926
2536
944
926
1328
1806
2520
666
18
416
994
590
2125
532
222
500
518
664
2621
320
566
1336
2679
2289
308
2646
2235
1370
2553
826
2250
3062
2380
948
2430
2025
1414
630
1030
2136
754
1994
2484
944
1888
1102
2139
706
1018
1074
2546
2274
1328
2454
498
534
538
2315
572
2115
1728
2599
84
204
1774
180
796
272
158
1841
2050
1736
770
828
358
1314
1850
1874
308
2236
1008
124
892
828
1008
2010
2118
162
94
2332
2350
582
2630
2330
2792
358
230
364
2126
2474
2443
2342
1690
2427
924
466
1772
1416
2454
1206
2032
1668
2498
2243
2190
784
2168
950
1755
1858
2367
1810
170
1774
966
2598
2546
2122
896
360
2360
2075
68
770
44
92
2507
1238
2270
1864
276
64
2121
2204
1412
244
486
2082
2192
2200
82
620
2228
2400
266
760
1164
2314
246
1562
320
750
728
692
1520
1542
716
1536
2125
2059
2368
822
1508
984
2234
1738
1014
546
2130
600
282
524
632
1570
1952
642
2005
414
1068
2274
2240
2433
976
2158
2372
2079
1362
1388
2675
806
2139
2256
618
944
1656
106
2646
970
1794
292
2052
1884
30
76
62
2323
1320
1278
606
2020
2248
2392
2060
316
696
106
726
1290
1658
624
1260
2403
2480
1282
1979
4
334
1929
2501
2112
2511
794
950
2480
614
2686
1596
496
2224
166
588
1646
1382
408
2464
274
522
1900
1688
734
618
1832
1892
2005
2483
1026
76
1328
1236
1318
530
340
2793
2182
988
2309
1058
74
2097
518
1596
2302
470
682
512
1980
2124
936
1368
2175
2180
760
1896
174
2322
240
1860
60
268
1822
2084
154
2275
78
2235
1862
2093
916
818
2363
382
846
220
352
584
408
1730
1032
2344
1558
2076
328
686
2423
784
1342
76
2333
2117
210
1176
1744
1600
2124
560
370
1020
448
1792
1594
1400
162
706
2475
2019
694
2186
1526
172
384
1296
126
2022
1464
2324
226
992
486
810
2530
2237
518
730
2136
2461
286
1040
2095
250
130
2361
2037
2260
118
1750
32
1014
2263
292
1384
1969
156
2378
2593
476
1516
1370
1788
546
1770
1252
1782
2066
702
1074
1933
1984
1636
1966
210
888
2404
2016
2509
1234
284
2324
240
692
2474
2233
1698
760
1010
1266
1124
954
2185
2775
124
2228
1544
626
2185
2753
508
1606
936
1881
2018
2155
1649
500
864
512
2394
2142
2359
554
20
80
2063
2028
966
1994
2005
2114
844
18
18
58
2002
286
1512
926
722
1744
282
182
2450
498
1186
1368
2406
2288
2031
230
1849
688
604
148
518
1238
1044
2009
2520
808
120
700
2018
2091
238
980
756
292
342
1542
1008
436
1180
2643
2461
2533
2178
1148
236
732
2473
1446
1006
488
2007
1360
760
328
652
754
866
278
1712
534
782
296
2540
2187
2336
2332
2038
420
498
1884
1912
360
534
594
1958
346
2513
1947
2185
1038
1926
630
2386
1752
1160
2256
1148
354
2245
1930
1406
410
142
382
504
2302
1178
1130
554
2683
2474
1248
220
624
1244
1942
1914
272
340
1200
1250
2449
1614
896
8
2230
2427
166
2109
1570
84
268
1418
2502
314
1262
2436
2045
2240
180
120
1044
552
2449
524
348
134
546
1960
2526
2657
2541
2002
118
1358
888
988
2204
1430
2364
4
2341
588
1048
730
862
1630
2438
814
1324
2054
422
1610
1004
1536
2187
236
2470
1226
1510
120
1258
316
2627
1884
322
1298
62
82
1712
1698
2029
1060
1988
1662
1500
2501
250
462
124
180
2474
712
1156
240
486
2424
2343
574
2623
600
1038
2018
410
412
2114
390
156
786
2535
1522
1370
602
28
454
2738
298
464
1914
1812
252
2617
1504
2324
628
170
2256
2498
514
320
590
2187
1276
1430
830
1834
1883
2344
1556
2559
1972
1970
1156
2201
570
12
714
490
1006
28
1832
2695
438
1943
2160
1872
2350
2086
1490
276
1514
2326
94
2093
2375
2264
2464
26
2385
1620
2298
1960
616
32
2168
1620
344
1880
1428
2134
2498
38
42
2248
2657
276
278
2250
2375
1186
2707
334
2091
2384
1932
1824
2217
2197
1252
1904
30
156
1258
1198
2158
546
462
796
614
2038
2420
572
318
1970
2205
502
1534
152
1206
530
2756
988
2295
56
40
2646
2560
2264
2333
346
2239
298
290
2088
2141
64
392
200
2313
2646
2317
2534
2284
2423
1252
2337
2402
1830
2002
626
1706
2660
1970
1486
2164
2356
756
2254
430
856
2419
1928
2157
286
2
132
960
618
442
2075
2404
2480
2431
454
40
1642
568
244
2190
2414
2242
216
2471
2192
2169
1008
2472
1406
844
2431
2046
18
2111
1959
1917
2477
1516
2066
2808
2132
480
370
264
1874
800
268
684
1584
2240
324
2258
1330
2243
692
944
1578
2421
612
1428
486
2469
2465
234
1132
638
1874
1448
322
2405
1296
1758
2128
1054
1328
2084
770
2191
2560
2494
2372
792
798
2107
2443
226
2098
2140
1723
1322
2101
958
808
554
2500
506
1434
2017
40
858
252
1674
330
468
1196
462
890
1048
1836
116
632
1921
658
156
128
1526
1522
1418
1922
68
1068
492
1942
2024
2304
6
236
2213
284
322
1658
1848
942
806
1670
2190
1806
2035
2256
1630
760
456
1122
1032
608
330
2085
418
2461
208
96
808
816
52
716
2269
2204
178
2545
642
1386
2398
306
1104
1166
2558
2094
386
666
300
886
280
2286
2614
1860
258
2744
632
950
2138
1174
1948
2281
2214
1038
2359
1930
298
1368
428
418
140
2240
2410
152
2006
1544
2292
660
2535
704
940
806
2250
1798
2096
658
418
2001
1050
2572
2609
1662
2553
1070
148
438
1110
798
2374
886
268
286
1112
468
740
1902
436
2491
46
2262
2126
1980
2257
2572
460
1096
2335
72
1356
2156
574
2440
484
2311
1346
208
2470
2318
390
2309
2224
2364
1168
476
1732
2045
798
1484
732
224
2022
2174
2420
1378
128
320
218
178
2292
2088
354
2351
320
2428
876
2910
712
1786
1240
816
150
1010
2473
1184
1676
1616
772
164
866
928
192
2396
90
650
1880
794
50
2010
2180
220
2362
112
348
466
1981
2126
132
2262
2060
292
2530
2126
2424
2684
552
314
2452
952
2148
1334
2186
2576
446
2086
446
816
242
1696
1895
1072
2153
924
2196
880
352
188
862
988
1152
2398
2182
2214
2386
568
1624
2544
1730
2327
486
2243
2232
2191
1530
40
2542
62
1996
918
2161
734
258
1866
886
1634
246
208
2708
1082
2246
180
1262
1020
930
200
1646
2326
1808
1292
984
1838
2556
2470
688
2416
304
1332
2422
2028
940
1834
1590
2035
2764
1094
2413
1764
182
2058
604
28
2010
2639
2082
242
212
2462
980
1914
2436
362
158
1276
998
1818
2136
2070
2143
120
232
1068
2316
548
774
338
666
1040
904
808
2498
2643
2518
1040
924
2329
1114
1570
2368
808
2334
1712
1146
336
2303
1586
348
1326
2440
1834
2258
688
2486
1408
2285
362
1042
712
2339
232
260
2494
600
2410
2384
276
472
432
332
526
42
2016
4
82
2186
2057
1714
2365
790
2364
976
900
496
2202
2307
1016
2328
910
326
190
1290
576
478
718
1910
2038
1296
1612
1390
452
1012
788
2040
912
2491
262
42
2468
1994
2095
670
2064
74
414
600
176
30
140
938
290
2212
726
2499
104
1154
2296
118
1334
1312
2526
1838
1614
256
370
34
2526
1140
2176
74
886
1028
510
500
2260
1190
600
830
2291
1618
1216
2028
620
108
834
1176
2139
1404
2018
182
480
2261
2552
846
2138
2246
2283
586
2006
2487
1818
2480
2307
2296
558
2339
38
40
346
1074
2246
394
2527
158
168
902
1426
218
2286
1450
2144
1526
2198
1384
2120
1178
2169
266
2285
2305
2106
2245
514
2270
2135
2258
2192
1076
942
1294
762
242
936
742
1510
1949
1030
308
2446
1676
1152
904
108
1386
1872
596
2204
1862
410
1194
548
110
774
670
2502
2219
740
1244
648
252
2516
524
100
16
1814
736
664
2212
2082
2248
1879
2468
1472
160
72
848
336
2229
112
132
2072
2045
858
982
1658
570
2382
42
2237
2766
2404
962
470
616
2406
532
556
1414
2288
668
48
2084
972
1672
1144
1658
106
2359
756
2382
1868
658
988
160
884
1900
2132
1404
2600
1931
2246
1384
2639
580
2114
2774
504
824
1166
650
2437
2312
2655
2220
560
1490
1792
2172
2101
2034
2507
232
2140
2103
1458
28
1444
172
1432
2558
104
2329
618
902
656
1446
1066
2238
1128
188
2356
2448
1126
2180
912
2275
258
2210
2309
2513
1556
1284
2031
522
1820
494
2144
2743
642
2372
1472
2213
216
1923
1674
1842
516
1652
1884
2548
712
1374
2242
862
1248
1694
996
90
2439
1160
2326
1012
2469
2196
1728
2567
1956
1675
2266
2677
846
682
1034
656
2224
1110
258
1885
2128
2301
1510
1280
2514
2202
2429
16
2397
1638
2596
2393
218
2389
504
1302
1991
2337
2559
2376
2458
164
192
2581
938
282
1672
270
2430
1961
2392
748
850
678
2685
2266
2050
2523
2709
1064
2669
316
98
324
538
1002
2215
2168
674
2449
324
2472
1162
430
2292
2526
1160
1312
2690
2196
810
878
2334
2284
202
328
688
2242
162
44
2392
90
590
424
1614
206
980
2428
956
634
994
734
1050
270
480
2615
1810
388
512
1964
74
1616
66
266
532
1580
2274
2168
488
1242
866
102
1686
170
1830
690
406
960
1830
254
706
1482
346
276
2082
2420
290
1404
2253
476
4719
368
2726
1416
2616
2584
1038
2161
916
1112
456
292
256
2709
2351
1298
2537
1574
994
254
1150
330
2418
622
598
2449
2424
2438
1272
2337
2420
1014
834
468
2236
1999
1426
2182
390
2327
566
338
2526
1664
2534
40
1870
262
2256
2286
2491
182
1132
1794
1954
888
2096
2316
1967
32
2472
2417
1780
1664
2126
1062
1480
1899
1552
1014
1482
2435
774
454
236
1342
2212
1980
2193
1382
1270
258
42
2374
124
2132
2104
368
622
754
82
2390
2124
654
1590
2262
2594
1368
820
1070
800
310
444
1006
1818
144
180
2678
2271
1194
1124
832
488
1632
582
1931
2183
192
448
2596
156
1482
1500
2698
1526
2329
2268
1852
852
498
702
86
1789
1242
622
48
44
876
72
1228
1941
2450
2243
2308
324
2156
308
20
2609
2560
140
2268
390
1606
1314
1058
1746
2348
1032
1648
1956
2300
586
2000
304
2524
32
1968
1208
2608
2364
2465
1608
260
46
1254
2163
638
278
2222
514
2367
622
2549
1352
1630
1212
218
2710
2463
688
2124
2119
282
150
770
2599
266
2384
2304
760
2444
2061
1646
1202
756
584
816
162
428
1404
2275
2303
1322
428
2402
2378
1954
2542
1844
1857
1336
394
2283
714
658
2319
1778
1326
1794
1786
1014
348
948
476
828
2038
2669
2281
1260
2105
1248
222
8
702
2483
328
1356
2300
2589
2180
840
888
2042
442
2330
2024
204
2353
2002
1976
2114
276
766
2046
190
2408
2285
2132
2390
340
1182
2472
1758
432
2522
2267
2402
2544
2180
906
2303
1580
2764
2366
40
2508
2087
2010
2630
2481
52
1580
1488
2395
756
2299
2575
2584
1144
2418
2475
2277
1948
2368
2540
1678
882
232
1086
1192
408
2367
1554
890
518
670
1937
2380
1240
1196
2536
12
550
84
2304
798
152
2494
2165
1040
858
1016
1610
2096
2550
2419
1886
1970
1286
2400
200
1852
954
410
2390
1342
2125
366
2152
2213
2019
406
1644
54
1890
156
380
298
1664
2100
2024
376
610
704
450
1390
698
2378
2671
532
2530
894
2215
614
802
2243
2088
942
1368
24
1004
1172
2402
2481
196
1650
316
192
1236
260
162
2056
234
994
544
1891
1813
2279
2572
930
298
1961
1030
1038
1997
1072
2491
818
1052
1898
2419
2903
488
720
852
410
2126
1038
850
2382
70
1556
1238
496
2084
502
422
2651
2210
2662
2032
1012
2291
2260
482
2024
1118
1052
1132
1894
1150
2424
1466
2324
2214
76
2192
14
484
900
2269
1692
954
80
210
2243
2764
2291
1236
2108
2104
2143
898
2572
968
464
2658
180
1588
2449
2302
1396
2355
2334
656
840
2329
2424
1120
1176
2367
2309
2373
2213
384
138
470
1802
1216
2503
546
2319
300
330
22
1316
194
240
1144
2064
2349
572
924
180
2293
2777
350
878
2275
1828
1894
2523
2451
1845
2427
2427
1054
1528
1012
446
190
48
184
2210
256
2030
2490
854
2140
1016
1148
504
988
2594
2228
632
1230
2407
2257
1971
292
1754
2334
2260
2569
2554
422
2036
1304
312
954
560
748
1672
1376
1624
692
2162
2062
2024
592
126
478
2124
2634
2425
2411
1832
1322
936
2101
1370
2776
1592
1708
2151
1904
760
2624
972
2279
2617
984
132
2457
2119
972
2298
420
162
2351
168
998
2522
822
1570
1358
2324
570
2275
362
1720
1020
2319
2000
2432
1122
1414
1114
466
1410
2243
1387
2338
2721
2600
2076
252
1630
1034
2390
2093
1164
346
860
2262
928
2274
1030
2443
2135
2253
2333
1690
602
848
804
2820
850
2635
1186
742
440
836
2404
2212
498
1616
96
680
1564
338
2387
124
2231
176
878
2050
1404
2381
764
728
2318
1290
1966
1916
396
18
350
1498
2408
216
310
18
962
2504
852
2150
460
970
514
182
1052
2274
222
656
276
2448
1388
2176
1426
228
880
902
1526
1194
2591
1458
6
2276
1338
1744
1917
1660
554
798
2503
1180
1972
762
262
624
1200
598
804
1096
2527
110
720
2436
2768
420
2579
1847
240
2547
1258
1986
1968
64
642
1420
2154
2092
2282
2517
1828
2328
2386
1976
2621
1370
2318
160
1002
726
506
966
818
618
302
214
2042
1036
126
2404
1754
2694
2570
968
1452
2870
2174
1856
2522
364
1212
34
240
2076
2284
1334
1084
1816
234
1078
860
1158
1642
2205
2244
2105
80
826
1158
818
416
226
1792
1822
2303
486
884
372
756
2376
1954
546
988
156
402
400
108
1710
1724
1000
1704
2606
1094
1887
636
1736
2194
2213
562
1096
2483
2163
448
2174
2252
1934
650
1468
236
266
124
2298
434
132
658
1840
2122
2172
642
66
1544
166
678
240
1710
160
1024
342
2365
488
1590
176
12
172
546
2632
766
2633
346
1018
1596
2673
2105
2371
2064
1324
1524
2620
236
2198
494
2347
574
12
392
282
1222
1344
1658
1402
184
1626
1272
1362
2246
2712
2504
2321
1590
2242
98
1458
2658
720
2468
378
66
290
78
962
2058
2008
2455
1198
2672
472
1949
2094
2764
792
574
268
2379
734
2402
1216
788
660
1840
2430
846
628
108
1834
532
1684
1198
1624
2390
1466
1394
2257
2282
496
2348
1981
1794
1160
2168
712
2094
2489
696
612
1044
848
2261
2389
2583
974
1538
82
132
2002
2022
824
2426
2420
1202
702
1828
706
1210
744
2103
542
402
180
2319
1436
2266
1886
2306
288
218
332
2502
1976
164
2332
2256
144
148
236
1146
428
1386
1914
2416
1704
1584
2198
2106
946
2093
2722
2564
172
1410
636
2274
2270
610
312
266
1348
1146
190
538
2664
2155
1808
486
1580
2290
1964
2497
2056
1590
2002
2424
1950
1542
1892
1092
1532
1518
2350
352
2346
1700
852
646
464
168
678
384
492
2024
1706
2190
1850
486
574
2070
186
290
1610
2068
2625
2252
2624
1961
1560
94
350
1956
2283
598
1608
118
446
2570
1450
978
2301
1148
1286
686
430
1262
490
2008
362
2372
2380
428
388
2484
2503
1238
2277
68
116
1324
798
300
874
2212
2259
2025
852
214
576
2322
2022
682
758
1598
632
2182
36
2683
876
2217
1554
208
2294
2111
1114
208
1738
216
1512
1162
426
778
2366
1967
2587
354
1188
2268
442
1804
1096
1384
1980
152
2430
1426
2480
2440
2166
130
352
1454
502
1928
712
2408
2911
290
604
1240
1564
2118
2421
2799
2596
2345
480
312
2140
2135
372
232
560
920
1012
2421
2202
658
1248
576
1967
2121
2834
1066
2707
2561
1902
506
2313
2027
1314
2387
626
978
292
244
1952
2646
2460
528
956
774
26
2516
2359
2012
2102
498
2262
1000
2204
2263
478
74
564
2346
1814
814
1798
2400
346
292
402
2323
84
1708
272
820
1656
2357
2071
490
376
110
374
952
2218
2068
322
2072
2283
864
760
382
648
918
2450
1993
194
2646
1812
2055
2151
572
142
152
2490
2377
2337
210
2100
620
698
426
178
2192
1170
228
368
390
1338
2202
490
706
2475
2463
2297
1148
2208
2279
1318
48
866
502
2246
1744
1857
2768
1697
1994
2267
2017
34
1608
1624
2213
332
344
234
1822
1092
2471
2221
1930
14
534
18
1924
1923
2288
922
2297
958
2156
1802
950
2208
190
2613
208
2470
1686
412
2317
628
846
286
492
28
1346
738
764
278
450
2753
1807
426
892
2074
1578
564
438
2134
2382
592
806
1828
1322
2226
160
856
2535
492
2224
2099
844
1536
2490
1358
1298
1380
1738
316
1134
2454
2244
2032
1100
2208
1552
64
1834
1244
1074
464
2567
2152
90
1618
686
2190
944
688
838
2177
2704
654
532
496
1632
1480
1666
2098
2608
1726
1228
102
914
2306
454
1130
650
2330
764
1416
2166
1796
4
1286
826
2467
2230
302
70
2448
2181
2078
2356
2453
2397
770
34
844
844
1098
1648
578
114
518
978
2591
688
2563
2026
2372
2459
2679
2261
580
2475
968
2132
246
744
1334
2520
2524
444
1661
26
2385
2442
2338
2210
658
2026
714
1100
1400
1190
1714
392
372
1054
2658
1496
654
1038
1542
206
464
418
124
2346
2244
2043
2262
2449
2473
294
722
2163
1604
2355
600
2146
346
2326
4
1974
934
418
1500
88
142
62
608
502
2772
222
538
1620
250
2338
1866
938
2263
1182
1048
2098
30
2799
856
2292
402
342
532
656
2321
2206
434
236
70
2382
2088
1982
2437
1402
1939
2001
2296
2014
538
2504
516
2324
2268
38
2236
54
2327
374
1138
1542
2405
1260
2040
136
2082
854
688
572
672
692
1800
506
2261
320
474
130
260
1384
2214
530
1352
464
2701
2341
500
1470
2192
2514
260
1206
2406
2524
652
1956
308
2577
1734
2667
2583
1958
1468
20
78
270
1828
1380
1466
442
430
1538
2186
2452
2375
2309
310
2382
900
2302
1394
1811
34
1963
1674
142
560
692
2
1424
2038
44
1990
126
2318
1646
1066
720
1898
2194
258
584
652
286
1902
2419
2206
2289
2496
2343
2545
2361
310
2110
16
1954
1568
2405
2266
1040
1630
1922
2790
2407
584
1138
88
514
712
2469
2391
106
644
1046
206
2323
4
1270
2266
1906
352
1446
2198
1456
1100
2472
2618
1432
2504
2096
1928
1440
2114
2143
22
160
2999
752
2209
2425
2407
710
2244
1688
1426
1220
2059
196
2701
586
2184
4
2147
1913
1910
4
22
1250
2220
570
2580
2100
2352
2754
656
114
124
2276
2256
106
26
1944
1454
2084
1834
1424
2106
336
586
232
546
430
204
814
2499
2501
1752
1740
2656
166
684
688
92
46
2337
2008
1937
760
988
788
564
566
1534
968
2752
2462
1220
456
2727
1248
1296
1883
10
812
1378
2452
2509
2094
1728
280
2743
1762
208
920
2209
2124
1880
370
2286
4
346
928
2362
2197
660
2278
1318
256
860
824
212
2418
92
428
634
572
140
2576
136
62
2348
2271
1370
2022
268
904
430
1556
1963
246
2685
1700
2316
470
1682
16
308
388
2017
200
490
2224
2239
2414
524
2549
2316
446
2486
2312
2406
850
2201
540
2495
1252
500
1394
238
2300
1968
110
744
2274
72
2353
2176
294
930
408
686
2265
698
850
302
2185
802
2389
1250
2515
706
2800
554
1076
2287
1784
476
18
2058
1978
956
208
1988
14
1538
780
666
70
350
30
102
170
2407
2114
570
344
302
1012
1943
1050
2364
346
1510
2258
356
700
2325
182
1190
212
920
96
2113
986
2180
364
2270
2294
1164
1266
1977
2005
282
1406
274
1770
2333
968
2243
632
16
1782
898
1826
2128
1912
1022
2458
378
2223
230
2029
622
142
2351
372
876
2320
478
62
504
2353
2555
2071
2296
1316
1052
848
1440
1036
2173
1046
2626
1100
2350
1336
2378
2110
320
1066
1864
56
94
1226
78
1470
1000
1886
404
460
2361
1860
902
1686
522
252
478
2363
830
1014
486
1048
2853
2524
1726
2342
1388
2388
2033
2212
2321
1262
78
592
1662
324
278
1112
2757
1382
2635
888
2401
2403
1216
1642
1730
660
86
1730
2019
106
256
2916
982
322
1094
416
2302
748
218
1122
654
744
1152
2196
1843
662
438
1514
344
166
1440
1084
1927
1920
682
2442
772
2426
192
1546
1188
2661
734
2190
1276
2545
2394
458
2320
438
92
626
2026
594
452
1172
1294
1610
244
600
2318
1952
802
1716
174
2165
1899
936
162
2024
2043
1118
2352
1620
2397
2534
942
1954
332
2231
1224
268
2120
890
2
208
1654
1490
294
1734
214
138
2619
1256
1502
2254
2228
2329
1604
1752
664
14
334
2234
828
1526
1840
208
2264
284
1582
282
2138
1136
238
1760
2176
1394
2164
1644
2306
1160
2490
2598
436
2245
666
1402
2102
854
824
2539
1322
1842
2568
1314
1724
374
702
1372
1414
1582
1464
80
792
1384
2002
2154
1436
1454
2489
510
1094
1530
210
2373
1928
230
1226
614
1866
2064
1166
1346
2378
2463
1766
120
88
1306
1899
1304
422
2138
1152
1965
360
34
2117
2519
2458
1326
162
340
2280
2838
2331
2166
1548
2461
1296
4
2441
2132
442
2263
78
2046
1814
1762
2168
266
368
2122
220
2313
580
442
1246
1648
2299
1792
2352
1963
2294
2197
388
2353
1632
534
348
2173
856
1492
2428
966
1610
732
590
1392
1824
1254
2398
618
2269
2231
1612
352
70
2229
2134
812
604
1030
1638
2125
284
1042
2280
322
418
204
282
2369
630
2692
606
2648
1800
2311
2312
2530
1742
2513
34
894
312
2469
434
2287
1178
208
1098
1100
484
1746
246
2371
2292
378
798
496
1654
306
2516
1554
1092
54
488
2469
2511
2177
410
1360
1824
118
1694
2455
2402
1572
1516
392
988
1018
1016
2106
838
2341
2378
504
1696
2202
2392
2329
2431
2445
1010
2502
1072
718
164
1668
2540
1984
2403
278
284
766
672
2630
1602
106
2308
2309
1412
152
1780
438
750
366
1734
2320
1854
1386
490
2407
578
476
458
682
446
2668
2441
2384
1282
1280
2189
400
148
2057
2184
2099
2056
2617
1918
506
2576
840
206
694
436
504
136
1656
110
608
2579
1350
1975
590
50
2382
1148
2630
2547
136
102
646
1552
1854
1054
1172
1034
2327
44
2302
2277
2522
144
348
672
1344
204
568
2075
1012
2508
348
1766
1542
1674
2198
944
664
210
228
1430
2367
1164
1296
766
2405
1632
378
114
402
1360
2198
1172
966
684
2077
616
440
2432
1794
2258
1832
1262
806
2396
2383
2451
2145
692
330
1152
1380
574
1979
388
150
2298
2
2273
2255
1976
2072
2493
252
136
1996
2357
2327
2071
1234
2257
2742
2749
302
2381
850
760
748
2164
184
1680
996
532
2352
812
172
2739
264
2435
2106
2660
1626
2365
1892
1583
1540
2440
1098
32
1950
768
68
2631
2210
1206
1190
2280
560
52
2546
518
2394
162
2020
2070
2292
114
2402
442
1318
158
96
1312
2451
300
2397
232
578
2320
318
2529
992
1722
2020
2280
2358
530
2152
616
2350
2167
2184
2124
2498
2368
2533
890
1710
250
2037
2003
998
350
644
2366
138
2603
2142
700
2342
500
1080
168
288
760
800
916
1434
584
744
1334
54
2468
2402
2143
2269
2376
296
1974
1440
2763
2377
1244
82
182
1830
1292
1432
2662
180
1868
1284
888
2047
2499
208
2333
2528
1506
760
282
236
994
574
28
2395
1478
24
2295
1446
1712
2315
1334
2358
2512
2108
2414
178
1542
242
2401
742
502
2231
1972
742
96
2367
2169
242
1246
2295
1246
2193
576
364
2446
1260
2333
2182
682
10
1901
1518
1408
1522
760
2245
392
2261
2712
2673
2044
2392
34
2366
360
2737
2267
1280
1322
490
2189
596
44
2410
1866
2060
720
1982
244
2648
2218
548
2131
2430
1010
702
1090
2092
2340
1726
528
2358
1386
1636
2548
970
2510
2647
2383
2764
338
2415
2648
2096
2245
852
2374
2338
2348
378
2104
1380
900
46
2496
66
2599
2096
2100
576
262
2587
2050
2484
682
2405
2560
2588
2390
500
1868
150
70
504
796
1068
1858
1180
1264
416
60
1102
2225
2319
1334
212
2019
818
1604
2441
834
198
1884
1924
230
184
2438
1424
140
2430
1732
2126
1364
2136
2461
608
376
1212
126
82
2148
2247
2369
38
2070
858
1384
576
544
1432
2467
484
2362
2556
2184
192
2405
2417
376
512
134
1304
1396
516
188
1298
2270
10
2024
1748
1186
480
2146
634
984
206
802
2596
1492
286
1186
2208
150
454
160
198
1030
110
2558
430
2326
1804
86
1300
2403
728
482
622
2425
146
610
1562
1474
118
2853
388
476
282
2439
980
1558
1230
2614
2002
2312
2776
970
2283
1002
328
330
692
1244
784
1050
2680
200
1332
2532
126
1394
450
2526
856
2606
1644
1526
2238
2286
2448
2186
2368
822
1112
752
12
1688
282
12
1424
1922
2256
1112
2890
1024
1902
546
204
644
2182
2058
426
830
672
1360
2281
2691
2616
268
1206
2437
42
2304
2141
26
1482
850
686
2544
134
760
804
834
1804
198
552
832
1058
2288
1768
2158
1848
2308
1740
1644
1684
1500
126
292
2234
458
630
44
2666
2006
548
1925
120
1466
150
2407
2265
102
1002
1598
2140
872
254
2470
744
2017
1142
48
666
2087
608
1246
220
56
360
1194
1634
494
942
1728
148
2471
1824
1506
2004
2642
2456
2486
2294
1784
2250
644
2237
1794
2084
2100
2610
1766
2468
420
2288
2304
616
110
1232
1961
888
458
2171
460
2247
574
1710
578
1626
2710
1894
1550
984
2295
2517
2640
2056
932
2112
1808
1818
1965
2146
2617
414
534
1244
2098
2091
214
1442
1406
2911
2338
2266
1326
2076
234
2014
1000
1726
38
1552
136
2052
1296
2506
806
1384
60
2481
1898
1988
342
2145
512
2216
186
2452
758
78
2336
2062
1296
2093
830
1368
258
156
2348
2334
292
2091
2342
996
2634
130
2531
118
1482
526
2007
462
194
2220
2352
1024
2112
192
1702
2132
2183
2521
532
2476
98
2150
1300
40
2607
1866
2240
284
2323
1874
176
1728
2444
810
262
2024
2345
2046
280
78
136
648
2202
1516
1264
60
1196
1506
352
2279
166
720
2320
180
194
488
226
2308
542
1412
632
1668
498
540
1088
588
562
1146
1072
2060
800
1729
1692
82
198
2076
2244
2360
926
1318
2274
2650
1842
1608
548
2220
640
126
2340
1460
2046
676
434
762
2108
2359
2391
1288
2345
342
2208
1142
2065
808
2224
2305
1704
1564
808
2502
198
858
2275
1236
308
794
1520
766
2232
1734
58
204
570
2418
818
1346
2497
2374
1014
188
264
578
1038
1310
1434
204
1748
1128
1602
2637
1154
232
310
2490
2040
858
1816
710
786
646
370
566
426
450
706
2378
2110
42
2412
204
2683
1852
1620
1810
2374
714
168
1354
2666
1384
1550
1761
2380
2286
1496
2085
934
328
380
2759
1510
120
242
2214
744
484
262
1460
970
2356
1096
850
2305
574
1050
1748
1394
978
1566
2044
576
1644
1070
532
1812
2121
928
2586
2094
1060
1210
1380
2457
1844
760
2272
1594
2404
2047
2172
494
758
1392
1088
2600
756
78
10
2088
1977
536
2246
2026
2425
94
2438
2096
2248
2619
2340
376
2520
18
1470
2
528
502
1160
1618
906
180
520
2488
898
2300
2225
2095
2744
2062
1944
2602
2279
1434
4
470
1913
2477
2878
2248
2148
866
2351
42
286
2414
2215
650
1714
2534
1118
510
1112
48
1158
454
566
1968
2456
2
806
2098
2305
532
580
22
980
1476
1458
112
96
1808
2151
1214
1636
1170
796
1640
2405
574
2220
724
2266
2224
1510
136
46
2248
2103
2541
702
2210
1580
1850
246
824
1106
2074
2157
1292
2521
1884
628
312
2070
536
2195
1794
1536
480
1767
2199
2161
724
1978
620
1338
584
2653
574
2173
506
230
2723
2101
2322
1302
1778
2458
2025
2411
568
1384
2220
492
930
588
2417
284
1354
944
800
422
596
2130
1614
1076
162
2352
1996
2121
1414
1004
1944
2079
1776
1054
2002
332
2316
248
2043
104
758
548
1442
1122
2000
228
120
2445
92
1804
258
124
500
1516
1354
2316
1096
2751
2017
90
2605
2056
2272
2019
2398
2246
64
2334
528
186
1732
2494
2402
492
244
98
2221
248
1180
228
2053
1674
456
1520
116
1512
1066
506
544
428
2
2500
1978
2040
2241
632
2414
1510
88
302
1348
1438
480
2065
2253
178
2319
2146
1710
410
2134
2134
1226
360
344
1890
1046
2549
2054
606
1212
822
1998
2517
1881
2686
720
52
1068
1630
236
830
2032
2446
2545
1580
752
1190
882
26
1867
1398
644
164
1957
2398
754
890
2625
16
1564
960
2629
1874
2417
1946
2079
1472
662
10
352
1876
62
2362
1098
100
2386
430
1284
1362
1596
2442
822
734
1898
814
1405
2020
302
2394
1556
2224
2078
1874
564
1892
2260
2068
384
2608
114
2438
1474
2307
86
700
886
2462
2288
588
1468
248
2456
1736
106
314
680
2297
320
2026
2246
2519
2316
1072
2294
226
2534
110
2668
462
1166
1811
1194
2202
1782
2469
682
2589
164
2177
1264
56
18
26
348
192
886
2285
1934
932
194
312
1006
390
2092
1176
1608
2423
2148
82
2569
1598
988
210
928
1130
276
2267
574
2526
438
500
940
304
734
2288
2120
50
866
258
1732
1644
966
2366
2360
2789
1876
2361
450
2166
228
686
250
86
408
2369
2346
2638
1596
2199
434
2140
346
72
490
2187
2551
1758
2303
1204
92
2268
2452
2376
2159
1932
2097
1820
316
1268
484
1754
938
2251
1176
2277
462
706
780
2190
500
726
20
2543
594
2132
1947
194
368
1464
1000
470
224
2121
1894
1032
2095
2052
332
2076
2364
2304
454
974
192
2120
1522
2092
2255
1298
546
2027
2142
1622
708
1012
1360
482
2386
2461
198
994
464
688
1468
2789
768
972
1150
338
2272
662
22
2300
158
548
2038
1434
190
1022
2614
2098
632
2328
2397
2271
214
1748
2325
554
1168
1426
850
772
176
2552
904
402
158
614
2429
1786
608
1680
664
1466
646
3013
2094
928
722
1970
528
1538
544
2371
992
1016
2042
312
156
102
588
466
1472
2464
106
704
968
2551
1378
2452
1218
1792
2316
2721
1929
2289
296
590
608
82
924
2288
938
680
886
2429
1152
236
598
16
2197
1602
1660
1294
708
1210
286
150
1146
6
1998
1190
2197
950
1044
256
2623
2407
1492
1578
316
866
50
2297
48
2344
460
2243
1454
2087
2151
2148
52
2383
1686
2220
18
16
226
944
2381
2407
1482
1630
1734
2155
414
2468
1630
2361
902
1626
1510
522
1974
2479
796
452
2111
1028
2293
1636
558
26
2072
1296
1406
272
156
766
1806
324
962
1180
1988
768
2030
1634
2301
450
2326
1588
894
2706
306
1831
2188
2564
2040
1956
2413
2562
2194
1642
2249
282
1725
1976
78
2040
2368
972
1094
1116
2715
2555
1686
2512
250
2602
54
152
2312
1050
936
1900
528
1406
692
296
2008
228
102
2279
890
2141
1957
1932
2501
1586
1854
536
750
54
192
2422
2490
1907
1366
1102
806
696
2448
468
1716
132
12
546
2501
672
1993
158
2405
2305
2530
1959
1398
190
2122
1058
386
808
134
16
2420
1070
540
896
2080
102
1722
2598
462
1440
2294
84
732
1578
1878
66
498
1558
1906
2509
2481
1012
296
2669
2028
1472
472
2594
2420
2293
868
384
1392
1866
574
1858
2218
228
930
2391
1808
382
122
204
830
1580
212
902
1890
1060
1276
12
2486
1476
1344
228
1514
1084
534
272
1024
52
2000
1128
280
1162
228
2264
1492
1168
70
138
660
1776
1478
2313
736
564
692
2745
518
2088
244
338
2353
988
1794
2149
608
316
2620
2199
2704
914
56
466
122
1534
136
1474
430
36
812
560
1828
2047
2689
994
1450
2723
2225
2324
2282
978
372
2495
1981
1994
1834
2022
826
2371
2342
2755
2510
2231
1470
2113
138
2506
670
2270
2178
2234
1920
434
662
1648
2230
1772
576
766
1530
2249
738
1846
952
2449
1734
2417
2158
2501
568
796
2515
270
2027
1920
318
2502
2240
2800
1538
198
2246
502
30
1899
2448
82
2206
650
664
150
2476
2171
2581
2736
24
1982
478
390
2440
736
2637
1504
2200
2072
568
2204
196
1910
2588
670
2477
2319
1938
1066
36
606
160
1768
162
598
1110
1000
1454
1234
248
2331
40
1836
78
2111
752
2220
2660
2506
1006
560
2418
38
1446
508
2754
2411
2299
950
2337
1282
56
2251
1704
440
2422
2014
2118
1022
196
926
566
1124
1818
1974
1488
988
1082
1926
2476
204
1774
514
1440
2602
980
2431
1516
2154
682
600
1390
52
206
488
2334
138
2359
1152
366
1304
2157
2180
276
266
1742
624
1956
1270
514
48
284
2212
2468
850
2200
106
1018
1130
1420
286
2455
2290
2134
220
246
90
2424
304
2214
2190
2170
1658
376
604
1112
180
1076
256
2111
2365
404
2286
700
2710
2196
2140
1468
1728
1880
1528
2394
992
2495
2559
244
1002
1182
2183
2492
436
2478
1330
654
996
2636
1446
1908
2466
1416
2012
932
1288
324
198
1672
2283
462
112
1634
472
2284
2362
492
414
1426
1610
1954
138
2361
2261
1966
584
2252
2329
1352
2380
1914
1526
2614
1270
2353
18
1712
646
2191
716
918
2226
248
370
2506
414
1112
1216
86
2609
2319
2021
1052
46
1236
668
1412
240
2396
2092
1944
752
2620
2189
518
190
1934
914
2367
1032
68
970
324
954
1942
2214
2634
1776
648
2761
2400
496
964
1374
2464
1632
1000
678
396
424
2201
652
2542
1070
258
1506
1522
1334
160
472
486
860
1382
114
964
1310
2726
1740
1446
406
2550
2353
1406
508
2201
504
2046
32
2108
416
850
2136
2013
2383
996
2290
1258
540
456
1146
1730
708
1234
1988
964
1254
1784
1886
1166
1930
2016
92
2508
656
2659
130
2553
722
1042
2321
1776
1957
160
2476
1434
2171
1975
146
2536
2249
154
668
746
2110
1024
200
2114
1938
210
1086
16
1572
498
2478
2096
1388
2522
70
1672
2058
1466
1959
1696
2454
440
2532
2755
2181
2650
2269
2680
630
2192
48
2133
2749
2362
1118
1920
868
2418
830
98
1636
486
1388
2111
18
1024
2560
2595
824
666
1834
584
326
1820
2480
248
2381
2257
2284
984
1166
482
2420
2408
1692
2350
2287
622
372
1158
544
1480
2318
2110
26
1696
30
2460
2886
796
264
2474
2117
2339
450
2799
610
2222
362
1082
1376
2417
1262
1060
2163
1358
492
676
1312
720
32
122
850
1106
190
422
1592
1086
1452
578
42
484
1652
1832
260
278
588
964
2664
2529
500
2394
2327
1158
1866
1834
310
490
2628
16
56
1102
504
2069
1546
1444
1914
254
716
698
2234
630
776
1686
1758
2082
2465
192
2769
628
2382
604
18
468
2437
2064
2345
2313
2652
1829
1556
868
560
1058
380
462
184
704
2264
640
2239
2164
2078
2086
1264
2062
1956
1010
2319
604
372
2363
1606
1412
22
36
2164
572
2399
454
474
4
788
2536
1306
912
406
2182
2175
390
152
206
180
2290
906
1882
1350
2182
444
792
1140
1248
2366
294
1714
178
2573
1716
736
1490
644
922
214
2552
2033
2310
1976
878
2397
1496
174
2537
448
332
2233
1434
1794
18
2300
1414
894
1700
1766
2348
98
524
2196
1070
282
1102
318
46
2525
288
2513
2117
690
230
2500
654
282
1096
382
2180
646
812
1646
862
1736
472
258
108
202
2340
2225
2071
818
1858
1204
646
2087
1050
2016
510
2262
1448
2479
2134
2125
102
126
1100
2445
950
1914
1384
248
2395
34
826
1518
2322
2430
2388
2518
64
2338
1010
322
924
772
140
1953
2484
2265
1864
858
2150
1038
1462
284
1340
168
186
578
846
2579
1388
1268
2019
576
2567
510
114
672
80
2768
698
378
2147
2123
2529
2150
2367
2002
2451
748
2172
732
1874
1910
1364
1974
840
2141
198
646
416
1542
2278
2026
90
138
1754
404
2083
170
2780
1398
2411
1344
110
390
842
2228
434
2018
988
1923
1614
2378
2216
2376
1148
2173
2021
1356
2319
2634
236
254
2124
814
38
484
2539
2386
244
1096
100
1868
756
2139
678
1476
2082
1865
116
1962
450
2443
1544
100
2187
470
2469
812
2238
2572
2341
2533
1370
1296
448
1096
314
2210
1853
100
202
2231
512
386
2299
1694
1814
2518
2138
2082
1670
840
2600
2286
2277
1356
1402
2622
332
2299
430
1158
716
772
856
2406
2278
194
1915
518
1246
1170
498
300
258
2106
1870
336
350
1650
588
840
2531
900
2160
2354
364
1966
640
1008
2672
934
2150
2315
2204
862
1950
2153
2350
1970
2205
2480
1691
1983
400
2130
784
858
1436
2113
176
1158
948
1770
1122
2088
1412
2185
808
2513
2316
2088
116
2474
2058
96
288
682
1988
2477
482
408
644
1342
2363
2298
1656
840
202
302
2437
2120
742
2494
654
2197
166
214
2125
1338
78
2430
2394
894
28
1166
642
316
2116
2673
1859
120
888
1862
2378
2316
820
352
2135
2110
2137
546
1102
1752
4
434
162
2479
790
782
1560
16
1318
1188
1778
2213
2288
1288
1761
646
1880
1134
2745
184
42
2378
2302
968
1976
2308
2006
2106
852
2193
2275
2410
2064
1678
1760
2143
224
1088
2536
1878
2260
1078
2519
2112
1934
1484
916
1312
1742
1810
1076
2850
1902
1260
636
18
2034
2218
1958
1590
1012
332
2313
58
414
2238
2028
2478
120
2126
18
622
1982
1220
1668
1952
92
1050
2135
538
1572
1636
2119
2470
120
812
2086
2652
2080
2271
1548
492
2038
1262
1847
2564
2182
662
1190
60
2427
1202
1224
1894
1770
850
1748
2391
1776
990
2324
1104
2749
2217
2528
248
2257
2266
336
2074
2531
1894
212
204
2624
134
1100
1907
880
2158
1624
1312
1820
1797
746
296
1392
290
2598
170
206
1418
84
2612
268
854
558
1980
2639
946
2744
146
122
2409
2508
1684
598
2512
726
2176
1808
2370
2419
438
898
1672
540
2341
1831
400
1624
348
2332
2615
910
24
278
1352
1951
2522
2350
2086
808
1150
2530
310
374
1116
2399
2088
2372
2342
1080
2388
1488
1494
1772
68
538
2082
1166
172
308
382
1995
1752
2129
1486
1726
2875
2055
652
2352
2123
1348
1688
968
2228
854
816
144
1084
1196
24
1084
2224
2216
2058
2488
420
824
2538
530
2070
74
2325
466
508
2221
630
584
2190
308
2243
416
2081
850
2421
122
120
2100
2466
2408
1514
736
1592
228
2242
2444
866
586
558
334
488
2192
404
1514
1026
1392
492
1306
1004
2287
1368
1824
1718
1010
1008
1376
1334
1920
194
370
36
2075
2469
1448
2314
392
2350
136
2789
1326
2227
1901
2307
2368
802
150
1860
136
2375
1596
2492
526
1975
1550
2311
600
158
2172
1166
1918
2128
2297
190
1078
506
466
80
2510
244
2508
1108
68
268
206
1152
1820
320
814
1280
1900
2086
2400
60
2429
2522
1570
1384
2162
2264
1753
778
1494
660
696
988
670
1132
642
2362
646
1080
1590
446
922
1410
2148
2310
1730
1690
128
2547
1082
884
94
2079
1892
1993
1700
606
350
326
2379
1845
444
294
1818
1070
1706
2244
216
2141
1630
2366
526
2108
2482
1100
882
1308
2114
2618
906
3398
1964
2024
262
2578
1788
2360
1550
756
2607
2178
836
1900
472
1310
1450
538
1994
692
80
2677
2438
2082
756
666
1188
110
458
360
2277
996
284
196
916
1174
2191
820
1458
768
338
2212
1816
876
334
2733
2416
3013
894
1634
736
2095
1898
2175
2734
944
2290
496
2586
32
2400
420
1630
1490
2422
368
3012
1094
572
2212
2246
1950
1646
2721
1372
302
374
1820
2002
2370
1344
2148
146
516
2181
2310
2026
488
2566
1640
288
2275
2068
1548
2756
2604
2152
164
2358
2551
806
2687
688
64
2686
534
190
1951
2247
2386
1442
344
92
2462
2540
8
322
1978
326
2012
100
10
2519
2267
454
1910
1751
2577
1312
2689
1084
144
1782
352
2296
2747
1703
1088
602
84
1908
110
346
1008
1138
2568
2400
2095
546
2333
490
248
2639
2663
2249
2062
1342
2132
2356
1748
198
2468
1230
1700
2324
2108
10
336
2518
2228
1440
1016
2336
160
2397
2563
328
656
202
902
1924
1668
1598
2016
1126
568
2218
220
208
44
2240
2493
2222
2423
2578
1990
2366
696
2523
2343
36
2316
814
376
1364
866
2856
1654
1944
102
2728
2396
2384
98
780
2302
554
2
28
1900
84
78
2487
2132
1770
2467
1320
900
2054
1894
1164
936
1620
18
462
2388
1720
1186
388
170
2504
1210
598
1114
2280
2460
2076
2423
2079
2002
1104
1608
170
444
1709
654
1926
130
130
462
240
1628
2586
2234
2547
750
2353
90
2444
1462
1392
504
2090
852
82
2232
2471
616
1062
878
410
228
2670
300
1964
2126
804
1620
1740
906
1610
2083
506
1434
2190
2051
1362
820
406
248
388
8
2229
564
1878
676
1816
1272
1770
2404
736
854
1086
2213
1680
182
1298
778
164
1452
2332
1560
2601
1400
2500
2317
2229
498
2018
2311
2371
810
2057
1568
1378
2281
1664
2116
2131
574
1536
106
2359
616
1034
672
730
488
2304
1982
2107
984
32
2508
1034
1032
1542
1496
414
2551
384
1548
526
2299
2708
2192
2273
2548
2418
802
1174
458
102
600
758
1658
2121
2582
1850
732
208
2282
1120
2328
1813
2694
1780
2461
554
2657
1316
1118
2228
116
1784
208
2353
2506
2366
92
2209
166
206
120
2092
2180
2393
1888
2464
1066
306
962
2107
2607
1829
1686
332
2589
2430
1866
1658
1604
638
376
848
852
1294
772
862
312
40
1984
914
2208
1542
2190
668
260
2024
110
2360
412
2267
318
840
430
1748
1882
2391
768
2043
2314
44
722
1406
526
1502
1981
2127
1248
406
236
296
1672
1720
1958
2249
392
1618
736
2144
52
1174
2556
2704
1784
686
2156
1982
2262
670
1978
2170
2166
1892
1202
1660
2514
358
2667
1010
1354
1176
1500
2263
1474
96
1178
1112
2012
1370
564
664
302
1350
8
418
798
314
678
1120
1832
644
968
2685
1840
1392
2180
374
932
2371
358
1008
40
710
1558
2594
124
1636
1930
2414
1274
1114
216
282
46
2266
988
3437
2489
1390
46
712
1154
2476
2332
1822
1004
516
2073
1348
762
1110
1174
470
94
2113
70
508
724
2193
1044
2217
1312
1352
1400
1100
1952
2062
2455
2437
464
1430
1102
472
300
2455
628
1706
568
2321
2341
558
1812
1696
2532
750
1090
1314
1486
1248
2296
2539
2376
1420
1971
2236
2526
1612
572
618
2331
2358
122
228
2360
802
3010
366
502
774
606
1138
2229
2560
202
10
1690
476
2116
2216
1002
2086
2575
2180
1198
2163
914
2473
2428
306
1246
520
2158
2432
2491
2358
1892
1864
176
2004
498
2436
1663
88
176
2432
444
2632
1522
2633
2768
18
2594
2185
1316
2702
782
926
612
264
1808
340
2192
1524
746
2049
750
2456
1534
1770
644
94
620
1074
1424
2208
2469
580
204
1048
2282
2690
580
2276
2274
746
1778
2496
1258
2388
64
390
970
2769
2083
672
2344
100
890
2524
774
1386
1610
2517
2031
228
1220
2323
1842
162
682
1232
2248
2511
54
124
944
1780
916
840
1016
346
602
1064
466
784
2160
776
740
148
1042
2456
2144
2400
280
2474
2512
1953
1810
822
2305
1358
856
1240
1400
822
276
2363
1352
938
1914
366
860
2254
1276
2388
1724
2018
72
2305
2189
136
1714
1842
2250
1392
1190
2102
80
1270
1000
136
1318
254
1618
2506
240
704
1668
2594
1662
2176
2403
256
1114
584
2286
2045
560
850
294
1006
2461
2342
818
1122
350
548
488
2313
1494
2151
578
998
2698
2212
2367
250
816
658
114
290
2543
2544
2118
2735
2378
220
466
2014
2411
28
2100
1374
122
2542
2100
470
2256
124
2471
152
704
2040
212
2360
1108
140
12
308
160
802
1336
66
2552
646
582
2272
2276
1786
2409
328
2206
1754
2530
498
1138
2439
310
54
424
2262
1018
2212
72
2794
868
1568
2435
2291
1044
168
1846
1720
266
2048
1314
2141
412
10
2334
838
552
1669
744
326
2631
862
2473
2450
1176
2150
2110
942
1894
1967
934
2334
1220
2583
708
2130
64
1722
1024
546
794
1940
764
1956
610
260
940
1266
2468
196
1946
2354
954
26
2682
2331
2042
2270
1722
2548
238
1512
1382
574
1777
964
2247
338
140
42
8
2349
2511
2579
1418
120
1180
2148
2235
568
2076
56
2184
1826
40
554
800
428
428
2348
2694
1500
596
840
802
2327
488
2350
1919
2008
2175
1224
2628
438
1920
2538
2300
2158
2096
2402
1264
2317
1766
154
1394
364
1368
2387
2245
724
1180
254
1648
1975
1936
1732
2768
402
2150
1546
2429
578
2473
1272
682
2156
330
146
488
44
2475
1942
1106
2017
924
478
2014
354
1931
118
982
368
2278
2825
1058
260
1840
64
2097
2646
2060
96
2556
2091
2152
82
1844
1576
1532
2069
230
1024
1468
48
234
2548
452
1988
2052
2250
2274
2618
1823
510
750
514
2619
2299
2200
2085
2274
1492
1896
2368
1668
2255
408
1304
2355
2801
664
690
2026
2374
2451
974
1124
2356
36
2256
1124
412
288
2206
568
2415
112
2444
2088
836
214
2638
1544
2006
1970
1076
604
652
828
732
2398
2035
1752
2194
2474
1896
640
2165
2355
1424
2265
764
2629
1953
2463
834
2002
1022
1942
658
1950
230
2379
1476
656
94
580
276
384
2352
2244
2103
792
972
2373
710
2903
266
1904
762
942
2064
34
166
1786
194
198
2690
240
2025
702
826
2489
966
26
1516
324
2103
208
2034
2389
2091
852
2085
1909
2264
2064
2596
698
2474
44
2194
82
2591
2348
1082
234
2461
1094
2496
322
2491
1636
1420
1843
514
2090
2210
1008
314
2030
930
274
282
1452
2226
1090
44
2348
2
1694
1176
2706
38
570
2310
2616
2158
2427
844
1284
200
2418
2396
310
310
2151
2331
1626
664
344
2417
628
2256
36
2293
1380
2231
1386
2153
1210
410
324
1718
1722
196
2074
2350
308
1224
390
2795
524
56
1426
1360
2429
2187
778
1060
584
2148
2056
172
2167
2746
492
1982
1154
2167
2104
1914
448
844
1162
2356
1956
2672
844
674
476
302
90
2363
130
122
1406
886
1052
336
944
354
84
812
724
484
2360
180
1736
2105
2089
2721
1994
592
2274
1554
2354
1894
784
754
2045
100
1036
2175
1084
1352
604
2090
2495
574
98
2102
422
60
320
1711
822
1886
1184
1240
2222
2343
636
140
2532
1488
258
1906
2282
2243
1392
1659
2313
578
526
6
194
2158
1674
2251
662
1834
2295
352
360
1806
1672
1158
572
66
236
1024
2182
1556
2704
1192
2106
2319
2481
1824
2034
1018
1254
1146
774
150
2154
2163
2394
866
1564
1162
2114
2488
2454
806
54
2129
4
1628
186
946
2334
622
816
648
574
248
942
1610
2261
2326
2413
2260
1356
112
572
2088
1318
2541
1596
2042
2114
2274
670
1873
1908
1955
1998
684
1044
2274
1486
2392
502
1338
860
1170
2316
530
2112
436
2350
178
692
2008
638
1372
1702
1010
568
132
1482
2466
2266
128
410
2328
1913
2142
1424
630
306
2463
930
1404
1550
2972
442
2510
1444
2356
2603
110
758
2142
632
652
2248
2486
2505
626
314
952
2244
1024
2251
608
1873
2661
754
2315
2239
2581
80
2425
396
670
2082
650
264
254
332
2164
2282
186
2297
2616
728
254
1406
2056
2627
1982
2137
1534
2711
1792
2277
1316
890
1862
420
54
2119
288
1872
564
2116
968
2038
574
2357
1478
2301
2519
464
2373
2169
1973
216
148
324
590
2392
1778
2503
952
2230
2520
922
1114
2129
374
2330
2477
1086
2413
1276
948
546
1108
1162
1748
2479
2367
1342
624
686
78
48
2509
1710
1562
268
1916
448
2403
1240
1268
2055
306
2513
2065
2477
1036
2280
2352
672
2516
60
562
2382
104
2574
2469
106
356
720
2341
212
1326
552
2466
1456
668
1816
554
256
474
1382
1002
828
16
744
926
646
930
2029
284
2448
2138
2408
2032
2572
588
2324
646
2427
1714
2099
2409
154
2510
2274
1064
2072
2030
2042
1236
1140
2647
896
1184
1146
2369
514
1154
280
586
68
68
2310
1620
78
2244
144
2582
2122
2204
2158
618
910
992
824
212
884
1876
2640
2522
1118
480
756
356
458
128
2796
2020
1034
556
680
2656
2059
1642
2421
2528
2676
1438
2635
1562
2611
902
2548
1776
2469
2505
660
2453
262
904
1806
2504
652
2222
2166
824
434
1934
2275
276
2582
1796
1046
2186
76
282
572
2314
2581
2247
2417
1326
2503
258
1632
966
766
1510
6
56
244
1008
2548
1858
2364
2371
894
994
652
2317
2199
16
2393
1618
2052
408
1924
1994
1996
294
2495
2093
1338
946
450
944
2344
352
2387
346
352
2382
1722
2527
1890
1022
276
2492
2000
954
72
280
1032
658
2174
2333
1140
730
600
680
256
296
712
2508
2232
1842
1022
192
688
926
904
514
2628
78
346
2087
2167
2505
2102
480
1494
348
1556
2382
1906
852
2584
30
2312
410
2232
1446
88
2601
1268
384
1682
8
2503
1340
22
2497
2368
1594
2230
1882
2479
102
1320
716
924
66
22
384
1726
2748
1170
1796
1144
1776
2653
1866
1128
2546
2455
2297
918
2150
634
170
2536
1462
74
258
490
2387
840
1763
136
912
1432
490
2711
518
266
904
590
342
768
2174
184
2327
2162
2654
334
2526
2250
2616
246
822
924
1986
2561
1772
2310
6
46
802
1536
1164
1578
1512
2441
1606
2157
330
1650
586
960
34
184
570
582
2516
2463
2630
618
1134
2332
2374
560
762
172
2353
1867
2395
450
716
2782
1230
546
744
2054
1874
422
732
408
1632
1846
594
2831
1054
1783
1276
2546
1924
1918
900
2386
458
1544
2538
1054
1268
2225
2239
354
240
990
2245
2238
2002
2221
2325
2411
410
1446
2441
762
324
1396
2248
1758
804
242
146
1530
1102
1212
2147
1462
86
2079
132
1240
2183
2444
226
776
1676
112
882
442
326
1458
2294
2524
524
2567
2454
2561
600
200
582
404
736
2459
1452
1482
2374
1012
318
2750
1941
2421
2407
1808
2039
1684
1542
526
148
352
2122
2316
1116
578
930
2104
2000
1730
2222
2559
56
698
2140
1906
1406
2490
2350
1236
2274
1870
354
2450
2531
720
1154
266
472
1292
1492
2508
776
68
322
1912
332
902
2366
2223
126
432
2426
428
1044
1466
2097
1028
8
1322
2406
1460
1104
114
2423
510
1446
2018
372
2547
2420
1348
292
2186
222
2075
1700
912
74
266
2498
2568
220
440
770
2122
1866
294
2224
1504
1760
128
2332
1620
2510
1184
1668
2234
684
38
1954
138
2699
1498
2434
2440
2097
1888
236
264
746
1774
278
208
222
510
1542
2607
2632
330
2482
1943
2022
326
1462
1518
2106
1148
1909
2064
2216
458
2025
802
2302
748
880
2520
1406
2348
324
1830
2670
2749
92
2252
562
2568
140
340
2526
62
2305
264
1670
350
482
1314
2337
1520
612
1364
2026
978
602
1252
1934
2332
96
2352
356
1983
1900
2409
418
1356
194
2522
1172
1916
276
2052
2289
300
2202
2414
594
984
1378
1250
692
264
2414
1356
2066
2423
1856
924
2156
2150
1198
1280
2489
444
400
2416
2493
678
1028
2475
2310
172
652
1362
1396
2374
184
1818
2545
682
68
2533
2031
1162
716
218
2056
2292
1256
2201
2090
1222
488
2294
156
2118
652
1862
1248
1400
770
2637
1900
1756
1688
628
1482
530
134
264
1056
706
2152
928
2451
2614
2341
