492
1794
460
2008
2486
352
374
2500
644
1890
142
1885
56
1540
408
72
2342
182
38
1784
66
1856
2332
616
2153
2692
236
2172
2183
1588
2308
1038
1176
2253
686
1330
710
356
730
110
426
2650
2198
968
2250
790
2258
764
232
126
1818
1806
1432
1268
2368
712
1120
1560
180
2166
332
2216
1036
392
2552
2226
800
1388
424
102
250
2172
2340
2457
254
46
1620
1168
1484
2082
574
2452
1074
1808
470
2169
1138
612
148
1196
228
2093
120
2787
110
604
2323
14
2563
2549
30
852
430
2206
2157
2098
336
2591
1526
2123
2353
2246
456
136
1232
1736
326
2346
2258
580
122
2386
1426
794
2228
1958
1678
2474
2057
2476
2250
452
240
2215
684
1358
1308
238
44
1910
2407
2190
2594
176
1891
1564
576
266
68
724
312
1302
744
1970
610
1458
2433
2372
2263
2327
1308
602
562
160
2618
2467
2730
1802
1296
374
290
714
2289
2308
124
222
2190
1801
1884
2698
974
1390
2504
940
2857
1074
2555
252
118
2730
2524
480
750
970
2170
468
380
1912
2811
2064
742
506
542
1166
420
1584
602
1528
898
2031
2463
2186
1090
2162
2219
2398
2346
870
2747
594
1260
2206
188
84
938
1100
664
220
2376
198
1704
600
2516
42
1106
334
1524
804
2164
2333
886
12
74
2580
2382
826
698
908
64
86
1346
1548
588
894
2514
290
2
1840
544
418
2106
2360
1416
230
1010
1608
2355
390
1278
2329
2190
26
2366
14
554
1628
1646
2082
282
908
2233
2588
1224
2286
264
1028
1817
1958
1939
502
1486
380
2608
2577
2591
606
1196
292
344
2387
2175
1562
1020
1128
2573
2692
2906
1088
312
758
2036
2323
1614
474
1106
838
1506
402
2319
2213
2646
2190
1288
1146
422
1488
2404
444
86
1921
156
2777
1616
246
66
192
2183
122
1428
2443
2060
2538
1252
1734
208
374
2001
2231
2111
2280
108
2081
1486
662
2199
2379
310
2098
1952
552
720
2092
668
1869
2188
334
908
236
600
2077
614
1996
1868
2141
862
1710
128
1863
1492
2653
2058
218
2150
232
2451
2477
2225
1402
114
1780
1116
2566
2579
166
1942
2406
1888
2186
1330
166
574
2121
1786
616
742
1862
2170
1002
54
2454
2332
2314
62
28
2189
1372
578
46
950
662
2560
1104
2384
782
2568
1856
1914
1456
832
2338
242
1300
1770
762
2017
332
418
430
746
218
90
1040
2399
610
258
180
2636
2212
2133
2600
314
200
1144
476
1314
2199
1236
1808
454
1396
1821
1728
1963
1970
2218
1092
662
2501
328
2006
2066
1670
2164
280
2623
390
2212
1086
682
1660
864
2628
1542
980
1128
2508
2916
2162
1454
1174
880
874
2
1270
638
764
2278
2272
246
1972
2116
2533
2405
1340
296
274
2254
220
894
484
210
1781
850
110
2382
118
2073
1536
1480
2400
46
2212
2669
2116
2192
2233
2383
656
984
2100
2032
1350
1838
1070
1304
2361
486
244
76
2389
342
1174
2164
414
1186
396
376
2433
972
2328
2148
2829
746
242
880
324
2215
534
2350
2313
2623
1686
2021
2219
306
2232
714
996
1050
1538
1670
2204
488
2764
1802
360
42
252
2119
756
2486
2433
314
754
2103
20
1778
2388
1208
148
670
404
2415
76
2601
390
178
976
706
2253
2359
2368
2225
1032
412
2499
2592
2185
50
1816
420
16
2448
2028
964
1292
586
2496
2280
2280
390
1412
2004
1232
360
1884
314
306
1080
1132
1356
1618
922
2382
1332
660
908
2267
562
474
728
2462
734
2440
2428
598
2229
210
1348
92
60
384
986
544
2313
698
2377
992
2372
2246
80
524
1602
56
1720
768
1354
538
1362
12
2545
2347
1514
2609
2136
98
2570
1408
988
1923
1934
196
970
1450
1262
2457
2326
550
584
2552
756
492
192
868
1896
1658
706
2084
2188
2298
2285
2209
1402
2418
226
1108
1438
1202
486
2419
1118
130
694
466
1766
2293
306
868
2077
2181
1070
2304
900
642
2514
10
1534
2048
1094
352
262
836
486
1110
2497
2054
2276
1204
2514
2529
2007
1548
602
2363
2913
1746
1820
2281
1876
2337
2211
1916
170
844
228
824
1410
1058
1512
2384
2163
220
102
12
210
2076
4
2245
276
2050
2285
2152
208
2038
186
2294
1746
2254
2307
1988
2355
2155
2658
2128
12
196
1680
2043
34
2457
308
582
1690
192
1664
948
2339
382
1768
2319
842
8
2386
1272
300
12
2228
372
2577
2534
2466
2123
956
2421
2827
658
604
1256
552
1202
634
2395
310
418
2192
780
2292
1604
2310
682
866
878
444
2060
2425
1968
2137
308
1102
1676
2516
2626
948
922
2278
2493
2429
2625
1182
2482
654
594
278
470
760
1894
700
830
2577
1908
42
2500
62
86
2818
2431
2099
1540
674
2314
130
296
2371
1282
512
2074
962
2544
646
2107
320
298
2124
746
1454
2060
344
1332
1528
2017
1894
2532
466
234
38
1452
2498
2387
2129
2208
340
930
2428
1032
1908
2118
96
96
2585
2434
104
1012
470
1748
464
2297
166
1648
1802
2672
2376
48
608
1652
2438
376
656
962
2245
396
2779
1970
1851
2451
202
2772
284
2319
2418
316
1240
958
2319
926
1226
2608
218
2424
1608
256
818
504
32
2130
214
1462
1896
2994
504
916
192
2235
96
1182
1116
2065
576
1778
764
372
1904
1792
1610
712
2399
2492
4
2280
878
2358
418
2082
976
2552
268
2320
1680
2401
1924
2154
356
1358
1910
60
1300
1252
750
400
1674
2187
562
2321
2096
366
256
1724
1006
354
2492
1570
2572
1386
2419
144
1300
728
286
564
300
202
302
2296
222
2117
2513
1908
1972
534
1236
1414
2185
2247
1803
176
1002
408
2050
916
998
8
2004
98
1028
2255
548
156
2447
1414
938
1190
1592
92
2419
2570
1380
2213
14
1930
36
416
2347
520
1014
2510
60
2070
874
2182
1398
2008
128
216
1330
1764
2011
1280
1246
46
2344
400
1710
1374
2686
670
2316
2458
2078
2307
1624
1564
2550
1404
2069
984
236
2229
1194
1304
298
2272
498
1004
2314
2228
498
488
52
1732
2351
912
2740
2335
2106
2208
958
1434
2040
210
2442
642
638
2345
1917
1614
1732
1720
1336
1170
310
630
1250
2495
2198
2157
1394
1678
986
352
212
2402
2177
88
2360
2507
2574
616
450
2431
1228
1018
378
2274
2388
266
2447
2395
1122
242
2025
2106
232
832
2459
2131
194
704
2374
262
602
1186
2288
28
442
434
320
996
1446
2463
2503
1774
954
936
2092
1914
2027
2339
1930
652
540
1668
2192
52
2498
544
1054
2346
2256
136
2066
622
984
2371
702
1420
1124
2015
2008
280
2373
1976
2250
492
1140
1890
2503
408
2186
2354
2613
166
76
774
2052
2340
1986
2360
464
1872
2459
2140
654
368
1818
974
2300
1706
600
874
1126
2708
404
1288
2202
822
844
2290
2132
512
2578
2260
580
312
2423
554
78
1430
568
2239
2362
992
282
712
102
100
558
512
742
2129
2662
262
360
378
2338
2425
732
478
2138
2366
892
742
640
112
738
2036
1324
2600
2327
2640
980
2715
820
1224
26
572
52
542
2352
2076
952
482
778
2545
310
1706
2392
1490
1988
1564
2520
272
126
534
2725
920
570
2433
2489
744
2237
2738
410
2300
2168
60
222
536
564
152
1062
2349
2204
112
2086
2320
2324
1206
2081
668
794
818
2270
2310
1932
2379
692
2153
1829
2099
1408
24
332
2093
158
2642
72
2620
666
90
392
194
2499
1284
2570
68
2006
1128
964
2163
2563
820
1660
2522
2036
1114
2114
2132
2289
2553
1350
1940
444
946
2605
2478
1828
526
2351
324
902
2358
2353
2325
1973
282
2314
1516
462
154
540
1298
358
60
2342
2058
2430
190
1262
2123
1550
186
1694
422
686
1030
2391
844
2511
292
1768
2217
2452
1240
1619
262
1650
2514
908
2163
506
2410
1858
172
2616
2167
998
2347
2753
1580
1244
542
2207
2161
1100
584
48
514
428
1432
188
2008
592
2485
1314
1084
1050
940
1118
276
1460
2376
1798
722
2046
1112
2136
1092
650
2179
326
8
2464
274
268
1964
2498
84
2317
2221
1684
2322
2202
248
808
792
2686
2276
794
742
638
1200
1700
1336
1849
1710
2466
1330
406
772
180
1190
706
1034
392
1976
1494
2334
2314
1596
2133
40
204
2395
38
672
2076
330
792
1856
834
820
2513
1098
534
18
2510
1666
2281
2826
2148
8
562
616
550
150
2393
1576
2088
8
2130
1430
1028
240
2322
2310
2386
2560
1753
524
2575
378
2099
126
2440
2351
1955
1848
1474
2156
150
2226
482
664
1074
210
1518
1538
2226
676
1000
828
1138
512
436
1832
1836
1044
1576
108
2114
52
1804
358
2451
254
2276
2458
356
2266
310
2000
746
898
2596
1020
1364
1458
112
2431
930
204
702
944
936
1164
216
2411
452
2668
136
944
52
2437
546
2425
2315
2010
612
2032
2054
2025
170
264
2589
102
1360
2750
2101
96
608
358
266
174
2073
1902
2152
1080
594
456
1878
2169
2348
1958
2148
2017
1620
478
24
698
2322
2595
2346
1866
2168
1706
76
768
1113
62
1608
2294
1016
2151
1290
918
178
1757
182
1156
2338
120
1302
2506
992
48
2280
2316
2062
2110
326
570
1744
1548
2246
2180
304
2486
2218
1082
2658
2616
1958
2659
1242
688
706
1890
224
1988
498
1000
1574
2558
1946
2204
2344
1787
1492
1404
2347
846
290
404
496
2268
974
1744
2369
2388
1586
1815
364
242
560
62
528
948
2165
2483
8
792
1038
2568
418
1936
1736
1624
46
2401
2223
1634
1352
1214
2136
1234
1494
116
1687
2095
1805
18
2425
2314
2246
2108
2114
6
1846
250
1038
134
1092
1186
100
1742
848
308
212
404
1148
202
2542
400
176
1426
98
2337
296
1868
2416
2194
940
2387
132
2304
10
678
668
492
1598
1322
418
922
2306
2495
1604
2448
2045
1208
2040
530
2495
658
142
486
1616
2717
256
2005
756
1286
1900
2340
2518
510
2296
824
2663
2044
428
2815
674
1584
2043
736
1938
94
1688
78
1858
2205
2456
204
1792
114
1524
2051
420
206
1940
404
136
1974
1192
1774
1132
2359
2130
1442
958
466
2092
2003
2134
1214
2477
2220
1788
368
696
920
1540
26
1656
2351
354
2541
618
2588
2402
508
2150
2359
2616
526
2263
1012
2092
1132
2068
2281
2102
2539
768
286
442
766
2235
980
920
346
2254
1976
488
2309
1830
1834
1840
650
2267
2668
700
488
10
1722
2034
2978
848
2236
424
2635
2117
750
1916
336
2104
2321
2508
2431
16
382
2431
72
1694
1902
256
2682
774
342
2193
2412
2540
2293
2283
2273
310
1204
2080
246
1036
2307
284
256
214
482
2117
1180
2558
334
2291
2328
992
2259
1322
2708
152
852
874
444
202
2208
500
718
676
2170
568
262
2112
886
2363
1172
1506
1266
1954
126
558
480
204
2021
2341
212
2367
1110
1664
2720
578
382
2470
248
1886
612
12
480
604
2410
532
128
622
2294
20
780
2385
618
752
2199
1462
2469
1082
596
46
1400
1692
1518
2170
946
358
696
2416
1104
418
784
2472
650
82
2329
2394
2226
2751
1432
2430
2283
18
1064
2408
276
1026
1364
2140
832
2106
2670
1644
2393
1508
1954
606
1520
2288
1350
116
2390
868
752
1999
1096
2141
36
70
728
2156
2152
1800
2194
2450
2252
180
1390
318
250
838
1894
370
1692
2302
1753
1344
2427
2812
2160
1058
2566
418
760
2364
2189
2178
126
550
1866
1436
1040
2187
2295
1702
2112
2824
840
2151
2334
2568
1010
1036
1342
1246
2657
1648
1984
694
570
198
1710
2378
2552
2380
466
788
2508
478
568
1792
1212
68
1094
624
452
1146
2551
2250
166
1144
1334
376
2625
2359
800
2255
1852
2018
1916
2635
1210
2162
2334
1654
1746
1656
794
2323
1949
1991
1422
1606
2122
408
326
1670
2072
814
2492
686
848
660
208
2722
1590
2458
168
2092
2617
346
2213
2727
156
258
2452
444
2160
2326
1488
1370
1390
2403
1980
776
2362
1842
54
2691
2491
2388
16
358
1064
2166
1266
2712
2762
188
2376
374
2608
1092
1990
1190
2472
430
1060
330
2274
346
424
2148
178
2654
1702
490
2271
814
1256
248
1522
2448
2703
734
1286
2580
1008
1990
1046
1156
1100
2088
122
2244
2278
1172
1312
2704
374
874
2405
164
1502
1166
2
2502
2113
2275
28
2426
2164
1016
2338
1921
168
1809
1040
26
2636
1370
492
2195
1983
2481
1192
598
1696
2131
2280
1901
1572
652
2299
2387
2092
1132
594
862
1460
2183
2431
508
372
220
2310
1846
718
1410
2632
2373
1058
1642
438
748
2635
1388
1020
250
1094
404
814
2383
2741
1040
1746
1164
1102
500
2040
1924
966
2152
2167
552
1008
2421
2115
1382
2257
924
1914
878
2479
2409
2410
2473
230
2254
2510
1200
1108
1098
1606
890
566
1502
1954
1388
2621
2495
1078
1542
326
2188
990
1360
1116
366
2695
2106
822
190
200
554
2183
2373
2457
176
50
1504
698
270
2348
1830
2288
1314
1720
2611
2348
48
2223
1256
1134
812
160
2157
318
2750
176
490
2114
356
58
158
2545
270
164
1382
310
2132
2037
2220
1934
378
2608
2302
1284
2136
588
712
1618
2559
2366
728
2369
992
1838
286
500
1112
2147
2318
326
2007
1612
430
2556
2315
2007
2676
824
2351
230
2800
1356
130
2557
2621
2611
570
18
2429
2195
2448
2073
1182
2401
2239
406
2563
904
878
1502
164
1598
1420
1270
2007
2218
1138
336
1298
348
592
2616
2623
2596
98
2076
2142
812
2236
960
2106
74
878
320
2406
664
870
2172
518
2639
2075
2358
2100
608
2391
2122
290
1150
2747
2291
1054
1238
2336
786
1926
280
314
2016
1694
2350
252
596
2467
124
2341
2849
1004
166
278
2671
2296
966
452
2413
1092
1398
1012
114
676
2204
288
734
1604
1966
574
2816
878
1062
866
140
570
2354
1414
1398
502
760
2069
1146
534
2658
2086
1476
2484
1446
2378
2156
532
1366
1936
2490
36
2560
2309
2030
568
308
2602
1632
1796
754
2132
2241
22
2305
2080
16
2574
2171
2402
1282
1410
96
2168
2568
2396
2610
342
178
2297
2372
20
1362
1402
446
2286
788
1144
1783
696
1454
2631
30
1773
1096
2424
1038
2060
566
170
1514
840
418
204
90
1588
256
2166
2302
2380
58
1854
2320
1828
226
1808
2454
2186
440
1280
310
1004
2151
1112
638
2347
1820
162
2163
2308
738
1170
1548
730
430
2190
260
22
98
884
1446
336
2378
2548
2008
232
1718
1282
922
2079
2242
2383
1208
322
614
986
626
250
1136
1650
1812
920
996
1648
1387
748
2602
1000
1516
328
1040
1378
2125
326
2147
2123
2356
2363
836
1472
88
304
2515
178
1862
1010
850
1860
2220
484
2460
34
2420
1450
482
904
1018
2062
748
2066
62
98
422
384
2563
2216
360
884
908
2333
1818
2296
368
1658
1394
2148
750
2152
286
14
766
1144
1258
2235
2252
26
396
2244
356
1762
2331
88
1880
10
1740
2044
886
1248
2184
1012
2114
1858
1192
2032
1692
34
330
2070
1540
2308
2502
1492
506
322
2488
2378
1952
1894
792
696
1508
1984
268
2093
1838
2193
104
450
1586
1202
2286
1108
560
2076
78
354
2441
2433
70
1746
148
2400
2515
48
428
1516
230
1008
2232
1584
1290
2230
2513
1668
2209
868
1024
312
844
508
954
84
906
824
356
2024
2063
2168
2189
202
2131
2436
1234
2439
1958
2176
1594
1478
2173
778
1100
514
316
2050
2327
50
2167
1774
880
1290
180
684
2650
1848
1178
762
1620
1984
658
754
2212
54
2278
928
282
24
2195
1520
850
1148
1058
488
78
878
624
2151
580
1084
982
2896
2038
1206
2319
1482
1396
2275
2167
1336
2532
2180
616
2524
90
2039
60
752
870
2132
2598
1833
862
2434
2442
928
652
872
2045
672
2
282
2060
1566
2426
1568
928
1836
958
2324
1166
2472
216
2134
1668
1332
966
1930
886
702
130
678
8
936
2098
58
2342
322
392
382
582
232
142
2809
2070
30
2185
2362
40
1769
64
2374
722
1965
2102
2386
2084
1808
1326
2082
138
1132
820
2565
1592
2079
2492
592
2400
1646
3822
1760
2515
650
214
2480
2331
60
1234
96
2294
318
2311
84
2297
104
354
2454
2187
528
2279
724
842
1102
342
1426
52
628
2580
192
1492
2609
288
2170
2544
768
1606
2553
260
690
426
2095
2424
616
2042
60
576
970
2316
2525
298
1082
1618
184
796
2260
580
464
1871
2338
2189
2459
84
868
396
212
1000
2423
482
2438
2794
2451
1538
1262
1448
378
2130
2299
2356
1886
508
1256
84
2168
1022
1384
2433
126
390
2059
868
434
2344
894
2455
134
512
1324
1060
168
2199
834
2040
1386
2461
1202
152
434
1240
1432
2392
1604
2004
832
1102
2336
2398
2259
2644
348
2222
2178
2259
988
2089
368
2287
554
224
658
276
2544
518
1780
1236
1272
840
404
800
622
2680
564
2768
2192
2159
958
1764
820
456
2282
656
834
2666
2107
2575
2393
2006
2159
1030
2412
926
1430
2180
2167
2432
1532
2100
100
2540
1916
2180
428
658
1046
772
534
140
134
2626
530
2045
754
756
1204
2476
2001
2532
2368
590
2669
2453
2913
586
438
1970
2228
1993
2185
370
1566
2194
1978
10
906
192
56
268
700
810
1638
2628
2098
2037
1945
784
1262
572
2537
2313
2284
2040
970
446
116
434
758
2055
306
1116
1888
2329
562
1386
1654
2362
1440
2296
1966
268
2135
286
2417
1790
384
258
28
2701
264
708
524
272
2277
288
1152
2256
4
1474
66
2374
1658
386
828
2258
2094
2188
2284
248
2402
338
2363
1292
1941
2039
1028
998
1972
1644
4
2108
2357
688
998
1536
2213
18
1056
1636
2341
1673
632
16
228
586
14
1046
1993
662
502
2698
2271
1814
1400
1864
1622
526
2022
1060
1410
298
212
540
84
2086
2439
2441
158
2116
1172
782
618
2640
1982
1750
2267
1648
56
1294
2612
1508
2135
476
66
284
2388
2513
1772
1975
974
146
1326
108
2408
2411
2115
806
1964
2398
1044
2344
1742
1658
186
94
232
418
2252
2166
796
2058
1979
2345
1912
1220
2038
2637
304
42
2334
1834
2102
1256
2333
1966
158
432
2231
542
2501
1768
648
960
2152
2758
2316
718
2200
1524
2674
68
1092
1194
620
2430
100
638
1696
1006
352
2584
990
302
2494
864
2290
10
2648
1800
266
2246
238
152
42
1234
968
2165
1282
1756
1776
2420
926
252
1364
2131
2474
1392
534
54
2384
1022
2256
920
778
1798
2192
8
2950
2136
1960
2500
2220
2121
2462
154
710
2498
1312
2215
1470
414
948
1284
770
124
2218
2201
1290
1278
666
1322
622
1012
1538
838
1104
360
406
934
1202
2729
2592
2318
484
2014
2211
638
896
1785
1208
2821
1846
2518
864
104
522
346
1975
504
972
1668
44
1458
1052
628
530
1374
1884
2061
2454
262
718
2390
98
2112
1302
358
238
1994
1990
1834
138
558
1823
1038
1074
2335
1046
2039
1288
126
842
2281
1144
4
460
1642
348
2377
2397
2128
590
74
480
1964
1652
1220
2783
2211
2693
2144
2271
298
116
592
232
2751
674
2562
476
1800
850
1022
1166
1949
2424
2519
976
2537
2070
2349
2383
1778
1724
394
146
1248
2036
1186
2247
2437
154
232
2222
44
2234
232
888
2052
1472
2446
2112
2778
842
2507
36
2258
1372
1402
306
84
1042
904
568
1796
214
1456
882
2354
356
182
2451
316
2284
946
408
1986
2542
2342
2187
2311
224
364
1274
672
2409
2273
1092
1102
1786
2407
1808
1058
310
2329
732
2108
2081
2114
636
2378
570
1020
2534
1472
1873
2279
366
2731
2126
856
1352
382
2489
2471
158
490
2786
764
1977
2699
1732
802
374
1850
638
908
1166
288
364
2598
694
2
2577
2353
1752
1670
2355
1038
2444
2186
1928
454
2238
1082
888
2416
2458
446
1538
1002
2512
376
1418
2503
2169
342
2221
1878
2277
76
2301
34
118
1792
2245
814
2545
1164
1935
436
1110
390
2605
456
420
2021
1864
1626
400
2254
1014
2682
304
188
2163
620
288
1880
748
2285
214
2640
1400
2107
2088
2499
606
1324
84
3474
214
540
132
2067
1922
1408
90
14
1006
44
1334
1016
2334
2247
890
2467
2126
2283
2156
1248
800
2270
2020
836
912
2585
1382
1927
1878
1592
610
874
2387
1784
284
2076
854
390
2205
708
1470
1602
2287
492
1104
1494
1246
1242
922
2364
594
1368
566
366
1520
2100
1140
48
2150
1922
1216
746
2195
36
2239
2318
2487
296
2530
2061
2294
928
1282
672
274
2181
1826
1262
2418
1470
2082
1074
362
1050
1973
1010
1232
1406
1876
632
2116
490
2086
838
1402
2554
856
2058
2307
1434
2104
2513
2128
2944
768
1030
1180
176
2152
2364
2433
1156
782
986
1602
2026
2492
152
1036
122
1208
2490
1394
1686
308
2366
2089
2164
1138
2425
1352
2326
144
2269
508
2248
948
528
1338
2150
1574
2375
2519
394
2625
812
636
436
1953
620
2303
2355
990
2246
154
1994
2583
2426
980
2637
1484
606
620
2223
2234
822
84
892
1524
2217
696
842
690
1018
974
130
2209
2142
2161
2480
146
1104
1985
2019
748
268
2451
2154
1652
2300
2312
2527
402
1360
2139
2282
602
1062
2537
2110
618
2223
190
2170
2010
2172
2342
1936
2168
132
2245
2595
1146
330
1110
2604
384
1098
622
514
848
1062
306
2719
80
848
648
2528
1396
1008
2352
1538
1474
2594
390
576
146
1350
2474
1710
1484
38
1142
2159
2294
2564
438
2146
2536
1784
1076
1868
288
2479
2114
1704
698
2624
502
1044
506
2164
2545
32
2245
424
2644
74
544
2196
2695
1824
2662
2142
428
1630
480
1206
958
2554
2363
2402
1128
1044
1290
2446
24
344
2098
22
2207
1288
324
1450
2627
950
796
322
2268
2475
2293
1208
326
2614
2302
314
2156
994
2289
2201
2531
730
1602
2296
1816
1410
12
1978
2278
1828
446
2448
1908
2775
1380
10
1781
6
516
2412
192
154
2381
146
2354
2297
2089
610
2193
1784
20
2339
150
1142
1502
836
2023
2335
290
2225
1108
2743
1700
1374
502
144
2113
2482
2415
2505
2746
1034
2644
1278
2410
744
866
46
1910
530
34
772
2300
2250
820
2372
52
2053
2614
2345
82
498
328
202
2321
1502
946
1332
2439
1068
2316
1570
314
1456
48
1446
998
1350
970
604
1860
2516
2180
1144
2303
724
2515
110
1132
1732
2481
1396
2191
2073
1042
2166
1512
1600
816
188
2623
2515
1908
2193
1058
2345
526
2006
524
326
500
1544
2205
1760
2529
844
2529
2196
2200
1880
550
86
2578
2244
950
886
2072
2593
1544
522
2020
602
2447
2345
2467
1858
2351
2593
10
442
2460
2229
808
2277
2635
670
218
1832
58
2159
688
2075
208
1376
2397
174
172
816
1652
1868
718
1920
398
1650
2421
2394
2230
2298
912
1490
2198
2385
1010
204
1720
1972
410
674
2581
1772
1716
742
456
2300
1226
2
2131
1088
2306
2601
440
1750
2249
2018
2300
950
2367
2335
1963
48
366
1080
2243
2307
644
2259
2262
1330
536
1765
2104
2314
2646
2132
458
2307
1934
200
2291
414
2419
1306
1562
2372
974
2544
2482
2422
798
822
746
686
932
2676
2327
622
270
1974
2575
584
574
2245
750
2096
2351
78
654
1482
1680
876
524
2500
318
228
1664
2319
1816
2633
2176
1772
2035
460
2147
172
410
2257
2167
228
1898
1970
2181
856
2573
520
252
2222
740
1050
2552
116
1118
1214
2387
2528
2140
2434
2681
2383
1422
712
1892
258
2454
640
1330
2145
2280
2278
1286
2255
2025
246
318
2430
2243
388
336
1156
1859
1316
780
282
256
44
2569
1456
494
132
2680
1678
1668
2877
160
114
142
2364
862
2487
2287
16
298
316
774
1348
736
2422
1390
2648
2294
1890
1586
2406
122
2235
1044
420
1208
2179
560
1948
1991
1906
1960
1988
544
2385
2441
326
1510
3032
242
2636
1020
50
2424
706
2285
1082
62
482
1086
1886
1846
1979
2506
632
2569
1406
352
26
546
1680
2603
2294
618
2343
2548
20
1752
642
1588
980
1924
772
1276
720
2365
1868
798
810
2564
368
634
2520
2028
2509
906
620
1070
1116
1962
1804
1162
1328
446
2146
1734
110
2860
2565
1766
570
254
818
1652
810
2281
2168
2190
814
632
2411
526
300
2114
1873
1996
1248
2097
2569
580
8
802
778
126
636
1404
2316
1138
2060
2284
2327
20
1068
202
1324
1965
2412
2603
1988
1668
1999
2036
2734
22
1991
2282
278
2348
22
2303
142
1860
272
1314
1980
66
512
240
1698
16
330
1728
2852
2126
1756
1360
2168
2078
1920
2374
556
2472
2115
1538
906
1634
1922
510
2347
240
594
2186
590
138
2156
776
430
272
2455
720
294
2114
2210
2146
2264
1400
1244
2342
106
1908
968
444
1418
668
152
2158
296
562
154
490
1906
618
498
2490
4
290
1358
2161
1770
2752
954
2135
2336
2268
2696
624
858
858
1772
2466
2223
1002
1444
162
1546
2144
2275
2282
1290
2222
2193
2226
2032
44
834
2483
412
392
2280
1884
2397
838
1726
1704
2704
2507
2330
2270
664
264
1346
178
676
990
2126
30
2188
50
2432
1790
2237
1852
1262
1264
2574
2395
1944
578
784
918
638
2227
1004
860
1616
500
368
108
1942
868
2453
1028
2068
1316
392
822
254
856
2545
152
1136
350
62
850
780
868
144
1462
636
374
1726
246
1072
248
2375
1792
1908
2398
84
2074
1792
410
2318
1052
1270
562
2177
2167
366
6
1306
60
1544
1612
2266
394
332
424
1236
56
710
2526
2435
1942
862
40
124
368
2568
104
2151
1870
1356
1088
1140
2545
2238
804
1566
1194
540
4
2151
2216
1726
1900
1934
584
200
378
2059
292
940
2360
2012
2404
186
2091
1176
1762
2303
690
2330
1164
2090
544
2162
306
2297
824
508
2196
2252
2139
902
24
2030
982
348
176
200
324
1202
2334
612
2244
1304
1384
1100
2162
1498
212
2240
228
2325
728
1276
502
50
2412
840
2257
1160
218
168
124
2455
184
1806
2391
2354
1134
582
322
522
2224
138
1306
2314
2301
2416
90
972
2347
2052
264
1894
1876
628
844
124
2205
1878
794
1164
58
2702
1266
490
2480
1124
1486
1894
722
1438
2413
1076
2380
1432
36
140
2041
1192
316
2064
710
1510
2265
2459
722
218
314
2537
542
334
172
2778
2192
304
52
1752
2159
468
2072
2234
1364
2357
448
492
1360
50
282
2042
1818
1436
364
832
248
500
1294
946
2139
2142
1222
1794
2580
1774
978
2304
464
1658
786
1582
608
2705
60
2193
1834
1152
2456
1308
1952
1772
1152
222
1890
482
1894
1838
2484
974
1350
946
2258
796
1608
2434
894
266
442
856
2168
2245
2055
78
2479
354
1006
2550
1768
2414
640
674
396
190
786
1418
1586
2583
976
1118
2344
2001
2062
894
2058
2756
1754
316
304
2560
46
2246
1430
1314
2247
2442
2013
2512
2120
182
2892
2205
70
2241
1304
70
2513
2196
2752
158
2451
1882
2458
2124
966
1066
652
1156
2484
1178
808
2250
2356
1890
2118
472
244
1954
2135
2218
2294
408
184
1100
2102
1064
934
168
1796
1284
998
400
1470
362
98
1112
720
270
1204
1450
2713
1474
590
1240
964
120
2117
2651
2449
1978
2098
2526
2186
2519
824
1972
2494
1280
598
1904
2425
2048
1918
2584
1906
150
1954
1374
424
2208
2266
838
2403
480
32
2269
2610
1376
2424
210
1642
976
486
1518
1338
350
638
412
1788
2350
1150
338
1884
768
304
70
1352
830
2448
2628
2215
2498
2765
1400
2383
208
2314
944
2507
1676
74
514
318
764
2197
2442
2301
1208
2453
952
2247
2184
2344
2542
462
1082
2515
2431
1605
2497
110
2212
1342
2281
2269
182
2018
1098
2336
172
178
2531
1676
394
948
1840
462
2306
1272
908
1234
2831
2169
1040
714
564
1956
812
2267
1288
74
488
2369
768
1288
2309
660
1392
2194
2294
42
114
2010
1616
564
1828
1210
190
2210
54
2286
2156
2305
2219
2457
618
1506
2390
2563
1346
2564
2497
1992
868
518
400
1998
644
1632
88
1326
308
1666
648
2077
2869
868
512
1292
1020
1816
78
850
2154
386
406
246
2521
2264
2159
492
1618
908
396
2147
656
1664
584
1516
768
1566
1182
12
1202
2162
2547
1582
2577
2262
1232
370
572
448
2526
1924
296
2424
1888
20
2576
1206
56
464
1896
2732
446
2085
2372
2114
1172
398
738
2248
466
2029
108
1612
886
2160
2296
710
1644
2008
2594
2288
310
62
886
2354
2634
330
2256
1024
300
1428
2223
2224
1612
1220
1366
1192
890
1986
320
640
2177
2220
2405
862
982
844
2733
2457
1382
356
76
1484
86
1176
2296
1138
2411
1578
304
2120
2312
1556
1230
2343
106
1658
1952
1546
112
396
2561
2582
1002
2357
1484
2460
740
2234
194
2334
690
2634
1580
2241
2726
1228
572
602
1170
2034
2407
2361
880
2187
2228
2470
196
1638
2453
1104
1846
2533
1102
270
360
2673
3170
1262
2451
852
74
1798
2517
1620
1671
170
1218
2597
732
922
2271
982
2358
1002
116
2153
2000
1908
432
2679
1208
888
1848
876
2434
500
542
1998
2047
2635
2327
390
2563
2301
2259
1338
2157
538
794
1978
2137
2522
2661
1516
28
60
1930
364
318
158
2348
992
650
2361
1624
2124
1690
1558
1080
666
318
464
2374
490
2223
1136
980
358
2288
540
706
2261
1124
2280
1612
2096
2006
2506
2147
2384
2416
414
1514
2372
1220
2226
2302
1610
2204
2298
2183
12
140
2096
182
10
2569
2169
2460
1622
332
2010
2146
320
710
1358
2624
198
2273
1442
2231
2244
2064
2263
1136
2438
706
152
134
1692
226
2088
2674
1064
444
18
546
2450
2133
154
8
2140
1324
726
1808
950
1194
1966
860
1450
2223
522
982
2212
1148
2559
908
490
1092
1980
2544
1508
1769
434
2020
1150
2124
996
12
574
152
2712
2346
54
2431
1766
1992
1352
420
406
2408
2684
2482
266
2587
1068
396
390
2347
844
130
1728
852
1721
1262
1244
1106
2248
2419
2017
178
2505
2227
8
924
2618
2188
1913
2208
888
182
930
1604
600
72
466
178
1992
240
2028
1172
276
2207
1997
2388
1830
292
2534
1016
540
1570
1516
2379
170
1928
2487
2244
2289
1558
2326
2286
1718
2449
1044
778
2789
574
2418
308
576
512
1586
2062
740
2471
1080
970
512
2836
764
950
1000
906
608
1400
978
334
1806
2205
316
2438
1178
2130
496
2616
2126
2336
2612
2068
808
2462
1128
2172
1090
1272
734
2155
638
1242
1974
234
1582
374
2351
1088
1615
726
764
1378
1392
32
2331
2288
390
1466
2479
582
2697
2595
2158
1962
402
2332
796
2405
1454
2147
2465
1116
258
1500
844
2520
2356
1204
156
330
1254
82
2305
1036
698
1871
2098
502
544
2180
134
408
2618
568
106
198
2553
2444
682
2306
1758
282
6
1468
2548
552
868
830
1128
994
818
2614
934
2106
522
2302
530
684
1300
112
458
694
788
1168
2749
1090
2319
1646
412
2384
246
644
2940
102
1696
112
1953
1206
164
2231
1334
334
240
2270
2188
798
2538
1152
930
2588
2428
2870
334
524
708
1920
756
428
50
1448
982
444
592
1082
584
2113
2022
1086
622
1464
1136
2576
1670
2390
2251
886
540
344
950
1022
1518
580
1748
564
398
98
2686
2186
1640
2321
2359
2722
462
628
1100
1216
598
2060
66
2168
2260
788
524
528
1971
2172
1038
182
190
2690
410
2571
810
518
2557
468
2482
1264
2128
208
350
2329
432
580
102
118
2372
206
1787
1818
726
2149
1518
2197
36
910
406
1288
2692
1254
542
2198
2582
250
240
2265
2278
2331
2037
704
2
2317
2305
192
1120
144
338
696
1284
2041
2416
1414
1942
2269
2122
2664
1032
946
1398
162
1572
186
2551
18
2335
2302
554
2108
2265
1378
674
220
1120
2818
866
2390
1850
2536
2294
36
116
2723
172
2260
1232
2324
2328
1564
1192
2054
1888
1134
2266
1648
1078
406
946
176
2626
1864
288
50
704
146
802
384
1476
2002
658
42
548
306
1474
2563
2480
350
1986
2600
458
2490
1844
1394
2682
620
288
700
380
136
182
136
1366
2622
1470
356
632
710
1760
90
2458
228
2372
1790
1102
1920
208
244
2320
1142
1252
378
2776
2536
764
2653
1472
316
1004
2275
2054
230
1935
2236
70
1916
876
954
1598
944
28
910
1736
1146
170
148
74
1716
352
2026
276
2336
2264
2529
1933
280
1038
656
360
2515
2438
2638
2396
2238
2273
2482
2347
1168
504
2857
584
54
2682
1228
2452
2538
1726
2075
1050
2114
948
874
492
1414
36
416
640
2376
442
738
2252
1266
1578
952
2566
2660
2173
1418
876
1876
1056
2035
1082
450
28
2217
60
152
2402
2291
2107
780
1826
896
718
2774
306
1970
2263
1988
2064
2581
2137
2366
1866
2233
198
1202
1162
1768
2438
2229
990
2239
2131
1628
890
1406
2038
2454
1586
2133
2613
1746
2233
2388
888
1754
918
1516
538
1862
1464
1442
178
890
20
1970
1971
2529
60
1332
890
2709
1981
2176
926
1288
1196
758
528
922
1840
1364
2158
1048
2289
438
816
1202
1228
2282
2824
1904
2154
1968
370
2529
2520
2450
2640
2272
2511
180
1696
1448
1686
490
2663
2426
744
350
2018
2119
2439
326
1538
838
1932
2458
2378
528
1969
358
860
2877
52
1884
2344
770
1114
1144
2037
2395
158
10
1016
2261
1366
1812
2234
2579
288
362
2393
862
1318
2319
484
884
84
496
1478
88
1512
840
1016
564
188
204
2496
2128
86
2278
2361
1934
2403
1586
1090
464
2593
224
894
1900
2147
184
1240
172
2100
1670
826
2548
870
2209
254
730
374
2156
2582
2225
1960
718
1578
954
2180
412
1834
902
172
1042
1102
326
2498
1844
770
1662
1342
2163
32
944
1926
2444
186
2867
1026
2599
2509
3027
1190
174
1182
554
1975
1386
78
170
62
216
1736
1897
420
2530
526
1422
2526
856
2212
2332
1142
2328
2594
1548
988
1116
360
2492
828
2168
438
546
2038
2004
1724
2285
2006
544
578
2441
1722
286
1860
156
706
1410
2067
2105
1750
500
1755
1190
432
672
1879
1170
148
1060
1816
1150
894
2695
2264
1830
2684
1110
1983
2224
216
2392
690
650
1040
2253
1302
2284
2392
1446
2343
2413
544
1102
88
884
1668
536
52
2210
788
1740
824
1708
2098
820
2151
386
1114
1156
1558
198
1150
922
1428
1696
576
1532
2579
358
332
6
1766
2161
1222
2534
1788
640
2075
2088
1260
1664
586
1250
2368
1004
1190
334
736
2516
246
1086
1116
1831
2598
2208
1682
2122
1328
1126
2321
1752
2217
1160
2221
1286
992
2191
2104
872
2569
1576
778
362
1450
1102
2333
2198
1952
430
1236
436
2248
2311
2513
1052
224
1372
2429
540
2572
200
1963
1514
930
606
2356
2091
312
308
1896
2349
622
1862
2270
2463
2435
50
1120
2335
794
1130
2078
476
720
582
22
1224
660
2300
1198
2208
2014
2381
1780
1382
18
236
1232
526
778
536
2656
1938
230
1860
2254
1882
2170
1454
362
2262
1010
902
638
2116
1410
1762
380
2670
2397
1092
1114
2310
706
2220
2127
1983
1940
1012
756
2336
1916
640
1574
1656
140
774
1288
1300
1590
1068
492
2002
1256
1824
2416
658
412
1204
766
44
2118
2278
1958
1845
328
1954
1516
1934
2447
2323
1720
1452
428
1080
2586
680
2356
2292
1892
784
2520
1480
2210
714
884
554
872
372
1350
1820
2423
1382
186
806
1992
1928
586
1124
2028
210
2319
1410
214
2366
2758
1842
1304
1204
1132
1354
1070
2656
360
894
40
1494
1384
1996
586
276
1218
212
188
220
506
1348
926
264
552
2132
1172
1949
170
550
2258
1564
2083
556
562
2391
2479
1930
70
252
1414
52
2150
1538
844
2408
1248
2313
2028
320
1270
2475
822
1250
2727
1711
338
222
2272
606
446
814
2598
346
1598
246
2308
1508
168
860
2032
1434
2018
2239
418
474
1996
1040
2254
2415
478
2308
48
506
10
1574
2134
2237
2233
2212
2398
2456
518
2096
2043
1726
1034
754
1212
60
2314
2383
1966
302
1092
2060
300
2329
280
2368
812
716
2626
1468
2212
194
196
370
1506
284
2374
548
1898
2001
1044
252
2700
156
358
1742
1244
798
2359
2502
758
2596
648
2021
130
664
2355
1234
2473
890
914
1552
2242
2752
2533
970
696
2472
110
1374
278
2682
16
1142
262
972
2104
2234
2254
2362
1804
890
2437
1438
488
116
1624
2586
2428
1834
164
756
1510
2222
2501
2218
1836
666
1430
610
1222
66
2468
928
584
2038
2300
2644
30
76
2201
642
2066
302
2079
2424
2478
1856
532
1574
1700
98
1402
2055
1967
1530
2314
2398
1813
2342
406
954
2419
890
560
54
604
2102
2589
148
2735
1332
2394
2551
1656
2407
2128
472
892
2425
394
1074
400
2233
2124
2414
1966
1060
1592
2202
1698
710
642
176
1980
1390
36
2147
1832
1076
220
864
182
2289
332
514
2399
756
2523
1718
2404
2379
1886
34
30
20
824
1074
2154
2119
2410
2266
64
592
360
1852
2301
1782
636
1974
30
2340
2545
260
1086
2268
942
230
1678
294
932
700
2441
182
1068
2398
1608
2196
2371
332
2545
1184
2548
2258
1830
1246
2090
464
2432
2432
1120
2488
2567
1592
1642
836
762
568
1586
302
1921
2177
574
2020
2572
1972
1120
2605
2046
70
262
194
2192
832
508
2389
68
1969
2370
2485
804
2066
1993
1208
182
118
42
174
848
2248
572
2532
964
54
2680
2248
2172
1934
2506
2298
156
868
1322
2121
2378
968
1814
990
486
1500
1442
80
30
106
458
1442
2443
1556
2540
2162
1256
2365
1828
602
2262
452
2342
30
626
1494
1166
2549
716
2110
2609
770
174
2211
2125
512
2541
66
712
598
2401
1542
704
46
1908
1894
598
2523
326
1888
638
2643
200
2323
1704
2170
1928
1990
918
956
890
752
986
1906
2567
280
256
2440
1946
1626
2259
40
2653
726
932
538
356
906
1124
1924
2353
2503
1200
2617
616
126
2022
542
1550
2694
770
2728
336
192
1924
2228
2196
1366
2633
2228
1714
90
2251
2309
294
2672
2448
2818
492
84
1046
2221
2416
2376
298
392
3128
1178
1963
632
938
2621
1430
2462
2150
2108
2114
2384
106
2491
2371
1238
1751
532
406
52
2400
752
1078
370
2313
230
1390
670
1310
1720
1618
2134
2299
592
404
2658
1016
130
2746
2241
348
880
794
1638
1344
1160
1554
244
628
2100
1728
2309
304
134
2178
34
682
80
2070
1981
372
2287
1114
2188
2482
2660
432
1194
916
2390
2198
2285
1688
2025
256
2348
1514
1440
806
1772
28
256
1086
26
1094
1122
196
98
2375
370
2076
788
2552
1262
1430
334
2428
1208
622
314
1640
1758
392
1940
2096
204
2598
1964
1470
654
1470
1012
2228
2477
388
1560
360
386
426
1134
2032
368
1830
1398
20
568
2586
68
2312
2580
674
1270
1965
678
2136
2502
770
60
732
454
66
2354
328
2330
2044
654
2017
1558
1372
552
2602
46
2732
2213
2023
748
768
370
2301
268
292
1718
176
1412
396
1140
1878
686
1394
2539
136
2302
162
1960
2547
1570
1012
1290
2621
1398
2375
1076
254
508
1670
764
64
1362
2397
1150
334
784
2190
2356
2380
2278
2408
102
1891
2417
2261
48
824
720
930
210
2269
2380
390
1128
112
1128
2035
948
1971
2437
212
82
190
12
2158
12
642
1012
2536
544
1653
1646
796
1804
576
1456
1958
2035
2103
2028
796
2162
1980
954
1276
368
102
212
2092
1130
908
1656
1682
244
552
2246
234
1246
2727
2502
134
2278
1332
164
42
2546
1430
1278
290
2040
190
1624
2566
2449
2357
1272
1626
2173
2157
1634
1034
838
992
1638
2410
2437
16
1902
1536
2105
248
336
728
674
666
120
586
74
2198
1852
504
596
784
462
170
1562
450
1714
362
2484
2261
1188
100
1536
2102
1977
556
1100
2375
1864
1272
208
190
2398
768
2316
2358
1772
844
1496
1416
2487
890
1920
292
474
456
2203
1068
1202
2067
88
1522
2682
110
1204
2135
928
4
1268
1270
2012
1840
346
558
610
1778
8
1052
1282
600
990
322
2410
1036
740
114
2463
1178
2264
2369
1652
2498
2384
1064
2181
4
2493
426
2287
2122
1424
258
156
286
2067
1708
84
426
2080
1666
2049
2259
20
2163
726
1128
1052
560
1452
278
30
234
208
396
2375
476
2425
1950
522
2566
1102
1018
1312
2148
2269
330
1288
1650
242
1104
2452
410
528
8
2327
354
558
2135
1546
1388
1982
1626
400
1996
2192
742
1934
232
144
110
2164
1108
458
920
2348
854
2234
122
1578
1262
2292
1859
1760
2056
452
1044
2417
2093
384
2543
974
2052
1670
2036
1694
2144
2705
1544
2427
1956
296
2650
658
1086
360
1927
538
174
218
726
1106
58
196
1086
1946
474
470
606
2627
408
824
358
142
1234
1208
1442
922
2180
2417
358
2232
944
2511
2311
838
2155
2539
2552
620
100
126
1144
902
1390
230
2407
2467
1616
2320
2831
2785
2221
1742
316
1670
2509
2039
916
384
410
1312
2019
1214
102
394
2326
960
652
2171
1657
646
2286
2245
1156
1184
1032
1606
2394
2182
2516
2563
400
2483
1901
648
608
206
2358
778
2357
1402
1714
2201
1112
6
2401
1284
2058
66
98
554
1162
932
592
2260
136
92
2352
2480
940
816
238
708
2634
2085
814
1288
1512
1278
488
1352
2392
1446
1404
118
600
46
2416
592
2320
2289
938
1182
2019
894
1018
1830
1590
1572
1544
1550
2252
2583
1948
132
142
1318
1428
1442
610
406
1084
2344
1060
1606
34
2479
1580
2138
66
1890
2281
2365
858
870
2121
2203
82
1238
1760
1700
36
916
206
1592
1214
640
678
2234
700
2047
1174
1484
6
1847
146
1564
1402
2386
2334
2100
354
2116
2176
194
2501
258
400
1226
1562
2314
2425
68
1798
308
376
798
1592
1940
2402
2368
2434
660
950
760
2622
2320
782
602
2235
2427
2137
1140
1462
2009
1626
296
1330
852
2433
1170
416
1792
576
2104
2626
2206
936
512
1570
1106
2563
544
392
2174
528
224
270
1424
1988
1660
1102
2086
616
470
1464
1352
1536
700
2093
2364
1916
1386
2224
350
1178
2415
2389
2196
610
966
1070
468
570
1468
2132
1985
1977
1960
556
2350
952
508
924
2315
2479
432
632
2469
2466
1112
308
976
74
44
10
318
2275
294
834
764
2360
264
1140
104
1730
16
1496
2520
1570
2058
2707
350
1086
2562
2646
1572
1620
434
2262
2424
102
1818
2372
770
68
1146
1210
254
1598
2445
382
1240
1550
1388
954
2239
622
2176
1428
1042
1916
2426
350
1080
2625
1090
2221
2445
128
2016
334
1154
2194
1300
1307
848
2388
390
154
2813
1992
616
672
20
2217
538
1806
548
1390
912
1046
1808
1564
1844
734
2470
1176
986
1528
1514
2406
2478
2142
710
208
1470
1804
640
2673
620
274
2224
212
2218
422
1234
2558
1354
2446
2486
148
454
1350
1108
1904
1848
2071
304
800
1842
378
1012
2341
2360
2110
618
428
1504
2430
284
2656
1630
2140
2363
1508
2084
2612
2326
2384
2207
2056
952
1282
1838
1240
2200
1222
2175
2107
1324
1236
2422
2445
1524
144
550
2354
894
2357
2567
1408
310
2268
2523
2457
886
182
1921
312
1136
2431
1834
264
318
1210
196
1044
1612
2300
478
2328
2004
2352
572
2214
2363
2376
538
1963
2303
2172
2544
2540
1334
330
2194
638
382
230
788
2196
1968
2443
304
570
1062
1827
706
2214
38
2431
1054
1987
694
2384
2153
1856
972
200
1922
2022
128
484
570
826
1796
1896
1706
290
1138
1926
1548
2186
1658
104
2570
1016
88
626
2440
1536
932
2302
294
2816
814
558
1448
394
2480
598
2056
2192
2113
1006
842
28
2382
2286
854
804
1955
2127
170
2654
720
728
286
970
826
870
932
1124
164
224
1054
336
210
1736
818
1076
1953
572
648
840
2517
2057
372
2857
2107
786
1244
420
422
1904
2183
948
2096
1976
280
2482
1754
254
918
1050
2293
2265
1506
1240
2066
218
992
2221
2193
1520
100
588
260
990
450
2062
1318
2123
1012
2233
2074
1966
2239
2666
1804
1216
640
2138
1982
266
2165
966
2320
2212
1617
1122
2616
2543
626
2344
1346
2350
814
1726
2477
1160
406
2234
566
2338
1262
1376
210
618
662
554
362
2278
2035
2507
2304
2543
1758
74
42
1604
502
2528
818
282
778
288
2440
1988
286
76
2188
2349
1952
2174
2618
2390
2768
2268
2494
2550
194
906
1663
1556
650
2451
1990
390
1056
2296
2074
2089
2721
1558
2122
802
2481
2207
430
1236
2948
452
348
2315
854
1194
1480
874
484
1110
2288
2239
242
744
2302
902
1820
88
2268
492
2066
20
54
2318
678
1142
1684
1648
2234
1026
2339
1378
2127
582
2416
464
1008
2538
2060
832
356
336
1750
1156
2205
636
834
354
2490
404
2722
98
758
594
1166
2136
1184
398
778
38
934
1474
2300
2038
2156
430
2387
1488
2048
696
1002
816
2335
896
414
686
496
1232
58
2384
672
1312
940
2446
710
538
226
1558
712
2470
84
2579
2473
84
2129
16
1957
2712
260
2054
2228
1428
648
1064
2361
2806
2448
442
2865
2420
1678
1778
1704
2384
2007
446
420
1748
2033
410
2237
2384
920
1634
550
562
314
2574
32
1904
310
2352
2365
478
2086
1386
548
1064
1516
2331
1046
158
408
1322
410
1482
602
1974
552
30
2212
2325
2358
1992
28
628
354
900
542
938
936
738
2629
1722
174
1654
2740
1066
2312
600
2522
2173
946
1108
64
2444
2696
2475
1640
1960
2437
864
2562
1230
578
2254
2033
2325
1668
1498
2032
770
2636
1958
2408
560
190
1438
1696
2479
892
2376
2165
2179
890
764
604
20
2324
2344
2106
1512
614
490
2526
554
360
2759
888
728
2388
92
2263
642
616
2080
1610
370
422
702
692
2394
72
1276
1774
2237
1210
832
2008
24
540
146
2451
1514
2430
2198
1022
680
1882
360
2270
242
2358
828
1050
2102
1798
882
784
1474
2368
2097
1696
2385
180
2232
1424
1224
850
2267
858
2252
2108
2390
1086
1254
2494
1276
2453
222
2327
462
1820
2124
1048
430
2412
2285
338
2387
172
2481
762
1252
1010
386
360
272
326
378
2163
92
1070
60
1934
800
2518
2601
244
110
2197
1995
1938
2498
2137
300
492
2370
2312
1484
2014
362
2319
1082
376
1816
36
1044
1212
8
810
580
88
1634
2655
24
2502
28
2471
296
830
104
1926
1880
2117
62
1811
522
18
2118
1552
2595
96
2366
36
2646
1117
2373
1504
1266
1722
2275
2154
2070
76
2106
2620
790
1522
1270
1526
2333
2318
890
2366
2592
562
2194
1120
812
760
1058
2265
1208
282
438
872
1328
1570
64
1906
688
674
522
2179
1004
2113
206
64
830
2187
2616
50
1120
2422
2635
2485
618
1434
2325
2803
42
2503
296
1920
644
1890
32
502
1882
656
1024
390
2704
480
2393
1240
1500
1340
718
440
2231
718
58
300
342
1944
1208
40
2205
2154
596
2350
370
1356
2555
516
150
1160
2134
1480
2422
848
2367
490
2555
2262
800
316
1008
868
1154
982
846
2272
2622
2214
1686
2022
146
1080
518
2782
2366
942
428
486
1118
2182
2020
2291
2159
668
1454
1811
1568
622
182
2063
576
2322
2466
2303
1296
196
2120
1972
1408
898
1981
284
2259
1726
2425
2120
2236
1072
1342
720
2482
48
218
2021
1038
462
1929
2681
2224
584
2376
1958
52
882
248
1540
2131
408
1208
1590
112
762
1908
1228
2545
2518
554
2372
1092
636
382
450
678
1120
412
298
518
2222
2169
2057
1396
1944
1012
710
238
194
442
46
1928
516
2192
2090
2011
2471
1162
28
592
232
1192
1526
1306
1564
730
2347
236
1322
1298
2711
944
1842
752
2382
36
644
2606
2513
1032
150
334
316
2040
1872
2193
104
956
422
318
656
710
1932
1908
1718
546
2154
1588
2186
518
216
356
2128
1008
662
2004
1824
1130
556
2003
1212
1242
1980
728
690
2296
82
2549
2655
1410
836
1042
2418
754
2142
2282
1068
2230
2425
814
1008
346
2272
1770
288
452
548
1248
500
1070
1971
1954
320
2433
42
170
20
758
390
782
388
744
534
2566
1980
646
1820
890
564
2372
2120
1476
1454
2596
2519
886
2141
186
184
2829
2396
232
2574
1967
2722
804
582
1346
2140
794
108
1532
120
1132
884
2476
1266
428
244
1856
1754
514
366
2548
2524
130
1940
1954
320
2505
1922
1334
596
198
1972
1126
2141
12
126
2460
258
776
1915
2730
50
562
552
2272
2074
1924
780
482
2603
1298
2301
506
562
216
810
2027
1660
1498
1312
594
308
694
2341
2411
782
1897
180
2502
1997
1234
396
272
2526
1936
446
342
2654
1476
2461
1278
2384
2008
2756
1354
2025
2359
40
2206
1376
2095
1514
1972
1522
1236
2079
1058
2116
1094
86
2016
1204
1660
408
432
32
2752
910
1482
1122
1494
448
128
2024
2462
2048
2032
2436
2603
168
574
1832
1068
2221
2276
2111
382
2406
1230
2668
2225
2253
256
2067
2364
2238
1456
342
596
354
194
1448
942
2550
440
112
676
2360
626
1006
58
1828
92
2142
2553
204
2400
2305
2305
740
296
2191
2560
1164
392
370
2496
2362
158
656
1896
478
1690
678
2011
22
282
330
182
2473
102
94
934
1852
1290
354
458
830
2378
1744
2217
596
2320
2122
434
876
2216
1716
2042
358
2086
2602
154
2342
1322
540
506
2447
2293
2044
298
370
2366
1406
1636
1688
2293
496
1680
284
2501
130
1998
1914
1122
232
502
504
2082
2194
466
2280
416
502
2339
2371
996
108
2012
2256
432
1998
588
468
2348
2373
40
2428
2085
1910
2162
1654
314
2000
114
1424
1242
280
392
1104
2372
2757
2372
880
306
2654
424
1278
1000
902
850
826
2481
2313
1955
564
324
494
2753
1921
1969
1934
384
576
2119
1318
426
32
94
2029
2449
572
952
586
2553
1046
468
1344
102
1777
2012
2421
2504
54
384
1576
122
2429
1608
1876
2374
414
676
2164
2415
2163
980
2564
2404
2222
1606
2197
768
2901
956
1568
2000
1818
1836
264
734
1490
1166
2464
2074
1058
256
2282
2004
2585
738
676
30
1064
994
2577
426
2193
268
462
404
1744
808
2047
950
2166
2077
166
2106
164
130
382
2814
2172
576
2034
1230
2656
1434
1603
2108
2066
2375
2363
1732
614
2478
1088
1915
42
2197
80
2261
1799
168
1660
2101
2527
330
488
2106
2490
2031
1066
22
316
468
976
1680
936
106
784
1850
1360
2483
2701
2355
158
686
2718
468
2126
1742
1390
1920
796
2463
1909
1282
274
252
110
2454
276
206
582
2285
2370
210
2070
2251
2405
522
2395
2185
1234
2725
1016
2345
1776
1976
304
1899
1656
1114
2091
166
1486
852
2136
782
638
2044
1796
484
2285
2546
2092
276
2278
104
438
1678
2581
442
922
682
796
2274
866
2525
854
1858
2374
292
2608
2481
2394
2385
2308
1790
1852
2264
136
2043
2447
1070
90
2268
384
210
78
2713
1242
1010
644
272
1340
2360
1162
204
1810
1778
2679
2451
2054
1002
802
1262
626
2397
68
830
2292
388
2123
2189
2558
2492
32
1828
1860
2762
564
162
2794
1854
2173
162
2298
586
228
388
736
448
820
2277
2317
1664
938
2452
1772
2350
1102
464
648
116
2274
244
2114
534
1688
566
524
1472
1486
354
278
1234
1454
258
2094
480
1682
2240
1808
1098
1764
830
958
496
948
1854
2664
1850
412
1896
2176
1812
1502
934
110
1948
246
1204
2192
692
2140
1502
578
2243
458
1978
170
2262
2446
2184
80
52
2869
2719
2212
184
2245
1714
2184
1969
2752
1240
980
1746
2185
2128
1666
104
188
28
1004
2979
398
574
170
564
316
2369
2305
2093
2634
270
2531
356
1404
2256
2104
974
558
1919
814
282
2008
1930
2358
2318
2639
430
1744
364
2111
2268
62
202
2268
2199
632
136
2326
388
492
1336
260
1120
2519
1849
1088
402
1398
2189
1502
2208
28
1906
1879
858
2153
2283
300
280
1190
2564
238
2606
1935
36
1730
294
2042
378
94
352
2315
2808
2298
2243
2532
2072
982
122
1606
444
2101
1564
1238
2091
2414
2589
2753
46
278
154
1066
1764
1814
2364
350
798
496
2495
2414
802
490
2411
1746
1977
2055
316
330
2539
2524
2811
242
614
2276
190
316
1114
1008
1472
782
514
1748
1184
1670
598
2367
598
1266
528
358
436
1268
720
560
756
2305
1086
4
1114
434
312
1150
2653
1228
86
2461
2742
1654
2304
1046
320
900
2186
1140
2139
300
1080
714
240
1330
584
122
1004
2372
1804
734
1028
1356
126
310
1766
2078
538
316
520
1220
2606
2501
2050
288
2320
760
2473
1859
2027
1914
1744
1948
2282
1614
1966
1524
254
2150
2150
978
1362
1940
2120
1913
2532
2509
2274
992
2272
2268
30
1718
460
2487
1184
60
350
2651
936
868
1154
2240
2405
1514
1806
802
2346
78
1919
2585
2448
2248
2048
1764
1620
494
2536
164
1070
854
1950
2427
2221
2150
2110
684
1458
216
590
80
2765
1580
520
360
1848
1228
1951
1168
610
1272
118
910
2341
2248
754
560
562
1350
712
2219
536
312
2542
1076
1800
292
2720
1694
2298
2208
2342
1208
2578
318
2452
2321
1971
340
1850
1164
1926
10
140
162
970
2172
2314
312
446
2709
544
1332
98
758
682
682
2339
646
894
1703
2512
804
404
2382
654
942
2210
2261
2082
2375
872
1440
1502
2562
482
1970
1504
814
456
2310
576
326
256
1790
662
2300
1014
1958
322
2378
326
2018
2082
96
2038
2371
674
1979
2643
12
748
2160
724
2801
554
2667
1230
818
1604
2160
1786
1696
2157
416
508
1414
2271
690
2271
2679
1891
92
1964
1864
216
408
178
640
642
2175
16
2202
1988
966
2503
422
1290
380
2
1004
2439
2562
2826
1400
1948
842
720
446
2121
2260
2443
2664
1012
560
2480
2282
2171
108
2445
2464
44
76
196
44
2266
2589
222
2548
1946
1016
1822
1300
1808
2321
2416
1854
2525
1338
250
2350
298
2767
2461
2395
122
482
1286
2062
766
294
2255
306
2055
1290
1580
608
2120
388
1836
372
2634
670
526
734
864
2526
30
480
2253
2270
2669
2644
2548
2338
2318
2052
1162
52
2365
52
368
1772
1350
2581
966
124
1372
42
1936
2687
1122
2290
344
478
1554
1955
340
740
1995
2354
2407
464
1929
1582
2236
144
448
1850
2348
500
70
2319
768
2128
1088
2638
1090
2371
1736
822
946
1636
1962
2224
374
2265
2320
1176
294
634
324
1370
418
470
626
2277
38
2392
2218
2165
644
2868
1990
2258
2541
2152
2276
32
1836
1102
474
1528
1144
2418
2018
514
1108
1927
2072
1826
944
472
1800
1134
2445
2265
1865
2338
482
1840
1602
2320
1872
812
1618
160
758
2344
1626
282
496
140
2344
36
26
528
1903
1884
2210
1142
2183
56
2078
210
1528
452
496
534
1344
540
846
1034
472
2400
1929
428
1080
66
206
1772
740
2220
190
922
108
914
1716
1322
138
600
720
102
1684
1584
576
2064
2445
400
2326
2403
690
1906
2751
648
2073
2138
972
1901
724
1700
480
2019
2274
366
1182
2144
560
1882
2784
2194
710
2619
2253
2376
970
554
2494
2080
82
2166
122
2557
610
844
2437
2628
2626
2430
2346
1892
730
2400
396
1458
290
1936
2581
198
510
890
650
2031
1865
80
870
2094
2330
240
2467
2393
584
246
1408
2033
2365
2292
566
1794
2204
480
352
294
1930
1106
1116
2120
1958
2527
2287
1474
1512
702
476
2298
1958
1248
668
52
1612
2767
2419
1054
786
2350
1214
538
1056
1856
26
1092
2153
1174
2492
2321
2608
844
598
1576
1556
2506
584
454
1146
2396
552
2424
964
2345
1294
1316
2195
1984
1022
642
870
706
2669
768
630
1448
1334
2110
2359
2010
1358
1256
2033
2500
2183
292
748
328
1206
1892
412
994
2821
218
2244
1760
1928
2560
390
1834
2346
990
746
2104
2352
2047
2246
2493
1908
1780
750
2114
1859
1992
2042
684
2070
260
252
374
2256
1410
1018
2387
1762
1134
936
2106
2160
752
330
508
174
802
1310
2200
666
2391
220
748
2531
2469
1736
70
2053
1002
2442
2340
690
570
2562
732
866
1666
768
2010
52
2478
94
1198
100
62
42
2153
862
2178
258
1426
2244
880
2340
1368
1957
244
1610
1646
586
2178
1710
1704
2400
1676
530
2062
1654
2312
2561
2677
2111
1228
2338
330
3434
2030
222
482
440
1596
2285
220
836
2460
2010
290
588
1942
2430
942
2231
1976
54
2040
2569
282
476
2504
332
508
1752
80
776
1192
2312
118
1078
1894
1390
372
90
2219
8
2262
2320
1140
298
1716
920
2502
316
1122
2082
58
716
292
2483
38
128
2626
2101
588
2311
2100
2381
2160
3114
1956
2431
1080
2161
848
2347
1550
2062
1530
2632
160
2342
2531
1618
56
734
2476
1384
28
434
2383
1776
2347
400
228
1955
956
1676
1078
92
636
2564
2012
1536
86
906
318
638
992
2007
160
2412
1932
2565
2279
2394
1950
1898
878
1906
1468
408
164
2022
1982
542
2116
86
1098
2185
1852
338
1246
1814
2105
2364
2367
2224
2366
2120
186
292
2104
838
2218
2221
2758
2331
582
2330
1562
412
120
2058
1110
1970
1578
32
2544
1142
1726
2080
834
2426
154
1852
588
234
1046
1972
2035
422
1184
982
2420
1168
454
130
172
418
2277
1608
1262
2245
620
2114
70
1238
952
956
2006
2456
2238
2212
1292
1598
2454
962
2123
1897
596
2616
1186
134
2587
804
478
1148
988
1858
1374
534
340
940
1120
2262
2142
56
1110
588
2652
2376
1435
376
2412
444
2267
2681
1956
3078
1138
310
2282
1208
946
1398
366
2443
1520
1720
2322
280
2398
2282
2116
38
2329
2417
1912
278
988
76
798
2232
2553
444
2091
1812
1306
1316
214
2117
882
2551
240
1036
1402
2535
1956
590
2503
362
1672
502
294
2487
2452
1188
870
168
1050
2641
1660
2358
896
2184
2446
2187
1883
2050
1990
2182
1686
32
104
2361
346
1732
258
2526
454
2317
1100
2267
502
478
346
342
262
446
2320
640
134
1554
570
142
578
1910
2539
476
426
28
2346
392
646
66
370
1638
2398
2219
602
2406
1902
246
164
1202
2146
778
48
2172
2328
2060
1666
224
168
2646
266
632
1108
156
1584
902
460
664
1786
20
2912
1612
342
1991
2050
236
248
2782
2156
2058
2440
342
1931
1814
374
276
828
1930
1578
1967
1055
1878
542
1276
2276
1692
828
2110
630
2090
1979
1548
348
850
1240
156
1430
150
54
364
804
914
438
1630
978
2203
848
1858
2256
2155
80
250
1520
894
2018
1018
1684
1514
752
2259
214
152
68
752
2615
1590
2782
2263
1032
1144
1622
168
1826
330
558
2471
438
172
2150
696
362
2560
2217
2178
1924
2617
2503
212
2584
2331
1480
1282
502
2444
1200
1626
2714
830
2678
268
662
1104
2180
1526
1144
2495
770
2
1562
36
2014
160
368
2054
1988
84
856
2327
504
160
902
2565
2108
2156
956
2279
374
92
1914
2359
2323
1036
2168
2264
124
2208
2406
754
644
926
1616
124
100
1936
688
152
914
2135
2219
1094
2044
108
448
2343
1867
1576
106
226
2293
1240
120
1306
604
568
1060
2304
678
2550
2508
2680
1344
824
2317
176
1704
1984
1546
990
1008
2121
1178
1188
2597
1596
214
714
1262
2476
1876
1880
2301
2374
312
1804
2528
800
2180
6
2479
1384
2262
2232
460
692
2198
1879
2417
2663
1032
1914
458
1548
1066
2170
2704
2240
254
1856
2302
192
10
2231
642
1154
2440
2043
2268
2068
500
158
826
854
1334
536
900
16
2257
1634
1066
1542
1805
2255
88
518
2308
1166
1162
2533
2149
648
2598
806
1842
118
980
1802
526
304
1374
434
2169
670
2731
2440
14
324
666
1486
800
2205
2282
1698
1070
2397
2416
716
360
1418
690
244
2104
8
58
2082
1188
2391
132
2492
1754
2207
2390
292
2692
2309
2195
2101
1504
168
612
1114
2049
2413
2116
366
2288
332
1911
388
932
1818
216
1988
292
1878
78
2242
2253
2363
2254
326
2438
2098
892
32
1948
34
2297
1060
500
598
196
2435
2451
2190
894
1232
1382
818
498
356
1274
980
276
632
2252
14
154
1248
144
2491
2168
108
322
1046
58
2092
1180
2474
506
1300
2342
404
1700
2212
2048
1454
1448
1156
1486
680
370
2354
1218
796
1572
2289
38
1118
786
1284
1114
2296
1886
2200
1990
216
1895
2478
1924
1356
1826
490
1988
1074
1620
1058
2122
546
348
1398
1274
1642
316
2108
1104
2158
1156
1158
1882
936
454
794
2674
2066
2207
2416
262
2192
2506
1981
850
1408
1374
898
2544
2614
1504
428
1994
208
238
2671
998
1986
2525
38
2520
298
1436
1062
2686
100
1902
2772
1120
2056
2315
1376
1460
652
398
2568
2616
1054
164
380
986
2304
2236
1514
220
1987
2466
2369
1592
1626
2356
1112
930
2027
1654
2081
2497
718
376
214
382
2505
2196
1230
3075
2877
1744
1684
134
2001
1748
740
870
2217
1508
1846
1306
2036
2405
2345
576
1978
1903
2178
1832
428
1846
286
2437
1458
1056
2268
2108
2422
290
1835
1124
642
376
696
2417
2276
268
468
270
2465
2571
814
196
2392
650
766
2349
1788
1450
1160
1560
1956
472
176
1444
2289
2283
324
684
1836
574
436
1020
384
2224
2549
764
602
430
1982
2446
1328
2242
2006
338
1668
2450
2670
2140
2040
1394
2104
2284
1054
438
2325
896
1244
526
100
924
1084
736
626
1092
2230
1576
1768
1120
2466
2012
986
556
504
2398
974
180
2460
192
2278
2829
160
516
1828
848
2412
1848
1292
2348
1994
2003
434
2503
1798
670
2270
2190
2478
524
144
1336
2174
1938
326
1378
444
2232
2387
2176
326
2549
2463
2286
2008
2081
2042
926
356
996
200
1622
1132
542
150
2799
1108
2223
560
320
1326
856
1882
2083
2547
2518
2345
118
2254
908
2534
1594
1338
198
2119
1196
384
2221
780
368
2002
774
50
2313
1058
1978
150
2316
478
516
992
1794
1660
778
2401
2182
2180
40
1738
1852
356
2537
2481
2584
1518
2324
60
1206
150
2609
62
2269
450
1894
60
2393
688
2224
2083
492
294
10
2558
1792
1900
2044
2180
2257
322
1344
1500
570
256
2240
1100
2116
1590
1512
88
418
88
1324
2470
2044
2188
1933
1338
2060
2251
1812
1436
386
1700
24
616
2176
566
1192
1922
2204
2556
398
2512
918
256
2798
960
1788
1158
492
2504
1568
580
1744
1870
502
2268
2852
2215
2498
1935
2358
912
808
222
2762
2226
1136
634
2191
1578
624
2185
264
1494
2054
738
668
1826
60
1834
2242
1142
1872
2243
84
798
2180
2534
622
2219
510
838
890
568
2589
280
1716
2160
494
706
2255
274
762
1806
190
1937
1042
420
184
1080
2438
1052
428
1250
306
130
2383
1488
2207
408
2018
1428
2337
1960
194
1266
2317
430
1776
2467
2186
1454
850
1418
1965
1136
564
1462
1954
464
726
1849
2178
2244
2056
2456
652
1372
2257
1933
728
2426
1096
2118
370
970
2439
652
2469
1698
302
2170
1214
1334
1386
472
356
918
960
2627
180
1268
1608
1984
2728
2326
1016
2722
718
264
444
930
1146
6
2621
1120
1946
758
2146
1238
24
2599
2629
44
52
1970
2441
1736
2309
794
2560
2067
2355
128
1406
196
2320
768
2396
1290
734
1320
84
654
770
1308
2448
1258
1092
1936
2485
258
2488
1542
1542
1528
882
1576
2376
2350
1306
2340
2335
2292
474
1292
1937
394
346
2664
1694
1392
110
18
1060
578
2300
2811
218
650
460
2038
16
2608
1518
514
2099
492
62
2234
1546
30
1686
642
416
2157
2578
1562
2226
2022
2266
2544
968
884
2484
462
1464
2222
1116
192
1716
834
152
778
20
1962
682
1244
174
1558
2064
920
972
2116
1586
930
62
112
588
2146
2258
2168
116
1242
374
714
238
1422
890
2300
1969
1070
2315
2182
824
1724
2547
2291
238
548
370
2277
1706
2643
2567
2295
2176
1462
1168
1954
2502
2186
162
2425
650
342
1284
1032
2368
1976
408
1961
866
92
2606
2587
320
1732
1854
2458
108
964
1432
2388
1066
2264
26
848
1816
146
674
1604
86
928
310
436
738
2050
656
2052
346
1342
524
92
2186
2644
2385
814
1392
664
2569
438
904
982
1938
1208
2310
1746
526
1990
2438
512
1860
254
2248
2039
1352
146
718
974
152
1592
2543
76
2081
918
226
2101
1956
2120
1030
544
34
1118
292
2142
998
28
748
2043
2020
2298
2016
894
2138
288
2095
1442
2061
1326
1094
918
122
36
2225
1250
1582
444
1720
1696
2538
526
2607
2198
1766
2216
1116
2339
1164
398
1522
2190
2731
1658
1070
1630
1078
2258
568
918
1298
740
2083
850
2457
2053
232
2334
1188
2314
136
1887
2549
314
1648
2655
2360
1366
562
1100
896
782
1954
2259
424
2472
1186
1266
1894
2036
2534
1674
408
692
778
2626
1554
1482
340
60
172
2364
2233
2409
408
1518
2719
2237
1562
1314
60
276
456
2341
2407
2231
2192
262
778
866
882
2086
1240
594
858
1422
1777
2494
464
2095
512
1744
280
2177
2505
74
502
1878
120
2508
2177
1694
380
2369
1126
2078
512
1008
1184
1844
772
270
172
2356
1580
2021
1482
872
908
2114
2415
824
2095
926
1216
1022
2755
538
1554
2391
1573
172
1282
1208
1868
2166
1014
818
2061
2012
932
2335
244
1884
1550
2432
1192
2043
1438
2212
1038
2723
1694
1906
1802
1644
504
1866
1986
2252
2304
2080
2476
2293
856
2255
2329
2317
1228
2520
1210
744
2202
616
1150
2651
844
2026
2042
1442
2158
598
290
1944
2631
458
1302
48
1560
32
1864
834
326
2502
2259
2384
2108
2124
882
1372
396
1250
1302
732
1568
2393
2212
2333
12
2305
2145
2100
2200
1550
172
226
644
2483
398
2537
1538
1976
2154
226
48
320
320
2533
102
1580
1404
292
2112
788
364
1766
206
1070
1354
1811
1632
182
802
1984
2398
222
2404
1935
334
206
2229
2551
1424
1880
172
774
896
2078
986
2064
1988
2708
1828
1244
780
712
374
2429
2233
836
618
1616
2336
1446
1848
614
30
82
2103
1956
1991
530
1950
2453
884
1400
2760
1716
702
1580
2564
2322
1945
312
1552
766
1084
2096
996
900
320
1823
2582
1871
1927
574
380
370
94
582
1794
2183
1812
210
138
122
42
1088
2325
26
2417
2092
1934
592
178
912
20
1244
1820
1074
950
2344
1538
980
2714
700
1074
586
294
2410
2521
1894
484
736
2433
2610
632
2077
1268
2352
846
536
2416
2661
2137
1196
598
1406
688
2268
2612
90
2440
756
2406
2098
2295
2330
1604
162
926
2164
1986
394
46
1766
2534
184
2494
1150
1016
324
626
1044
532
1376
2294
2040
2484
1496
1162
2810
2215
2
2293
1520
2092
2174
1946
2304
624
1290
2561
1162
2189
2026
1530
118
10
2405
1899
444
450
1102
782
712
2303
2380
2088
148
2411
2300
2031
2259
2212
262
2602
416
2404
1356
1628
1672
424
2484
2089
1256
590
968
126
252
2148
1286
2056
1452
778
1962
316
224
196
2722
112
2096
1284
2863
2390
2616
1358
370
1642
1778
2040
290
2817
1272
2541
402
270
2238
2359
1522
908
244
1918
774
1100
2385
2795
2238
2416
1426
1226
1924
2635
1934
2459
894
266
196
484
272
610
1558
808
308
1968
2207
2610
1620
1224
266
2178
1464
732
662
1884
74
2277
678
1650
1474
2637
2021
1965
2196
2021
1965
2450
408
512
478
764
1312
904
674
2285
1582
762
1824
1960
2255
1416
2100
1282
830
942
2246
1813
2829
2408
2227
36
748
2249
1368
2378
1568
1644
2265
1272
140
2026
1120
1608
1680
1984
1492
2180
464
2165
1842
2245
2305
2509
2587
2160
2222
2352
160
1030
2072
2295
496
672
2084
2105
228
2121
2469
720
588
248
1900
2389
2503
1944
54
2080
2470
948
1264
2605
2772
1494
1570
174
2904
598
1120
2496
370
2507
2214
1290
2166
2710
1976
1440
500
2703
890
1880
1446
730
1792
442
820
786
2378
226
698
112
1868
2297
750
640
2096
2300
606
1812
222
1759
734
2230
2631
650
1460
2633
1390
114
862
1334
2223
1462
78
20
498
2524
494
306
174
2276
2154
1044
1588
256
1172
916
1900
1330
2335
1506
242
194
800
402
2391
566
790
1960
1488
14
1710
2427
1402
666
2362
2023
2559
2556
2294
1084
2280
440
2410
2400
174
252
180
2109
1146
2326
834
440
1966
2201
642
2362
134
1821
130
334
2738
100
2448
402
1802
2357
2341
2620
2215
1436
224
2300
1346
2213
2136
2086
306
2371
2229
550
2228
2276
1822
74
2378
540
1232
2302
2161
670
1110
3115
1748
1952
2615
1002
2637
458
64
1708
2432
2068
2372
2362
1308
1572
1616
678
452
1394
1322
2436
2353
2024
1820
1908
2256
2446
278
1046
1328
432
980
1902
2490
280
1504
586
2400
2424
1164
246
1146
1416
406
1618
1368
1232
796
2034
2615
94
1076
2073
194
348
722
2300
1082
812
2185
2393
2296
2112
1670
2701
940
1510
100
1030
2334
1700
2170
748
1362
2045
494
2455
1554
190
1272
864
2578
948
1770
2232
768
2589
2376
1420
2044
784
224
896
1272
2096
2196
860
1298
2110
1110
1102
1106
2191
272
154
494
1594
1702
1354
1342
944
212
1640
214
1406
216
2089
230
1080
1474
870
2366
128
2176
210
1926
1676
16
748
1960
2350
956
166
2234
512
2461
2520
1668
1432
122
1808
206
2189
128
2259
538
256
2169
354
1976
980
2052
22
1660
622
1292
1044
834
540
2084
2383
2551
2341
500
1886
2588
2156
824
1714
1132
582
736
318
1314
2283
2528
746
1802
2479
936
1480
1242
2415
874
1896
2226
2421
2530
218
2712
2776
2211
408
406
2342
72
1987
2222
2724
416
264
1412
1922
134
540
2305
538
1300
2096
2122
2590
532
1810
1058
1094
1412
2116
1919
1138
630
526
1300
2202
276
1640
486
1088
1214
768
1248
1950
2640
1134
2090
1938
340
1038
2346
2477
2477
2071
2228
2373
1962
986
2435
34
2048
256
64
906
1500
2442
1258
800
922
1906
832
1928
748
98
92
1548
2059
2069
1358
2474
1012
2401
206
1510
2467
1855
102
1190
450
2490
2314
62
500
150
30
28
486
2357
70
2279
2303
82
1506
294
1602
2796
1162
1957
2322
1534
1228
1652
1406
174
1212
1716
