680
758
160
990
538
1010
1538
606
1438
1130
1282
2181
2168
1768
1934
610
2533
1964
692
398
850
2223
642
4
510
788
64
2610
2157
12
1889
756
84
330
1136
306
834
2910
738
1260
2309
2243
698
1784
1729
2504
406
2344
1778
2318
1404
1892
2039
894
890
2345
856
204
756
2335
2484
2042
2224
516
1708
2507
2034
282
1822
52
2199
2318
2484
2503
332
34
1464
346
2348
1944
1346
1668
226
146
924
658
1824
2444
620
2265
2005
80
898
2382
2454
398
1370
2052
2199
2253
252
1474
1854
1414
2100
2269
2444
366
864
1130
956
184
564
2171
16
1356
2298
660
1774
2434
2310
1544
1024
2104
1182
390
228
2014
1066
2462
484
496
2353
2485
318
2100
2449
454
784
2131
1326
2404
478
2194
324
2252
1965
2831
2483
440
572
2504
1328
528
1820
1938
246
118
2315
290
910
1415
2230
1382
702
2314
2449
1006
2202
2451
214
1312
1042
458
2377
2298
2538
308
2452
2092
238
1284
314
2060
564
604
1392
210
2407
2422
696
80
1978
1588
2531
200
166
88
60
2105
2214
826
24
1078
1514
2334
432
914
96
2541
1056
984
592
276
1296
52
2048
118
1894
2041
606
2128
1438
2463
1458
1994
2326
1348
2105
1534
232
2223
1290
2288
594
2158
2290
896
70
20
192
738
2055
1522
1468
558
1852
42
2218
2158
2012
354
2470
1706
1088
648
636
210
2308
1346
2371
808
438
2204
1616
1322
2222
1862
2599
458
2451
1150
1448
1798
2279
548
1588
2476
672
164
430
144
52
784
462
2175
422
1882
1100
370
516
526
468
2378
2336
330
1158
1699
2105
26
814
2362
324
36
2154
2030
836
678
2101
780
6197
250
2231
920
2066
1306
2418
1474
2151
2453
420
558
1004
1420
936
532
2362
954
2395
2135
1468
1298
338
2230
138
2372
1630
2298
846
1895
1654
2164
952
2740
1202
1268
432
2656
1944
2162
2429
2188
2149
176
2255
2494
2381
446
2112
354
252
1130
2310
2208
948
140
1924
26
918
2413
2014
212
1984
1484
986
2022
1836
280
2381
2257
1032
1340
88
432
1138
1580
2298
2099
1326
398
534
2190
2334
1696
1900
1236
2361
2379
1726
860
1078
480
2036
2232
350
1752
2174
1994
2268
2032
2157
730
1596
714
916
2012
938
528
630
2480
348
1934
306
274
324
2364
814
1901
254
2468
2074
1982
252
438
960
706
592
1620
1863
2194
2425
1472
1512
22
1090
420
812
390
1765
2107
1244
2256
2124
280
2389
172
2245
1302
84
2122
766
1774
2523
1470
722
2
1160
2318
2334
2251
774
1988
60
2324
228
542
2379
470
1276
2283
1527
994
2350
2141
2352
1146
2450
618
2264
160
1090
2529
2067
2174
1262
606
572
1842
560
510
374
2493
2549
3731
2066
1274
870
1734
1108
1632
1710
1540
734
36
800
2468
1632
2090
900
2074
2324
400
2064
1370
2270
304
2271
514
876
1374
272
250
876
272
778
2175
760
486
1706
538
2156
2338
266
686
2168
1334
2074
624
2356
256
1500
2224
954
1644
582
1478
486
128
1522
226
518
2219
1220
896
2411
900
1980
1972
2199
120
1300
1800
1900
842
2176
646
2502
2222
306
372
1362
2620
1582
506
2403
660
608
1156
34
2671
2127
1402
1890
1916
122
2338
2343
2211
2442
2152
498
468
586
2230
2336
734
560
1436
1444
2077
1036
606
2146
1222
2490
2285
1072
1362
746
324
2528
338
1706
2365
2190
1554
1180
154
2330
952
376
558
2077
2227
1898
548
1408
2205
1620
260
1881
1984
1904
1733
876
914
318
2657
2008
628
1918
2078
1050
2429
594
2285
2406
310
638
2000
1902
1634
320
1318
592
1208
1238
2466
2438
236
1360
2011
634
2022
258
2256
268
750
1836
618
2276
1026
1602
1242
2015
256
1941
2219
2014
2457
218
2961
144
2121
2553
1076
2424
708
310
856
1132
536
2492
834
84
424
2
2195
346
1094
1424
2270
2108
120
10
244
620
876
296
2305
218
2280
1614
354
2159
1536
2133
2114
552
1008
2266
498
1775
1198
2619
2167
62
2234
1014
2113
2054
2399
2280
354
890
2378
616
556
1036
2354
1296
1786
570
276
1300
888
2624
1685
148
500
2547
1158
1760
2022
528
2343
1170
2261
1935
1854
2175
2550
2306
434
290
444
2086
1268
2254
2242
58
840
1871
178
1852
1880
2130
1961
38
1358
412
428
800
532
2289
2408
336
406
2212
1356
2738
2589
2287
1296
884
1864
2115
280
332
2244
2596
2380
28
1102
1720
354
526
1734
2030
1232
948
1118
868
1312
2171
998
1044
1194
310
1932
1772
2396
998
1962
1074
1138
1882
2334
2248
2381
338
2339
222
1874
2212
2020
638
2287
1132
1978
616
120
426
2363
768
1262
1860
902
2153
1532
1630
2288
1878
2295
1242
2484
1902
1160
1644
94
2265
524
1418
648
698
1836
1514
338
1356
508
174
1973
2035
158
1538
2417
2453
1704
2281
2259
2176
2409
2078
1698
2070
2267
2323
184
250
1720
310
1310
788
2676
938
118
2509
1170
810
1546
276
106
924
1752
356
100
962
2038
108
294
1822
938
1074
1280
1398
950
170
2160
2162
2304
396
2204
2050
492
592
1963
32
378
2023
270
414
1979
610
818
1929
1618
2560
528
1554
2378
822
756
2292
1878
844
2306
1864
2492
1813
2203
1210
1460
2106
1096
210
1284
1688
800
1428
682
1830
514
2423
2502
500
230
2356
1368
1828
1910
540
736
552
2242
768
736
20
1520
814
2440
330
938
478
1486
854
2029
1440
1104
2472
1244
1838
240
472
2090
470
1338
2038
1054
1068
1140
44
10
864
426
116
312
438
1796
954
566
1126
2454
1818
2524
690
638
644
2241
28
2440
2288
2358
2041
2142
1864
2277
272
852
118
164
2116
278
2533
1378
1244
1734
2217
1088
1634
520
2048
1735
2355
188
190
2523
530
2361
944
2596
862
1148
792
2673
382
2029
232
1556
2287
918
1206
2200
612
1492
2282
2377
92
1324
2539
1168
714
2642
2020
2097
112
414
6
2205
2382
200
1086
286
284
702
1258
2040
196
106
2362
2250
1980
1854
2270
1276
570
1066
464
2388
2393
1350
10
2839
738
874
556
690
556
1776
122
926
2505
76
1904
2048
2123
946
498
2322
2006
152
2224
2229
426
2153
2551
1010
1180
120
2155
78
514
1126
2349
326
2117
2117
454
2150
2215
894
910
1144
2179
1514
2114
1016
1010
584
364
1402
370
1118
2094
2536
256
2357
2228
2220
2157
360
1108
2093
102
1837
2522
1314
1334
172
1799
2033
2163
1246
1959
2269
1744
2613
420
2305
1844
1858
662
442
2240
960
242
474
976
2134
2601
1592
1074
2000
668
2058
2421
2133
532
556
2447
424
1114
2042
1032
1280
20
2626
44
1096
330
54
528
2326
1316
408
1953
1366
398
2118
336
588
1586
2356
1678
364
2256
206
536
1825
52
292
126
380
2120
2233
2507
2191
744
644
2246
2420
2464
162
2151
2151
2006
2213
496
376
1957
1270
62
1977
238
282
2134
1072
2098
1370
1536
1705
1276
470
2200
86
1274
2072
1744
1214
696
62
2524
2449
230
2448
876
2066
234
1891
470
1022
2097
1789
2003
2600
48
2860
156
2254
2459
920
926
1827
672
156
636
1600
218
1430
732
1662
1170
1110
504
952
1808
2089
72
10
842
146
878
646
1884
96
652
1972
448
2087
352
2288
2227
2556
144
174
1244
1916
2287
762
760
1962
1376
426
2534
2163
1877
1056
1912
2074
2268
648
2366
1672
636
1660
226
8
2836
804
2226
220
106
326
2233
2381
2400
1330
2467
1030
208
2666
1034
2657
2037
1220
2374
1184
266
2596
1476
974
1558
364
2173
2550
882
2314
1538
286
2016
314
1877
2378
830
1544
2034
1968
1953
2400
2484
2026
1828
186
2048
416
2428
2226
528
2266
898
2336
1918
1828
416
188
14
80
1398
1892
1042
2148
1558
2124
690
586
1748
2656
268
1078
1995
1758
1168
928
1138
900
2024
1034
914
150
830
2185
724
1172
2151
752
2154
570
2246
2315
758
1856
1274
134
2232
2538
882
264
724
684
2124
898
204
542
2418
576
144
2531
1668
2256
698
2417
2093
844
696
492
2189
214
1276
1380
2577
1886
1853
2159
2020
222
1879
2553
888
2010
230
2174
284
2353
2286
210
2652
2277
2453
2576
1877
700
1532
990
346
2311
2146
114
700
2100
1939
1938
688
334
158
2129
24
1026
944
2131
2151
398
74
146
194
2333
1016
2038
2331
2284
2090
2475
2297
1706
2624
2266
170
464
882
2544
1440
2124
1436
2405
2595
120
52
2403
698
26
862
1638
1232
2104
118
2115
1102
234
1939
116
542
2106
1386
2270
2095
48
2208
2118
2647
308
2166
702
784
650
506
1402
1188
1612
1842
1524
648
2390
2319
64
348
106
1186
1268
490
1878
2281
2380
2050
2324
2
936
548
682
1160
2030
2068
522
2710
754
832
2226
700
2272
114
2045
116
2507
164
780
1286
36
2034
1514
1042
216
596
558
2290
1732
1870
2096
2208
2188
752
1622
2068
668
554
180
390
1850
524
2414
2136
970
900
46
2388
2140
306
414
2027
1776
2016
1008
238
854
518
2511
1684
2088
832
2239
766
1132
2054
952
2371
2528
2159
2593
1532
690
2052
1866
2395
2416
2347
1288
202
2519
2165
2375
334
476
2266
636
1572
2277
1598
2745
870
306
2360
2120
2328
2317
136
2341
1810
1958
1030
2569
680
2276
2127
2417
2411
268
1050
580
750
2008
86
2221
330
250
28
684
1032
1194
120
34
1592
1869
2178
1494
1686
2265
130
898
1912
624
1810
966
2311
528
1984
142
2128
2150
2212
2482
930
902
608
616
252
2377
2374
72
2008
1982
272
948
1754
1552
1274
356
164
2510
2703
2064
2076
1838
2252
2199
436
530
134
1846
2275
354
610
2472
112
760
2275
1912
764
2037
1903
1572
1845
2066
186
408
1718
122
994
2596
2546
2103
2312
1436
778
2402
1792
1288
2219
736
1346
2254
10
1767
2264
2527
1781
2792
874
576
618
406
2237
2162
1978
2044
2227
1666
970
722
1826
1880
656
2518
144
2168
2103
564
1000
2399
1110
890
2640
88
602
2394
2290
2074
990
476
798
1940
2441
1744
2138
2181
2302
326
642
1070
1304
1848
1928
1546
1987
2321
1182
770
190
938
2595
692
1220
1160
2204
2551
2198
2232
242
1596
1224
2440
2587
2516
310
638
2694
1920
660
500
2695
2401
2325
1066
712
2108
1056
1800
958
2208
1528
2713
88
1290
982
1440
1376
12
2273
228
1963
1970
1556
2611
1929
2508
2202
102
320
1934
1974
1878
1742
760
1574
2365
1997
186
1048
2069
346
54
354
86
2305
2740
1336
1204
884
2299
84
1965
2799
1558
1888
1550
1876
1040
698
66
2332
1770
616
2533
1952
518
488
796
670
1964
884
490
1610
156
1100
224
2526
1276
1490
674
2207
1833
888
270
662
2586
2207
2367
144
764
412
2235
2426
1066
1522
280
1356
1242
2189
516
716
1783
1630
790
522
2171
68
2433
1488
316
1042
598
420
1704
2278
2623
2216
488
1742
1212
2353
952
750
2028
1176
1816
2270
152
1056
2116
2367
2568
2272
2150
294
962
240
2460
2192
356
1110
1170
1920
494
562
68
1522
2334
390
3119
1400
788
2002
2000
16
2427
1784
1268
1678
2108
224
2262
1956
812
600
2038
1162
1918
1536
2118
2081
1052
512
706
254
1112
810
962
2247
130
1660
2457
608
108
2368
2412
234
2444
2026
2043
26
1670
2454
1496
1278
1446
1200
1204
362
2239
2199
326
1951
544
2793
616
52
2018
606
1978
638
1326
134
1915
240
2464
2151
712
176
336
1004
20
2067
2101
2244
2239
2048
2066
744
2295
1748
174
2328
492
336
974
1294
2561
814
2165
1252
26
1170
2646
62
1674
1280
520
1768
2426
2195
2296
2250
2641
124
1100
1362
538
2020
2114
784
1316
2084
56
2328
2283
666
424
352
1728
2062
730
732
1304
1286
522
980
1268
64
2282
140
2284
428
1839
1696
2159
844
1942
74
1348
1418
276
1745
1194
2026
1802
764
84
160
2403
1896
2300
2370
1691
1330
2445
844
1502
466
1910
2098
2154
642
2010
1957
2373
130
1524
142
24
2278
2495
24
2044
152
1995
2287
2135
2540
794
428
2177
770
2069
2284
1979
1334
1913
372
1134
2000
1690
2286
2211
806
1298
1722
1348
146
906
38
1832
2492
1856
636
86
1186
10
2177
1066
2208
72
1746
1532
160
2008
2527
1126
2492
918
1096
2439
492
1242
1482
1558
834
1923
1122
74
72
44
2199
906
282
2403
1908
2208
992
2280
2207
1718
1370
600
2560
1996
2092
124
2293
430
1935
442
1064
188
482
1194
960
998
1755
2572
440
2064
2362
2232
600
2125
452
2018
1152
556
730
1912
2205
204
2314
2254
2586
2354
2322
2419
888
438
102
444
1404
3938
1948
2084
1026
882
2367
1676
1856
1008
2060
2423
2146
16
42
2427
1978
1454
1458
78
1908
2042
386
1766
2027
134
826
1322
170
1070
1404
132
1772
1244
1720
380
1398
1458
2408
2089
260
2108
2781
156
216
144
988
940
280
44
2492
1284
1752
2032
768
1614
1388
1124
1360
2288
1806
382
2560
1088
414
556
96
676
2529
636
2415
1969
1236
1224
128
1626
1782
172
2293
768
376
2334
2119
824
162
2509
56
358
240
928
1006
1296
2162
968
2259
858
440
2323
2472
1048
604
402
1144
1168
2135
2172
846
584
2118
2407
364
2454
2358
1744
2641
954
2063
1140
812
230
454
1332
2092
2055
2554
2110
2427
2155
1354
62
806
190
1568
1712
662
2037
2452
874
2354
1110
1670
1856
1950
1200
1774
2558
200
1026
492
592
1918
1710
2288
442
480
1882
1636
2395
276
1260
1042
910
508
712
2806
48
498
2249
254
1845
1590
1168
200
606
2700
66
274
1877
522
1978
826
2480
1906
2464
1328
972
1876
186
1050
2038
170
118
642
2465
2238
1750
850
1730
460
2263
1470
1936
500
1878
2166
748
918
872
1610
2549
824
2134
484
166
2598
1050
1452
810
880
1764
1951
1682
508
2091
2546
2280
2237
1258
1606
856
2430
680
116
1714
2096
2073
416
180
402
1230
1766
158
1758
644
340
2292
842
674
1939
1070
2063
2432
2161
2012
312
16
578
894
844
1935
2666
2107
2282
662
1058
1800
2030
1660
2231
2246
2097
2018
2325
1006
2407
1134
910
666
388
12
2346
70
2254
1704
34
2477
2142
2546
1856
2424
1552
1006
698
2632
1476
1650
2533
830
1868
602
2126
1908
2374
1844
2062
2519
1366
2358
708
1208
1086
2829
432
2
798
450
2094
2175
2479
232
1979
2102
478
638
582
2302
190
636
1900
2457
2271
206
892
574
66
2317
362
512
62
2356
146
764
2074
1458
2480
2132
344
1020
554
1094
1536
1312
346
2249
732
1426
36
1512
912
212
1360
2586
1492
2
2053
2130
2176
1558
768
2482
1932
2320
1464
1162
266
1174
634
824
2269
386
890
1682
1394
16
786
1322
1666
996
2220
1264
118
524
802
654
1180
1668
586
116
1732
2524
574
2351
2559
2177
1760
414
1364
290
412
1746
2797
1888
2461
670
1734
1924
74
2740
432
996
2203
256
1574
34
1990
2234
2350
912
198
1306
826
2334
126
2589
1120
1398
12
1918
1804
1344
3148
618
1754
1724
336
2599
822
1939
1796
100
802
844
2284
2182
2231
60
2478
1244
2187
1310
766
1070
2122
1360
596
2121
58
564
100
2133
758
114
2055
1974
880
618
188
2343
1604
710
980
432
766
2351
1850
986
576
372
2244
1248
2514
2346
1058
1406
114
950
182
2228
74
794
2347
2438
1048
546
2205
142
1706
2359
188
2276
1880
2547
316
430
1440
576
2313
948
544
2567
2534
1670
196
356
2323
1970
62
62
2312
2324
2093
2458
132
350
926
2313
912
210
752
1262
438
2058
584
2140
2004
2359
2526
760
2229
1962
124
1574
2175
160
1400
740
90
1820
862
116
510
2533
430
1605
744
56
370
268
1416
2368
2507
2123
1064
2612
66
2404
100
1678
1536
2198
556
1616
2253
1526
2564
80
2343
1124
2118
2212
2445
2128
486
124
2022
872
2375
2232
1086
882
58
2341
1990
1472
2321
1978
312
412
2444
2227
2535
356
246
966
956
716
1200
658
1420
1722
388
1953
2406
2136
288
276
2203
910
2123
2468
1642
296
2049
2470
1102
496
1344
334
2332
2469
2027
2139
2352
328
2414
2324
604
1272
1794
592
22
2130
2056
2528
2449
2044
1484
1596
1412
262
1950
1530
462
176
518
1318
2391
312
1790
180
1914
1168
994
168
2352
14
1492
2308
306
726
2784
368
1054
2263
2319
2208
648
422
2305
2003
2331
774
256
1680
2559
1654
1538
2062
88
692
994
2268
2222
788
1416
2470
1998
1602
2047
590
2601
1943
1082
2268
656
168
244
2083
1752
1863
2417
2073
2204
868
2257
2386
442
2561
1568
1878
46
1116
2636
226
2572
800
1488
1182
574
2093
1576
2346
2391
2172
350
1040
570
2491
1074
348
784
2391
344
208
1808
858
1258
576
1080
2255
2200
2396
926
1916
598
1500
128
2268
678
1042
958
702
594
1476
250
858
1224
1180
86
422
1114
1164
2343
1238
440
188
520
2332
2218
1416
1270
592
1260
340
2280
1400
2171
766
468
40
2277
1072
396
1956
196
108
1148
1798
2174
1496
260
2781
744
528
302
1898
1044
2892
1985
1969
2285
102
2364
268
2474
192
1744
1430
518
52
504
944
270
1190
2072
2048
148
1048
588
1925
1836
2397
926
1242
288
1952
190
2526
2643
2181
1752
304
2009
844
700
1340
2103
1136
442
2523
2428
2296
2469
1508
288
576
206
612
1730
940
152
2154
2023
224
900
1804
134
1874
3235
38
2062
214
1496
18
2199
656
2344
860
2426
2317
1088
546
