1418
2388
1736
926
3475
1256
1464
1820
1308
2690
1158
2215
52
2326
1040
1540
2100
1806
1490
1727
2664
908
1560
546
468
360
410
976
1861
2271
2349
586
2048
1346
70
692
2205
118
80
2281
1780
486
1648
302
998
1406
2341
1662
1796
526
78
2317
2365
1458
2475
658
1878
2008
942
1230
26
100
172
2252
1158
2218
2425
106
1628
946
974
1232
1002
2301
168
2179
1140
178
2429
330
2362
514
392
372
2422
2211
16
2099
1964
2331
1150
1835
2312
2319
1014
1248
478
2258
1626
2155
842
86
1622
2038
2189
1066
40
836
2228
2294
1568
2539
1270
2517
1478
778
964
2096
2098
778
1624
2230
80
384
2302
1870
150
1160
240
2304
694
848
2317
2218
2436
2135
2361
678
818
610
1486
2114
2216
2371
2160
2405
500
80
2240
1594
150
2424
892
2544
2218
650
2540
2282
1550
2258
2489
646
814
390
178
2166
2290
1430
240
1990
1412
1886
1472
974
1574
8
2563
1506
2428
536
2351
1258
304
2395
1632
1594
2422
88
1500
128
2110
2043
2054
2630
900
716
114
472
794
140
526
1340
1584
1150
14
588
1870
2064
82
796
2248
2548
1784
2140
998
1562
2205
1778
812
166
190
228
76
2472
248
2116
1790
38
1064
1138
598
1628
2237
846
2123
112
578
464
2153
528
768
994
846
1811
1058
146
68
546
1010
324
738
1746
1668
2752
2394
2276
2074
204
1088
1500
2167
2110
990
1706
2447
2377
412
66
782
226
2424
2600
552
1002
1969
1986
2045
2153
946
2707
1508
1122
518
896
2044
1346
14
2755
42
2233
68
1460
1608
1404
1140
2649
556
2234
146
1926
1632
1604
2175
740
2340
1268
356
2624
324
1870
1846
20
688
2213
984
2097
314
148
2137
2508
1880
726
2432
96
1064
296
2451
74
2549
2311
2354
2592
2127
2496
2751
1174
1040
2388
1346
594
876
562
2446
2062
2082
36
1962
2282
1350
418
888
1966
2099
1606
2135
132
1864
174
2508
1402
2307
2434
1738
666
2562
2130
872
42
2428
454
172
2150
1968
210
1796
690
526
576
2101
2454
214
1132
1912
540
2472
2310
348
724
166
2109
740
484
90
2240
426
1358
1920
1140
798
722
346
1874
2219
2772
2518
186
140
2241
1046
2826
2048
2096
146
1500
510
52
2491
2247
2266
2417
1180
1916
1114
2151
2015
2038
2130
2067
1615
584
164
818
1598
2378
668
2478
996
8
172
862
2213
1236
696
1752
910
2064
166
788
2003
1942
2444
1472
2041
382
1272
2182
42
2115
220
1158
210
200
982
418
2712
2433
2445
2227
1684
2
894
576
1000
98
2102
1546
860
1424
2294
1984
2455
1687
1610
2224
126
2106
278
2162
2218
376
178
1649
2202
90
2518
760
1486
674
358
2090
1256
2222
1340
1474
200
2278
1346
2566
1496
44
2557
1839
2790
2339
2162
1328
2409
2179
2249
1154
646
274
8
1732
1942
2299
664
2510
2219
2220
2028
2753
2065
1280
1541
2430
78
1568
2560
1474
164
60
1244
348
2055
2440
1823
2136
2174
582
1084
1974
106
658
2145
1936
1454
2380
1126
2381
402
2017
2037
2235
2139
140
278
436
1450
2237
2244
1708
822
2213
2064
1306
748
540
1883
2224
2324
1010
260
2348
1992
208
390
18
2084
240
2180
614
1302
2628
124
2134
1070
2278
4
810
304
512
2185
2259
832
854
742
2245
102
270
844
330
224
804
2237
2280
2433
300
1012
1124
2267
2007
2541
1964
710
82
1120
234
284
136
2290
2350
1526
2250
2032
594
560
2149
2370
2036
1896
1898
2520
112
2328
2
350
1218
1104
2271
200
760
2518
2351
708
650
242
928
2168
2791
594
2299
1972
490
76
906
2164
170
2561
292
458
768
234
2210
30
168
2092
1024
1754
100
2694
2052
500
2020
1154
2188
1058
1801
2494
962
2122
1518
644
1336
1156
350
144
688
950
1182
572
444
672
2122
2037
578
660
1826
2004
2098
450
696
2214
1490
480
2364
1196
2518
2133
1136
812
1977
112
196
566
862
1986
1994
1120
186
974
384
448
450
1925
2508
2209
2151
2003
1108
2088
1058
422
490
536
98
2044
426
1148
912
2708
2334
248
2548
1840
330
542
182
1004
398
2408
1348
2423
2299
744
2337
520
668
638
2107
2306
694
1792
870
1903
1116
2136
2458
68
990
1540
1196
1749
1990
698
204
318
1418
768
198
410
14
112
336
348
2066
480
270
336
1178
1052
2660
1360
1020
2090
598
696
410
1660
194
644
330
1332
2088
1924
808
1258
1844
1638
726
568
2276
1498
2185
2300
2150
2249
1034
2042
1468
1930
994
1256
2261
762
364
2442
2304
1180
1688
2094
2302
668
1330
2194
2122
2227
2161
2117
1808
18
1736
2183
1448
2071
658
972
1136
1554
1742
1108
2463
3584
884
1804
2754
702
2132
2414
688
2234
1456
1742
1436
2200
1450
1116
196
410
70
2343
2508
1232
164
1600
1974
1292
114
40
1968
764
1912
1310
724
1472
2315
2119
1186
542
1638
428
804
2431
2313
576
1520
414
554
2360
2190
228
1072
2264
2404
2008
2011
864
600
2249
1646
1956
1962
2546
2463
1940
1336
66
2150
418
1935
76
2406
2546
656
1642
1880
2587
1793
404
1774
218
154
2199
558
1902
786
3414
1740
752
2410
2037
632
28
2370
754
2059
376
710
1756
424
50
1590
110
122
172
1791
1998
1776
338
2333
374
1072
352
1452
930
1921
1360
922
606
1000
886
222
2085
1144
2462
2349
1328
180
794
58
2216
2144
896
814
2390
1982
2380
702
2051
1320
1554
2636
2268
204
2185
956
2174
320
2234
1254
148
588
1952
816
1356
538
2527
238
2208
2421
2429
2392
844
486
576
2474
580
2375
412
744
552
1072
1094
1598
2288
328
72
2279
310
2525
1955
2440
504
2381
2267
502
324
214
2629
2164
924
888
972
2418
870
1966
1511
2432
1686
306
1222
1244
2128
1260
202
1550
540
2419
676
2424
1718
2201
302
822
1208
286
2232
758
776
210
1982
1974
2312
1048
592
1348
2468
844
112
1554
24
1974
1096
912
2586
2133
1072
2570
2633
576
1494
736
1320
2180
1834
1986
602
1258
2073
2033
2326
1948
1312
1694
1930
802
576
1414
1864
2275
1808
460
2336
2290
2558
100
548
1550
1168
910
302
2291
2096
702
2003
588
2454
2494
104
2173
1094
1938
1346
2715
1705
1694
370
80
1748
104
348
276
596
414
420
2259
1266
2491
40
1952
500
270
676
552
602
2149
2238
630
1765
2038
2062
2404
2328
1604
358
1692
648
908
1794
1558
1582
892
1944
2131
28
922
2068
362
1686
1268
2306
2244
844
226
792
1146
2070
2197
968
674
1568
956
2100
2253
1040
256
1094
2239
312
316
372
1668
2161
2397
2082
842
1898
2535
1030
1524
1949
2776
880
1122
732
648
2276
2170
1006
2106
2450
438
570
486
282
1940
1000
178
1138
2033
1340
2268
466
740
590
2153
1958
690
1006
1018
66
602
174
126
2022
6
2438
2275
710
2231
2004
1904
1144
2225
96
592
82
2515
1160
178
2566
2312
2089
2487
2266
534
2400
446
2400
792
648
1800
1128
1692
976
118
2156
1512
2005
2726
402
2416
1458
2093
132
1188
2960
692
154
2458
1748
1868
938
702
2104
2370
1886
706
1322
826
1444
1924
1340
682
1998
2482
2146
306
178
272
1860
644
878
1106
590
2340
42
2067
674
1008
424
210
1734
1988
1986
2213
1220
802
2259
1290
2262
2249
230
184
2253
656
2124
942
524
924
2515
2046
1266
204
130
2127
2470
598
1410
450
2039
2479
1396
2420
132
458
346
340
676
414
1300
100
930
46
2379
1318
1758
2193
2073
304
1808
646
1118
2174
650
1268
2117
408
2129
1680
1886
2533
1574
1442
58
228
2292
194
2169
2412
938
2441
156
2385
2484
2242
1856
2305
1076
772
398
438
626
2187
760
2408
276
762
2228
1220
2231
1354
852
302
2322
378
2402
2377
1276
1696
2162
2072
572
178
2170
490
2434
1874
154
204
1166
2185
60
2079
1488
418
1770
2060
896
1374
2569
2478
554
2375
468
2562
1276
2477
904
776
182
1782
1182
188
808
88
156
2499
858
248
468
46
28
164
1786
648
760
2256
234
510
1004
1550
820
2373
2226
1958
78
2404
528
1166
466
128
98
2205
1156
94
1664
2071
58
2326
396
2327
64
1746
1044
2372
610
2532
2046
2044
2140
388
270
94
2180
1894
1086
104
360
72
1058
704
2681
2285
660
2152
1564
1578
314
550
960
1692
620
2268
2274
1126
1256
2333
2020
1864
900
2388
2318
1160
254
2313
1186
710
240
1898
2041
2503
240
2300
1604
2209
2507
1242
2393
2440
1692
814
2056
1162
2005
1626
978
1925
1398
1874
442
2175
1532
2278
2077
888
10
2062
196
1410
24
2042
1746
568
2349
644
2212
1322
112
2306
756
1918
1134
2313
210
120
2054
2413
2302
642
1010
2162
368
100
1210
1868
1104
300
188
386
2553
2714
174
2282
2184
222
106
2259
2026
1792
902
1960
6
1534
1676
268
1656
354
2266
1887
1880
2448
328
1220
2337
1858
814
2303
1935
78
1668
2407
2430
1922
102
168
2394
166
2294
1520
2416
1528
1694
82
1508
672
1920
1274
2069
2327
2099
274
2072
1176
256
1590
2203
1572
1562
1260
2493
2387
544
1654
702
262
894
864
2052
1330
2362
410
422
478
1580
282
502
1708
1544
1060
778
884
1904
1921
448
876
2354
1988
2107
1046
494
1956
6
2075
1228
266
1606
2054
674
1838
2325
482
2068
536
2336
58
958
436
612
1244
2385
528
2393
870
1038
2040
1048
750
766
772
286
2233
2293
2032
570
490
1248
2025
276
2536
2253
342
2282
1452
2268
850
660
98
2128
314
2602
2420
156
2147
100
480
1374
2430
2182
1208
210
2261
1994
2460
2230
1102
938
390
556
312
1264
446
948
1554
1180
636
32
1582
1804
416
822
2339
2233
1102
116
2503
724
1942
446
42
262
1898
892
686
446
974
20
1608
2338
1490
2331
1836
2478
836
1970
68
1038
172
320
346
1520
488
2265
2520
336
388
602
348
2334
426
1658
812
2060
2361
1815
1330
2078
1054
2267
2200
2136
1276
20
36
1086
1222
1414
2004
1548
582
590
1284
428
2268
1252
552
2402
854
2185
482
992
588
2044
1514
890
392
1940
2133
1078
2281
1873
970
2516
2421
1258
358
24
484
388
1954
212
2149
2701
926
890
826
1044
960
2093
774
1158
1150
1090
2364
740
2251
234
2486
2209
38
328
2703
2402
2415
142
1202
1976
736
468
360
1988
2094
1314
2597
402
2078
926
2372
928
2601
1464
216
350
2118
2002
2360
2442
1016
924
176
912
2417
2144
2010
2172
2223
2445
2466
2022
2355
310
1662
396
2176
2317
2437
1958
2508
2484
2624
2298
2324
2057
2301
1192
1590
2366
984
442
1310
2567
2154
80
1784
620
1076
2724
2375
2423
2080
2458
2221
668
1454
312
2350
2412
36
2098
1380
1914
1152
726
154
1336
660
1608
1194
2140
156
1892
1552
2336
230
2
522
1560
1880
428
28
2568
818
914
694
1640
2119
1070
1168
2000
182
1777
1864
328
2143
98
2573
2220
968
630
880
728
58
1890
1300
922
64
350
2404
1958
2256
250
230
2258
1312
986
2134
2435
1947
2304
796
2701
1667
1484
6
76
1560
88
606
878
2378
346
2247
1310
370
1262
44
1104
88
604
2298
2309
102
1588
396
2367
94
2482
1792
288
76
2421
2475
592
1264
2027
792
1946
844
2152
2250
1234
872
978
1386
682
2458
2105
628
3274
1598
1532
1548
2099
136
502
1894
576
2245
648
88
1308
746
2714
1924
1216
904
712
2159
1008
1492
1830
682
1362
1698
2135
2161
470
44
2331
2306
2013
1518
468
486
1316
566
1232
860
844
1671
832
1750
1164
2477
2532
2436
1800
878
1162
1530
1744
2505
850
1716
2454
1696
2159
2446
1728
1590
2057
2300
1010
44
1116
1494
326
2001
450
710
410
2366
1834
694
822
2446
182
208
2583
1890
1986
2151
2493
2646
1796
2244
584
656
2832
1957
2624
2179
1708
766
2495
1492
134
266
2017
2381
2036
1456
2220
568
1406
2331
1242
266
526
230
2104
12
1724
822
260
1994
888
2267
2273
2079
820
90
2447
918
2418
776
2254
2277
816
1106
2322
346
2284
2354
490
1392
2100
2063
2206
2448
1262
64
302
2139
72
424
2111
2226
2204
976
2227
718
282
2445
954
2400
1430
2352
2813
664
622
2294
1884
2281
1298
1240
492
2130
586
1236
978
1106
726
1925
2179
826
118
2452
1062
2378
834
672
1918
2286
2529
772
592
810
350
2424
1104
2128
1454
2628
1252
2233
1923
6
1198
2206
852
2190
1382
1414
1424
2393
284
80
1360
1961
1874
2435
2604
516
2456
1582
2242
2366
384
830
896
188
812
464
2280
768
2368
260
2294
1514
1700
2142
742
24
2248
2081
232
2074
362
2096
2222
2532
460
1246
714
2500
2175
1732
1909
1116
1666
2586
776
930
2599
172
2505
1884
644
130
486
614
138
2064
2074
1158
2428
352
2097
2022
2627
454
2176
2492
1330
26
570
80
724
2190
1236
1394
2282
2222
1730
2252
288
1883
1710
62
824
2287
772
1418
1698
2463
72
2139
1868
326
2526
1584
638
2062
12
364
384
740
1440
2343
1170
332
308
1258
1856
2254
2167
1298
1670
640
2667
414
830
2060
1916
1654
2410
2474
2836
2597
902
2043
2020
448
1328
2348
2011
2292
2208
1582
680
900
2341
2193
1921
776
268
2330
2038
2541
1134
1124
2207
24
2263
2472
2573
2286
256
1684
2136
482
1508
2007
1814
1934
1350
1556
2428
244
1304
590
1310
106
750
1938
366
22
2136
2493
384
942
1202
2019
520
466
1668
2084
2054
736
1398
1208
624
1110
702
2086
2631
1640
1773
868
396
338
762
446
550
522
1386
48
384
1056
368
600
902
2095
298
272
2322
194
2021
264
2127
66
2161
2190
806
2101
866
2325
484
2132
1584
1956
1098
1588
42
1076
1478
2266
2219
166
2058
164
330
1738
1742
2208
1342
2324
1870
500
114
268
966
386
1410
1162
2402
1882
522
1936
1088
1686
322
2279
62
1950
2377
528
2076
434
590
1949
2262
342
1544
2047
1714
2624
2313
328
2420
900
126
2197
2591
1947
2713
1298
2485
2225
632
114
2536
86
734
1878
2251
2357
230
370
2502
932
2076
702
2117
2100
1320
2252
2528
2423
786
1774
112
1080
2134
2567
1344
1164
2284
592
886
1986
1844
2065
2483
1664
2650
766
1538
2373
2185
2813
1104
2712
2570
1422
62
518
2044
370
1510
742
538
1378
2338
1068
2251
130
2025
352
602
1905
2203
414
2094
702
812
1352
1928
512
2408
200
826
1020
1098
294
916
1196
1956
1556
1424
364
2242
428
2417
224
1494
718
1408
1909
1979
358
750
1312
1914
2143
220
1352
1150
2504
222
1064
100
2513
2274
1148
826
630
2009
150
458
992
96
442
1883
1260
1210
1817
214
1575
1116
100
2344
2148
958
878
1144
304
512
2592
1874
462
704
1751
1502
810
2306
572
2026
1236
2340
448
1382
2215
130
1828
2127
564
144
2052
2467
1801
2461
2399
2106
2213
2314
754
780
990
156
372
2215
690
2162
280
1909
2302
2508
1870
1834
656
512
406
2208
588
506
246
2836
156
14
146
1466
2293
1852
224
2190
2338
1588
764
2150
1020
652
2030
138
688
1682
846
442
562
2318
1176
2439
1968
1322
2098
542
270
24
92
2601
1916
1754
2716
1973
108
948
572
2309
1470
1408
1608
2354
168
2482
420
1918
1392
172
1130
2295
454
102
2648
286
370
2640
2773
2147
2430
2243
2074
1110
276
944
2468
2369
1426
1016
2147
1560
1744
2081
1178
2058
2554
162
2612
878
1266
2218
12
1392
1516
1969
118
2254
2190
506
1082
2199
1736
1374
2219
1740
46
2017
1420
2286
1020
980
2016
2127
426
1646
526
130
1916
1854
738
716
1804
642
496
2258
240
208
1628
2450
464
592
374
1508
1236
526
164
2514
434
2519
152
1484
534
1574
2461
912
2114
2048
2474
2139
278
1012
1526
1134
680
654
2409
54
334
52
10
78
2309
340
580
1306
2216
878
1530
1004
124
78
182
372
2509
458
906
760
2300
2996
22
526
1274
1887
22
656
2234
498
144
1776
30
1218
2086
2101
1090
1324
1364
916
2044
58
358
1976
1826
2388
2018
584
680
252
1012
290
1158
1376
2254
2397
2046
2136
44
618
2247
52
2168
2434
272
762
1510
2368
1396
2079
1696
1408
534
2511
36
450
2320
2665
2400
1142
164
340
2431
594
1384
694
1944
792
2432
420
1254
2792
1502
2023
2410
1200
2316
2097
812
796
2506
1164
1028
1186
260
14
362
1450
96
78
262
740
2208
88
254
26
1644
2023
1167
1732
1416
338
400
2545
780
1689
1600
2605
1586
2501
1538
842
1807
2332
1328
2185
536
2865
2835
2235
728
2622
2319
120
362
2487
1924
176
1498
44
2333
278
788
44
646
1958
1610
208
1556
1678
662
1994
292
54
418
1670
1124
2182
320
902
362
2208
2452
2136
1810
2014
814
2439
2395
2138
310
492
2472
554
1606
2131
598
748
938
1112
1344
44
696
280
2425
1594
1950
468
1264
2184
1975
2142
1564
684
2078
1406
1989
2422
454
438
2277
2590
1196
1884
898
1070
2324
46
1682
1198
282
2525
68
1538
130
2136
2273
1884
876
2708
44
2011
142
1298
20
1430
1640
450
1092
624
678
322
1352
2526
1042
98
858
98
1076
394
2003
164
266
2113
758
1838
316
1310
2196
2450
914
1892
826
2063
2508
1342
1158
466
30
706
294
1865
2413
1144
630
40
1760
2415
1738
724
1222
2490
2034
740
898
574
2331
2375
370
3690
2535
684
1802
2276
2308
256
2361
2025
820
370
2110
196
1284
