2098
2058
2295
2329
422
1086
232
268
2526
2138
2393
1908
1566
78
1975
2506
1004
54
1638
2250
1924
1208
782
224
2416
2521
2426
2061
1923
232
2128
636
1212
482
880
2113
2050
3113
2557
1528
1728
890
1862
1670
1862
622
664
1848
1196
2382
606
2315
2130
1026
932
436
2517
1164
2159
2336
2
606
718
1458
2063
1296
194
572
2598
2035
2466
328
956
340
2225
1768
1674
340
2187
728
1436
1981
1998
302
1062
856
46
1344
570
2043
2046
24
102
2080
620
2752
2474
2452
1874
1064
1114
1910
486
1036
370
900
108
1010
2431
1358
716
2481
1658
2150
1764
1306
2176
656
2371
2050
2154
2348
2341
768
1116
2450
350
1534
2509
1875
2278
2198
2186
2505
618
1708
2288
2212
1572
622
2359
874
2433
114
1246
2441
508
762
56
560
916
1248
2153
2060
2212
2436
750
2514
1996
2618
2256
238
902
1954
1026
1842
2050
1406
162
532
50
670
1292
54
1190
2377
928
2630
2081
242
2067
1380
18
196
54
420
2151
2333
2799
2656
120
2120
1376
2328
356
3114
122
2139
812
330
620
1897
2121
232
110
1799
1514
2118
532
1774
1456
154
2113
1270
1076
2423
778
14
2568
2066
320
2098
676
2075
2074
508
566
212
846
2180
2346
714
2419
798
2432
1438
2285
316
2371
1786
2282
682
2231
804
132
2585
1412
1210
338
1963
2378
2432
338
2120
2394
630
2534
638
2191
2115
1056
140
2500
1590
820
2264
2246
2092
1218
2494
872
2081
1908
1694
1590
718
1229
644
494
1262
506
1890
888
92
1821
688
234
780
1912
2358
2085
2114
2074
82
718
186
2223
1346
34
2385
894
950
1466
1646
242
2019
2072
2710
408
1554
1496
174
1086
1000
2023
534
502
2530
2442
2520
2304
1961
1800
744
2262
2414
2415
784
1406
2146
586
1464
2022
994
1500
1858
2843
1916
2525
2246
758
980
1348
966
2002
786
272
550
1126
1724
2315
1064
2334
2110
254
176
438
290
1788
1861
2084
2117
2497
250
2380
1949
292
86
2386
1897
28
2176
1918
612
66
244
1940
2028
2182
1496
1574
2379
2373
1456
1776
2326
2621
2126
1344
1955
1882
2035
1404
206
280
2377
606
866
2030
1366
806
678
1674
2466
1602
1218
1984
1352
340
1544
158
2201
1850
288
1394
942
1000
178
1594
846
50
1550
2185
642
1884
1194
518
2409
1994
2077
550
604
312
836
304
2329
1102
2158
2335
260
2385
610
2162
2158
1888
1046
2774
2325
1102
70
1304
1817
1016
1326
648
1988
1060
498
692
808
2516
1082
2410
144
1184
2151
1592
702
402
50
1042
488
1116
1070
562
2098
602
1238
2627
2252
1454
54
742
302
2154
314
2089
548
1628
1030
2186
24
1360
2453
1502
218
914
1356
1558
1494
1968
2470
1816
834
258
882
2087
2275
2576
634
558
48
492
2402
72
420
1058
690
2194
344
314
1929
1290
2239
176
2052
1452
2175
1857
992
360
1274
2239
322
2429
1338
1428
2289
2477
2208
620
910
296
244
220
1054
344
608
2376
308
392
190
394
1252
2060
454
282
2454
740
1206
1393
302
990
1198
882
1332
2462
2450
1088
2229
992
1992
2135
458
38
78
682
1426
756
3838
514
1929
836
2014
626
1708
1918
2019
1044
1620
1294
110
2007
172
1536
1864
2565
1494
510
82
466
1318
2108
594
804
2339
308
300
1264
2221
2056
2463
2058
2163
258
4
612
2064
64
2300
1142
434
340
406
940
600
388
1734
128
1936
518
386
1362
30
1602
1068
2062
1066
1778
2244
1822
688
2411
1895
796
2430
2218
2139
1434
2554
2205
514
1164
2455
2408
1286
936
2324
672
568
2425
1626
1874
1014
2364
2171
398
2020
1532
322
1082
1126
1050
368
2082
970
922
2124
1986
1580
766
1116
180
2267
304
1708
1126
1987
352
2396
1428
3507
42
1732
1224
834
2129
766
1420
356
2124
166
800
2128
1570
1936
1730
1953
1718
132
2795
2072
2020
2264
708
564
1490
726
2256
1178
2106
976
1618
2115
2194
960
2082
506
56
1841
180
2589
1212
2146
554
1762
1894
644
2500
1000
522
2078
1378
14
2298
314
1254
1846
1600
298
404
1448
1558
642
2280
2384
582
960
138
804
1312
430
278
2190
2363
1638
178
1854
1735
1346
2246
1944
1560
1228
56
626
2272
114
672
2360
1606
3839
1034
2223
2272
2212
924
1320
1410
2149
860
978
2241
600
2617
2100
1954
22
1511
286
824
602
1112
2266
2310
538
2313
2161
2181
158
1808
108
596
760
2005
270
1848
2253
496
1080
670
1590
1732
2281
1448
2300
2390
2532
1394
56
1537
1912
2048
2239
728
1120
1486
2147
1382
808
2065
608
728
2134
120
2041
1684
1779
662
2109
918
498
1860
1730
384
2187
880
238
2322
2050
1136
2404
146
688
1917
1762
1948
858
516
738
1248
2514
2040
468
34
936
112
2534
2110
1026
992
332
42
2313
2509
2534
1106
1170
950
1976
406
596
1746
278
746
2350
1060
1866
918
2483
154
2306
2143
2202
818
1902
954
836
2251
46
1460
2041
186
800
474
1296
2140
80
208
2437
1811
444
1586
342
2624
2203
1476
34
1018
4
1526
2083
998
74
904
1970
26
446
2184
2343
2404
788
890
2413
838
178
2390
296
2012
2534
1222
1370
2056
508
2275
510
72
1672
1202
304
2073
476
1156
2439
2185
2094
632
104
14
2280
530
2280
1468
1931
2426
1783
1895
2371
346
1208
2469
1342
1302
2576
2201
2289
256
34
2353
80
1760
218
2411
598
1304
2271
356
1558
56
1004
1780
52
262
1860
158
2128
2310
1088
2340
712
1394
1938
1454
704
316
2177
2306
860
16
640
1628
1876
1964
1814
1060
1922
2266
882
2699
2433
650
368
2107
1604
580
558
256
2191
2479
2449
338
676
370
146
1242
370
312
2150
486
1508
2226
570
2220
2248
2432
1090
1702
70
964
2199
1214
898
666
2643
2289
816
218
2133
908
1046
2391
2462
2370
2304
644
442
508
2263
656
1828
1728
1226
2250
750
2210
2114
828
1778
114
2127
2474
1304
2199
790
2234
2205
1848
1574
1554
2482
586
218
518
2282
2443
2236
930
2298
1718
2094
1750
1998
1244
514
2260
2350
2541
2526
1753
1740
990
538
434
606
576
1300
2353
1596
1648
2238
2130
2232
356
2637
210
2353
152
2085
2208
778
2000
1730
2168
2607
254
774
1398
2316
2195
682
990
164
1816
2782
1564
2657
2216
2487
498
450
2394
1960
1708
604
2339
1953
80
170
2283
222
544
890
1917
2047
2426
2339
1064
2094
1863
1884
670
2310
2327
2466
1764
2262
322
2153
1888
2055
162
106
2412
2531
2516
1562
2334
2025
2681
876
958
428
2455
2207
2870
2317
2024
814
2483
782
2311
2258
2184
1884
2464
2569
986
606
178
2717
2290
210
2406
794
2496
1712
2046
1887
1564
1749
2564
2163
2340
2532
2004
456
1776
548
1894
1170
1282
728
884
608
856
62
1502
1816
2371
40
120
754
164
624
996
2211
2254
1122
1120
2215
816
382
1094
2052
2080
1218
1264
356
212
226
294
978
2403
1560
674
2131
2153
626
2084
912
2246
1592
1206
594
864
2171
2406
186
2177
2417
2499
2110
2018
1426
938
2142
2036
822
642
996
2434
2351
1940
2173
2562
686
2081
682
2121
2607
142
2078
1674
1048
2037
918
384
1914
2274
1230
486
2499
1914
206
2321
2422
1828
1456
2179
2219
342
2016
606
616
1132
382
1844
2610
2074
416
2208
2195
2280
2134
1496
2051
1978
178
1470
646
1804
1338
464
22
1748
2417
54
346
88
1726
802
1358
1000
2502
20
1658
1524
204
1766
558
86
608
1484
222
2353
1714
2686
1654
460
1998
1818
2162
402
140
394
1052
268
414
2214
1204
2141
680
2354
1884
862
366
852
58
1368
2070
854
1128
2468
1612
2473
2045
194
1791
2501
2257
150
1860
626
270
2716
2122
1996
1666
1178
1989
564
2186
2056
1708
482
226
646
70
2123
860
1164
508
1634
1741
1882
594
62
2549
4
1206
1070
1982
100
1819
904
310
2351
1294
2245
552
690
2470
144
518
2463
142
2090
526
2110
2413
1142
420
2113
1648
2365
454
1124
2555
1602
1374
2540
1302
2088
1754
2089
2163
2482
84
2429
1862
546
2338
128
1062
1002
3830
2109
204
742
340
1814
1803
2250
524
104
1064
36
930
328
1164
66
1288
576
152
720
312
2082
1970
818
1400
2317
2554
240
2130
2322
80
776
2188
158
412
2276
2456
806
310
1202
432
86
1522
56
64
2187
676
1848
2226
1152
796
2212
2044
1959
104
2368
764
1778
2096
1727
2489
1070
1634
2198
1072
2440
2506
2486
2468
164
250
1734
916
2691
106
614
20
962
268
1156
1870
722
40
904
2216
1374
1812
2614
176
2019
2330
2151
1650
2233
2047
160
2044
40
1672
2
2230
1988
926
2394
908
1849
2196
254
732
1140
792
1108
540
1883
654
622
2456
2322
2238
2405
130
2146
1518
180
2275
1316
2423
1826
2532
2276
2071
1923
1508
1894
686
1896
954
140
646
1788
2030
2138
2198
2233
1940
2084
2292
2141
726
1226
1372
1650
1706
1692
1978
1472
1494
2319
250
2115
1356
1960
940
194
2132
2269
584
1350
760
2158
1878
248
440
252
1336
2017
504
910
572
202
148
1836
2270
818
908
2200
2548
762
2551
2157
584
550
1990
112
2503
2188
2152
2334
828
2509
2545
750
1626
1822
1180
48
64
2053
2237
1428
260
230
1526
26
2167
1524
2742
1892
1696
736
2094
2453
136
678
1500
2240
2196
2381
566
132
2385
1888
162
1252
32
404
122
2314
30
680
758
2099
1788
1096
276
2572
394
1492
2350
140
2671
406
1999
2051
874
1422
2065
1832
1504
2191
1926
644
518
280
1082
922
578
1106
2343
1132
2440
1064
124
26
2522
930
1924
512
212
220
50
1038
444
2096
2012
2010
1474
534
2389
160
3164
2300
1276
2098
324
1318
1962
694
262
946
122
516
412
1286
2359
2696
2382
936
176
376
518
1626
126
2016
2040
2065
2656
1856
216
2527
336
1054
502
2269
934
38
898
2138
1634
2186
618
1322
2402
1951
1870
694
2359
210
220
508
2185
2593
2104
544
2066
2002
414
2696
2501
2175
2104
1562
726
1082
2361
1793
1670
1972
1728
2415
1328
686
2670
904
2441
1514
1979
3156
2025
184
1344
670
1122
2168
2329
2015
1266
664
352
318
2336
2166
216
1922
2129
2541
2253
244
2380
2295
2290
1902
1182
1897
2151
784
984
2558
1226
590
72
2242
1874
874
2143
78
278
2353
438
1868
2539
2121
2041
1854
770
368
452
1853
2016
278
2448
290
350
168
252
516
1542
208
796
524
624
2220
2259
2478
2496
726
2296
1678
2052
1616
2080
2526
2302
1462
2235
1366
1600
2366
10
1222
1458
2156
2467
724
1438
2398
2292
2349
1484
272
1124
1964
280
1234
2390
340
2304
2200
4
2442
2410
1558
758
590
1138
1312
40
1763
2491
504
968
244
280
1084
66
2249
1776
890
616
2324
248
156
900
1584
1534
2910
882
412
138
2032
2473
1544
172
460
1564
2243
396
1058
556
342
2262
1252
206
1226
34
1885
1853
1052
112
2012
248
1254
676
1766
2197
390
652
1222
232
882
572
448
1821
1022
852
1036
104
1980
2752
1366
1942
2120
1034
2453
2408
974
2299
1242
420
1120
870
1762
1342
1741
188
2363
600
274
654
1734
2426
512
26
1170
100
486
1274
1882
1074
1386
2349
264
530
1946
2513
164
1816
2429
926
2192
576
1742
236
1795
598
1970
2145
1897
1154
732
1662
888
514
1658
2050
2316
2519
1312
2065
2176
2244
1532
2270
1402
178
1834
2429
2713
446
990
2295
1664
1799
620
446
1799
2616
2632
758
128
2138
2127
2522
1815
2028
530
596
198
1810
292
282
460
666
1300
756
506
928
2398
1900
1088
1610
2216
436
22
238
782
14
1989
2146
458
398
752
1112
640
196
224
428
2575
1472
2149
2527
1024
2492
102
2294
248
1270
204
504
646
264
2374
870
1848
2370
1294
1062
350
1218
2558
2453
162
1270
2056
2176
1422
520
2639
948
90
2482
2359
234
212
902
2043
1440
2356
514
1204
446
860
402
2205
1984
52
184
2297
148
1402
438
2
688
392
1132
328
2226
2338
2010
2396
1188
1602
1796
34
1530
2208
1194
2190
2124
862
230
2286
712
32
194
1634
422
1944
2185
1004
2558
1210
2026
1178
2297
2309
2247
2062
2210
970
682
1296
70
14
2113
1622
46
592
180
2499
1896
1668
666
16
760
1114
932
50
1986
1470
2551
1262
654
1878
2405
1900
1944
2190
2403
2127
598
2084
1326
530
2236
288
190
428
1460
1504
692
2366
1136
2525
434
898
1036
894
760
2458
2367
200
2063
216
450
964
1960
2525
1728
2328
686
1466
2036
332
2391
640
2442
1804
668
2206
2074
670
168
626
16
2081
2433
1516
2140
506
562
1256
1210
1332
1268
796
1384
1204
244
426
2104
1234
1150
2279
2388
1316
482
500
1020
2020
454
1070
1596
1042
2213
1370
2168
2311
2272
2313
968
460
632
1672
1910
2791
1984
2667
2243
2540
2120
78
2700
1836
772
2133
2217
550
892
778
1396
2774
2171
410
1392
1604
2539
1458
1318
804
2166
1880
234
636
950
2419
384
1942
894
1262
260
2536
1863
1250
2276
1134
374
172
196
848
1254
664
494
438
2160
174
2430
40
1886
94
1848
2668
1580
2509
2253
2618
2169
1786
382
1968
1252
1390
2211
1976
552
2492
2273
1946
2086
2004
2111
198
2014
1977
24
1504
606
522
1518
426
586
2352
2118
2351
866
176
1582
2452
2260
2160
2209
1078
2580
560
700
1020
170
1140
528
1506
2090
1846
1076
672
2212
450
1600
846
2671
1142
530
888
1320
214
508
898
632
26
2243
1364
2196
636
56
2052
248
4
2420
512
1754
178
252
2252
2366
606
106
132
2189
586
2113
2140
1284
308
912
694
288
2181
2436
1690
2313
42
74
2214
1116
1344
252
704
686
2472
2504
1431
1572
1036
2510
1909
1986
2240
2009
2177
1546
1468
1088
850
2224
26
2337
772
2482
1494
474
696
218
824
2457
740
104
1100
2119
114
1909
2481
608
1815
1552
140
574
150
1268
1896
1626
396
1220
684
2336
1360
620
1472
566
760
442
336
2132
2043
564
1258
2506
1944
2171
1512
274
2592
2126
630
640
2554
1110
2313
210
1860
2224
60
168
2517
2517
38
2419
4
1772
2376
2517
2133
2021
74
106
1738
2494
872
2508
1396
1612
1840
1438
1232
1368
1204
686
2405
2794
116
182
1838
1612
2228
576
302
514
1936
94
310
1012
2209
1786
2661
2015
2006
148
718
372
2278
730
80
20
2242
2303
2339
2580
508
1566
1018
414
842
2289
68
1120
2120
1388
2411
704
432
444
2478
1272
682
610
2308
1722
2321
1946
2331
1062
668
2049
1662
1228
214
2575
1967
1858
2268
1796
2060
38
2234
1510
2133
2323
132
310
1736
364
810
140
1788
1891
114
1992
862
1038
2010
830
1442
2518
2078
2600
1776
460
1236
2205
560
2161
52
522
134
2128
2383
2201
906
2470
2289
500
1080
1352
1194
1450
462
1030
38
2271
2229
1276
1548
988
2198
292
2251
604
2004
2458
1724
1878
938
616
894
1452
140
772
474
722
376
2228
206
2121
1219
452
396
308
2483
4
1390
352
1917
1990
826
2466
1182
2249
1574
2259
1661
1344
76
2062
2330
1370
2049
1070
88
2203
598
2045
1272
506
444
2212
442
1004
624
2274
1566
646
2087
424
2545
174
1368
2439
2277
214
206
254
1188
2280
398
2411
2594
2233
2290
1166
1514
1108
2237
556
1588
2355
898
2426
1808
1014
2564
456
772
52
358
92
1648
1768
1666
2398
516
860
2584
178
1038
2772
2341
36
1961
1898
2218
2038
1184
1258
4
532
1696
2148
252
34
200
568
148
1346
1824
108
10
2144
2078
2200
682
1640
486
2451
1652
474
2312
2220
2000
2210
2522
2405
40
2486
2611
2547
2385
2230
656
2287
136
132
1400
2363
680
1350
824
90
1806
452
1110
2096
2268
2188
770
2494
916
1820
1068
612
2258
2344
2471
2449
392
920
486
160
1390
1933
2076
36
2294
2453
108
1880
1548
2446
722
318
414
932
174
28
1056
1460
388
2319
2491
462
1944
2085
1905
278
1130
2234
356
2278
2159
16
2047
914
1190
2350
1638
1608
1972
2031
166
1332
1761
1126
810
174
1972
384
1739
84
2338
1234
1372
2378
2727
2507
168
1776
810
180
2771
2143
2010
1120
2214
1576
2155
1486
816
1288
412
2294
2326
2433
1932
608
546
412
1981
352
2621
1754
2473
262
184
1042
1104
2392
788
1861
1616
2240
1068
2672
2084
948
2083
1572
1830
1816
1034
1578
2116
2180
970
2384
98
2181
574
2545
2309
2379
486
2090
644
2160
2331
2342
1120
62
2607
994
142
2446
374
1160
1444
2597
550
2156
2069
490
1814
72
1060
500
1633
420
1842
2513
1704
258
408
1102
296
1042
1784
1490
406
2339
2194
2407
2289
672
940
712
512
2055
1428
18
2124
604
1888
2
554
428
998
2493
996
2247
2040
268
1188
2365
676
2176
610
2216
906
928
2374
2275
904
218
214
1308
1882
378
994
2260
1416
920
26
1200
1762
1174
2036
126
116
152
652
1662
452
2209
2676
840
138
1052
94
24
2256
2133
1388
1336
218
1868
2501
374
2102
1953
292
2112
2252
1814
2029
808
714
190
1066
892
2317
1796
486
266
2573
28
2344
2264
824
1684
918
2224
308
2060
2212
620
2276
38
1002
2520
690
1674
444
516
260
476
2675
2532
1288
2467
292
712
1629
2292
1474
164
2249
1968
500
2321
628
1796
2341
704
1958
2019
76
1904
2454
528
666
1044
2097
2342
1152
646
1716
868
1540
410
912
66
2466
1634
296
1444
2022
16
1833
2316
