2251
736
604
962
396
102
2376
1568
1044
176
2325
1998
38
1862
382
814
1886
2003
1284
928
64
1996
2052
2353
1836
1298
1502
2077
2013
122
1842
504
708
194
1592
1464
1228
1756
1064
902
2023
2302
382
1844
1272
138
756
92
1402
2262
2338
676
2430
1574
2299
2487
1892
2332
1849
374
2212
2048
1298
90
2246
2218
40
1304
244
302
2626
778
1906
1016
334
330
310
1216
1224
2453
718
746
516
430
950
90
132
404
2476
2415
460
1242
340
470
78
3005
1970
606
1534
1058
1578
464
1526
714
2304
2230
1076
1000
138
956
2181
744
1858
1892
2266
1657
2543
350
2329
1314
2259
112
2259
300
2253
660
944
540
2532
624
872
150
490
882
2487
324
1072
1212
2385
998
1448
726
1310
1484
1412
2224
48
3752
2422
554
44
522
2106
2255
748
1642
2397
38
402
502
2097
98
9562
2278
2152
2358
1394
2351
256
1366
2506
764
1454
2285
2244
1584
2329
2
2239
1648
238
2564
970
2329
1388
2342
2570
344
2047
2685
2009
634
636
2216
2351
2544
1330
2237
46
1906
728
2482
2267
2458
428
1572
1915
2304
1981
822
228
1220
1096
2276
1600
1172
734
2100
2341
2432
792
2225
748
2564
2098
2511
2267
2360
1266
1170
2559
844
2092
2826
398
2180
1226
312
54
784
1012
2336
192
1638
1004
1408
1666
334
1506
2054
4086
128
272
2588
678
1529
180
1972
124
1534
1676
2186
2404
1780
836
858
474
1076
2517
1736
224
2571
504
222
566
1506
2262
640
2174
2383
276
1863
2354
752
928
2421
1288
1628
2000
358
1184
1708
2021
1792
442
798
668
1867
204
2144
1632
856
132
2126
1562
260
366
1524
2063
1334
6
2260
208
1460
2216
2238
1318
2364
2676
898
2121
1422
2660
118
1094
898
494
154
1860
38
944
110
2584
112
1738
2552
1418
1460
2554
2024
2184
1472
548
682
1846
2524
2183
1092
364
236
2246
2120
2208
1116
2151
1094
1060
162
2408
2162
192
1600
1142
1180
2234
2033
1234
1444
1158
506
1040
812
900
2008
592
1066
2217
1750
116
2078
132
212
1504
1274
2365
256
2222
1699
2510
660
2440
2458
1944
84
182
2122
1546
376
1804
610
2564
2315
2789
42
142
334
204
2091
526
372
680
2118
312
6
64
826
1746
1542
96
1870
2147
2286
278
1458
2593
2209
2198
334
740
190
2210
74
408
852
2433
2424
1090
2465
2506
298
622
2360
1989
2339
984
2402
1940
1194
2144
1104
322
474
324
2341
180
2258
1198
1250
2190
2466
1554
336
1698
2203
1128
324
2205
2241
2447
298
244
424
52
1064
1230
2366
1588
1248
2258
1540
1868
698
72
2366
924
1098
954
738
516
1920
1198
698
804
296
3119
856
170
480
1238
2062
1052
2091
2373
688
1616
522
1090
1292
2601
2220
816
1768
1278
3005
132
92
1258
2294
92
188
238
2134
1976
1718
1782
2336
516
476
162
394
102
236
404
1560
1912
2516
1794
2097
2601
2262
582
1744
496
932
1004
2796
2292
2354
460
1498
2623
1384
2273
2223
262
2175
2489
2156
2332
964
2234
1902
684
500
42
2331
2285
2200
354
2174
798
142
2082
2312
2355
948
2523
84
1716
204
798
1756
1932
1196
2510
1956
710
564
1056
172
138
194
816
1316
650
1456
1556
2010
42
542
1949
234
2464
2194
1870
1968
2162
2136
102
68
712
2353
164
874
1118
840
948
2407
130
1870
210
2325
312
2171
2422
1484
110
2416
2608
104
1128
1252
2136
2307
2569
1246
1928
230
1464
2140
2131
634
2489
1929
2155
2189
2449
1906
64
270
1630
2295
1198
158
2219
2235
1865
2111
1124
1900
194
2054
2042
2883
2249
1898
2182
282
2485
2360
578
2123
826
2057
2522
848
296
1400
1180
1872
2310
168
2130
118
408
2470
2210
810
1300
36
2016
862
2392
918
784
152
2495
846
644
1316
640
994
2582
900
1857
1620
2381
1618
2479
1382
196
2661
690
1826
330
1816
1666
2513
2438
580
54
1142
2487
742
364
796
126
1130
594
2126
2160
2561
344
710
1194
2146
2330
2251
2186
2251
2437
1254
1160
1977
2375
1662
636
2277
1728
2133
1600
2266
114
292
448
552
866
1088
588
2120
1951
206
1624
1228
1681
606
2417
2175
408
712
1360
42
2445
1756
556
1224
854
1858
2559
1206
1348
2468
2338
2148
1841
2483
1396
2493
216
856
2259
2082
848
714
2320
2237
1150
26
90
2497
920
644
562
1814
1872
1838
2422
238
660
30
134
2462
1787
2134
2372
2422
686
1190
2490
296
470
46
2150
994
92
1044
2475
2183
1806
918
718
2114
1194
448
2385
668
2178
332
356
2226
2128
650
1354
882
2132
2140
1792
14
880
252
2405
194
2253
148
2883
2411
2252
2265
2295
1943
1842
84
1032
136
778
2632
1650
54
150
1514
1094
290
1418
126
2301
2225
952
66
642
528
716
1508
2179
914
652
206
748
426
2190
266
2068
424
1380
964
2383
1600
396
78
1274
2521
114
2028
2359
1360
1722
2055
2134
1809
246
1852
766
974
1685
2643
1954
2308
12
1000
2287
168
2272
794
116
720
106
864
2466
978
1942
1916
980
1782
358
1786
2254
2257
902
660
810
310
406
1274
594
1084
8
150
984
2407
2272
2361
2233
1990
42
262
780
2324
2276
92
552
158
2053
400
552
158
1782
2
186
182
362
586
2429
1088
1484
536
926
1374
352
1430
1976
1889
2134
1544
2092
1556
1942
2491
1226
2458
2412
612
506
936
2200
294
854
1182
1380
166
2060
1024
1780
268
848
1082
2018
336
108
1156
1090
2271
324
2165
2471
2240
90
1514
138
618
2253
952
1037
672
2195
90
1438
2200
2119
990
2339
16
1140
168
2237
410
594
2084
952
2086
2146
1520
504
1442
2397
448
2659
636
1867
1612
2101
102
806
2149
1414
1126
564
276
24
2180
240
2222
816
1800
1835
444
952
1754
2308
1164
558
1722
2022
422
2313
916
2180
1540
678
2061
1216
1885
1444
854
2344
418
726
30
1814
2138
1858
784
688
730
154
1454
342
1222
2353
2551
2596
2607
1308
314
1162
774
796
2338
1614
2100
1090
1647
2061
2182
930
2365
890
1076
2238
2348
2080
798
1720
832
914
2317
2399
2438
2289
302
2038
244
2233
94
2365
310
348
208
2334
1796
2254
1286
828
194
880
2471
2332
700
2370
650
2165
2375
866
1258
2281
1004
2521
1232
2224
1612
418
1860
1596
2296
144
704
220
1851
824
228
1082
2110
2503
1048
2399
2117
208
652
2417
1970
1230
508
1722
1560
2359
424
432
1232
754
1526
102
1870
204
2398
18
2232
616
376
426
924
174
1508
528
770
318
398
618
2143
960
652
2641
2667
864
2158
1498
2269
2193
194
2266
2078
230
1670
42
1076
1584
1376
2611
2203
280
2350
1022
512
576
2364
206
2594
24
198
228
1100
694
1944
52
2328
2374
2373
2438
160
946
492
838
1114
2514
252
292
1488
2363
2295
2387
2404
662
2043
1430
2573
1226
1336
942
2266
2322
940
1654
784
1220
1928
6
222
1758
286
630
448
20
2407
474
568
924
178
1764
2296
1761
1774
1230
86
1106
2248
2222
514
2690
2365
266
964
2259
1012
2237
1050
1174
1786
1934
1640
582
1314
1626
302
172
1868
730
1842
2094
168
1754
548
1986
2318
1676
2492
1803
1520
802
1750
1654
2544
378
1650
1742
932
476
1490
466
132
1096
1784
2211
652
2783
2364
298
1328
1286
1930
604
700
1340
1738
202
584
482
1154
1994
2482
74
2379
242
2622
2110
256
2281
1406
1704
2049
2233
2256
952
1570
2220
636
10
2427
1316
2430
1094
1172
1994
1380
862
316
722
2418
2121
170
2294
2591
2511
1141
990
1436
2201
2213
82
406
1442
2508
1260
636
2167
1490
1882
10
846
2205
1994
2342
2539
1957
2443
1996
1386
1838
116
1344
2472
2155
826
2536
170
1098
1752
348
488
2555
2551
376
1510
290
752
2233
2264
158
1900
970
2602
926
2456
1650
2544
2248
2179
1174
38
2196
1852
1044
1434
608
1929
2258
1622
1038
1196
2486
922
1784
654
2226
1524
402
2365
1110
2074
456
500
1468
790
592
1110
846
2042
2236
246
2211
288
2266
278
1536
2278
2226
1616
2837
2229
2396
650
1534
396
1042
1748
2061
2362
2523
838
206
2265
1488
412
1646
2254
1576
2106
948
1890
1102
1649
1996
2328
444
2126
2476
1584
1170
2204
2340
928
2367
2066
1804
2664
2386
1742
534
1798
934
2685
1568
486
996
2326
236
874
1864
918
568
1640
896
1010
2469
776
206
628
2634
588
2442
288
658
2207
94
2263
2302
598
1380
1320
2218
446
2038
2566
2152
816
656
800
1360
2433
2129
2146
608
2027
2071
2389
2040
2348
2194
262
1662
2270
1260
2349
1950
1326
286
1272
2828
1240
306
366
226
582
2021
176
2463
424
1124
1522
398
2399
2505
504
1908
1076
2546
1782
928
1180
224
298
366
2360
2539
2551
216
2251
684
1029
20
1862
16
1546
572
686
1162
122
764
2638
2313
828
2338
2167
506
2382
2053
762
470
510
2442
2049
1872
2164
1530
664
1718
2134
2360
500
2044
1972
2183
2880
1064
2465
910
1648
798
2099
2574
466
238
2406
1897
2387
100
1668
2303
348
370
2430
2288
786
362
2043
1895
1072
1736
1978
2527
2231
2224
2238
2357
2335
94
196
2238
642
2549
1784
424
264
1776
972
656
2046
1782
274
226
354
2270
2203
1164
2258
966
64
2240
354
1134
1764
594
54
652
1276
2246
1660
1952
634
2465
88
2410
438
298
784
1930
2415
130
2206
2371
112
20
2453
1674
1142
196
2103
508
146
382
638
1436
306
634
2208
738
1953
778
1488
1100
2060
2023
1985
832
2337
294
164
832
2394
378
2220
1978
2069
1372
1184
578
708
1660
1372
2297
2310
1148
762
396
1988
1274
868
436
754
464
2227
238
888
172
154
2499
1776
2543
2532
814
1336
2626
58
2074
486
1806
296
704
1076
2659
542
136
2001
2223
1920
408
110
2223
2495
2327
338
1912
308
892
2299
2589
150
2370
674
864
2153
1262
2270
1086
296
2124
2098
2489
2083
74
480
638
2051
1678
464
1024
1847
2565
2274
2154
472
178
2095
454
358
2050
2458
14
2020
2363
682
1126
1980
1980
1220
120
2142
594
550
2071
2044
2243
2464
1426
322
1224
728
18
728
478
2074
734
2104
2314
436
40
1156
1692
2338
1576
582
230
1887
1182
808
258
356
704
2099
628
186
2236
174
200
124
2282
1060
2004
748
1216
68
1158
1442
276
402
2014
2092
2139
2307
1280
158
1382
34
1084
210
1072
1536
392
458
2333
468
2365
526
1954
298
50
40
1486
1972
488
1176
1568
2167
1932
2452
1466
2105
206
2138
150
2155
260
2355
1818
526
1524
2157
812
254
1094
2376
1890
106
2180
336
2233
338
2548
1512
2125
36
1332
1428
2266
1784
678
2416
1184
2420
1766
1356
2108
2635
660
1965
1748
2343
1076
958
808
624
2044
944
2093
1008
2088
2294
1382
2137
2341
2431
1886
772
582
1956
58
726
24
32
2196
582
1904
368
760
1925
32
708
972
1828
514
506
1810
588
1890
176
444
578
978
2030
1550
2098
1288
76
1116
2067
902
2145
2491
944
586
708
1560
1944
1552
404
494
2446
2298
84
758
2628
2139
1620
2282
66
92
660
1104
340
692
2622
958
234
2104
752
1458
2349
2209
2452
2162
2109
1324
1404
2483
2390
2610
134
2400
1396
1750
760
2657
538
1752
2290
330
2313
2348
2160
2561
532
114
1592
114
954
782
2161
1194
2240
1929
226
390
2530
604
674
64
1054
2104
1660
1010
1520
2336
2416
2635
1484
2336
104
78
1587
598
190
2490
1788
308
2544
2143
214
2458
74
2332
76
470
2104
2081
1086
756
1274
106
376
790
2200
1518
62
2219
1166
2186
70
548
664
2290
2204
632
2169
1340
1114
1294
2147
1374
2154
1410
194
2185
136
1130
1060
370
2066
1360
2297
252
2166
2096
2392
1042
768
2273
1140
2708
156
148
496
2162
2330
1346
2496
2616
506
354
564
1318
948
636
54
1948
388
158
2217
2048
2362
780
46
1172
492
338
1110
732
620
616
1656
1402
2018
2177
1076
2329
2128
2399
574
1995
934
2378
2353
832
1924
938
2503
458
1908
806
2023
842
1010
2315
22
1378
770
2111
1460
494
1870
1706
2283
1308
220
980
854
222
1276
2170
1082
912
406
1618
2022
902
1992
1026
1652
138
658
848
2163
314
790
1308
2043
710
334
982
524
1942
484
190
2017
188
1767
370
2546
1948
18
1162
328
840
996
2568
2437
1768
264
1162
830
1256
2112
2142
1570
682
90
2301
2010
1656
450
1112
2149
2083
2145
546
384
960
2345
2653
138
240
772
732
1574
2227
742
248
2593
1452
944
1930
738
228
244
1954
1809
1450
684
564
1802
466
1132
1962
590
1386
340
1694
2423
2412
1372
148
2141
1432
2328
2072
312
3021
2510
2270
1755
266
1416
1598
1620
1440
1648
2499
2413
1272
2260
2351
646
2358
580
2233
1228
146
1885
2052
990
2167
562
2282
2426
2691
168
844
848
2517
78
1022
1774
96
1780
2433
2994
1230
84
1944
320
2315
2412
974
118
34
1933
84
2325
80
2161
2375
292
908
1606
72
1777
902
18
612
654
686
1598
1004
1674
530
2504
2296
1106
232
724
2366
1870
2301
2130
2384
622
1624
22
2272
1494
722
104
2454
1510
1984
2203
136
596
1210
100
1842
1202
1108
2245
312
248
1246
902
586
1178
104
178
1944
1686
1012
696
1518
720
2211
928
1563
1900
224
2530
1786
1718
888
874
2098
1310
1218
30
2051
2246
2223
2205
2298
2546
1222
986
1758
2412
112
1066
2346
1981
578
1810
74
2512
1118
1940
372
1144
984
2366
406
2070
180
1186
176
2440
2
274
926
2465
2320
2698
2281
1070
428
2468
468
2293
1286
16
410
2316
1985
1907
1798
278
1534
1710
1740
2302
528
1076
134
2110
1794
2443
1986
2045
2531
204
2351
1344
2319
1978
2066
764
296
1853
2442
138
1448
2156
226
560
1752
378
278
2600
2407
1154
266
430
116
1580
98
1802
644
1416
2511
2007
2153
2434
2410
2144
688
1422
764
1532
1156
120
2474
160
938
310
1532
1536
2336
2656
540
2327
1676
1142
2200
2194
2344
224
1816
1140
1880
2351
1788
688
622
1954
2412
2064
1981
454
858
1340
564
1310
1776
2259
442
1680
118
104
2337
868
634
1720
1968
590
2150
1854
270
618
676
938
2714
250
1866
2312
474
636
1460
1868
2313
1790
2523
2399
1986
1550
598
2536
2275
958
192
1869
856
1924
2311
1762
2882
1060
2070
1997
272
1208
2196
1988
752
2080
2330
274
574
2426
230
2289
1966
2594
2130
2170
468
2457
1808
2235
1892
1766
1024
2248
466
220
1046
136
52
806
870
1516
1852
2223
2087
2308
2343
1764
2507
1436
1164
1961
1964
2372
2283
1414
1456
1228
1924
1951
2168
1886
410
1130
638
1576
680
2158
2406
140
2148
2462
1891
2204
1973
114
2109
730
320
602
140
324
2494
1532
848
952
1402
278
450
1994
2374
1404
1500
1456
2501
784
494
1280
396
2375
2363
1908
596
40
1644
2412
2169
2269
1940
1138
568
1672
164
2228
1621
1818
190
1216
1324
84
166
504
770
896
1194
2019
1210
2174
1024
678
2244
1114
1956
2479
1786
1284
838
2278
2346
1274
402
1102
862
906
2288
778
2050
2246
836
2287
1656
2066
1654
1312
2032
154
306
26
1490
2341
100
630
2102
1084
1020
2327
1158
212
62
2220
1774
786
92
2498
1184
2188
2386
334
746
170
1802
694
568
1368
2188
1304
1656
1074
34
2360
2102
2081
2452
558
2401
1320
1214
1118
2684
286
1562
940
1658
316
506
484
942
1124
378
2362
480
1060
486
474
838
1232
1258
1418
370
2590
2364
1406
1002
876
242
1688
1424
840
686
2394
2176
1178
24
990
2596
406
2192
1070
702
2188
124
1810
1126
690
134
778
80
16
2154
2449
2016
2137
2558
2284
2054
908
216
2294
498
608
1244
1994
1581
130
1662
1861
2540
92
1226
2229
1972
86
1787
630
2585
2102
394
2074
608
426
630
64
2145
2432
206
1370
1008
464
478
2539
508
982
762
1218
2487
1082
1110
1222
1870
1644
486
990
358
844
2556
2231
1858
2120
2538
1774
630
394
286
2165
2504
972
514
1965
2350
2071
2196
2370
2006
672
1744
2322
276
870
2465
1562
2493
2026
1892
364
494
424
2251
2239
2094
1740
282
864
808
876
654
242
1540
466
2087
994
1774
778
428
2350
580
188
2271
778
1999
2653
2216
2587
2280
1962
2344
540
1906
894
918
1851
1804
162
782
568
2277
536
2073
720
508
2316
2155
1342
116
2065
2648
696
754
1118
554
2277
1126
506
2450
1508
22
1368
882
366
770
2172
518
2005
62
638
476
1446
2468
1966
2545
2827
1932
1832
2096
2224
1518
2442
834
2219
2255
2547
494
1170
2136
1538
2248
60
1026
2340
112
810
2155
566
2044
2193
2275
1300
2327
548
1947
2342
2303
420
2112
1905
1692
2179
990
2501
1942
548
196
2458
2190
1887
8
290
544
1118
714
1832
974
2176
2056
400
1911
1004
1852
2026
1859
2274
2343
1282
936
2340
2336
2897
2335
2204
2188
270
2251
2139
1688
2014
432
80
316
2632
2081
74
66
1902
2396
2337
1718
2486
2134
1977
162
1170
86
712
1612
866
242
148
210
1987
1778
344
2362
358
554
1692
322
1294
466
1018
1284
270
2558
74
2351
2338
2367
426
1902
2774
1865
2152
1118
1326
1806
1226
996
152
664
2314
2173
1396
2026
1256
742
2117
2341
452
2050
2204
1008
624
2576
2420
142
1336
1216
2418
2234
4198
1438
618
772
440
2127
1850
2516
2458
500
1728
382
2462
1848
