2110
1786
1154
624
1698
2088
1989
1032
12
2412
1911
198
170
1809
1986
2219
450
2082
1370
674
1462
1156
586
2135
312
2364
1532
2217
2137
1992
390
1689
2212
2327
792
1288
2112
2715
2279
282
2298
2060
1446
2077
856
2624
238
2359
158
2337
2097
2260
2304
1096
2328
1724
2370
40
1962
794
2493
894
2361
38
2410
610
588
1256
234
1096
1774
96
704
2454
2265
170
1814
466
2628
2444
2051
1192
1934
2487
712
2098
194
2258
72
326
2152
670
114
306
2283
3035
1988
236
2298
172
6
190
692
2253
1803
258
20
2313
2432
114
2000
2130
2213
1624
2483
864
858
2498
1078
666
2165
2329
1078
178
1728
1096
710
2605
1506
1608
538
1396
1978
114
1458
134
2028
510
2114
1991
1256
32
370
1034
2368
1366
222
580
864
2490
1956
2094
514
1626
70
790
334
952
1922
986
2120
1582
1014
1748
2039
2222
356
814
2090
794
1214
826
2472
1900
756
2356
718
2488
2145
788
2338
2015
2208
118
2244
236
1871
504
166
716
1662
2315
2131
2512
1444
1300
1402
682
2170
672
2282
24
50
252
596
2178
2212
1806
322
284
1622
510
974
2361
2227
2436
1224
1743
2454
942
372
484
884
1368
1368
850
2049
1832
78
2205
498
1628
406
316
152
1540
1929
2236
2332
218
464
516
380
1078
1714
1177
102
1742
1957
1763
1442
832
172
1342
1996
2054
2291
2782
1752
2205
1286
208
2179
1502
1554
1778
166
256
842
194
2405
474
1412
68
1951
66
1890
1614
978
2652
1258
608
2251
1913
2006
1562
1620
1594
604
214
1821
2245
94
2211
932
2732
108
2057
338
2496
524
194
830
894
1400
406
2248
126
796
304
620
2463
1448
2351
2398
542
714
206
18
2384
1144
2390
362
1662
1755
2247
2307
840
870
178
48
204
1302
2304
1706
1748
224
1106
2770
1970
2372
2102
2341
2165
168
2170
2286
2117
1390
1890
530
2005
1330
1264
2333
1436
1384
1262
2157
1088
2337
1868
2212
1410
2211
1260
744
1080
2628
1713
1716
460
1578
466
1070
2414
2346
2306
74
1156
988
2195
2027
260
1784
1934
1150
898
1620
2153
310
904
1146
2327
452
226
2420
2237
1772
962
2566
2279
2206
2431
538
2260
1250
344
2502
2524
1208
2234
2215
2421
506
532
2462
166
558
1508
2164
324
1582
486
1066
870
88
558
2345
964
894
622
382
2387
2319
2315
628
616
1983
1975
14
2379
242
1945
1534
1008
328
1056
238
2090
1995
1829
770
960
84
2348
1981
1408
1464
1632
966
818
104
2309
2448
84
2596
104
1926
2120
388
2080
244
2022
1252
10
68
270
2218
1989
1914
1090
2208
362
750
874
1642
2435
2399
882
2352
1062
886
1230
1992
2239
628
2071
1893
984
718
270
978
1652
880
442
1150
90
1252
768
1680
1726
42
2333
268
2574
1548
2340
392
332
452
1198
342
96
1886
2000
168
2224
2293
1502
1222
558
1967
968
2043
2114
1476
922
1574
598
2445
494
2522
332
2178
1018
576
74
616
1700
122
46
338
1871
2325
1860
686
740
2565
2310
2421
136
1982
2245
2479
1338
340
1859
640
406
1188
146
1504
1672
448
2076
228
2417
1220
1216
212
76
160
2463
1671
376
2034
734
54
1710
910
1080
1044
2191
1294
2172
1592
2078
798
278
6
2482
1878
704
2044
1829
1434
324
2303
2356
960
1140
2070
2485
1268
134
790
1830
1879
1800
1942
246
1064
432
2154
1484
1288
2270
790
2365
1594
2241
894
2173
254
2215
1070
822
2404
702
1758
2407
1885
2354
712
2052
294
2075
1760
676
542
1594
148
820
2567
1845
612
572
716
646
1456
2155
2123
1256
2221
276
2117
2116
820
2265
26
1867
1638
2241
14
484
2324
2114
2694
996
182
472
1260
1704
2200
2322
474
570
1398
2044
2279
454
2169
2310
890
2487
366
790
216
2371
728
2300
16
378
2613
2388
1100
1448
2508
354
146
220
178
772
2285
1884
1612
1490
580
624
874
600
1470
1934
510
1612
392
136
2742
1480
2173
788
2098
224
234
832
2396
2174
2012
2344
2085
2283
2572
98
2127
840
148
2410
2534
2508
596
380
2148
2359
592
154
2174
322
640
108
1948
2511
458
466
1848
2278
436
830
1564
1782
2127
1384
2315
2322
662
2438
570
536
196
1380
2082
2591
2226
936
2611
8
200
1452
894
2334
2193
2420
850
1394
2380
2269
754
1688
544
2128
2758
1194
2202
178
628
2135
1903
566
2376
456
2452
86
72
22
1472
2364
2189
1836
2816
570
2366
1326
1834
2220
2300
1152
2456
420
1862
1635
2089
738
2118
2228
2023
46
306
1860
1210
94
2138
2517
118
574
104
1090
1446
2105
1991
1346
2383
2330
2162
1772
1504
1920
1052
1707
612
810
1178
310
2906
244
178
2672
958
1322
278
2060
794
1418
1690
340
2242
1766
2445
2334
104
1182
38
2496
2267
2266
156
2338
1524
1706
434
2107
784
932
970
284
1532
1154
2414
290
8
896
2048
354
1102
1722
78
2191
1598
122
2219
1705
1212
64
972
804
2407
2256
2187
912
224
158
514
1996
1110
68
38
2270
2331
2441
154
866
1812
1374
176
2123
2305
1630
2502
2070
2103
870
2215
478
1092
936
2110
2058
1834
1220
2091
2182
786
1168
694
2766
472
144
2294
888
352
1594
864
496
1638
608
526
126
1826
2570
626
1332
2182
2526
2556
1690
1078
2134
962
20
1983
2023
1076
2422
452
1166
432
648
2252
2120
462
980
356
2232
492
2522
2328
1694
96
2460
2023
2293
464
2587
2145
1474
362
338
2384
2256
2435
1622
2098
2210
190
154
1244
2317
2058
872
236
1853
74
2551
2219
2087
482
2246
112
1968
276
2406
2138
2376
2269
2077
2357
2179
2218
2752
1576
1970
1572
1939
2157
1306
1336
2057
2453
632
1888
470
1892
236
334
2182
2389
990
2271
2553
620
864
480
812
68
28
2082
2326
284
1542
1608
918
1978
2013
2279
2572
1116
818
2316
1020
2524
2378
1256
172
1826
1732
2129
1864
2651
1212
1658
1126
2003
636
2151
172
2467
2250
158
730
1682
2262
658
1146
710
2048
1490
586
2194
2386
2211
188
878
882
1794
506
2107
2393
192
456
982
1536
2331
1062
1830
2117
2048
2254
2208
1774
2110
1689
650
2290
316
296
274
66
1242
736
2372
2342
784
124
638
2731
2495
1138
1752
318
1058
1168
674
922
592
656
1278
1262
1466
2201
1770
1734
2071
1394
1054
424
432
1852
2716
1905
342
22
92
830
2182
692
1294
502
34
1786
1512
1828
150
2157
100
2107
886
2314
2383
1720
2260
1298
774
1538
478
2264
46
326
4008
102
256
2198
920
2134
1858
918
424
384
118
2356
2264
422
902
2010
404
2124
894
2634
296
130
2326
322
1991
282
1884
744
2524
302
744
654
802
840
372
2453
130
1840
816
1977
674
1886
806
2145
1060
1142
1096
1062
674
2225
1714
2532
1162
1272
72
112
358
2204
1322
2127
2042
498
422
2236
1996
796
1524
662
984
186
2541
1060
876
1876
1486
894
878
54
1646
494
1868
1258
2047
1899
184
2171
2009
2186
2052
942
2340
2032
1248
1454
374
2043
800
1502
2382
810
634
1162
340
1348
262
32
2546
1758
184
2306
2580
862
2587
1866
960
1546
2398
1794
2321
2604
2126
250
1764
1006
2377
2322
1602
2306
1792
1182
1608
484
1825
770
2347
904
1982
2317
1266
2328
1190
618
2082
2239
2136
1174
2326
954
2286
480
230
1800
452
2170
1274
2382
2409
1726
1962
516
3007
640
514
568
2129
2315
334
2388
494
196
2262
148
1188
2488
2431
1912
676
2036
2410
762
2188
256
218
1978
2465
2955
1360
1536
1964
2429
2327
800
1854
2104
1819
2614
2302
2381
1768
2244
66
2120
972
1036
444
1062
1398
2228
1965
478
206
1244
1410
2592
644
618
918
136
876
2510
124
1702
1198
764
806
2158
1290
2378
804
1124
2381
1651
600
918
1152
2403
552
336
614
1172
524
512
66
2372
974
258
524
1362
1052
2496
2356
1034
128
694
1248
1234
2244
2361
1488
582
1620
362
2407
1304
2068
590
2273
1050
456
1670
1876
602
4
1256
262
1248
1590
2246
2132
2218
2132
2046
498
1971
2030
312
2711
2853
558
496
2302
52
1298
380
216
2040
256
748
2659
1430
1188
2488
1532
248
2284
40
214
2242
386
198
240
4
774
534
102
2871
2037
2134
2348
2110
408
636
408
2038
2289
2155
872
80
1410
866
26
150
1858
1668
880
2124
760
880
2341
2377
806
2104
196
1389
2130
1866
2168
1442
2223
2046
2460
2616
158
950
2347
1610
1276
2256
2170
1883
1070
474
2366
1652
2442
204
1336
2326
2505
834
66
1921
904
1228
652
2103
1556
76
1654
1560
2272
900
408
2290
754
558
2007
1694
812
876
1310
1612
40
2236
1354
944
2377
742
168
1206
454
2411
930
2083
1500
1364
380
2205
1860
694
168
182
1046
2393
376
2424
560
2497
262
1012
2260
658
2230
2222
392
2356
420
2094
1512
2319
1084
1128
2302
140
980
2265
360
1144
1328
898
1971
1847
2079
2544
698
598
2419
906
2198
1394
2118
2209
144
134
2669
2120
2144
2064
356
322
2177
644
2164
2433
2070
1534
1732
64
116
1710
952
1010
1338
550
1612
410
2587
2383
2283
2429
2141
6
2562
2262
1566
916
2291
168
1752
2060
1578
124
872
534
936
1312
720
56
6
2065
2280
1854
738
2158
886
1062
2130
1900
1956
1012
1695
1307
226
1506
132
684
726
2219
2295
808
1899
212
1913
2213
1488
2146
2517
1286
1794
2464
2307
466
218
2542
546
1196
1248
2331
1154
2312
1550
1714
1066
634
2022
432
812
508
134
2234
2308
840
1863
2506
1022
2168
988
376
2213
2322
2568
2582
2382
26
392
2270
2657
458
2347
140
2112
1710
922
1528
480
228
1562
352
2147
1190
948
1254
138
24
46
1398
322
1784
1710
504
1476
2353
1328
2384
208
794
2080
1320
946
2373
1699
2128
284
2258
874
114
1985
156
892
806
710
2306
2104
1754
832
2550
696
2398
2165
1258
1736
2612
840
394
382
2181
2286
1262
1798
2316
2627
1504
1592
422
2476
860
1474
2524
1140
2259
1662
392
2541
2063
154
2128
1440
2514
644
478
438
832
544
58
2335
558
1000
2306
328
1526
2025
76
286
718
2344
734
942
2271
2369
238
1974
2185
24
1478
1208
2416
1028
1336
834
1374
2345
438
1062
1012
1598
330
1942
84
2266
532
2515
2473
2350
2295
2431
1730
2100
1833
1242
2366
1044
862
1958
2672
248
2404
1859
2330
306
270
1804
2562
2613
744
2076
1972
1526
1404
1674
30
44
1700
1028
1813
12
134
686
2246
1136
2042
2828
2291
1892
1102
412
2061
320
1784
2271
958
2270
692
2175
798
2456
2280
1428
2506
1188
2583
2170
482
572
32
1074
1144
668
638
378
2158
1356
1036
2068
1052
1108
2246
166
232
956
656
1058
1238
572
1352
2123
1198
2536
228
2591
1364
2085
1472
1594
82
592
2452
1662
2607
2013
2449
524
116
714
322
2601
138
2486
552
144
1958
1334
1168
2205
310
1450
1404
2015
2339
1570
2606
1084
2060
364
310
2196
2096
2281
1876
1246
1140
974
660
1188
262
2547
2220
352
992
8
210
1426
2428
1432
2207
2334
146
1718
264
2168
2060
786
2340
2396
402
268
1841
2412
2292
2233
2455
1785
242
2159
1702
1854
2366
364
48
1144
1192
1890
436
460
2530
2271
902
1364
730
2106
2103
1208
2006
784
2070
2085
2406
332
1420
1408
2659
150
466
1538
790
838
2438
678
1042
2580
1358
2543
1078
496
616
758
480
2380
2202
296
2230
78
1194
2
1857
1976
2124
1402
100
280
1712
2079
182
2005
76
1929
34
2203
450
2668
1422
2022
1094
326
412
1934
426
16
2530
204
2314
2033
2171
2398
196
860
1651
2313
218
12
1994
2029
2449
2000
1412
2328
1947
410
252
200
1158
972
2234
2080
2526
638
2186
252
1358
656
2431
2232
946
2355
970
1723
2313
2332
950
356
942
1872
1234
46
272
112
2162
906
170
1302
582
2084
524
1132
704
478
856
2486
1968
90
2169
1446
1430
2770
3279
2052
1298
1602
2361
1294
1532
1094
2218
514
1078
2073
870
22
1068
298
1050
292
1740
1322
202
1036
2120
548
1486
440
1366
134
1080
714
1516
1918
2342
1937
162
332
104
2223
110
2154
826
412
936
648
2469
2531
460
630
2257
2
934
934
664
2136
2340
2327
636
1012
1286
1812
50
1800
564
282
2247
586
1090
166
502
1226
1787
42
870
292
1878
940
334
306
250
1024
36
742
2299
1574
1576
1878
174
2277
2789
2586
352
1510
1462
190
2482
2334
2139
142
1596
2218
52
2049
96
358
2137
1720
54
238
2399
700
562
278
2284
2301
68
1040
712
832
2142
308
192
1754
506
944
2053
810
156
1724
2142
2302
2114
2248
822
2391
318
546
68
2563
2443
866
1866
2363
4646
2635
2263
1857
246
2360
192
2196
582
2173
784
2314
2357
2232
704
2459
1938
808
1234
1268
2179
1832
1660
580
2596
2297
2430
1002
1406
48
2306
966
2403
10
1240
1974
2496
2149
212
2469
2705
2038
2566
2107
2195
996
214
200
42
2130
284
38
1826
1784
2147
2428
2089
2120
1432
1172
244
96
276
2217
1724
70
998
1284
322
2817
1096
2179
1960
364
1174
1074
1448
846
2688
2365
792
1958
1302
2418
2564
1692
1841
2454
378
1468
2316
1366
1338
220
134
2623
1262
1388
774
952
2185
2429
2488
1618
378
924
1376
264
874
746
2430
130
910
622
2033
20
2599
1816
2744
270
2190
476
50
224
2342
1448
352
2278
2224
2265
2269
882
2543
1768
1362
422
868
862
936
662
22
768
130
2253
604
40
1702
2303
254
1938
2096
1832
1732
1524
304
2470
1796
60
842
1526
1620
1642
2393
188
590
820
878
360
1540
2136
1322
244
2052
2059
122
2061
1951
1877
1540
814
1874
2350
2413
1650
2097
2194
1528
2156
440
366
558
1052
2248
374
2629
592
506
192
408
770
202
650
1844
1975
1418
2326
2287
2132
2
942
1360
714
1830
320
268
934
2101
1414
276
1825
2192
874
470
2238
502
104
220
764
432
1978
2494
676
2113
854
820
1592
2173
1266
362
156
1312
528
892
714
636
2008
2024
2296
2086
2274
1530
1214
802
838
622
1004
964
1702
914
2235
1907
226
102
1208
862
1832
976
1998
882
2356
2296
1748
2232
2062
458
1326
594
2077
896
2268
798
28
2142
1146
2078
682
1408
424
1831
2583
2519
2469
1970
2343
260
438
1406
2408
594
56
976
2294
492
2277
2734
4
220
1988
150
186
2199
78
2424
2155
988
716
1088
1769
2268
1010
210
180
430
190
1010
1436
752
702
338
166
2395
1700
2553
1564
1572
1722
2033
2491
2070
198
2531
502
2342
2273
92
1186
830
1354
426
1760
576
2370
564
346
2010
2388
1498
1702
1136
1204
90
612
2493
2321
2252
1870
1826
514
2394
2277
2046
370
2386
1881
552
108
1294
2476
2304
2041
268
810
1700
376
688
12
2438
2268
560
970
874
2485
614
40
776
1150
10
2318
1618
2034
490
24
2452
1416
2571
1706
2540
2237
2430
2184
814
688
1889
2096
696
2135
784
3078
2158
1222
2232
2124
1078
1006
482
2026
360
610
1825
2136
1332
560
860
82
2310
1264
142
2026
542
2027
1344
364
776
2057
532
2289
2411
2056
168
396
2240
2383
82
2068
762
1822
1942
2652
538
2622
40
48
1822
1606
1124
2505
760
2132
778
1054
1436
312
2341
876
436
132
2176
2141
690
2482
2350
2268
2475
1950
1987
2049
1320
856
938
388
2020
16
724
2458
654
512
1554
834
364
1160
666
2291
2248
1008
1020
794
2046
2338
746
936
2076
668
372
1262
2605
820
262
2447
560
2118
2506
18
58
328
2116
1950
1162
254
1408
132
2128
2372
2113
564
1886
1022
150
2326
736
774
194
1280
698
2323
1518
248
34
2236
850
108
2006
1502
2400
1712
2076
2269
492
1408
2427
1683
1230
562
1878
564
342
516
1340
214
2324
1034
2018
2016
450
1734
1222
918
148
214
2073
2370
1802
384
304
2470
1766
698
844
1700
1498
984
1946
2132
544
598
2364
800
554
1526
1180
2404
1798
286
2140
416
2017
1346
284
992
2462
458
1658
1862
1024
1310
1610
232
974
2009
378
150
2040
804
6
412
1868
1156
2563
2260
1912
500
2627
1394
960
2328
2390
2257
2182
354
2287
1782
1128
324
1352
2432
2255
1032
2151
2270
1262
758
446
152
2232
2396
2612
830
1886
444
454
30
1712
436
1390
262
2158
92
498
528
1088
270
2156
338
2
282
2302
1498
2362
1450
1352
562
2514
540
1846
1022
2611
758
1600
2068
1474
612
1272
1678
1096
2394
354
2366
2473
1728
1214
900
572
1967
2372
220
1899
96
2199
2424
1834
2405
2227
1458
1110
426
2247
2322
2403
930
1756
2412
1430
10
74
1120
1350
2515
348
718
1776
34
1284
188
1922
1052
980
1704
724
2257
1340
1908
2239
2028
2694
1374
2006
800
284
1096
2362
2540
2311
2262
2426
186
248
1570
382
1344
2108
2214
1268
618
748
732
400
2466
430
1318
558
2101
574
28
1382
2270
2206
2340
888
2372
636
2292
826
2083
62
416
1964
2379
422
246
1678
348
348
148
822
2595
2534
1848
2133
1362
780
2347
816
1544
2174
118
32
1758
1370
950
2584
402
1140
2184
2116
2397
2333
2130
2386
2372
2380
2549
444
332
46
712
1552
2342
1936
648
2461
2164
2719
432
1552
128
2312
2483
2336
1596
2698
550
870
2374
2022
898
2141
2305
1366
2378
652
428
2208
1096
1276
2206
1592
934
12
854
2436
2450
824
2088
932
680
1648
410
320
2237
330
