1482
2185
2797
108
2102
298
1288
62
1202
2254
1452
496
582
586
2414
2370
2088
2041
1156
122
1402
24
2022
2335
2414
854
340
984
1080
2232
1468
712
370
748
142
262
76
1880
2382
692
346
1232
1862
884
604
1192
2189
610
2083
1764
346
1858
1478
1868
2573
1184
1649
240
898
1734
282
2209
296
368
170
522
2129
1208
348
2355
360
2305
994
2517
1510
606
2353
122
564
496
2070
6
670
2480
2487
688
1744
580
618
1636
2144
744
1777
512
1636
218
2223
524
2726
2210
36
394
266
160
722
284
1720
2000
1004
1040
238
742
2178
1396
560
1768
2683
232
2146
708
764
2364
2510
1552
422
2038
2456
308
340
166
848
1944
460
298
2320
1994
392
1714
2053
240
2406
2334
1232
390
356
390
498
2782
1078
998
472
1734
1922
622
2078
1684
1166
522
978
2320
954
960
1262
2165
2595
1600
2549
450
322
1386
674
1298
1184
1626
2080
46
2621
10
1306
2193
1478
1278
612
1644
2480
1432
2442
2172
50
222
2293
2546
428
648
412
346
2624
2251
1480
2178
478
2156
2297
2388
120
1686
1282
800
18
840
838
1536
1136
1450
540
2226
2472
1156
184
2246
2181
1388
2506
414
2140
1214
2118
306
2183
2007
332
2049
2507
1630
2402
2365
1012
1843
18
50
2638
1274
650
1626
432
378
182
2260
2168
2101
1838
2297
2090
2578
1656
1030
2374
310
1604
2515
2308
2454
474
2068
96
770
212
1428
244
318
312
1462
2106
754
468
2408
80
2286
1216
100
888
1584
1042
2360
2116
1054
282
1474
2094
348
1786
1944
2240
270
52
2650
1414
1492
14
404
2341
1246
2357
1364
618
1060
420
1794
2176
2083
1118
124
1138
1354
1102
1594
1738
672
256
34
2282
508
1140
1586
2052
2238
2082
1880
440
1936
2304
1140
2126
876
2505
2407
2650
2359
2616
2466
1856
398
822
2366
870
2038
322
544
2366
772
122
1964
2179
1909
1120
2638
272
1536
328
2223
328
1730
2312
2297
450
1290
222
584
318
1834
2516
1822
1184
1630
2130
1846
1064
246
1200
104
402
1917
1813
1876
752
834
2475
1104
1010
2324
2476
2318
2078
2470
730
1580
2134
632
2234
2338
1766
2000
2455
462
1322
1810
366
2184
390
308
1174
2374
2358
2218
1538
2659
608
2159
2579
1542
2388
2046
2474
360
532
310
2466
1008
884
2010
2672
1486
286
1919
2304
10
2437
2479
2416
606
1118
2079
1160
430
626
562
1304
814
286
1721
1570
62
842
838
2290
88
1350
882
526
2203
2355
2265
432
94
984
1718
1576
712
566
722
484
1436
2538
76
784
2003
1382
1246
1740
800
1686
322
1274
1060
988
154
584
1344
2137
1726
1587
2423
1648
2263
1715
216
326
1308
1863
178
78
406
2030
2522
2371
1962
550
2410
170
1736
1176
92
1384
144
1946
892
2183
2347
2414
456
2350
1476
380
1721
256
2221
2068
570
2384
1934
2188
1342
2170
436
2026
1284
306
992
1046
180
2296
2425
222
2336
1056
1712
712
2397
202
74
1602
554
858
1722
1486
1422
306
760
2529
6
2228
2279
1479
2
150
216
64
314
2298
148
2387
2510
2061
1018
676
2213
946
1220
1476
7634
1742
2184
800
108
1903
960
110
1923
1530
2499
2245
2145
1736
2678
1226
1330
2212
520
618
1032
2466
1160
140
2093
754
1766
938
1680
740
574
310
434
1026
608
2122
1098
1132
2394
2248
2027
2041
1903
2163
2165
2232
340
2201
1180
2553
392
842
434
1776
104
1614
2628
498
1961
470
706
312
2322
2573
2237
100
2557
294
1866
342
1754
2002
2001
586
1318
390
1840
554
248
1376
524
870
398
400
2749
1100
566
800
2485
712
1098
2239
290
880
888
1846
2272
1120
76
188
386
768
1484
2225
596
938
2084
2484
612
2394
254
268
178
1020
196
2486
1600
1196
144
2102
1118
2182
2386
1672
1890
1840
1300
18
2118
2294
2515
102
1764
2402
1574
2354
2409
294
922
1214
1660
1070
1054
2398
1404
1780
448
1750
846
2332
118
1934
240
186
2245
2392
366
2225
1960
2368
2357
2121
2993
1666
234
2301
2518
1118
1884
2278
1244
2751
2186
2177
1846
386
1076
488
1905
2366
1356
2394
386
1086
592
64
1850
2155
2166
544
1066
2263
1990
514
2448
2163
160
1334
410
2436
498
1200
110
814
660
1932
1020
1010
226
1794
172
1368
92
1514
1220
1462
782
220
124
2206
2382
594
2749
1830
1256
58
472
1878
968
2331
1250
1796
2503
2274
1330
388
626
2029
1734
220
14
2342
1750
2284
156
2359
2370
196
440
920
2562
904
2009
2300
10
304
810
406
542
1198
1048
1626
202
12
2086
2281
210
2393
816
1857
204
678
2286
658
262
1981
616
1980
1889
772
1646
944
2294
906
1598
2211
168
928
846
2201
1618
2141
714
1514
2130
1752
40
214
376
2391
2206
1536
2013
1184
230
2337
1782
2636
2259
404
2021
520
2285
2373
136
926
442
304
2214
138
2167
198
2267
768
2046
1502
2509
312
598
2490
2046
1398
844
826
552
416
2091
2522
1854
2383
1364
166
688
660
2058
1522
2011
990
426
2329
1890
918
1054
476
1370
828
2144
2354
1114
1362
2276
1352
2293
506
876
1766
2214
1804
1690
588
2018
2109
2233
1798
622
326
2463
1072
208
2246
664
1526
1550
108
2031
102
632
2280
332
1929
1470
2210
2093
2172
2054
768
1545
2486
2214
2154
1216
2396
1042
852
2086
1266
2255
122
88
1024
730
2356
2190
1430
1963
1164
1208
456
1232
2295
2199
198
2145
2027
1372
1866
2252
762
136
362
1584
84
1852
220
1804
1220
2363
2168
2580
2489
1124
1384
384
614
1408
2025
170
376
1442
948
186
2324
2545
2439
2259
130
408
672
2573
1354
2439
278
1344
1860
402
2436
492
2100
1482
1838
624
534
1944
390
416
1968
1652
1380
648
2237
2632
780
748
1985
2100
1188
1889
2166
2036
1344
2190
2172
2081
526
360
398
434
666
2234
806
2209
1931
1594
2171
214
1666
2177
2468
1382
490
472
1112
712
106
1870
784
1614
500
1848
920
1928
2012
2508
972
1578
2103
2257
136
2312
60
984
1480
2612
856
2123
2191
2210
1666
2476
1840
2128
884
2422
1370
2339
2278
2239
2362
2204
1290
2153
2076
716
332
2175
896
2161
2432
892
1076
32
328
2612
1895
2678
66
208
1404
1280
218
72
18
1682
718
1540
1998
2549
268
2295
2019
350
1026
2062
376
2290
1210
2421
2140
1614
1410
378
2105
204
964
1942
840
2360
2118
2216
2092
2325
1128
2602
2490
1258
1974
1796
2376
2104
240
1796
2163
1770
1430
2479
584
2606
1470
2474
242
294
1969
1338
908
2110
2388
328
1442
2418
2230
2481
2252
2370
2543
954
2014
164
1626
1202
1548
2431
1716
488
462
2451
2509
32
492
856
1894
1931
2413
2838
692
1828
2265
1959
2004
858
2259
2012
888
2330
1908
2254
452
1702
1605
514
1812
1758
2400
742
800
2150
220
1737
272
2137
2318
164
200
2059
2522
1000
2517
808
958
1268
1792
496
410
1490
1887
1622
254
390
312
12
1264
78
174
330
1002
1823
1044
402
348
1894
2354
152
522
262
622
368
1848
284
2993
628
1799
2072
1880
2176
1854
2299
2253
638
2420
802
1790
1014
292
370
2050
456
2003
1218
810
852
226
944
1496
250
710
2134
1342
2386
356
1504
2468
2377
68
496
2138
1960
2273
1971
2026
2038
1052
2455
1378
1252
1020
1630
112
2484
466
450
860
1964
920
294
2133
2065
2384
1998
1366
1106
286
1292
316
1628
290
2543
2728
1554
2746
682
2159
778
212
2544
256
2118
1894
2326
2600
886
2064
2046
2459
2984
1442
2422
958
2070
1826
2603
1066
2021
82
2624
1760
2013
2413
238
302
1812
814
388
2384
152
212
834
2132
2092
592
448
2219
2486
532
692
276
104
976
182
1780
2552
446
694
726
980
684
112
128
2375
462
1616
2223
2012
2396
1044
1552
2060
1913
746
2470
1354
1580
1807
642
164
946
2345
1094
1366
1702
2044
136
154
926
534
196
712
164
1048
2062
2563
1146
1358
1396
1026
1718
1504
1414
2316
648
1624
1876
698
326
624
2229
846
856
1350
606
1588
168
2504
2224
2283
1800
782
2420
726
794
2199
1446
2616
720
2290
2319
2381
2200
2118
1834
2444
702
1924
750
2127
2671
660
1688
2640
190
1112
1372
84
2099
1608
2799
1426
2534
152
1858
130
1308
514
1570
2235
680
48
2095
434
1056
2200
1930
772
2245
2165
8
2272
736
2328
1682
70
2098
786
148
824
1744
2144
2312
564
2231
492
2391
826
2238
2078
306
1652
2168
2353
526
688
1114
836
134
1384
1674
136
2131
950
2074
20
2344
28
1724
1306
1516
1298
2306
2210
1574
2019
1226
2080
2300
2160
128
754
1580
252
2050
2319
2214
310
218
1022
588
38
2395
1390
2318
230
1210
2165
2395
1052
1898
118
2369
1802
604
1144
2439
396
598
362
1024
118
940
2512
60
364
1114
1686
138
1546
1967
2232
2565
548
1348
522
2367
1088
1640
942
2096
1416
2162
380
2172
244
2137
1372
1398
44
2427
604
52
2010
586
1796
2667
1893
2192
2442
2050
802
1790
2156
570
18
2336
2024
222
1412
2159
1818
1122
1990
548
1360
2172
2221
1566
366
2286
1590
364
1442
1962
2244
1906
2146
594
2215
532
2432
914
992
1038
2131
2017
166
134
2653
1004
1200
734
356
2606
2378
392
2470
1885
2487
1414
2026
1686
14
2483
1636
2100
2318
734
2293
384
580
2060
364
1542
732
1162
1828
2570
206
2332
2305
2158
1892
1638
2360
1698
2127
334
146
840
2253
260
2703
1034
1855
1054
502
658
1908
1338
2048
226
2400
2182
496
1936
2010
226
1436
1781
112
556
2362
128
2272
2719
2190
524
1476
2417
2464
1020
2290
1468
1358
1754
2375
984
962
1704
1728
2323
268
454
78
1911
2349
18
2138
2387
574
2184
2395
1202
344
1896
554
982
284
260
1086
966
2452
382
20
1010
1740
204
1630
1624
2094
246
198
2395
620
2592
1282
850
186
380
148
1912
2161
2266
1560
296
894
2134
1324
562
940
1188
76
2362
2222
794
1044
80
2123
2396
2346
1978
2006
2032
1072
2384
1346
2112
782
2524
1154
1659
1360
1014
574
1880
2329
314
140
1538
2403
2595
2509
1452
2406
2132
2338
2157
892
2345
2104
902
2039
2711
2124
1020
2182
32
370
942
58
222
1074
2068
2441
2398
2008
2036
2188
2998
524
274
2549
408
154
2429
1980
2570
420
104
1340
2364
2414
80
90
430
148
150
820
56
884
174
952
2041
2323
2656
150
2262
1832
1728
754
1756
2320
1370
112
1274
1498
82
8
2630
2591
608
1741
120
978
2484
2543
1902
514
2046
578
2
2164
2589
216
536
660
1536
2132
2363
2243
1566
2543
2256
2264
640
1620
2470
2114
164
660
2062
2205
2470
2294
70
1838
490
2320
268
118
1690
322
1402
550
224
88
2105
824
1298
986
2391
2158
166
584
366
1648
560
1868
306
792
1982
2499
2268
530
2465
2428
590
108
2315
2453
2139
1506
1408
2145
64
252
2300
2224
214
2330
84
2373
1186
1961
746
734
906
1584
362
924
864
1974
2371
2032
2626
2274
618
2350
2232
2090
1566
1620
2018
516
684
816
110
392
2265
2030
1821
2386
4
1578
2335
2228
896
1546
1420
602
282
1238
2461
654
2056
168
2220
2089
1936
972
266
638
2044
1508
690
2422
654
2719
1748
2324
306
36
2589
1130
534
646
904
2194
1202
1788
1132
2476
642
772
1502
2379
164
1220
30
2346
324
2362
458
2343
2064
2177
18
1368
1266
2697
880
2319
510
988
1146
1949
60
1737
1270
1430
62
1774
2046
6
2516
2251
1937
460
1036
2030
2060
2148
482
2140
2577
386
178
934
2555
2598
1774
2509
950
2274
2430
1760
788
2404
2405
1875
1184
2273
1494
1846
662
204
288
502
2594
784
714
2195
2414
1200
1223
270
1340
2073
1140
2186
2000
1476
44
264
350
1893
1186
2153
82
494
2133
1749
188
294
88
464
702
2473
1792
2251
1140
116
1308
2340
1596
2285
2331
2090
306
726
246
796
1733
166
34
2854
12
1258
1574
678
412
1918
1004
1534
1737
888
306
608
1518
620
2585
2032
2288
424
1698
1994
862
2192
930
2050
2185
1904
62
50
494
2020
366
2018
462
2252
2022
2011
1438
1628
2677
900
834
1562
1638
2261
2333
2194
1808
1432
364
2266
1746
1848
2504
2174
2491
186
402
1776
48
1008
2350
578
2248
2278
2560
668
1908
2596
2089
2633
924
1000
1384
452
1334
2174
348
1334
254
1650
2278
1420
2401
2497
900
2494
2139
310
464
2316
2671
790
1238
298
2331
2412
2170
896
2223
2142
966
122
1680
2185
642
1665
2228
2138
2212
748
4452
1258
2136
2004
2380
1218
1228
130
218
128
1792
148
2306
2070
2513
902
590
2031
432
2094
66
1202
92
6
934
2985
276
1378
1917
1006
1110
324
1504
2486
1532
2270
1995
224
1766
2236
1988
2435
2185
1989
2105
2272
308
2416
1104
1996
2334
820
1858
2362
2
446
1046
2594
2632
1994
1284
294
2586
2241
1388
2388
318
1276
1188
2084
1652
1452
2175
952
1472
2194
2036
2184
1212
2404
244
892
944
808
586
1314
1308
1680
1410
2513
898
122
1748
2279
818
1992
2230
1320
260
400
330
2398
278
2320
330
2269
2335
226
1156
1164
228
836
252
80
1474
2419
250
2188
942
2301
516
918
1912
1432
2205
1480
920
676
506
2254
678
302
1935
2289
1002
570
2115
2039
660
1170
306
1887
550
844
1000
1302
94
1974
2264
2782
94
1829
2423
1464
466
2134
1654
2415
2138
1184
1244
552
1116
716
2182
2458
400
1296
494
760
2192
856
662
716
2404
484
736
2168
2327
878
2276
618
150
1894
814
1945
1898
2501
2559
2479
2334
510
1000
794
62
2078
2098
128
10
932
1998
2098
2118
316
2235
88
1490
2230
1854
160
2258
1955
2438
1174
2258
2302
1034
2710
862
2209
10
2178
666
1990
1532
2468
2178
786
212
954
994
2060
140
1540
700
1510
1328
2131
2560
1862
1032
2266
1536
464
1682
1944
2351
926
48
1528
458
336
58
2618
626
1766
2126
772
1370
1172
1382
2364
48
2553
2320
1652
2367
2114
192
2436
1632
220
1706
2255
2255
2200
2257
2144
2352
810
1905
2507
996
322
136
1090
342
1000
862
1080
2525
414
1172
66
2673
1208
2094
216
1466
2334
720
784
2407
1362
2486
626
244
1334
2048
614
688
206
898
1080
2429
20
1736
938
734
378
1154
434
1762
418
214
1374
1458
562
1824
254
40
1915
1856
618
2293
116
2834
46
142
2045
2144
464
1944
912
2250
174
828
2277
1754
2439
8
808
94
2227
1218
2098
2711
2127
2309
2331
1979
2219
2011
974
1100
1154
1102
548
156
1886
1541
824
1925
1942
1442
1264
2488
2595
376
2425
2184
1820
2209
670
2125
2139
790
2326
2066
2096
2352
610
2170
2361
1960
2313
1980
2088
2086
1901
322
2217
2124
858
2420
2259
2251
364
1570
250
914
754
248
982
2197
38
658
374
1804
810
1492
2376
1972
246
792
2425
2353
2700
1146
640
2254
2112
1904
1969
2203
1932
1320
1746
1812
548
1624
1886
728
60
864
984
594
2266
1040
536
778
1162
176
2063
2296
2210
146
846
2426
2343
8
474
338
2428
286
210
610
1772
1712
2571
944
882
2428
706
1348
2277
16
1354
2236
360
1680
2538
1528
2564
1914
444
662
1760
2442
1662
1074
1126
962
864
1472
2171
2792
1316
292
2344
878
758
2014
1792
2419
2500
2659
1680
306
1480
1042
2620
2222
2050
1076
196
1598
962
476
598
1376
2524
1406
978
196
530
934
1912
2383
916
852
2152
2212
1804
262
2048
1344
2525
1030
1916
1146
2527
464
260
2550
712
1358
1346
924
646
2170
484
1364
260
1904
820
1350
1198
1464
2475
1936
2002
1310
486
2322
556
514
2064
2
578
324
906
144
654
2820
344
940
116
280
1966
212
150
2299
2086
220
116
112
890
290
256
1372
2221
282
2049
1972
930
1394
1266
866
732
2161
1410
692
2150
252
88
78
2562
46
30
656
2145
2064
2377
282
352
1516
2076
162
1854
266
2291
1892
2292
1856
1328
2166
2239
820
1554
730
2483
2304
2444
232
1882
1276
2280
1390
1924
1352
1396
2190
2451
2118
240
2568
562
2209
156
2488
2111
1406
52
2291
92
1376
1846
1250
1628
2427
2163
646
518
542
2442
2360
1576
1901
2377
258
2664
338
42
1486
1152
2451
2093
30
2303
1298
868
2217
2330
2409
62
126
2208
2528
2126
1480
832
224
688
1180
1913
1060
2456
2389
1054
2156
338
1985
402
548
718
1528
2362
990
2349
488
62
1939
1110
2365
776
1078
2445
750
2198
2421
496
2208
24
2714
754
2357
1044
1354
474
400
2297
670
1440
2482
1106
1512
1218
2711
364
1930
1314
60
2377
1833
2253
2108
1280
124
2479
1812
2254
800
1488
238
2258
2664
1394
2509
1412
1528
666
1548
132
120
36
20
628
546
1462
1376
1056
1450
1066
2124
2393
2181
322
2253
492
2214
408
200
2190
1126
1472
1616
2268
96
2785
1782
1816
552
954
738
2484
812
1992
2415
1488
860
2164
4406
1172
2332
2361
50
2005
2653
2455
2128
654
2322
2248
1342
1012
2288
250
172
2285
242
2315
2422
2417
1242
2500
2635
1867
932
576
2463
990
564
108
650
2070
82
2443
2318
770
2369
328
196
854
360
2499
1878
98
94
370
32
1660
2440
1112
2065
2503
2813
210
106
552
1796
2253
1826
78
1622
736
1484
240
2454
216
274
266
830
2525
2032
564
1736
2147
1346
2101
420
2683
182
2489
2461
598
342
2208
18
38
2011
1898
206
1802
2329
1064
1132
1378
876
346
