2212
184
1412
2291
182
342
2229
14
1460
1358
2155
1434
2452
1898
2143
2161
754
1850
1330
1118
1924
1070
1832
328
1182
2409
1568
2328
1795
48
2336
2049
1854
1278
1254
2139
272
2510
1088
2185
296
1378
132
496
2388
198
2034
90
1702
2470
578
1056
2666
1492
824
2204
196
334
2598
2437
512
1046
2048
2437
1660
246
2228
762
2350
1272
2436
1596
2338
2308
242
1284
356
904
1088
94
1192
1512
1694
1640
1824
2226
92
1434
1780
458
286
2374
938
2466
1958
1220
2068
2566
2298
2324
2040
1794
1840
1066
476
1364
2574
1375
2016
630
332
536
2153
428
526
796
472
1988
132
584
592
2498
2121
1512
2220
674
1626
984
744
100
100
200
2360
588
52
2221
588
566
162
500
1682
98
112
1526
610
2068
2405
2470
2402
954
502
66
2453
1870
1392
2563
2110
1082
2357
2481
1100
2
460
1046
1138
2307
1684
1922
504
2684
2459
154
378
1768
1476
2258
2554
2582
316
2173
444
2218
2392
1550
2548
1698
528
2258
2265
2509
2053
2384
350
634
1698
1608
2475
36
2719
1902
2087
1968
2239
1980
1964
2124
1940
102
498
444
120
2267
380
714
6
1326
698
2104
1248
2122
680
530
1894
2332
986
2073
2081
1752
2131
1736
2433
2058
846
2499
2357
354
944
950
2198
2117
256
1704
624
52
2261
424
272
782
2403
1747
1498
2334
2397
618
2428
1822
2628
960
424
460
1992
680
462
84
2214
296
144
1202
2277
1128
2108
916
820
1600
554
2133
230
2073
260
2347
480
1402
2403
1126
762
1558
1058
1300
350
2242
1772
6
2529
2381
796
816
1922
1942
2142
1758
284
52
600
2490
1886
268
24
298
2028
150
3076
1567
76
432
1466
630
554
204
2563
2419
328
652
2
158
1142
2539
2505
326
2382
2260
114
2448
1444
350
1424
358
80
2061
2068
1803
1012
466
1186
2578
524
296
38
2715
2631
256
2408
188
1508
558
1970
1590
420
676
1772
1906
2121
510
36
232
334
2182
1460
2223
850
48
1949
430
298
804
1150
2163
240
2263
1402
340
1904
412
1880
276
2269
1847
32
2134
2472
354
972
108
2254
86
596
2344
1910
406
1214
1154
944
1442
2334
1094
2103
1562
2148
1660
1528
2332
2044
1246
982
2620
1302
800
2123
900
256
876
480
2286
834
270
1786
102
2212
1118
702
1968
2012
560
944
2501
758
1606
2436
2322
2300
1268
1220
1662
94
2385
2020
2052
118
442
78
304
844
2046
254
362
1050
2532
2142
2292
788
1428
152
558
620
840
1064
64
2539
86
618
2571
168
444
2520
2121
2
136
1160
1170
250
2112
1340
590
572
828
42
646
1320
2574
2149
2562
188
116
1300
2293
598
2386
1142
212
2222
2395
2254
2356
2156
626
504
1446
102
1230
474
624
812
120
8
1318
2252
2190
432
2047
1890
1851
472
1264
1338
2287
2006
2468
1710
1632
210
1934
1964
1412
620
10
780
1994
94
1962
788
916
932
1961
1154
1715
2446
1508
1887
1920
1540
1050
1574
2368
2243
6
550
1632
2315
46
996
70
1920
54
808
636
1234
2482
1220
1288
262
2314
2147
1230
620
2222
66
382
2472
2255
712
1178
804
1858
1326
162
2132
2411
732
1539
2269
416
394
2264
946
366
1442
2226
308
1914
2287
1478
1576
2296
2376
1232
802
548
902
1122
626
2458
2222
2349
180
2212
1348
2088
472
2145
522
2302
466
204
1430
2299
1226
140
2182
2132
2262
2318
2662
1554
1636
224
2407
2037
512
1030
1252
816
1832
972
342
980
28
884
176
802
60
1338
1526
554
2219
1936
278
1951
2028
1196
1492
2160
1054
1666
2187
426
1160
2324
1022
2152
2397
2016
2192
2352
200
174
2956
2302
34
50
2744
2086
680
2280
2350
130
2091
1838
488
216
2478
2566
404
286
2180
2273
2521
1336
2403
180
318
590
280
1770
380
2111
364
1573
2065
2355
1842
114
2450
2661
1648
76
1922
2214
656
694
2097
2236
100
2452
2298
2118
76
2091
306
2239
12
2073
2449
1994
2306
382
2078
2400
1140
2083
2193
1629
2193
2334
428
1904
2259
2362
628
1581
888
1840
1040
2278
2326
2467
2371
1370
2416
2056
2038
294
44
538
2096
2243
1888
1324
2249
2185
1758
1985
2113
2076
720
2074
2249
1510
1991
512
32
450
1810
2140
1108
2200
352
2258
2156
2020
1198
1924
1962
1198
86
204
2288
700
2156
2260
276
2315
2338
742
350
2306
2335
2230
1752
2413
168
1506
2343
2262
226
1932
362
340
100
606
426
806
2331
2072
2000
904
30
1981
2227
508
2344
276
194
2104
224
444
1914
896
2142
870
2055
1554
88
212
736
40
1042
1360
90
806
1012
322
1410
100
638
666
1794
774
84
214
1016
716
878
912
1454
104
1926
590
302
1574
2110
978
58
1369
44
318
2643
664
2212
442
128
2530
986
286
1042
536
1194
2278
2161
408
2057
1650
504
450
2240
2284
290
1828
2069
1458
1272
236
2368
800
2362
2143
2549
2170
1868
1902
648
2078
138
2164
2104
904
1930
1438
2422
2004
750
684
1948
2283
1570
2437
132
2574
1010
114
2373
2168
1216
752
246
852
920
2052
1406
2316
2071
1092
1466
2170
284
516
724
2012
3493
424
2353
528
1610
568
1710
2252
2233
654
2425
462
720
1548
204
448
880
690
2029
188
2297
212
636
2213
1566
892
66
322
124
1906
82
2045
2144
2130
1100
458
2144
1250
1382
1694
1352
2178
2187
468
916
792
2140
158
2007
500
2484
1952
1318
2236
2070
2038
2182
2112
772
2330
2377
268
926
924
1932
208
1200
510
336
32
1840
2415
2242
1012
2288
924
2202
264
2089
234
68
2428
2001
1016
2433
366
2284
524
2649
306
2633
808
1706
202
662
924
340
2153
2114
1898
50
2098
2076
500
2415
76
92
2295
1758
700
2081
188
344
2259
1058
770
2024
194
1392
928
2271
62
1718
1543
2046
290
1092
1152
2331
2390
646
228
1732
1996
376
2207
2207
2350
502
1724
726
218
376
54
234
1374
154
1206
600
104
950
1234
62
856
2101
1516
1248
44
94
58
458
566
1090
2224
906
2522
146
300
864
2201
186
6
246
1088
1676
412
322
2279
1364
2045
1508
372
166
2057
18
1198
2358
1030
1848
548
552
2106
1360
1865
524
934
2519
1380
2102
2427
894
780
200
344
632
652
2001
1542
968
2016
2282
88
414
2395
1833
336
1438
2168
2312
2282
2270
1894
2399
2243
1240
1318
1060
14
820
406
2359
1142
2143
1770
1973
156
798
1744
1623
2198
1994
2360
262
2142
1989
238
1390
268
86
672
92
790
2592
1336
158
1124
190
1052
1058
392
698
2304
808
1036
1088
1464
930
1684
2190
954
470
2525
268
1910
90
2332
1566
920
234
660
758
1446
54
526
2497
130
884
2312
2233
2252
2500
24
444
2150
1360
2256
1198
2019
2488
982
106
2164
1622
2046
2613
864
2349
2152
1256
482
1708
1590
810
490
4
1008
1162
246
1752
1988
4
142
2113
548
1134
2545
566
2543
300
2298
1622
200
324
624
2466
2282
1856
2487
1380
194
332
2376
2382
1300
66
666
528
76
896
1754
2634
1390
2397
720
2327
156
386
742
2201
2244
2430
2312
96
826
2058
2282
2519
508
1774
856
90
844
2179
758
1436
1246
264
2511
434
474
872
158
370
2089
2007
80
2374
36
1232
2149
2412
2244
1891
1242
1810
1636
2598
2054
432
2028
2252
780
458
834
160
1146
624
176
2089
2360
216
868
978
1120
2051
2101
582
982
1376
1318
758
2159
386
214
852
1605
1327
1991
284
610
2577
2008
2344
2254
2216
836
524
54
1925
1903
1902
1108
412
542
432
270
2142
822
1146
46
1787
1584
370
2262
2014
1994
2471
280
2390
1842
776
766
2122
798
1832
1892
2374
2408
1344
408
1948
966
222
1004
994
1020
782
34
2392
2554
2445
2362
964
996
1280
1198
104
1960
866
1586
862
866
1578
40
2423
730
1574
2195
2092
2420
696
252
24
274
1976
2304
2241
1268
320
448
2200
2051
1074
114
1108
1214
2325
1436
580
368
888
20
12
2361
566
1198
332
1038
2255
894
190
714
2377
2256
1651
370
108
38
2529
1938
956
1112
678
24
1592
2121
96
1949
2050
2263
1390
1836
2074
110
214
1802
2331
1374
2479
714
972
714
1924
2474
1754
246
932
2185
22
2446
322
76
696
2334
842
522
1618
346
1470
812
66
614
368
128
1124
250
2755
2218
1790
1010
1448
634
640
2937
90
2058
774
444
764
614
2080
1298
1122
2462
2088
1274
1969
2257
350
2348
1234
974
2491
2102
2109
726
2297
284
1686
550
2427
484
2257
1930
1911
328
2384
2263
1806
130
302
1714
152
402
2908
1172
1532
1516
1386
824
2019
40
288
976
1880
2452
980
1764
738
2405
2563
200
2443
1840
2381
2566
2090
1086
240
2163
1058
966
1452
1154
1052
524
788
122
1384
1979
2034
534
452
1180
1314
690
2099
2223
68
1702
600
80
1310
1812
644
2438
18
848
664
2462
2293
2411
2403
1464
2054
2247
2692
176
88
210
2072
536
2432
1854
1148
800
1044
716
2445
1402
2116
46
494
1824
250
2696
154
174
328
1198
2169
1827
2534
382
2495
1992
1694
2565
1920
80
2003
1390
184
1254
22
10
2212
1024
2498
1434
2060
1708
2282
2260
2209
960
240
2062
620
2013
988
2425
2104
156
564
2364
2248
510
340
2060
2143
1622
1502
798
2544
2388
378
2171
148
2402
32
1686
1978
140
308
892
1814
808
2216
980
1802
782
470
814
916
2053
2263
2153
2122
2655
574
1829
698
2224
356
836
296
574
1334
280
62
1172
520
144
1024
1430
426
938
2659
1528
1648
1778
1977
616
226
1240
554
686
942
514
962
2455
32
1020
838
2373
1058
808
376
972
1596
640
320
534
762
466
2409
2435
2618
868
2004
2452
2105
304
1568
882
2377
1034
752
620
668
346
2083
504
162
836
1000
2659
1240
1522
1988
2377
2462
2056
464
1582
1768
2662
634
1044
982
2218
1594
2511
2230
2072
258
274
1368
614
482
2400
2389
2228
394
986
2309
1254
1820
848
156
2481
2122
954
2173
2162
1134
484
746
686
556
116
756
1526
2448
568
2340
798
462
338
536
2156
86
734
118
2424
750
896
2024
472
392
1944
304
2194
2618
452
1326
468
2551
2194
522
912
2494
2334
2335
2416
2161
1948
2383
1050
1082
1070
1470
1044
1946
1634
1544
858
1906
1578
432
850
438
2108
738
2220
1184
746
2349
1430
1124
2385
38
722
2278
182
278
762
496
2342
308
756
2184
2445
884
698
498
1821
940
312
2449
1438
2387
2006
2312
46
302
1978
588
950
880
2508
1644
1230
2443
2178
2
1980
2180
2112
2309
184
860
1889
800
2488
82
872
752
286
2066
2158
454
454
2004
2177
14
1885
404
1596
540
662
946
1793
2130
196
936
186
2612
438
810
690
1908
494
2462
438
2338
2544
490
2216
78
1020
534
396
2004
178
932
1903
18
1176
1644
2163
692
140
844
2513
2279
322
938
1238
1794
1764
1266
1332
852
98
822
1856
1940
2460
1300
668
1870
960
2401
1506
2332
1280
2074
248
774
256
712
2323
2530
1971
2264
1886
1965
2337
2790
2450
2048
2316
74
2091
1258
594
994
1826
124
716
934
2251
1681
1454
1674
2188
1690
2164
1712
2470
508
2335
44
1864
1256
782
1496
1780
316
578
2367
760
2611
526
2131
1126
1674
2312
780
2546
224
102
54
208
1842
2288
2453
1982
2357
1780
942
2230
598
1598
1496
112
462
2265
686
262
872
1292
168
76
94
1834
1014
798
2108
620
1106
1362
166
2515
2282
1666
2348
1422
1184
2253
2721
2073
186
2180
2274
1146
2521
2110
1400
154
706
690
1616
2230
336
1644
1700
254
802
2492
2262
2295
658
1036
124
1422
754
2547
2583
2300
2118
2276
2584
1764
1868
1586
1972
1998
360
2266
472
1912
2081
2140
1216
2208
1907
490
1848
1926
1056
1558
576
100
1728
864
1704
1168
464
4
1705
2234
556
646
1788
842
1654
1922
486
152
814
890
1040
784
2279
162
1088
2441
92
2030
2442
1628
2173
890
732
1508
1738
2032
2346
566
2103
64
1580
2205
1270
1933
2269
632
1094
2145
1128
354
216
1182
2127
6
2141
2044
2205
1014
2112
520
2183
2606
10
1316
2079
1254
2009
2363
2134
1944
20
2370
1422
804
320
1474
370
2027
26
2589
2361
2255
1864
1122
2346
84
1762
1526
2043
2259
1912
292
304
2299
2423
1744
2231
432
2412
2378
1812
1316
78
2154
380
2432
1844
1972
2322
2010
584
668
1544
714
1641
326
2150
814
1514
2189
2321
1902
2595
1786
2377
1782
202
2087
2180
2340
610
608
1800
2185
532
1610
430
1016
202
546
204
2461
2310
2000
432
986
1172
1344
100
774
312
926
2470
100
632
862
2572
2416
2250
1162
2158
674
616
692
2101
2572
2329
314
1456
532
2043
566
790
2085
1866
2067
192
338
2474
8
2100
742
60
548
184
904
2600
2449
1766
566
1192
446
1712
612
2072
2363
2915
1514
1826
1838
2235
2434
366
2413
380
1458
2204
1000
784
2127
1300
2031
730
70
1688
2201
1998
754
66
32
172
1146
1044
990
110
2260
52
794
1452
1364
802
1086
608
1680
36
2302
1184
1715
2655
252
10
1588
1002
2140
954
1618
2188
1362
2091
408
294
196
1146
700
612
2460
2036
2118
2041
742
2494
958
2065
1444
322
2287
1797
1918
2152
1310
476
4
648
2155
2383
2012
120
2554
1468
1820
1376
2313
2418
2348
2189
1932
1690
990
2032
2177
1974
1674
1610
110
18
1744
1790
70
2323
462
1028
2197
1102
320
110
16
1498
1928
2304
550
974
894
1494
2195
1962
342
664
2520
2027
1988
2397
2225
2488
1838
2524
2485
834
1722
18
44
1074
1196
2386
2092
1926
594
200
1764
854
606
542
1981
1186
2426
2064
140
1830
1068
2068
496
2497
574
726
2134
856
780
1322
900
2041
1958
778
1230
2056
1652
394
272
1414
560
1634
650
2177
1368
574
784
910
2309
996
1382
1416
898
232
2320
2341
2636
2310
714
1959
2919
2370
584
296
2440
982
1304
142
2339
1008
1320
74
308
1746
1810
220
1764
1804
440
1634
1734
2078
246
2477
898
434
2150
194
1084
194
810
2479
768
534
1989
2209
2164
2557
1514
630
1696
276
340
2467
2354
16
1616
658
2076
798
1438
80
2492
1872
3679
2337
1290
962
2085
1724
1836
1388
238
324
2371
2112
2399
916
2454
766
1126
902
1360
2136
1775
2471
8
1048
1334
1726
928
40
44
608
884
730
1598
2377
242
714
872
1639
1500
2220
942
2187
380
1812
874
2414
54
1946
2534
2054
1784
2442
2531
2588
1258
2379
1432
2314
1150
1288
2026
498
2317
920
1162
2267
1124
80
1672
428
1614
230
1946
740
126
2046
2205
956
64
2008
350
492
2513
2529
2322
96
1066
1382
2400
2010
48
2584
832
544
1581
1390
876
74
2630
568
2179
352
502
92
236
1080
1945
1172
2033
228
856
480
1632
2080
1268
726
896
928
170
1386
1556
216
2239
334
388
276
228
2429
1708
1478
1288
386
2829
1896
2117
1694
1018
2420
1835
1646
114
1734
1656
124
2043
1710
2284
156
802
2455
2364
2364
740
2283
1148
298
2004
686
98
2341
100
2223
2537
2088
462
2392
1374
2160
1208
2517
798
584
718
1096
2405
1830
1236
1334
632
688
186
2104
454
428
2448
374
1624
126
430
2496
1820
2168
600
432
642
470
2823
2210
334
2132
1710
2574
990
1374
2222
1266
206
1654
2392
1925
478
1034
2692
2186
2273
16
1058
1480
1595
2303
162
626
300
1176
62
300
2158
2373
36
2122
372
2324
558
2038
2515
1016
2405
2300
2018
782
2388
1320
20
2579
310
204
426
2218
584
2070
2444
428
1870
14
1832
2308
2165
238
1286
2282
2069
2564
382
48
940
1576
2139
626
2321
2150
520
1316
374
1284
2266
2014
2405
1760
1202
712
1512
1752
66
476
1214
2384
68
1026
2454
1048
2173
2192
1911
2377
558
1444
60
32
382
1258
2000
1952
418
1298
424
170
2674
2590
1382
298
442
1262
18
222
1512
1887
2226
716
398
828
2482
806
1770
118
1774
2252
1604
2828
1869
748
786
1372
2378
2202
76
928
1590
2006
2459
1158
2296
2242
174
490
902
208
2174
2436
2232
2481
492
1860
1310
1544
714
624
2400
2315
2293
2164
730
1398
1592
2333
58
922
1680
2098
444
2334
698
2394
2071
2369
2260
988
2146
3911
868
1724
2421
420
384
376
222
2052
2670
2317
2287
1402
752
80
2796
666
896
1372
662
2424
1232
362
2088
2399
2353
2262
152
60
2093
2310
2379
1024
354
2555
576
90
82
96
2692
1584
1480
1942
156
168
1566
1864
112
868
2329
858
674
1210
702
2048
2354
246
1594
232
1989
1512
2468
2178
1640
2438
602
1002
1831
976
2239
384
1442
1412
958
2340
936
960
1160
2120
124
2311
2554
2142
1580
2274
476
2384
134
1092
38
1568
2318
100
1842
2278
1306
2212
428
282
442
2637
1936
2042
816
1742
608
422
1616
2118
1570
2411
2390
938
2406
1470
2452
3184
682
2154
16
2547
370
2524
1264
592
2443
468
274
2303
2550
2259
778
2322
1962
382
824
972
2339
290
1296
1212
2632
1228
1748
1982
2181
2366
1398
2266
314
588
380
206
1686
2125
1460
276
336
2064
906
1088
556
412
786
64
2393
2454
1416
2758
474
2347
2323
436
316
1110
3149
628
2330
958
1468
2299
2497
986
2300
178
970
88
528
996
416
2406
1426
94
1006
984
980
490
194
2848
224
1302
722
178
2156
146
494
2184
1256
1046
1318
936
992
