1932
52
178
2238
1574
1914
1748
934
2334
694
632
366
2338
2306
1104
2
2369
1780
646
108
1919
2593
942
2290
2128
454
2070
1638
2144
88
1998
1056
846
1808
552
2325
1304
296
1168
874
1696
2388
2396
1720
1296
2198
1150
2532
574
1725
584
1234
2066
1594
48
326
1076
142
128
426
1140
292
750
842
2248
1785
1907
1386
520
614
2571
2013
1802
2700
290
404
1820
1306
396
2495
1296
570
1060
2714
2530
1786
2199
376
2450
816
690
648
2632
1752
2377
2650
2443
2127
2392
110
1952
1957
1787
1178
934
1526
2876
2363
2199
830
1870
2403
2377
2252
286
1969
512
20
954
154
1955
1762
1076
1892
2505
2478
1800
298
2106
60
1648
1628
754
2002
346
1384
2054
984
2232
1896
2096
788
2384
1570
2221
2471
588
58
300
344
1036
1946
1658
1240
28
2366
556
2428
2225
1752
54
418
626
926
1182
2218
258
2107
312
1154
840
1186
1664
124
796
648
152
70
878
2295
1871
798
2218
1296
2082
760
2267
132
1972
604
2084
1096
1372
2258
1524
672
216
688
2229
2344
2335
862
2398
1164
478
88
2443
2466
1564
1754
542
2510
1154
1172
2477
18
712
2200
2579
806
24
2136
2412
2336
1188
1522
302
1714
870
268
1943
940
1410
2314
742
1494
2294
634
2218
196
26
256
2308
78
276
364
1134
2063
2525
970
126
1234
2542
2016
1722
84
1320
1546
718
2043
1026
240
600
612
1218
1132
224
36
2185
36
1202
60
1864
880
48
554
2288
2124
1280
1882
1312
534
1782
458
578
2555
488
2543
1954
1904
236
2047
1914
302
622
2746
2285
874
2003
338
1204
1270
1134
760
2312
1184
1486
2316
2228
530
454
780
1356
408
1626
414
454
1314
2226
2330
1212
2257
1506
1318
142
254
296
2567
2577
1726
344
2452
2188
2473
314
1946
1582
1368
1620
2023
2507
1836
2301
614
2087
576
122
2407
430
2120
24
190
508
2759
1905
2522
2006
2608
2366
2121
360
216
2389
146
512
1744
390
2221
2280
326
2363
2436
1216
2042
1864
2041
912
2710
2306
1898
1656
1840
658
1906
178
2269
782
162
1794
18
612
1122
1706
352
2334
2185
338
1712
1240
1582
824
2059
318
2144
946
866
322
498
2418
388
2112
2056
2115
2531
588
1997
2234
648
1604
586
166
2050
1026
1392
2174
1038
2003
2538
1996
790
1034
394
2328
2223
2495
636
524
1106
2453
1880
824
398
692
160
1570
2395
1076
2361
2214
1714
2416
740
1004
2110
164
572
836
2
2310
706
2108
2210
950
1863
2472
1617
2370
2198
100
114
1426
1212
274
2007
1838
2031
1248
2106
2241
138
1922
2253
2456
158
1000
1052
2499
1664
2008
6
1428
680
1570
526
2200
2171
2871
582
56
1406
292
122
1864
204
408
870
1026
1464
2216
68
1188
716
2645
2338
488
442
2489
1362
2015
2526
946
648
2260
1902
1184
2159
2308
2162
386
2098
2450
2242
1660
812
412
2016
1488
46
2217
2132
22
2490
2271
608
558
1992
240
2055
924
2110
1953
918
696
400
2354
306
860
2283
2289
1028
70
116
2359
1892
2250
2252
2340
2554
1672
1440
2225
490
1530
248
2095
1844
1242
794
944
2437
2232
1168
938
2287
1016
2074
1416
1680
154
72
1242
722
468
2301
572
2366
982
352
518
1760
222
312
644
528
1120
680
2422
910
2068
1866
2152
442
2074
2305
1408
1502
804
1828
2071
1052
434
1394
2448
958
236
1916
2216
376
1564
670
2132
1576
2182
2374
1846
478
2060
2196
2232
516
520
2004
2273
1278
40
2452
1402
1993
2513
378
688
1687
1554
2256
2097
1108
1496
828
658
934
506
2508
2434
2146
498
80
2476
1498
1256
2242
112
754
274
652
1852
2259
1628
2123
2423
420
680
1598
964
2386
1374
1612
752
436
1318
540
1094
986
530
2256
2224
2238
636
1436
834
1232
2433
380
264
2142
2198
280
758
1448
252
674
400
3116
22
914
108
1124
2160
42
658
1773
298
286
400
952
216
1626
864
70
944
316
452
2408
2518
1042
2250
2138
1850
2186
2201
934
2538
2674
1076
36
1000
2433
2038
382
106
1923
1546
2450
1742
1628
1812
196
2616
698
2157
1308
592
2489
784
526
832
166
2367
1606
2266
40
462
172
2388
158
2207
2286
846
710
580
2151
1282
528
2268
1940
2113
1744
2318
830
2152
1726
1054
936
2285
102
2110
2516
2290
2139
2148
2004
750
2518
426
466
2186
2008
2117
38
1629
2634
2354
2332
1222
1724
1286
1270
1856
2249
486
2283
948
684
1666
810
210
2343
1948
696
2368
1224
270
2036
1210
2190
2101
2266
230
1910
494
2224
484
1012
2436
56
354
158
120
2705
426
2231
2358
2264
1979
2238
2148
148
2499
2087
1296
214
2024
1404
2136
558
862
12
224
126
1934
2235
1982
258
772
1690
98
2143
968
2180
956
1232
922
1292
752
198
2273
718
1016
1368
2066
16
342
1712
764
2040
1764
1710
1360
1336
1776
1600
248
120
2456
1680
2311
952
1244
8
2130
2393
2074
2308
2314
2422
1851
10
214
1414
1368
700
2135
2239
2400
2111
144
752
906
2331
1090
2012
2222
1446
992
456
1984
40
2400
2151
594
202
2515
248
910
2190
218
1939
482
180
2319
2422
1128
2296
2194
2314
2246
134
2136
22
40
2186
368
2422
2644
1941
1865
1352
330
2078
2300
1723
2056
128
1534
2562
1934
1601
2540
874
2033
1510
960
68
1576
700
500
1318
2033
2043
1148
2427
1954
1652
2034
22
906
2308
2533
428
682
620
766
332
1794
654
1744
2415
266
278
632
804
616
2458
1148
2391
1012
2397
1808
794
1132
2798
48
876
1532
132
1244
678
744
2419
50
100
316
2491
1286
1286
2319
1961
2216
1876
1957
2217
1823
210
2142
1104
1926
1052
222
230
308
164
2014
2215
716
1422
282
302
538
2131
1962
672
1987
1068
2264
2323
2162
2308
2123
190
1452
1104
2530
2395
2009
424
452
1112
1152
1792
2307
1352
2070
920
2529
312
2150
2010
1064
2596
928
188
2329
2164
2040
814
752
1258
900
2493
1642
1498
2254
1192
1200
1156
110
536
1120
542
1726
1966
4
2538
792
1984
1702
2554
1460
2747
656
2319
892
204
338
2456
2065
2725
2598
2052
1984
2338
1480
2357
932
218
206
826
2072
1884
314
756
922
638
2379
2634
1983
2056
394
1538
510
1468
232
2540
178
40
1010
2066
852
156
122
1994
202
2250
134
2306
2048
2411
1970
2100
2191
2224
2292
74
644
390
1642
2486
288
374
2194
1852
1530
206
172
2160
1942
1447
1801
2184
1827
2264
340
124
1680
14
2159
1390
406
428
2707
14
1984
266
2082
252
2050
2040
412
1890
30
12
2378
184
746
2108
868
2480
2090
610
1018
748
708
2253
2066
1903
2443
1900
2337
552
1740
1448
848
2897
404
180
2464
822
2190
896
776
106
1618
160
2056
370
272
442
2137
2566
2053
2278
114
2221
1626
1440
2078
2071
296
608
1744
704
180
1292
370
1564
424
1298
958
466
1050
1020
1504
2380
146
646
770
946
1606
904
1084
2422
106
2447
2248
2316
2724
2444
930
2155
572
2345
1038
1680
376
70
166
782
1462
438
556
554
240
432
1688
384
2334
2632
16
1220
2243
488
1820
1212
2237
158
748
2426
612
854
1220
2670
1226
2333
2177
3031
1290
2088
960
1832
1838
2307
1386
2554
990
1078
430
1632
2112
2540
728
160
902
104
1430
2352
250
102
510
728
94
2027
2367
300
432
1927
2286
76
1790
2190
1114
804
56
162
1194
762
1430
1126
758
1142
634
80
1536
338
1002
1290
154
132
1510
2236
722
366
2769
2409
2174
2492
584
178
880
484
58
1172
2268
2526
1920
748
64
1178
376
58
228
1736
630
2204
1973
904
410
972
2141
1212
1594
2280
2405
2199
2664
128
1878
966
290
2503
668
2197
2504
1218
2179
332
184
2316
898
44
2121
338
1890
586
1510
2350
1778
1082
2663
1174
860
1896
1706
414
752
220
1604
1580
412
2795
2488
1908
1983
284
1014
1894
2531
902
272
1576
162
802
1272
88
2231
808
342
2487
338
1058
2440
428
706
2
748
174
642
400
1448
1558
1558
584
1104
378
456
370
458
158
1990
644
740
418
2033
372
2244
230
1018
2590
718
2073
92
2127
2124
2266
912
2197
1424
1853
874
2102
1476
2366
1290
1278
1524
2116
414
2448
2296
80
1498
2097
2515
124
2179
2420
2090
818
2035
2178
1940
796
2384
2056
2372
856
2393
2266
146
2400
1886
2145
824
2209
614
1829
52
770
2299
1124
386
2422
1642
484
616
36
772
80
118
796
380
1114
2102
2478
70
2259
2342
560
1482
2158
694
2184
2012
1124
468
1534
292
2708
262
2081
818
2146
2382
1336
252
854
2288
468
346
1882
1847
2473
1150
2464
46
1910
68
526
934
288
248
2332
1126
2040
2489
2223
2045
1888
350
476
2432
498
502
354
410
2552
798
2291
286
1460
1038
240
2724
210
218
2331
636
2293
2319
1562
2019
1808
2095
120
2302
2541
1941
902
568
876
632
762
2034
1330
348
98
140
1446
404
2161
1832
1092
2326
166
1290
572
722
2261
2035
2044
2402
366
260
1504
956
2580
1896
2409
1964
2131
626
860
2048
402
592
2214
1980
1274
2205
2300
2207
2183
160
1282
16
124
1236
2496
1438
1248
1180
562
2130
2559
1998
1994
1518
948
2055
2300
1651
1096
1248
2251
64
384
1720
1376
1956
1016
2056
394
2312
806
2326
22
1684
432
2148
120
1134
2034
2501
1886
2114
734
2371
66
220
2128
2330
2476
756
2271
994
624
156
2044
2494
1900
2178
148
1756
2313
1554
390
2132
1931
2385
1788
16
296
2371
2337
868
200
1088
480
1166
2529
338
398
988
2217
2534
920
492
466
1939
2551
2124
154
2262
410
22
232
1846
1786
2319
302
980
2074
260
1626
340
708
2176
466
824
1286
2148
1984
2512
440
1068
2004
268
1284
1232
604
1807
1004
1970
884
246
1784
2087
2170
2309
1490
1892
2408
1762
2342
2423
670
2341
1846
1216
1658
2385
162
970
600
918
1938
766
656
2298
398
2226
964
72
562
308
666
746
720
1975
100
1796
176
2425
794
936
2208
562
1444
28
2524
2468
2045
1780
46
1568
870
2525
1332
1044
2196
2
1612
1188
1668
432
168
30
1730
2522
128
376
2389
4146
370
1438
1594
1496
142
32
2028
552
2009
2612
1050
2266
2295
179
2310
1894
622
1516
2459
960
2719
98
1834
430
2434
818
2554
2004
2408
2262
1978
1074
1278
1958
792
350
312
838
1584
1008
286
1166
2270
2426
2629
2590
2248
1830
1556
1454
236
764
968
2311
2238
1178
1180
2393
806
950
500
460
148
1702
1694
804
230
1884
792
466
1280
2238
212
1631
1062
400
948
1014
1748
2366
1238
1250
3075
1842
2147
1592
1106
670
2246
1634
1957
1402
1240
2228
2439
1582
2292
1140
2339
1370
2329
2385
206
2743
2009
2506
1110
1706
102
878
80
2035
620
778
2328
340
1672
1268
74
410
1896
242
132
506
316
1564
1760
84
2314
2325
1798
1616
408
34
422
2450
2239
1554
36
2558
2116
2160
1734
260
2240
2227
268
2234
2127
2396
1214
1886
916
764
704
1962
2346
1578
2012
2573
904
1482
676
2108
2
1062
2358
2060
1176
886
2435
478
1694
1666
2473
186
1916
80
56
2197
636
2345
1863
764
668
1948
1182
1770
662
482
416
616
2453
840
444
412
2274
1866
1098
636
930
30
528
2388
2479
2204
1318
2514
1120
2353
374
2062
20
372
1068
2180
1911
2098
1396
2492
1688
2675
2068
982
1412
2383
984
756
1236
1714
2207
516
1940
2395
1366
1534
1254
2458
2204
460
154
1488
418
3005
2258
2232
1430
610
700
2836
1062
880
2446
1254
2142
120
136
2534
2103
484
54
2100
2398
2312
1388
110
1050
2111
1904
6
786
1948
2015
2050
644
2414
1898
1396
32
610
1636
1100
6
1128
2356
1887
1820
2481
1412
2407
2317
1522
228
2050
1934
382
2360
530
2232
608
204
368
598
2053
2390
2201
748
1874
1424
418
456
1646
2051
934
2120
2093
44
312
1632
2005
688
112
2378
2196
2273
1582
208
948
2158
332
1923
256
526
2172
2132
2179
2097
2079
640
2000
140
660
354
1562
2539
1048
278
152
144
198
594
2308
1542
1046
718
852
2270
2194
1970
14
348
274
2421
82
686
1240
2088
208
2218
10
536
2376
2219
2420
2096
794
642
2159
1278
2054
790
2283
236
2167
1854
2234
710
978
1981
914
490
140
594
1276
442
2450
1226
538
836
1946
1792
406
1810
756
580
1790
394
2197
616
2180
380
204
1354
2270
2163
168
1102
2290
2353
1700
318
2392
2373
1820
1064
1862
1642
2042
2448
658
2525
2086
42
226
2288
622
2149
1060
310
1728
1054
946
140
628
1258
170
944
106
240
394
1736
262
2128
1518
2742
262
1340
2381
2056
1196
2961
20
2105
2441
892
112
2250
1440
2303
1796
744
2235
1960
2241
430
2246
304
2572
2223
792
1640
376
1729
36
194
154
2574
204
1748
2234
648
56
2284
702
798
1808
730
2762
2008
1112
886
2335
2094
804
638
2328
2528
314
554
746
2254
2384
1991
2180
788
404
1870
404
2627
1914
2366
658
2542
1900
920
264
2260
76
166
682
284
442
1278
806
2402
58
1042
2868
896
738
920
246
2055
1256
1942
1706
538
2217
2229
748
644
870
2078
1166
2668
1956
2578
1410
2462
2576
1508
990
1062
20
998
932
32
132
38
2404
1490
56
2202
2192
248
2169
1336
2109
158
1600
1688
994
214
218
2467
1873
2627
2400
1880
1504
1124
2182
1044
8
2200
2170
1714
2499
1939
540
2048
2631
2111
190
2332
2413
2099
2307
108
2290
1478
632
340
1130
2291
2285
2430
1982
2731
2417
224
2298
2292
366
2510
924
768
1670
2193
2224
92
870
774
722
644
198
2287
1676
1130
780
1330
2299
608
854
926
1068
1036
142
776
2557
2565
180
1464
1722
2975
1778
2490
1880
50
932
1512
20
1762
1571
2303
734
1982
2024
2259
1326
1128
2394
2080
176
1350
2356
1844
474
78
2232
2624
2166
1258
1550
1500
90
3040
378
2552
2433
324
2104
2272
384
1992
772
2316
2510
30
1704
1931
2280
2301
1352
20
2152
2424
1672
270
1400
2495
1132
58
1276
2381
1386
2421
420
110
2267
1432
2440
1006
1230
1680
1074
2315
60
1979
1710
2200
426
8
528
2627
1226
2400
2270
114
2246
1380
1690
2634
1008
2137
2490
1740
1190
516
2052
2172
606
960
1238
1964
732
2344
30
218
472
1134
256
2175
852
198
226
110
18
1702
2313
2225
226
2553
2342
1668
2514
2451
1650
1040
1056
1270
1714
232
346
1034
2226
2382
1030
1632
794
812
952
2502
1568
342
234
224
1802
2457
1094
1550
458
380
2044
2464
1388
64
1236
1908
56
2340
1284
1530
2129
2186
2325
1064
596
872
314
2662
2306
674
1062
344
886
2487
1766
2453
766
2294
2072
2144
2012
882
2307
2510
96
2270
2254
852
2180
822
536
2390
1816
2279
1742
2325
1896
2215
1905
2103
1262
692
2143
2088
2339
968
2347
602
2095
182
1210
694
1594
82
1618
2199
1306
88
840
2235
262
1042
1574
1704
2679
10
28
2102
2180
290
638
2158
868
2408
288
706
1052
1316
996
1876
990
298
1666
134
830
1050
2267
1586
510
1506
504
2152
614
350
2332
2120
346
176
2058
2698
434
1422
2566
554
1544
2505
1146
1598
2164
2333
2202
1930
1862
1648
306
2364
2523
1406
2217
428
150
1184
364
848
1252
1902
2227
950
2464
1832
1762
260
1878
1158
512
2034
54
514
1974
2572
1140
1320
2495
1058
1350
544
788
1564
2508
1893
2344
312
1014
2678
1658
1318
732
2050
2227
984
1012
1094
2206
1936
2373
2240
858
12
448
2556
1920
1832
868
242
1480
2164
162
2107
374
2349
1162
298
1620
2094
712
1990
1858
586
2364
2313
1900
1242
2254
1770
16
300
2311
1122
614
2501
1771
1598
2645
108
2074
450
1420
1054
494
432
2268
960
696
412
1940
1100
504
2197
1932
1898
1058
710
1362
222
656
400
478
1861
1842
588
278
2296
2125
2282
690
2293
38
618
800
1832
288
2265
2170
1664
2405
34
2489
498
94
606
556
522
1952
860
186
1088
178
702
1382
194
856
232
752
538
1412
418
1590
252
2271
190
602
2040
186
1620
1922
1412
2447
454
510
2347
1833
1380
1090
1926
2192
2030
182
2172
1631
926
2434
676
1732
466
1770
120
2412
834
1754
2255
1586
1768
1466
746
2629
342
102
1780
100
26
2079
1908
1558
2378
2291
1744
294
1998
1406
2440
2403
432
2472
1464
2438
78
2075
2273
2483
448
2240
2189
2242
2403
2045
1526
3039
1376
190
1964
704
1707
2252
854
48
1588
740
2292
820
666
614
822
304
604
984
2469
888
2514
116
548
1334
200
654
2069
1671
2336
1434
80
2242
1296
660
596
120
1978
12
238
918
2361
20
160
862
2221
1984
708
434
2264
348
474
348
2299
1944
444
296
2502
2200
730
2237
334
56
468
288
684
2198
1954
2573
2585
1262
1050
2315
1666
474
2576
984
1438
258
2092
1302
1374
912
632
2272
1608
952
2178
576
464
222
1464
1935
1935
2322
2209
92
2253
2706
634
2510
312
574
2618
64
58
1314
1282
1348
2507
2422
76
2086
1440
2338
478
2206
1844
1422
256
1186
1817
1390
1254
590
1292
324
1806
378
2589
372
118
678
1766
2102
784
2584
596
2434
1812
450
1208
362
754
2448
350
1116
972
1482
2456
310
298
752
1238
2157
854
2016
1352
424
198
676
698
434
2224
210
1000
576
502
2234
1950
2487
604
832
2136
556
2538
2116
142
356
308
