314
2141
2316
82
2633
2658
2186
1660
2148
1730
2297
1931
1762
1818
2144
1962
232
558
2477
74
1891
2148
2427
1148
708
1332
1954
1824
528
438
2513
2079
426
1266
506
2323
1486
380
2002
304
1898
210
98
1890
924
580
40
2521
2013
682
1254
478
258
1784
512
566
128
642
1310
2168
2055
1428
2334
788
2362
1943
402
542
780
2202
2539
654
2594
2456
656
600
2088
502
304
718
1284
2077
2311
158
2430
1498
1987
2346
1288
744
2096
1704
874
1354
158
214
158
1640
198
556
796
2400
458
2123
700
190
206
794
1796
852
1222
2597
2481
2276
110
2169
2569
180
2077
2193
1376
386
2297
934
646
2458
1792
2742
134
420
2441
1991
2130
2634
1486
14
386
2169
2386
192
2107
2293
1878
2064
2586
764
96
2572
992
250
538
2201
2569
396
1651
22
184
340
218
2334
1686
1975
70
2043
644
396
594
152
128
2485
34
128
292
1720
1314
512
1190
392
2332
758
2030
542
2402
68
1212
518
2196
296
902
232
2027
2450
52
300
880
2571
38
464
576
1542
2120
1078
2448
1186
1214
106
2302
1048
744
2438
2382
2581
1144
1638
1138
2324
2204
306
2530
1082
826
1100
1110
544
190
1976
1954
2254
1908
1978
1148
1094
412
402
586
158
2421
1138
156
1030
2234
64
2361
1244
818
638
1448
748
1084
944
2701
2388
1232
2210
2479
546
2520
652
446
88
2404
74
1232
376
126
410
1916
2466
2330
1014
2372
794
704
402
2400
134
1268
1687
1586
2481
372
2252
78
2043
954
2794
1132
216
2221
56
2365
166
2130
2349
758
378
676
392
782
1216
268
2199
918
138
1300
2299
2302
2520
1628
718
2020
1834
1168
2452
582
1394
222
1424
1118
482
1888
2009
1134
592
930
1244
218
856
50
30
1983
1916
382
1806
2508
2200
2742
502
378
1973
410
2406
1156
2643
730
1534
92
1488
364
2184
250
988
2102
446
2281
662
252
866
2427
1552
2046
1068
2090
68
666
2214
1700
1860
2036
864
102
572
1100
438
2209
2335
298
42
2136
1222
1942
2366
2059
2159
1478
2140
716
2229
1200
2184
2285
100
344
296
302
2059
950
638
504
2302
758
1888
928
664
2279
2621
1954
2352
72
1534
2915
2097
1060
1406
1484
1692
1396
1468
1888
1422
1788
584
2196
1506
1266
128
592
630
34
86
1756
2482
2480
2350
282
310
2194
862
74
718
1630
2408
1980
250
2221
2095
1380
678
440
2181
680
2044
1030
2025
1852
658
2192
2626
2065
1788
2064
1916
466
1792
2411
304
514
930
494
2335
1810
588
722
1758
704
214
56
278
840
92
2497
630
324
2378
590
1668
2171
1018
460
1971
1772
100
106
1632
464
2679
658
1972
6
2156
1758
58
524
2436
1202
2343
1086
2138
1068
1200
1612
238
58
2516
294
2709
2341
2100
232
2059
2348
1024
2314
724
2176
916
1028
1919
2079
2377
1798
1990
104
2342
290
228
2415
978
1914
696
888
294
472
1412
2014
1862
1462
468
888
702
2463
1620
2348
1922
2181
862
362
2527
516
498
2395
1590
590
680
2343
2165
922
2071
762
1831
1902
334
2155
2412
266
1973
1750
646
370
2701
2104
680
1900
418
2419
1418
2320
2052
2136
2539
266
1354
2084
670
1458
214
2385
582
1726
2439
2002
2547
1316
882
642
1030
1416
2298
248
1965
410
1346
2143
498
356
1194
926
2039
2255
2050
2042
466
2024
2112
2543
2496
66
1498
24
604
936
2258
2108
1294
624
1282
742
296
2531
168
2035
998
2265
478
2301
2029
818
1948
2180
1018
2150
2348
12
2273
2626
2070
368
2147
1858
346
1084
2048
184
1004
2174
310
1140
1216
1022
2556
2191
384
2227
268
1812
1900
2304
112
642
972
212
768
2084
960
2310
46
2354
1258
994
944
2112
292
2114
2518
2491
2306
2373
2138
1774
1594
1914
2059
2338
2378
600
2317
2557
812
18
2002
2127
1488
582
400
2330
2124
698
2515
2244
872
626
704
1654
242
192
2239
1608
1282
2264
660
2382
2604
2048
662
10
2274
1898
700
2254
2257
1762
1514
2674
2172
42
1898
2255
1856
1546
2361
2044
2292
2226
346
280
1342
698
1820
800
1480
1058
814
488
2158
1948
302
1861
1476
2052
116
2095
1796
394
2229
1104
518
1066
2322
56
2244
2272
824
66
406
1496
1314
2111
48
1086
144
2404
2192
2212
2099
2615
2340
786
706
2212
1908
842
1032
606
458
2168
828
2375
1640
302
74
1978
560
2240
300
324
1999
410
624
1098
2468
1952
2430
74
258
1488
356
246
752
1028
482
378
2229
2332
1735
1714
2232
2207
1984
1456
394
768
706
672
918
1180
2190
982
2313
556
288
802
400
760
1898
218
748
900
818
2179
1128
1326
1852
1042
458
2228
762
2182
2016
2239
28
140
1358
496
2292
2175
2520
2422
2381
2080
728
394
270
538
1170
126
12
2060
1446
704
2464
2358
28
1112
1150
370
2103
1702
74
2080
1438
160
1152
2278
1174
1774
2122
110
2200
34
1880
1622
1764
924
2331
2297
2225
420
926
2452
2064
2072
1824
2148
602
470
2294
1512
84
326
1720
2044
2068
2667
638
1592
1486
2404
710
2626
1972
1540
340
282
98
1800
378
416
774
746
544
486
1580
2455
816
1510
520
2081
1024
2363
1830
1921
2348
2694
1124
1856
2052
2358
176
1614
2174
2154
1940
1034
2204
2134
1464
346
84
2058
1098
2238
76
662
2046
2070
414
2354
2283
280
668
1473
48
1922
2423
2412
2294
2288
1590
2366
2425
1020
1380
2265
1276
1084
2475
580
192
1748
404
2160
1482
1304
2359
2041
784
2238
1136
2142
1122
1272
2304
2129
368
496
646
818
2407
1566
300
2257
214
2116
822
1566
1130
2120
1760
1606
2723
2105
1142
2041
2177
880
570
2556
1382
716
398
462
2393
2168
1708
290
1924
554
2333
1346
2746
2364
1106
2073
838
1955
1752
2188
2256
2046
386
566
1708
2144
890
2417
580
2175
1892
2155
1124
446
2386
466
1848
1532
936
2624
2414
2505
1068
2028
1864
1016
2579
2100
2173
1604
2200
174
418
2111
12
860
2437
650
2320
2380
2350
1860
364
2427
448
864
268
2220
264
2134
2542
2059
1306
2101
1226
1150
982
514
62
82
78
442
78
858
1108
980
2374
1122
884
2277
2538
842
170
2132
318
196
2548
2287
4
456
834
2122
1174
1954
556
2138
544
10
1976
294
1756
1398
1817
496
2264
2145
2492
906
546
2288
2004
214
732
580
2312
562
46
666
2211
1640
1222
346
1695
1558
824
1975
1978
306
700
688
2293
2031
1756
630
496
714
354
2038
954
590
798
1912
2303
1576
2199
2307
958
1756
2124
2163
1886
386
2553
2
1616
130
1282
238
840
1606
1872
1922
1130
1790
230
330
2258
8
1148
1720
1557
946
1868
1980
1502
2430
460
1484
198
1546
2141
1288
880
1754
1082
2123
1866
1034
1911
1884
390
122
476
2811
266
234
2409
1114
1897
1818
2446
2287
290
514
2118
2195
2111
4
758
1026
328
1986
630
214
520
474
1266
2434
1192
342
1664
104
534
2346
706
1804
1634
2100
2111
1595
1854
2289
2499
1515
1840
166
1738
2370
286
2642
1516
1912
256
558
652
2098
2253
1856
1124
1844
754
2551
2712
2352
2335
760
1314
380
1951
2101
1198
1028
1508
1895
2096
1734
2329
2337
228
2572
1168
2110
1040
816
1260
1636
868
1398
334
2548
112
164
2400
2474
2341
424
238
106
1082
2490
1440
158
230
2152
308
398
1772
118
594
2640
1993
1344
2518
1350
890
1696
684
2226
2348
398
344
2215
2118
2384
1526
486
882
2376
624
2587
1754
2114
182
1268
8
230
1452
2606
1046
2206
464
1198
1944
1098
992
146
702
2480
2569
1444
890
1930
2278
1446
2481
1068
2111
2428
2253
2136
614
220
1486
642
740
834
1863
510
366
2278
1818
322
2300
1949
922
1929
2404
1461
2464
620
1958
1272
788
274
1166
2203
1896
2002
2340
2474
826
2080
1174
44
2390
1340
1500
398
1052
784
1472
2460
2212
702
510
1498
1362
626
1992
1098
2285
1514
814
178
1839
2090
1824
1850
2277
464
784
210
262
1000
490
2638
854
2340
964
1658
1992
1252
1932
88
680
2333
506
110
3457
2497
2621
2630
1952
2399
2331
566
1158
1382
1510
488
1182
2389
218
1530
1028
2426
2498
1176
1724
86
1997
2114
2423
246
2509
1956
2278
1464
1162
78
502
1288
1484
2386
2076
882
1078
2013
344
2581
326
1959
20
904
1472
8
542
1162
2315
592
2096
846
1476
156
2275
450
266
2158
50
1138
2453
1754
2747
164
2249
2250
732
416
176
2082
2249
1742
832
1476
2320
1024
2058
636
756
898
2465
2176
1184
2067
200
1208
154
1404
866
2094
2107
2409
2195
1174
12
662
682
2535
2084
722
2
156
930
1938
2188
306
2449
1934
2608
1248
530
92
532
1192
1724
118
2206
234
2128
1490
2030
2599
508
2498
2330
146
2536
2242
42
556
1881
370
1238
2042
1590
1797
2074
1678
2506
602
2212
898
824
1602
186
1096
2186
492
2090
908
928
428
490
2312
530
1284
644
1883
358
1892
792
1156
2177
672
1989
712
232
498
2334
902
2203
1256
42
2080
1484
228
788
966
382
2328
2393
2358
482
2248
250
310
144
626
3075
1963
668
1404
2248
1672
1124
556
174
1984
2461
636
1488
502
2196
242
1824
1989
2515
2515
762
1984
1712
2324
1692
150
1482
378
16
124
1074
678
422
2118
1848
1344
1920
442
2025
2240
262
1694
2292
548
296
1750
1616
2407
1858
608
2627
1030
120
2304
972
316
1692
1991
220
1322
2597
96
628
1970
2046
154
206
2157
2298
1164
340
1412
512
2501
2093
608
1442
274
794
1936
2163
2674
1128
1518
130
78
566
72
2701
1998
374
564
2283
810
2028
1724
2412
2185
1118
2492
522
1080
1090
2432
1230
216
1836
2209
2212
738
438
2228
1394
1981
2068
1784
600
178
28
1772
948
1920
1736
2403
1098
2104
2705
1660
2220
916
252
2569
2752
1682
198
1647
2339
826
528
1955
204
30
2410
2466
512
522
966
1816
2041
2514
2317
102
2292
2365
696
2311
2283
174
1684
1496
1136
256
812
2091
1618
568
1913
2772
658
104
2407
356
2346
1930
616
882
1360
594
2456
2209
626
1316
496
1778
902
2169
1122
198
708
1928
1154
2024
162
562
250
2548
430
2485
1780
1456
1466
1916
2295
692
2128
2280
86
766
662
1502
2831
1122
1052
2200
142
2504
856
46
1712
2488
894
2068
2615
1344
1124
2140
1780
2169
2390
1422
1152
2237
2410
2002
1530
2251
356
1924
738
2255
1268
252
2241
2192
2424
8
1862
2753
74
2138
1788
554
2563
208
2542
574
2352
318
1642
2358
354
878
1644
2416
1831
752
182
2182
2293
556
2402
1252
42
1284
604
854
2432
2100
2496
36
1132
2242
2510
488
174
1270
30
1456
662
216
508
818
816
2378
2338
128
2227
1060
118
1256
98
1240
2004
38
1828
870
2024
994
2182
856
2202
2157
142
1698
2344
1474
964
12
668
474
596
1364
2037
2133
604
670
2032
2539
2240
454
258
934
200
1946
918
1134
1254
322
2298
2407
2313
612
928
1464
1540
1804
278
1684
634
1952
888
706
434
1414
1104
1940
2040
542
186
778
1952
726
1294
1878
2162
760
384
402
1931
116
1172
2103
280
2080
282
158
788
2035
1903
968
2425
1696
2136
664
326
166
2672
1380
2224
584
1192
920
892
1686
2191
750
682
1074
30
2456
872
1126
528
472
506
2224
2030
2026
2241
1822
52
24
2346
464
44
1638
1180
584
2205
2384
1022
612
1686
236
2107
74
1686
1136
118
2165
484
2275
914
1132
2496
2273
2195
534
816
1348
172
54
2509
660
2015
34
2077
94
26
2407
2451
52
2446
912
1901
2223
2087
1434
902
756
1388
1560
2098
134
2188
2255
1962
670
1098
1594
48
96
2348
2119
864
2392
526
2139
2195
1026
248
176
2447
1078
2106
522
212
1698
386
212
1784
2141
218
2450
498
1400
2642
1977
152
302
1252
594
2356
2320
2192
720
1922
506
56
1150
190
2360
1984
1972
840
2153
2383
2384
1996
260
78
340
2254
220
1202
198
2281
842
864
688
1660
2061
1852
324
898
1350
2137
264
1680
1999
1828
534
2048
1318
2327
2585
1745
2100
1018
1578
2326
2412
1370
366
1300
130
942
330
418
408
1376
1378
2170
418
2164
2038
1234
2240
43
2355
1064
1514
1779
114
1076
556
2215
1310
1899
906
2422
462
2507
1278
1504
2483
378
1888
1220
1819
736
2048
532
512
330
2367
1594
14
60
1492
1398
430
1090
2450
48
1999
842
258
1574
950
306
1424
984
636
344
1820
170
2494
284
1828
1338
98
534
1200
252
1842
682
1266
2634
1154
48
1870
1947
2235
1696
2331
2350
2221
618
1578
988
1048
2070
56
1852
2179
2508
2506
1562
2024
2664
896
1632
2965
192
632
256
1148
2482
2204
40
496
1350
2005
1724
2391
2481
650
300
2500
1998
1450
80
2133
404
30
328
1731
1558
1358
1484
486
766
882
500
360
248
1386
2191
2293
796
52
222
622
2568
2792
1132
1370
2175
334
346
1882
1030
2831
864
2380
1994
2255
1655
126
2289
1166
1276
2272
1404
2054
1955
288
1042
1108
550
1698
2121
2024
162
368
1998
1082
200
2320
2439
2435
2057
2534
2499
1846
2131
602
1751
888
858
2182
2082
156
82
1988
8
730
584
230
1652
1662
812
2382
336
1998
424
2069
804
386
1542
1202
2146
2112
2320
2332
1923
2166
1379
2193
506
46
1192
2359
2472
64
2113
2586
2388
244
1368
1806
928
738
282
98
2182
2402
1710
1016
2
2320
2013
1032
2076
2136
1566
2268
2104
312
2370
2447
2453
118
2147
1636
2233
196
232
376
2419
1266
552
536
2212
1130
316
1917
1963
906
2576
1947
632
2328
610
2010
1840
998
202
1010
2246
1048
668
2187
472
500
2373
1983
2428
2058
574
2132
2364
148
654
2439
1798
1498
1977
1844
542
308
2028
1979
800
1746
160
2296
1026
348
1306
1502
2064
370
460
2413
2116
774
2159
2182
290
998
2201
1578
686
28
2272
74
1934
820
1586
2069
1426
2008
94
346
1668
2216
20
1128
730
1903
1722
334
1642
784
1446
652
654
248
314
726
1532
1852
1516
2406
2479
1296
422
2275
1934
1870
1080
2397
122
70
2417
2389
2144
1612
468
2092
688
2259
1344
2194
1534
52
510
40
2086
264
580
630
2416
1132
2490
2368
512
2418
506
2047
942
2122
346
326
244
2618
568
60
846
440
2210
266
1036
2240
796
1734
2551
1464
916
570
664
2089
1952
780
2376
600
1148
1406
502
118
1252
2128
100
930
2429
1436
162
2025
848
1582
1810
696
2455
292
340
2225
196
2366
70
830
928
1863
804
1518
164
2012
970
1272
2376
1006
218
152
870
1832
2401
2425
2025
934
2327
2327
2023
1006
298
1927
200
364
2608
1248
560
752
572
688
1834
1030
1386
62
50
2265
1870
1464
1919
592
1168
1876
622
1358
1440
1018
402
466
1590
2804
1012
2519
2161
2144
718
1258
116
2044
1410
2312
58
508
1608
2034
838
1408
2066
1788
1982
1440
144
2596
2260
16
664
666
2003
714
2234
54
2254
2191
2350
358
22
2121
16
2372
74
194
376
1018
1902
136
1074
1913
2463
2477
1646
2190
1529
2527
80
1932
2019
344
796
1374
42
1608
174
390
2426
2248
2210
162
2322
2358
2407
660
1834
414
2110
1092
2446
890
1048
594
60
172
524
2250
188
560
1316
462
956
3319
1542
2450
1562
1344
1346
2383
1762
134
2180
108
2481
508
2159
1210
2413
2397
422
564
64
2340
784
2634
2015
2124
2339
2213
2083
2050
2156
1790
868
2129
2049
1208
1792
784
1640
18
2596
396
1738
398
2128
2193
2528
576
84
34
718
2326
2052
336
2165
1010
2219
198
2425
2378
2246
2397
2172
2247
2563
156
1685
2539
864
1504
578
142
140
1736
2370
228
2477
1788
602
1048
2035
2058
2356
1204
1908
548
2177
900
2304
80
2428
1948
1971
2374
1016
2303
354
230
1152
2502
72
714
340
816
1628
1596
2161
1354
2340
100
1770
136
2130
2754
2291
1464
100
8
2101
544
1384
214
410
2285
530
2296
2060
2243
2239
2372
320
384
1670
2437
2212
188
1070
2366
2230
412
1016
2136
1742
2288
2279
1752
174
294
2072
2219
1796
1144
268
2215
1540
1680
760
764
1034
754
1946
310
2249
522
1782
1934
2152
348
292
130
2322
8
516
966
2326
1488
2208
578
488
690
1886
230
960
1214
1558
442
672
1700
2010
84
1896
530
2423
974
2190
344
1420
110
828
432
1982
468
2070
1064
896
666
1088
2499
562
466
2059
698
2496
2223
326
2680
2429
142
2415
2388
38
1112
2464
1943
1773
1996
552
2065
2483
2932
2310
258
396
476
794
654
1002
2212
1158
1588
2631
1762
2217
504
182
406
168
2479
1832
2472
1705
1408
1834
1470
596
2513
672
492
2252
2347
908
1908
74
100
2368
622
2216
1232
1128
18
1470
2410
954
670
708
2190
244
2392
2172
2164
548
400
386
164
2390
662
2310
1498
2145
796
718
2311
1344
1843
1006
2222
118
3016
2418
2476
710
1821
756
2284
2189
2202
622
340
178
214
186
2516
2510
2342
1284
6
948
2153
2329
240
2742
1734
1422
6
2519
2196
1652
112
2387
6
1884
1518
2274
1978
2435
2484
1198
2202
888
242
1896
380
1736
1962
34
682
474
1996
2352
1848
366
1022
1372
866
218
2323
324
2172
2619
856
1464
2055
1360
272
2295
1020
1466
1869
732
1168
1943
2055
2199
98
2180
1494
1552
2399
2504
228
1582
1366
926
2253
634
814
1324
1220
2446
542
226
1252
112
1823
2130
