386
1961
2331
2158
934
762
154
2158
2190
524
2068
1852
340
1090
2618
968
202
1982
84
612
1590
2090
2564
544
1528
2356
2
900
2294
2402
2481
392
1558
2117
110
624
1338
2587
1742
94
1102
1839
1770
2494
366
1878
2365
962
1925
162
2102
44
952
920
2143
210
684
2080
2200
248
748
2334
2194
54
1370
810
210
868
1380
142
598
1260
1899
2060
2019
1238
2262
1544
1380
1720
2198
726
904
8
54
2182
1202
1466
38
1742
2275
618
2044
1874
1818
3073
1346
204
738
2132
2227
436
520
950
2188
1924
1902
438
2378
1946
2248
1914
88
544
1208
2333
2330
2054
1104
218
32
2358
870
948
1276
2416
1827
2396
924
1776
308
2198
26
1938
1636
1000
336
1835
2664
784
1682
262
70
2105
2546
2303
1822
1248
352
2621
434
1008
1536
484
1392
304
2427
1432
2215
1300
186
1962
2424
1420
1792
560
634
638
2418
1604
20
1938
2485
1094
2243
1036
1608
2288
1464
1574
2170
368
584
924
2461
2009
2315
1398
224
2585
1668
828
2114
2263
2373
1078
1090
1769
1344
2486
1536
570
258
2438
238
1986
1855
1446
624
1514
2343
2526
880
1808
2379
606
1506
2190
166
2112
994
606
580
2467
2
1768
2434
1202
506
1964
1428
588
2249
2098
696
2568
1174
410
2023
964
2111
262
1748
628
1174
1905
2123
748
250
1536
2982
880
2619
262
628
514
2566
252
2404
1534
2242
890
2184
1216
462
2612
80
2336
1630
854
340
488
212
470
2200
2274
850
862
2608
2598
2011
2074
2545
8
404
2528
960
2360
1180
1166
714
58
2488
684
2050
148
480
1930
748
10
2366
2538
1420
744
906
138
1434
2552
1845
1244
3177
1394
1378
428
980
766
1735
2416
228
2260
2232
1122
316
1783
976
1512
1999
222
2304
2527
52
2206
962
514
514
2142
1830
654
1890
1242
340
840
174
2408
2472
2674
304
2371
2569
1666
2271
1923
1956
318
2210
2148
1676
2296
1436
310
292
786
420
1744
800
2235
2181
1188
1396
2354
418
2508
530
902
820
1454
676
272
1138
1296
956
2072
646
38
468
2169
1200
2259
2121
968
538
966
1180
2352
1844
2470
376
32
304
1390
2583
1999
2594
394
1324
1266
766
1104
596
2238
568
894
1973
324
556
1586
2046
936
1314
124
2508
2128
210
2293
88
512
780
2234
2134
2154
1848
1230
942
844
2286
2490
2235
250
664
78
1897
2324
1602
248
2478
568
2490
54
966
812
1498
2071
1973
1590
650
1328
114
64
1532
190
2269
1630
610
2330
2066
2060
2154
406
2155
2409
1924
192
2490
670
1290
2116
1962
2137
1939
70
2306
2
856
200
2404
2002
856
150
2425
544
416
430
1917
1308
300
1770
692
386
2318
1242
2529
1218
224
112
996
988
298
2546
376
1198
2019
1665
2588
2652
1296
2272
622
192
2469
1050
828
2030
1748
842
612
2071
2080
298
2027
778
2288
660
966
188
2142
2355
1058
2170
320
2061
1238
520
188
1376
2270
2112
856
90
1670
1728
974
2635
1916
2457
1440
538
1332
110
2018
362
2360
144
624
2130
892
304
902
2424
208
802
256
792
1034
2230
1184
102
1314
1034
1144
1572
90
2560
1254
2541
1386
1280
2503
2360
300
1160
388
854
854
2008
2162
2610
1368
510
1636
2392
2410
2389
914
1106
216
2102
2038
1662
2228
132
2673
2098
2206
1878
1484
2284
1278
2079
1990
2010
2305
798
188
452
2262
2323
2080
560
2327
1234
546
858
682
2057
208
224
2177
1226
2679
2350
174
2031
1462
104
908
1230
992
2290
2148
1350
370
1478
1606
1200
614
434
1811
2194
2188
2551
856
550
2326
4171
90
628
648
2094
1008
2345
2219
766
28
2045
2465
180
1442
250
2814
1004
2240
472
2355
224
184
1128
850
2332
1202
1658
2100
2758
652
244
2388
1398
2550
246
1236
1008
2328
1512
880
1480
434
1867
1732
2146
1592
1576
3050
1532
1240
2052
1162
276
58
1632
102
2218
2573
1310
590
1606
2440
992
1268
940
300
82
1250
2112
952
1396
2357
1314
724
1942
2318
1048
738
458
1988
2203
480
516
2412
576
1882
348
1768
1548
52
940
788
2089
1614
642
2244
498
902
480
1196
394
698
158
2064
1860
1412
1692
1598
1940
2004
172
1118
432
1350
2101
612
2265
122
930
286
1372
322
342
474
440
572
1612
686
2131
1966
1224
886
636
2295
1744
2147
1530
128
2646
2056
176
590
604
592
342
1182
1982
142
1082
520
2184
2146
1886
2068
154
812
2068
1894
2392
2240
1394
1466
774
1024
792
2136
2023
486
556
2126
1720
2200
1228
96
2500
1172
2257
1296
58
920
364
2199
2107
944
1032
2228
1676
1304
2380
70
1130
600
868
942
402
314
2075
2652
14
2310
1900
922
1844
2750
1538
1138
376
2244
2294
996
1780
800
1636
2186
1960
474
80
570
1022
28
2126
2282
2492
2290
506
2326
892
2168
2200
1504
874
922
1606
2181
1939
2182
250
654
2310
2054
2390
1392
744
2329
466
1036
34
80
394
1949
776
530
1028
1044
2185
1188
826
928
2197
2665
1975
2226
2083
432
216
1650
70
748
770
138
1560
2452
2228
1300
790
374
1830
320
1782
2286
906
958
590
2496
2261
2302
192
2236
2605
1988
2050
122
26
422
1016
150
96
1941
182
2506
390
136
476
122
1790
2234
968
144
1815
536
2072
208
2191
830
1320
1228
88
154
830
2423
1400
2161
1438
554
1566
2418
514
148
1116
574
100
2094
1256
2582
2408
2112
1068
356
2297
246
2297
2604
1956
2497
2462
1188
2043
1556
870
1728
1743
648
1848
2012
2768
436
2292
2282
2528
2203
208
2190
2282
1959
632
2314
2273
1930
790
332
1136
1088
2317
2285
26
2002
346
2221
252
1472
622
462
2086
1962
1917
300
408
826
506
850
2358
1450
1022
2114
2191
1480
178
1198
818
2079
706
2087
2464
624
2184
1981
1060
2231
906
2212
896
2012
340
2531
46
1612
2012
1282
578
1950
152
1642
2380
2334
110
654
2446
1904
2042
2209
132
1448
996
1308
1542
578
1806
382
2473
1782
2529
352
2389
2354
1412
2260
2355
1220
2814
1132
518
2064
2178
406
8
2281
2314
2139
2152
2405
660
2381
66
2571
1296
872
1842
626
2454
1010
2200
2627
2283
2331
726
872
2178
576
1756
2442
2875
1004
374
130
2307
58
1392
2386
1428
158
2344
2308
2353
1854
1992
2338
2371
272
1816
2060
1052
34
2024
290
2512
1388
514
2276
238
1404
512
2506
468
2625
608
2120
818
1701
2056
2342
264
388
56
460
1222
684
414
2204
1010
1855
2034
2582
1964
2524
1278
2400
2007
2269
2155
690
466
2242
492
2407
2277
824
2534
2248
560
2149
554
84
372
408
2148
1094
304
108
1528
2326
2011
588
830
226
1334
494
2062
978
234
2525
1782
134
1734
2281
192
1036
1166
1324
1776
386
1778
288
2381
104
2342
86
66
594
1929
758
40
354
1110
272
440
2152
2107
322
750
1462
1861
2129
2064
2445
444
1914
2460
2239
686
2170
838
2030
1300
128
1542
1298
2098
1716
1706
2246
1440
860
222
374
32
138
484
1196
222
1940
1590
2640
182
160
1701
566
1178
892
2075
1464
550
1138
2291
252
144
2322
454
1098
1060
2394
2482
2015
1690
2352
1894
452
2172
58
914
2250
1170
2090
1062
1956
2431
2182
42
1611
42
2363
1466
740
1466
116
1844
212
398
568
2064
134
890
94
1998
832
864
2321
156
360
440
604
1622
794
94
78
526
462
886
564
2265
1054
2130
860
1570
1782
2288
498
1814
874
2079
590
1742
2249
148
1772
1985
2072
1298
1909
1230
2256
2288
2116
1534
1959
260
2098
386
694
1920
2035
2400
950
122
2304
714
2272
1956
1516
1556
2421
626
2375
198
376
2071
2232
2797
1742
2367
2189
944
2300
1244
1484
1998
1604
2080
2114
100
996
1764
252
2756
2611
236
1182
2292
2607
62
2044
296
290
1212
2449
1979
690
1736
1228
2102
2105
2043
70
846
2059
78
796
2134
212
606
678
1922
36
342
2182
1983
2448
1674
896
1284
2047
512
1484
2363
678
2370
1144
1668
198
788
2340
176
2064
2468
1112
1918
2164
422
588
356
1420
1172
2230
898
2397
2434
1690
1432
1803
1886
2201
1164
2166
2090
2494
316
530
2043
1294
640
446
246
28
988
1136
826
2276
744
1828
2443
506
130
858
3035
2383
1874
1796
1118
2595
1836
864
1914
1206
2589
688
954
2412
1432
688
2574
2064
1260
2287
1540
1928
278
2281
1777
2410
1658
1030
348
2391
2616
2496
1196
1915
262
64
2380
1486
28
2250
446
2596
446
1382
612
38
452
16
2334
1920
2229
1869
2372
544
1894
732
1160
2231
1008
534
2314
2347
894
2421
1474
770
2481
2594
906
2159
946
2526
514
1304
462
2294
1328
2124
1502
2326
2595
198
1806
1702
500
2670
378
2177
250
636
1152
2231
1967
714
1182
2047
148
2449
572
2184
2328
2126
572
1390
2207
2492
1246
438
1980
536
396
898
2286
582
436
762
2120
2006
274
2218
2202
578
1880
1466
360
1574
1998
2252
1576
206
2043
454
2276
2587
170
64
2453
1985
2402
540
290
1082
828
2624
2237
1180
2345
432
2593
940
1994
1444
1671
2536
344
894
1868
2215
2502
752
416
354
2489
2417
38
2131
1082
2563
704
1866
1346
2472
46
1070
50
958
956
1804
586
2623
2258
1901
472
372
508
20
2118
2146
2410
92
142
448
1324
290
1940
2430
2461
802
1897
54
694
2529
1368
1206
2489
874
2228
34
590
1686
622
1902
1110
2324
562
1778
2141
1192
268
1480
2236
90
1042
2325
462
908
474
396
2498
138
1594
2501
2237
132
358
2273
1286
1966
2216
42
2581
244
1038
1116
1652
2102
1452
28
86
486
238
226
2173
802
1260
2507
348
554
1952
1612
1064
1982
1232
1750
616
144
2106
418
756
42
1162
2147
2383
1062
1389
1726
2274
1978
1981
224
1644
1552
832
942
1788
218
1990
2499
1656
1704
1564
956
32
470
2225
2337
2506
236
1388
184
1988
1971
1240
2178
1154
202
458
2365
492
2056
1062
1014
558
1302
2090
996
734
860
1284
2058
2289
258
12
350
2261
2488
396
1314
1198
2141
2478
94
156
2462
2413
88
220
368
712
2177
610
1316
94
2483
716
2062
664
116
246
126
1478
2670
2557
386
934
2006
2380
2278
2263
380
2675
426
2341
1974
2148
1934
162
1050
206
112
2160
2019
892
100
8
432
282
526
2103
2063
978
540
58
362
952
1050
1906
1746
804
2638
2012
720
232
2616
2431
1026
1424
2373
886
1014
682
1804
558
740
2703
1957
2586
78
704
966
2083
932
820
2233
490
1946
1366
2203
2042
1973
1158
506
2105
2256
1610
1282
1258
2336
2170
1110
2005
1004
2197
808
2208
134
568
456
2232
890
1314
2445
16
66
230
868
2558
1246
2428
20
748
668
1874
68
1716
696
2346
1768
1660
576
1588
162
2050
1606
1472
2518
2055
2286
290
898
260
2312
1558
352
302
206
1796
1496
2342
1754
1312
2955
606
682
162
124
1867
692
2280
2300
2456
2370
2165
2543
660
2002
2202
686
2324
1448
332
234
588
2274
2254
712
2112
1898
1896
2133
2170
380
1312
1114
1474
738
2157
2136
1787
2124
656
620
1670
1888
1164
172
2088
1820
1562
1372
254
2420
2323
834
2416
354
1208
50
1028
2124
2385
2214
790
1522
2454
1216
732
2288
656
666
2197
580
2559
132
2248
1056
2052
112
1408
826
248
204
578
544
1708
906
1310
2107
344
1274
368
1128
280
576
2457
2110
2141
2620
2443
1062
1010
2381
1688
760
1214
198
1168
2227
150
1560
588
1400
1366
2510
454
84
872
2443
1750
1402
946
844
1044
100
670
1288
310
2621
1572
2015
426
2498
702
84
1770
1316
490
250
184
542
2416
2285
2374
2591
1682
1086
392
234
732
270
1976
2414
1785
580
554
1838
1012
858
2210
1002
350
118
1889
308
2399
1743
778
1036
994
1498
1704
1944
898
1484
1630
2592
2320
906
240
2310
1830
328
2361
132
50
284
2611
1044
1891
2341
1400
2245
294
8
90
2200
568
404
1938
1112
2133
256
1668
2067
2480
2376
1016
262
2081
1328
1604
606
2164
382
624
2246
2321
1134
2025
2408
2260
414
1356
2697
112
390
2273
2044
2186
386
992
2270
216
58
966
2014
2022
184
332
1234
2077
84
2445
2628
2043
1954
162
2006
1506
2374
1658
334
2403
8
706
1882
310
2163
2032
2432
98
2016
570
1054
2317
682
1204
2400
2188
2453
288
796
632
78
1094
1922
436
500
622
588
2253
544
2455
926
560
2419
1764
1114
1394
1770
788
1062
1212
2358
652
1112
40
1244
2059
1930
1036
2086
710
560
2400
392
1306
238
2274
2505
850
2317
280
2135
2126
1834
1806
2228
1831
592
1260
1608
360
968
1863
10
2554
2107
914
236
2702
2402
390
2270
1628
2400
2714
1868
2187
6
692
1928
774
2213
2513
2319
2274
230
2444
764
1162
2281
2034
1832
170
2026
1750
2140
2350
1048
866
866
306
2336
2422
1889
922
1242
64
1956
2390
404
1476
2525
44
382
2589
336
620
1304
2186
2410
722
1732
2296
872
1699
192
2120
2390
2075
342
600
124
378
150
1068
1402
464
1242
808
2123
1110
500
324
2134
908
210
1074
1328
688
886
1048
138
966
420
2029
2025
728
820
2066
770
1680
2011
98
2664
748
134
2460
544
640
1982
2484
2096
424
1200
1354
20
1760
10
1851
1934
1988
2368
274
2169
1694
868
446
1598
534
2219
114
126
1864
2110
2323
574
564
1338
172
2086
1630
2218
1978
974
1126
322
1952
324
118
616
962
2448
2107
1280
944
5710
2292
2066
180
2309
1560
826
882
610
2408
1120
1430
1698
1983
2699
2258
936
1022
1016
1516
2264
1454
2189
2631
2251
118
150
2572
1156
544
2152
1730
1234
2111
286
1098
56
370
902
1874
56
916
166
1086
802
1084
1600
2280
114
20
1998
408
2524
1877
2363
2064
172
412
2547
2072
402
2430
2581
1969
136
1524
234
1436
2513
2389
954
2344
2243
142
2232
510
1840
680
2545
1608
1814
1110
2387
2120
2029
1012
1534
2229
356
264
2338
1849
340
1208
2364
146
2000
1514
74
2095
1192
2254
390
498
836
1384
2269
192
2132
1816
1956
196
2148
582
448
632
580
2050
412
2201
712
84
2184
2495
848
1464
1126
2161
1244
2528
792
2535
298
1320
2333
2087
550
2354
2343
292
24
2750
304
20
944
2306
1842
752
986
1016
2591
1492
430
2185
2728
1927
188
630
2090
1418
708
368
556
1744
490
544
2184
1915
782
522
552
368
1965
1536
912
120
2270
442
2484
1954
2159
234
1778
110
2148
2385
2284
2060
2058
144
462
2393
76
48
1000
1318
1931
1678
150
1999
1574
2237
2421
1786
206
6
1162
2160
238
92
508
6
146
1775
378
1872
1742
144
1710
250
1117
2593
448
964
2645
1118
1852
2449
2497
812
772
2311
2203
1866
2326
478
654
286
1148
80
1082
2276
1074
2102
404
2185
2918
1882
698
1518
1252
2396
2332
1858
2604
2350
364
52
2071
2288
2082
1558
74
2313
576
356
2151
1554
1096
128
2054
592
1999
2018
810
234
1276
236
464
60
606
24
2284
102
82
2302
1552
1114
2230
506
878
672
1124
320
344
354
684
166
2274
652
1244
602
1767
474
310
2462
2186
2238
2250
2389
144
1810
1254
2430
2549
216
596
348
2456
2493
1962
2398
2222
2007
2592
732
2199
2630
1732
2117
1030
2434
242
2359
1208
2350
830
2373
2078
92
1514
2222
1688
1962
746
882
1084
1184
2456
1380
2286
458
2170
2180
1722
650
2682
2300
594
104
236
2406
752
1020
280
200
82
2208
2472
1100
1530
1368
134
2462
8
1790
1486
1500
1722
216
618
1210
1985
1774
2333
2154
752
836
216
678
2525
2208
860
74
1906
272
2265
2840
2446
258
2490
1822
1846
1562
122
2197
1684
2249
2044
1704
1742
2498
1935
712
416
1946
2504
720
1076
884
1010
2573
2118
376
314
140
1316
92
490
110
136
378
2434
2473
694
234
194
176
1318
2242
1786
2477
618
2654
620
2297
328
584
1632
2206
890
1584
468
2513
664
1436
1754
94
2268
2464
1848
1594
436
1974
606
618
730
1056
240
2741
2385
1712
1580
854
692
692
1432
428
2198
1100
2076
2259
266
1032
2360
710
2215
1858
606
1870
804
2263
2386
422
422
396
784
1716
946
262
1494
2263
1462
2089
2836
864
2678
2393
126
2232
2246
2300
1252
1658
540
2350
742
452
2551
1456
2531
2594
1028
1908
854
2219
90
370
534
2190
1654
686
2340
2062
2260
756
2173
2450
1438
718
2406
912
1880
160
374
850
1406
2318
2832
558
22
314
586
1904
2173
1596
2412
2071
2350
2140
2452
1562
2230
416
2336
2503
990
2461
1630
2228
1698
2183
1516
1166
1726
1764
220
1840
132
2182
1686
1748
216
2370
2645
272
60
48
1675
2088
106
1294
2166
816
328
118
1536
1676
2034
2411
770
1564
472
390
1615
2669
2313
902
1970
238
2195
232
982
402
1504
1780
2598
2377
2334
2163
168
394
956
1430
2330
1612
1398
1922
254
2505
2983
1102
90
930
804
2004
2368
1756
2443
1924
524
2122
1296
2460
2093
368
1730
844
2257
2162
1042
2155
668
2558
1838
1504
836
1570
2344
920
1836
1566
1690
346
2466
2048
1696
302
2287
1298
2013
2208
240
544
286
2468
314
568
1554
60
860
1362
400
700
1414
2428
520
1768
452
2672
1900
2288
2174
502
342
284
2158
724
1412
2524
38
1506
2223
2416
2359
366
1624
2205
1144
184
378
1260
102
2112
504
1650
2356
898
1582
158
812
1458
60
802
1006
1740
1931
2067
