2208
1444
2514
2321
1214
2484
1690
510
2020
1658
1729
1370
144
1680
1302
2312
18
130
2223
1218
970
2475
50
2282
660
2531
448
2251
2034
2396
988
2038
1304
1735
1298
2271
814
1884
356
660
876
2215
1816
2394
1968
476
2088
1264
518
824
2230
2010
660
888
2379
646
522
102
2390
890
2393
1608
2268
2206
164
702
832
2040
2852
156
292
1530
946
2066
1962
2265
2261
1426
436
1038
496
2311
2481
2619
320
2126
404
890
1592
414
2091
1466
1656
956
2044
2666
944
1725
1052
2056
2224
454
1975
2120
198
492
228
80
2236
2172
2537
550
1714
1112
2498
2367
568
634
1122
160
2200
130
1964
1998
2252
2410
1878
1160
2590
1976
316
2022
1834
2594
400
2189
1756
372
300
244
1764
2110
2150
460
2458
860
72
380
470
1684
1450
1465
2337
1828
446
1846
1676
608
138
604
814
1428
302
1004
304
1648
2168
1584
1052
1682
2108
2297
2337
2258
2137
78
1644
452
2547
2224
2038
1092
1788
284
776
1964
808
210
2056
550
362
2166
2458
2716
2266
2584
902
1036
2848
1938
970
40
2169
1970
2252
1852
2302
732
1428
1961
634
2537
88
2506
2239
226
2433
2263
1722
892
2512
394
1782
516
1604
2492
380
1521
830
32
1106
1616
346
2142
2191
188
1933
1466
698
1326
2379
308
2211
2346
2298
2253
1604
2255
2384
1772
468
848
2657
2760
1084
1696
2325
276
1949
1858
356
2138
472
942
1232
648
1983
2041
140
2067
1676
2289
252
1849
290
888
1688
2518
1476
440
1180
8
2566
1732
428
1416
2009
830
1186
836
596
120
406
1922
1878
690
2486
2034
2032
254
2535
246
1839
2171
2199
2263
860
2812
2549
360
3040
1657
2224
1847
1056
142
2008
1194
860
2441
1622
20
1552
2330
1324
1762
1100
2462
224
902
2045
868
2428
1128
584
1436
1570
1420
2485
322
424
1614
1950
1100
1957
1992
2338
1640
1592
996
2620
486
1835
58
2011
276
712
130
192
42
2350
694
462
322
1128
536
378
1340
720
2160
1926
2467
814
958
1088
2104
328
2433
22
1514
1872
276
368
2681
1894
1038
2358
2452
2464
740
60
1938
1972
6
822
42
1362
2218
2421
1520
250
2064
980
4
806
1956
632
434
354
896
1991
666
1302
1114
1122
1992
1931
434
188
2421
1876
2485
2527
2079
874
2175
352
1618
2398
732
1150
284
2531
378
2100
1640
2264
2385
1978
184
2302
2243
1512
456
716
2294
732
192
368
1050
590
682
4
2492
760
514
1086
928
2398
1570
2311
510
52
1928
2212
2224
442
2091
1784
1058
542
1380
2182
662
916
454
1622
1484
1026
164
240
1960
1714
2162
1842
2298
514
996
2267
2440
1924
400
484
378
1216
2195
310
1132
1732
2226
504
1938
2178
362
100
1120
962
78
680
600
1670
2084
1762
1602
1370
2281
1700
2452
1010
1206
134
448
778
2114
636
558
1070
1824
110
2091
2283
1014
1981
392
122
716
1486
2136
1334
462
556
2240
1726
2328
2446
2105
1586
2409
818
2028
2689
256
1684
2451
538
928
1280
598
1470
224
612
684
1558
2055
416
1386
2515
292
624
1952
140
2780
2264
170
2241
524
2485
2370
1672
276
2370
1544
2046
1092
2270
2281
2202
1924
2157
354
1484
976
1841
1992
760
1274
720
964
1598
2229
1762
316
1418
1604
2454
360
1620
788
2192
520
2507
2238
402
2685
606
2310
1502
2445
2410
262
2483
1186
2278
2138
1228
1260
106
1504
498
1868
304
2284
1190
2516
1384
266
2262
194
1904
1176
1052
518
2095
2302
134
2368
52
2096
1342
2450
804
198
1032
1962
2526
1064
480
550
116
1098
2118
1832
116
3199
2525
248
1944
1972
322
1386
602
1044
1398
2168
126
2052
1120
1162
72
584
252
280
1434
14
130
408
2125
326
120
2142
834
2919
1240
64
440
376
2389
430
1936
1686
1282
1218
406
2138
1916
2184
828
2182
2314
1638
556
2621
406
2247
442
756
1028
2110
1084
726
1612
1998
904
448
960
338
586
388
2361
2253
1820
2381
808
1800
874
2419
1406
104
1982
256
2
1976
2479
930
2308
1166
224
388
2185
160
226
386
1370
2426
752
600
2398
1772
1820
1969
826
546
42
332
1486
2013
1991
420
1050
2022
1919
1364
1630
2008
1142
434
690
26
1530
2275
2145
2868
1604
2384
1428
340
2404
2396
236
2060
2216
1580
1134
1800
2178
726
2279
422
426
2402
2310
1700
204
832
1808
48
608
782
1424
16
2006
1336
484
192
2424
250
2126
1130
1592
2294
2431
2267
94
2066
288
1918
2598
2076
804
2338
1856
110
1744
14
1344
1368
1852
602
2112
2108
2335
430
2298
2547
546
2080
2317
1866
548
2542
56
1556
2408
874
2026
236
102
2353
1422
534
204
2423
2582
792
1314
2838
1980
732
2126
2148
2273
2567
206
2224
1216
2315
702
288
318
2222
406
1698
2362
882
1010
40
378
162
2024
1142
316
2158
684
416
506
430
728
240
2032
2048
620
304
1308
1404
2207
808
2440
1998
2108
2401
1643
1398
832
1638
334
1016
2347
1068
2041
2434
714
72
462
2096
588
104
2045
2355
1568
1328
1988
340
692
2392
2236
1340
2350
1830
1618
1784
2494
1648
682
636
2129
2545
844
28
52
1698
668
1657
64
2576
940
512
504
2031
1282
1536
1036
548
4035
252
1094
1062
2182
1216
2201
198
1927
2169
6
388
2430
124
2123
374
280
1848
2290
758
1126
2164
2400
1352
1918
2498
1178
402
2477
2517
2316
76
1955
2455
2517
2491
682
1816
1731
1918
280
2
1764
2227
2266
564
312
1878
76
712
1818
1968
1058
1962
138
386
2473
222
2235
926
2083
2142
2254
1704
2570
348
1132
2381
58
1954
1876
516
1572
2561
2210
2233
1506
2554
818
2261
290
2017
2575
284
2610
920
2464
1306
518
350
550
374
1162
370
2152
706
500
2421
194
2471
2223
114
1657
1268
2402
570
28
1740
838
2012
42
158
892
1360
1606
1066
158
1998
2410
1290
358
2284
1934
2024
1068
2146
628
1560
604
2431
1596
2577
470
2322
2280
276
2483
694
472
1868
238
2334
2140
14
1058
16
2027
2243
2303
352
1695
138
2204
2205
392
2711
2164
406
2202
304
2391
676
520
1646
2328
1028
2167
1590
1192
664
592
1194
1534
266
1194
2447
1372
424
1176
1406
740
566
2255
2010
2278
840
2031
1730
2296
2462
2209
2422
2045
1862
1034
2105
2470
584
2399
1786
2335
104
740
1460
114
498
736
1514
60
1612
1698
28
84
2407
1997
1682
334
2208
2274
268
1056
732
786
1634
472
2439
2239
2471
32
1152
844
2297
102
728
222
266
866
2484
2526
336
1294
2176
2196
734
106
670
712
540
2415
814
144
1522
930
2483
2045
1966
2131
1078
46
2661
384
496
714
2314
1116
574
1959
280
1260
1096
1256
1738
2329
1902
442
2446
174
936
1228
442
2106
746
2258
154
2321
2092
510
416
816
1464
148
2168
2137
1546
714
480
1832
1720
224
2427
1974
2269
1640
14
2554
1476
530
2137
190
1852
292
1526
2324
1558
1828
796
468
2579
2383
1362
2252
1859
2535
1554
104
2165
146
428
698
246
872
1794
810
2463
2411
320
710
452
2324
1970
2040
2450
2114
2116
42
568
554
912
1763
1418
50
1520
94
2124
1322
1922
1961
2541
978
1036
906
940
1962
2230
2375
194
1938
1450
204
252
2450
1396
2259
2233
2077
1888
2056
1660
776
2299
2507
410
122
934
2571
926
688
654
262
1378
646
932
16
20
792
2383
288
2030
2470
564
2474
2232
2951
610
2383
2388
1080
1486
306
2083
2124
1883
1020
1704
2658
2609
1588
74
2135
2751
2198
1326
1694
2130
1064
1136
694
1994
1857
2478
1370
2125
2155
2242
2425
2481
1458
1620
1980
1928
694
1204
52
24
1240
142
2224
202
392
712
790
2012
374
2088
88
428
1474
1602
654
1486
2026
938
2667
1724
1398
1880
2203
1748
758
2086
456
2022
606
968
2154
394
1650
450
848
1236
824
210
96
796
2200
1166
1716
1924
2056
2421
1986
506
1326
1556
2072
2331
898
342
260
506
398
1744
2287
672
1963
1760
2350
412
1562
1949
418
1672
1212
56
828
790
686
1478
1262
516
302
136
978
2579
270
2328
406
774
1838
1326
66
582
2273
2246
2414
728
1881
2039
2407
2207
2219
1748
450
2138
2307
1160
1750
618
2074
44
1134
516
2422
152
1922
1146
2425
1750
1346
1932
2164
1134
1950
1270
2152
2407
2437
84
522
2466
596
1276
26
2291
2465
706
2142
180
2351
1296
116
1134
544
2568
274
398
730
60
2085
2462
632
2352
156
680
706
2151
2683
856
742
2018
1598
1932
2331
152
216
2222
1156
1984
1911
2281
806
2198
394
2190
2232
2263
1813
1656
2051
830
2191
1550
1400
2399
1086
58
2194
1857
2192
724
1414
110
1510
166
896
730
576
2174
1670
16
2167
2706
1154
258
900
94
2084
1074
148
906
32
2502
264
2242
2002
544
526
456
2155
1026
1488
598
666
196
2012
198
2358
1038
350
1886
2077
216
2505
1766
1120
1130
528
1982
2554
2336
2548
182
154
1522
2107
492
2383
1160
1434
1180
880
2024
896
654
2038
1898
2453
2218
2214
156
2325
138
2185
1118
1258
2013
286
2188
2952
544
676
1154
776
190
1872
2134
2202
2216
286
1078
2037
194
2214
2462
1396
1975
2500
1256
130
1010
2110
2347
694
944
244
58
2271
862
2195
400
972
1408
6864
1408
1899
418
2212
2125
2164
304
472
362
222
2381
998
2089
296
2646
468
808
2413
2222
2351
1254
2530
1514
2008
564
380
408
1206
742
96
1300
184
1924
152
2124
2281
1064
2087
2148
126
2152
286
2102
344
32
1290
1508
728
820
2342
266
526
618
2593
2221
2060
2220
2510
162
2164
30
2288
1114
1434
1178
60
2242
2402
224
508
800
540
638
1140
1560
1120
1980
552
2315
2271
544
2376
822
2318
2007
660
772
182
1190
138
522
2096
1880
2012
606
2309
2801
118
372
1932
1942
822
1232
430
1790
176
1040
170
186
1446
2169
2276
1402
2706
2270
2348
2192
1790
1134
236
586
604
76
1676
32
62
1276
1608
2676
1246
1182
1930
204
1840
358
1776
102
980
1490
374
864
442
2672
86
1528
2336
968
2584
296
1652
406
1300
600
2291
1798
172
558
2152
206
30
2382
1670
1350
326
1614
108
1706
634
2481
2378
2611
976
1993
1166
172
944
2105
2429
2142
2472
1908
2203
2081
4
4
14
2401
1956
2017
804
192
424
2006
46
1044
2152
1250
1965
1640
920
1684
2083
2479
2473
1760
1692
1142
2322
2329
142
1812
626
1294
2194
2390
188
32
276
1330
38
412
1568
2288
1288
1180
2083
1460
2400
2159
2395
1468
1947
2444
2070
540
222
1402
2283
74
2344
2780
412
1804
1740
2153
1666
1544
2438
918
110
2237
2190
54
1110
2353
2070
2486
608
254
358
1792
1962
2406
1126
1498
1446
2421
436
456
802
2068
2018
866
2179
1154
2651
1984
112
820
2186
2515
1374
646
686
654
140
686
1984
2579
556
2100
2541
1526
1630
2404
1799
540
2307
1168
432
1174
1632
2431
890
1764
2278
1864
1022
1368
2128
2376
64
854
940
2274
2359
662
460
2503
730
1222
120
2205
2235
2114
706
1290
1468
2141
34
1514
2292
408
1080
302
242
756
2157
122
334
1646
2148
1770
2297
1028
2263
200
1008
2304
670
2330
1024
1024
1782
722
1350
30
780
1378
880
2061
2406
386
2359
782
1546
2110
774
1717
100
2693
1942
1106
2556
1056
70
60
172
1781
2794
406
2398
1018
2212
526
22
1902
2280
90
616
882
384
1126
390
74
2091
986
294
2389
386
564
336
2548
2116
602
1914
2368
2089
2043
126
2557
236
70
460
2192
1900
2016
2096
2393
2412
686
2295
1750
2205
1805
136
2065
2247
2266
1634
2150
796
766
80
2004
1953
772
1378
2124
596
852
2522
1056
1916
1576
26
1656
432
248
1996
2041
1368
2212
40
500
2240
512
684
746
900
1300
408
2293
2336
2098
1602
1920
1374
1872
2506
1278
172
1694
778
1962
824
2657
2435
1256
964
2068
2430
454
300
1134
1912
2528
1308
2178
1272
1060
2391
286
1998
2377
520
806
186
2170
1576
2283
2590
2012
914
716
1908
736
1828
1776
2195
728
2413
848
2580
1762
2408
200
100
2301
2079
2169
194
2293
1150
2250
2387
2119
972
1408
2227
1026
222
586
2306
1356
2392
1264
378
2474
942
1148
698
2214
2250
732
1494
2356
1020
2284
1294
664
2372
2438
326
2178
156
236
2348
866
376
2076
514
1036
52
1192
2463
1780
2333
2352
834
2281
2408
2568
1132
1320
980
560
2326
656
464
2024
1928
118
2411
1108
1706
900
1684
2091
2440
2173
26
1971
222
1480
32
2040
662
1240
1806
516
378
122
2272
2696
962
1772
1610
2277
2415
1951
570
1702
1122
444
562
192
1156
896
746
716
2303
936
1702
394
678
728
32
2277
2054
2622
2038
1098
1064
1963
128
914
1294
806
638
394
384
926
950
1907
2544
1726
642
1128
1140
152
1520
2674
1688
1788
2194
376
130
672
1976
588
1462
298
46
1890
150
2520
558
584
698
2176
2164
832
64
2110
1770
884
108
2279
2529
766
2511
188
698
1518
2156
400
2395
578
1596
2316
1438
1514
2316
830
2417
2010
1680
802
418
668
1370
166
126
1100
2252
2351
2073
1354
918
1642
796
2142
1372
1378
868
698
892
994
2515
618
598
1106
1302
2284
348
1156
2024
2432
256
208
914
2150
1376
2326
1234
1196
2446
766
806
1963
214
2355
2403
2148
494
2294
1002
1358
2256
796
1736
2339
2104
870
2054
286
2336
1970
2299
2367
1876
2334
2484
2262
2112
1092
744
1582
1560
158
1428
2024
186
2250
2305
1816
2213
680
2028
172
1450
1340
2078
500
1380
324
1916
2120
2136
160
1844
790
790
1808
140
1830
2263
2051
278
2336
218
680
2442
2141
56
2185
2278
560
1000
2444
510
116
1946
228
706
206
720
2120
1098
2423
1308
2398
490
1296
2499
1150
338
1396
1354
2188
2282
548
2525
896
100
1564
1792
2045
1242
580
1782
2343
876
2440
322
196
1760
784
686
2088
1918
384
2300
2285
794
2244
1586
1779
1272
666
1308
566
2682
226
830
1072
336
858
2350
134
2008
608
784
2004
194
2511
274
2078
1590
202
2253
2043
2131
1340
2368
908
2417
2024
2175
1962
1926
1727
1780
2148
632
802
726
196
2688
516
294
1124
444
1080
1939
338
602
590
540
2293
2125
2005
2466
88
1406
500
2366
666
1312
390
390
2110
26
784
2402
1942
822
2141
288
724
24
30
752
1336
2174
622
2505
2070
318
2307
650
2212
376
500
990
1582
1458
86
218
1200
184
2162
1743
1568
2049
358
1040
910
56
1794
2566
1042
2268
406
592
1854
2122
240
1230
2570
122
64
348
850
1028
666
1050
2089
2121
2275
2545
148
1084
1530
12
1664
1012
2456
1480
114
1744
2229
1274
720
2622
746
2168
142
264
2340
28
346
1678
294
2642
656
2276
1138
62
1740
1164
1888
922
896
2370
2211
2186
1212
12
396
2227
2563
204
866
808
1664
784
1519
2154
1894
16
528
2387
1510
2231
762
394
1454
1974
1308
52
832
828
902
2079
1732
266
320
12
2323
1958
664
2266
614
1783
348
1110
2016
2360
1034
66
544
2282
1234
2028
1140
460
2570
2402
1194
268
682
2112
444
1258
1980
762
1898
1462
954
2533
1634
1780
256
788
1952
4
524
2176
600
318
94
1870
2472
2290
898
2383
1648
1092
2362
2476
1600
510
2040
596
248
502
730
2142
1200
686
2050
2160
1484
90
806
1936
952
34
804
1610
2689
2479
1724
878
1766
2302
2103
274
1732
20
1666
714
2359
1216
978
2461
1260
2662
36
572
398
2360
1846
2435
2429
2420
848
674
1156
990
2494
794
1044
358
1204
1062
2389
696
56
878
2380
2078
896
2240
758
542
140
2369
2380
2075
446
476
54
1812
2297
320
2294
2126
1660
66
428
1838
132
254
210
640
164
2064
1074
822
68
170
720
1826
1550
630
1118
2399
306
160
2307
1296
2170
332
1240
1238
2311
882
248
314
1528
2254
310
2672
590
388
2042
1384
804
2281
180
1362
1704
444
346
1074
1550
2186
2349
1120
2497
408
1446
2329
1698
52
2316
1840
1672
680
104
2087
2017
1372
1536
2041
126
896
2325
112
68
2495
1222
2405
1124
10
1860
1204
2009
2223
1136
2040
1706
1182
2081
650
2096
24
2381
372
958
2115
1794
186
2360
262
734
828
1320
1456
134
1024
1969
2490
1884
1733
1887
2043
2107
630
860
2093
62
844
646
2032
460
1150
1836
1724
1880
2291
1350
1030
1710
728
2297
2269
760
2458
806
736
1114
2531
192
36
428
2471
746
2454
1148
1218
1266
824
2968
1054
958
2499
494
2103
2503
2689
302
1676
368
318
850
316
2152
2248
1922
2445
2093
2352
2466
2474
1731
2094
908
2481
694
162
926
2108
710
2386
2713
2465
674
30
696
594
2016
1688
290
2128
46
2276
1412
1166
256
2322
772
682
2357
208
2213
794
1780
642
2127
1534
996
22
2443
2166
2113
2134
1766
44
1788
1732
1222
340
152
2658
570
600
914
1786
2145
258
1522
2100
2294
362
590
2026
2571
1082
414
1396
2421
1284
2230
2161
404
2339
650
2301
1634
2379
2461
108
426
1092
2247
2468
782
2150
428
924
452
454
2198
2196
926
1716
2080
1156
2026
232
1114
1654
2172
408
408
2200
32
2911
1616
2246
148
646
252
140
2706
32
656
1925
46
740
874
312
838
1086
416
2393
310
372
2298
1966
2040
330
350
1648
2492
158
750
958
2476
456
190
464
2088
2335
2177
1498
1360
2367
1761
1126
744
