2185
170
550
1088
2746
988
1442
1830
2454
2505
2366
1382
2317
462
602
2426
348
2306
1396
2563
2363
194
388
608
2044
224
246
2101
568
1870
56
606
1008
1328
2211
206
2637
1190
520
1973
116
22
1860
1442
1728
754
730
1320
1128
476
1910
1306
1090
2213
2141
1114
416
2120
976
2022
1894
2033
678
2177
1394
2026
2258
526
594
2260
332
296
800
310
1908
240
174
428
12
358
2046
1856
888
2158
2523
908
1190
956
1972
2180
2483
2526
2387
842
410
92
762
2215
712
1948
1250
556
20
2196
1472
730
58
52
688
2303
174
328
2358
880
430
714
2628
2144
500
1764
522
180
4
1596
1435
2343
2352
1108
604
1116
140
2093
906
302
208
96
2445
2410
2559
1865
152
602
882
2003
1714
1568
2491
92
1971
622
1040
436
1540
1478
2085
1422
856
232
2430
790
670
712
2866
1660
2412
528
2441
1502
2087
2402
1196
2076
2563
2042
2221
2120
2512
106
2162
1800
658
2188
132
208
2168
94
1668
1889
716
2672
328
494
2448
150
1896
1028
2356
294
652
1940
2182
760
2402
362
1564
538
2321
1230
2108
1334
2178
816
1697
462
422
536
2349
1770
2333
2314
1722
1030
2360
1438
1975
2216
890
2103
462
1648
1630
1504
112
2186
2178
28
626
194
22
872
1974
2264
1418
166
512
2204
1938
1790
1530
1951
276
146
22
300
1118
1853
744
96
1927
2171
2223
674
2095
248
2409
2187
328
2422
1084
2163
1052
418
944
150
1928
134
2091
1436
2200
488
364
824
1946
1444
880
1032
2352
1886
1708
728
1294
2223
1560
578
2255
1812
2216
2257
328
1392
1862
1258
276
2297
2268
2367
2208
1452
396
206
1594
318
1622
1176
274
2062
2243
2324
552
2525
1270
2366
1056
618
2321
1773
590
158
2308
2394
1862
736
646
708
132
2197
2618
2115
300
426
172
2224
50
1380
1140
2323
36
1302
3462
2507
1154
576
2497
2263
158
356
226
2311
694
2461
140
126
96
66
2552
190
2009
628
2396
384
1884
2587
684
2359
1276
1998
904
2656
1648
2244
2100
162
770
214
2342
2320
2274
2054
1444
2266
202
2145
2435
218
52
1972
968
604
744
2082
2713
852
948
2166
1940
2236
590
576
2501
8
224
502
2130
2518
1762
2254
856
1610
2082
730
160
382
636
2369
656
2054
916
428
1880
2451
2556
1646
2223
104
84
960
2242
2278
2172
2038
106
2042
1424
1450
1891
1919
986
778
2321
1184
2382
72
2147
126
2380
2019
380
2469
2116
1420
2099
1258
1268
2070
476
1576
1588
2366
1980
1754
2323
2055
328
624
2266
1060
2044
2523
1314
1843
2300
1620
2361
338
1256
2062
2486
280
1218
34
1820
1200
2481
2378
2386
148
334
646
348
818
2166
514
2439
406
1932
2029
2178
520
1696
1766
2258
1666
278
1460
2311
1268
2493
610
214
2488
2420
1176
706
844
2297
324
2437
1707
136
2144
466
1980
2456
1240
1898
1160
1572
484
1974
732
2058
1498
778
1406
2248
36
118
1032
86
1916
2204
1006
2128
2282
2243
2318
466
618
566
2145
1152
388
2250
2358
1066
2190
1680
1564
1026
2168
2104
172
786
2567
78
1242
294
1358
658
100
2082
406
468
418
90
2594
270
1272
650
528
488
2291
2304
218
2130
2632
2205
626
1592
2313
472
286
224
1140
2254
2012
1926
2364
2216
2011
194
494
1962
1318
1234
1992
2240
2418
232
78
604
2219
88
1258
334
1664
2131
2070
1232
1700
2267
2191
1246
1250
1646
1214
2230
1600
2321
1396
2197
1566
2105
2371
2037
1060
234
128
1965
1670
1382
2009
834
104
2155
1967
1882
2453
758
1278
786
488
2009
16
1790
504
2
242
2546
2004
2141
1827
160
58
316
1308
1160
1116
1480
440
292
2434
404
2539
468
2156
2552
1482
2357
1652
2069
252
2326
848
420
1412
1196
1192
674
1028
1918
420
2532
420
480
2317
1926
1346
1098
1128
1808
664
50
136
122
772
30
1246
1842
2014
2278
2121
1220
2484
158
1760
838
1370
186
1602
2706
516
1348
1094
2346
484
2463
690
2164
2384
2494
520
1244
756
244
2084
1134
2376
1882
2290
2332
2219
2296
338
1668
798
2538
1436
850
830
1104
182
74
724
616
720
180
2196
1947
868
962
956
410
394
1938
1766
1152
2109
362
518
2109
2958
1824
594
1332
624
700
2170
1872
2258
1662
1964
1144
616
758
448
1064
204
552
2700
54
1414
1204
860
130
1490
2506
1136
1950
2540
1048
336
1572
1574
1502
1472
2261
2268
2034
452
2127
1444
1772
2248
2295
2132
1792
2438
604
1344
1040
808
62
2472
208
1052
2510
648
1830
2126
1228
866
2126
474
1644
410
1202
480
460
2123
1967
98
50
2622
2360
764
194
564
386
828
2184
424
432
1932
316
2197
1834
1090
1446
1492
970
2244
106
1404
2349
1702
2199
82
1054
1890
2494
330
158
440
1966
2406
448
1979
1718
570
2405
1028
1348
1114
106
1830
100
232
1993
538
2501
2068
2324
852
2395
2263
112
2213
2532
14
2191
2202
554
804
1856
2320
26
1768
1002
320
2243
376
1920
2413
2109
546
2274
1274
216
678
770
1622
270
1038
1780
488
1639
2225
126
2114
2116
314
2022
1920
476
666
2591
660
1366
154
1050
82
1126
1848
596
1640
24
1620
556
1874
1912
2581
1152
316
500
734
1972
2454
698
182
1310
122
2029
1838
832
328
2227
126
1918
2056
2284
1570
2228
948
32
1704
2043
988
650
2136
364
634
1400
1422
2442
778
2489
140
1956
1062
66
1050
886
1816
1088
564
986
788
908
484
252
2386
980
2054
206
2144
2462
2
2050
146
1936
2374
2226
158
2125
2176
1971
238
54
2443
2066
2241
2126
1703
904
2532
2163
492
216
2837
2396
2260
848
646
1098
940
2200
664
1220
1320
550
338
2006
1900
124
1454
2050
2070
122
586
240
2475
672
2278
2083
2322
526
724
886
1786
1674
574
756
272
2275
1122
1957
2543
1986
174
2383
2360
296
2079
424
2187
52
2638
2486
1086
2000
2479
1856
1186
2398
476
2185
698
2492
2206
950
1040
1851
768
1176
2228
2458
768
878
1815
1578
888
1746
1744
2280
2365
538
32
46
1052
714
340
2060
504
2360
778
2380
2076
1412
8
1968
714
1164
1442
2063
2431
1328
680
1650
2494
2011
682
2358
1024
2323
2288
518
2081
1804
1974
156
2272
1672
562
1668
1618
588
2140
44
1464
1698
1886
2495
2212
2464
658
1234
2126
1002
1270
1234
1729
2476
892
2480
260
2684
1034
322
642
264
2022
120
2456
2129
2240
2126
2352
2355
1984
2012
20
2380
2320
1342
2204
926
176
1710
1606
1130
472
40
548
2325
1634
462
2497
432
734
1666
12
868
1736
24
870
2628
1968
812
640
2348
1980
1090
2088
2393
2177
88
712
2113
1972
2402
2724
2312
2489
2168
1632
664
118
1670
142
2677
52
2497
2286
796
1326
2260
2184
612
260
1008
878
436
568
1700
2243
1936
460
1128
2209
56
2454
1492
554
2062
1442
334
2402
138
1952
1224
1238
1026
2361
1926
2503
1782
2134
1764
2344
1178
1120
1744
124
938
2048
180
2339
2200
2288
732
162
1018
834
2220
2110
186
1858
2184
2329
586
2676
2248
2450
2154
2505
2240
1052
2066
1516
26
262
2288
2267
2
2485
620
2269
398
2229
2244
2499
1138
2515
834
1090
148
1030
1368
2235
40
2098
2095
108
2379
1857
1928
2257
992
2308
2436
1752
58
1740
906
980
570
266
798
2501
60
2286
990
1522
1608
2178
1078
510
1040
2330
2410
2294
456
670
1282
478
2466
1900
1476
66
1970
1902
1064
1988
1546
268
2604
2311
704
502
2480
1386
560
170
968
352
1446
2347
654
594
1546
834
2510
2047
242
1924
2118
512
436
182
1752
194
1178
1394
2261
2504
2012
1156
1376
1112
208
212
1426
2113
1514
36
1592
266
260
2134
1308
1104
2050
1828
1324
1932
1808
1064
1995
1314
1776
46
366
1968
1314
744
2529
194
1486
1504
1034
1986
1943
2412
2176
116
920
2179
938
1048
492
992
1294
226
1528
2006
852
578
1976
2347
950
1774
2154
1748
100
1652
1798
1994
2234
292
1850
702
2227
2139
212
912
2486
2401
110
224
2268
38
2514
1716
2403
364
202
564
550
2091
64
1212
1544
1256
442
2192
2405
1306
2227
1124
80
196
1865
36
1800
526
2279
1934
268
1388
50
1710
2120
892
2476
2529
1282
1816
2230
2121
250
1394
762
942
176
1842
788
236
476
1736
1786
2478
2777
2199
2577
2121
1442
348
2256
2355
2363
2082
2504
2413
2318
838
1202
2337
504
1552
638
1460
1002
2371
1745
2354
568
1672
256
1192
2334
258
2482
2270
966
2375
2393
366
2197
1402
2273
2446
486
1092
1914
1790
1756
332
1010
2375
442
528
434
878
986
400
420
66
634
1346
702
2272
1748
1088
762
1492
2356
2349
500
256
2280
2434
618
484
2134
940
1114
150
2335
1734
2442
1951
856
2747
1268
1440
2162
866
268
2289
2313
2003
932
574
2153
1972
480
882
1793
178
964
172
862
2394
1920
1532
2382
2337
1883
468
612
316
2383
2138
1930
512
1114
514
884
1763
210
2345
2276
2605
374
560
1752
1202
2109
1124
968
498
32
414
1096
854
1104
2347
686
238
240
724
2414
2343
804
2523
618
2159
2186
888
2341
2141
1596
492
1418
1650
152
328
646
2450
156
1282
2087
2215
2096
2229
1362
2306
2877
516
2326
1822
2232
2489
1578
1330
2080
324
1090
2228
1952
2220
10
1442
1908
1332
2412
2254
2076
1923
1520
2434
424
2512
54
4
1234
1034
1028
2147
976
1502
1028
1888
614
506
2199
1971
2090
2127
2216
2306
2330
1824
1080
1590
1344
502
244
2390
2050
2271
1506
216
2354
2000
266
966
2136
812
2000
628
2392
2308
1390
1136
2129
2432
1978
1116
2392
2176
678
222
1978
378
2228
216
1754
626
846
1206
2390
666
972
1388
1052
1816
2276
1254
1404
2282
1762
74
558
1524
442
2313
954
2108
1428
3134
458
344
362
1791
2137
2524
1046
236
2056
1066
842
250
1822
2195
82
2456
1068
2626
796
516
2084
2141
1798
1876
340
2557
2208
1952
506
1250
806
1142
14
506
2677
170
1292
642
2435
2126
2596
2196
2421
30
2078
916
1890
542
2144
2578
910
1806
1698
258
1342
2140
2209
32
408
2131
1948
1084
70
2318
478
880
1290
448
1812
2388
4571
724
1014
76
872
1464
2493
858
384
1173
70
282
70
562
668
116
746
2311
2098
2324
1579
416
580
2336
580
1888
354
630
218
1116
1882
2154
520
132
2330
464
1154
2585
1928
550
2388
464
646
390
1316
196
636
2533
790
954
1248
294
272
2129
124
2557
1686
1296
1200
794
282
44
1889
2390
964
1150
570
1512
2008
1234
2077
2321
288
4650
1496
2366
1971
1756
2403
1194
1002
2557
2290
662
1344
1588
1580
168
1874
574
326
762
466
1040
48
2176
2445
2224
2263
2115
220
1450
174
2051
2501
2063
1567
2407
2264
2455
1500
1136
268
2044
166
1210
2538
2120
2097
600
46
146
2474
758
276
168
1480
2118
1552
2284
2226
2178
748
2324
768
1389
512
1014
188
166
1754
2440
690
2313
2392
1088
92
2345
2298
1332
808
2823
468
2210
1262
1332
954
6
756
1132
1920
2269
970
2075
158
1828
2042
1706
388
388
2004
2051
172
800
314
1366
2546
388
1926
1940
78
374
1676
90
1138
2138
2250
1404
1398
1666
926
2116
190
2313
138
914
174
120
2252
1294
2376
2483
12
1260
1842
158
512
1236
116
2275
1712
746
2520
1676
2313
930
2296
1514
2669
2454
1114
2139
148
1826
1398
820
280
1240
982
1218
276
2440
630
284
406
1734
1544
302
250
808
292
2058
1068
766
2056
146
2136
2380
582
1878
32
322
2334
1106
2186
946
830
2479
692
1044
2334
1374
542
2419
2071
2130
86
1028
716
2258
2558
1336
664
2055
592
1754
2401
2170
52
444
1736
1732
442
2418
980
934
2126
1270
2052
254
1846
804
1264
2167
1048
1570
1502
1032
66
1632
2386
108
168
2454
152
606
346
236
716
2190
2282
558
254
742
1476
800
1028
2773
436
518
548
2205
464
158
210
202
1926
216
890
2367
758
286
2119
1556
6
2309
770
280
576
2064
2191
1983
2139
502
2461
774
2338
668
262
1654
1626
2310
2302
442
2176
1670
1580
596
2177
2224
1998
680
4
1220
304
2280
442
644
2244
1888
1958
684
106
1692
40
1536
2212
66
1550
2261
1624
370
188
2122
914
2331
1908
2327
1706
2074
2140
422
2279
232
76
2618
426
2518
670
178
858
666
1718
248
492
2312
1280
2115
2269
912
604
2188
1842
1782
960
2574
298
1244
2523
214
560
458
2234
1694
2203
224
1470
1838
2675
1854
1962
2412
2488
1174
2292
1904
2436
858
1366
602
958
282
2334
532
592
882
764
384
126
2365
2492
388
2298
2829
2630
676
2195
572
2113
740
652
454
704
1446
660
2458
1846
150
2400
1228
2506
2380
2181
848
2474
596
974
1532
1804
962
1418
366
402
2432
1896
2124
1122
1238
1928
2326
304
416
682
1076
1672
188
2698
250
2124
2759
1652
746
2044
1992
768
2324
2398
1330
2598
2040
702
1078
2175
470
1430
1300
2588
218
294
718
1944
512
2110
1890
1618
704
434
1084
302
462
502
1810
566
196
2502
78
1020
126
2580
2458
2306
1678
2015
322
930
1302
2431
2359
390
2354
1006
208
2542
2396
502
1938
2284
2313
2231
494
2436
1580
1016
1124
2333
1854
1916
1104
28
2286
326
2087
376
1184
594
1926
2002
656
2669
2066
1616
2444
1144
1682
1190
398
48
1894
942
360
1490
2433
742
1906
560
600
1744
222
1456
1818
2818
1980
340
2310
1378
1016
2325
70
918
92
1230
2445
2188
190
526
1212
1418
1090
1182
490
158
824
1152
344
1382
598
1796
120
2253
2549
2083
1286
2065
966
1088
2198
344
774
1902
560
1260
122
2160
2306
712
992
2137
1514
26
2194
394
2131
2191
2329
1020
2496
328
446
612
1743
586
2631
576
1702
1646
2300
148
346
1794
1924
234
2270
2127
658
2450
1466
1524
1174
364
792
1844
336
692
384
2145
1414
2316
90
64
2090
2202
2261
1990
1880
1318
2116
1454
2172
2290
2283
2538
2300
286
318
2214
1238
1938
772
2242
2328
1912
1410
512
1947
2061
744
82
1912
1951
1790
1728
2010
460
2234
1134
1082
226
160
228
2602
2223
2206
2586
1960
2375
1278
468
2440
70
2669
2024
404
1918
1950
1622
2492
1156
2135
1604
528
2152
914
1608
2490
380
1986
1354
530
234
310
2125
378
504
716
2480
2425
724
356
1848
962
1376
2536
522
264
618
1160
2339
2124
484
1234
2306
2
780
2200
1930
1660
2308
2480
1210
958
1130
1740
2402
1554
1286
1222
2296
264
428
2387
1202
1336
584
1536
538
1146
502
292
1454
340
62
2111
2203
1416
1554
404
650
2361
528
1496
1518
928
364
662
20
1708
150
546
586
152
2672
1368
1230
2408
484
900
848
2089
988
2118
2276
2414
1066
2210
2275
2008
382
2267
1196
1987
158
1768
458
1698
1838
2356
2339
1070
454
562
2076
1312
1240
1398
820
1598
2411
776
752
2042
1972
1572
2031
280
2248
2053
354
1966
516
812
1066
2858
874
184
2131
560
1452
1342
732
2118
1510
2280
2047
1542
2269
1960
330
1826
2407
950
2370
2495
146
554
310
1144
256
1975
168
2490
134
1652
1440
2379
2475
2331
1436
2672
2346
1050
42
2209
1956
554
2590
2437
1572
674
314
1264
736
638
948
1312
568
1396
438
108
50
430
2278
880
2559
2484
1734
2426
448
1647
322
1956
644
668
328
138
2340
324
1530
2237
390
1064
466
360
1664
2064
374
2516
1438
26
1050
1924
1494
2163
2305
844
2280
1374
2138
1674
638
2158
2524
1012
1210
2563
2572
2175
536
2158
2077
726
1546
1920
2455
772
1104
166
2238
2832
446
512
790
982
2212
618
1706
782
334
2261
1102
1154
2298
490
860
574
1236
72
420
352
96
1122
516
2448
2143
2308
2439
348
1236
250
1922
1124
1284
950
114
126
1672
2312
820
118
30
1048
1658
2046
1658
2135
1514
672
282
336
616
1496
224
1424
2317
128
1742
1488
826
746
310
2408
374
654
1320
2099
334
1844
868
1036
1794
1986
1020
1618
646
2503
2278
2324
1442
1408
1028
2458
540
2422
1886
730
288
870
2232
598
2279
2528
2054
2127
286
1767
648
1926
164
2480
2546
2216
360
586
1530
614
2110
1002
662
96
2452
1240
1838
642
146
1456
2516
2347
172
978
2559
1837
92
2185
2267
1684
938
298
546
2237
482
2092
66
994
2509
2180
690
786
2220
1144
2152
654
1214
930
866
2364
1144
2375
2108
448
366
118
342
2389
1708
28
538
444
202
2287
2304
518
1932
2513
14
708
2236
322
2684
2371
14
196
1152
1532
2363
1764
2550
160
2111
1050
1460
2135
36
116
250
728
1982
2325
244
80
2280
1764
174
2320
954
30
1969
1496
1618
2126
268
88
620
1298
356
1312
746
1836
1736
1830
2188
1922
2446
1000
2264
2147
306
2118
1786
312
1746
24
1410
1846
1370
258
124
2246
2236
2156
318
2440
308
2000
2494
1259
2089
1965
1130
556
136
1972
1702
128
144
442
2
2318
562
1864
10
142
2516
2480
1066
330
2408
1038
570
784
1930
174
1995
1482
418
460
2400
1408
1604
982
1038
2102
2153
1748
2186
346
2058
1848
1278
2546
2222
2028
110
58
598
2525
2577
1214
2056
2370
1704
2611
2212
64
2492
834
2317
2454
314
1268
1010
1104
126
2105
2799
28
1202
1576
274
1854
152
818
1848
2350
2012
2352
1614
148
2048
2156
2287
2209
50
42
82
1736
2706
32
844
1248
