1204
306
466
1062
1618
1222
2484
714
334
1676
1172
2203
584
658
2408
1995
2210
94
1676
2231
1714
396
514
22
28
1270
2133
1282
168
358
2020
1903
300
2323
2414
2634
2352
656
458
626
2398
2070
454
1218
968
2673
2503
2451
2120
810
1643
1956
156
2225
2317
2312
344
2220
2213
2038
2329
2242
238
636
10
130
190
2474
1364
2492
2466
720
214
1628
1202
1626
1891
2245
2663
1308
2355
2415
158
2248
360
2122
2425
582
1734
2136
2206
322
152
36
906
1256
1766
600
1852
314
416
400
1742
124
2473
736
2796
264
908
652
516
2489
1666
146
970
876
832
1878
140
1775
2098
994
2076
2318
124
1941
978
2115
794
2188
132
740
1970
2549
1504
2106
364
630
536
1184
1670
2302
1198
2480
2324
572
1090
2554
384
2496
462
1971
2021
280
1628
2488
1954
752
460
2558
1202
380
2574
660
860
1184
2160
648
474
1354
1958
458
2332
2442
2312
462
2629
72
1576
998
2338
2373
1090
1114
14
34
684
2180
2079
370
2263
134
358
1082
1942
370
1346
2273
2148
1916
922
1838
14
2606
190
2403
1955
2064
2336
2057
944
760
1206
852
2294
526
186
840
380
2438
2038
2372
2569
530
2117
1442
1454
778
2037
1886
2339
1114
226
2257
684
406
938
1162
366
872
1006
220
1454
448
818
2434
2040
1908
646
408
436
1617
2363
1344
224
192
2331
842
198
382
2604
1130
1248
1576
2408
1802
2090
2300
1554
274
2502
2109
2507
2324
842
436
36
1830
328
398
2352
50
510
2557
2177
2361
720
2495
242
2202
1264
1108
1738
624
1740
2192
284
2049
1054
2083
1946
1943
1100
1564
1050
1720
62
2494
1814
2324
2544
2404
730
1708
688
1642
1336
2332
2222
2324
734
2223
316
2181
948
1016
614
2347
2003
6
390
2292
874
1980
2136
114
908
1020
2529
2028
1736
2350
1766
1404
2460
1590
1228
334
1056
480
2354
1668
500
1598
1078
2360
2133
2302
2489
1362
2320
704
982
2060
264
1873
1921
1508
2669
2204
372
274
1092
954
1582
1438
1058
1448
228
642
1280
2399
1338
410
134
2320
2396
2447
1880
2501
2489
2127
1538
1992
2147
2337
6
448
1180
970
422
156
2583
2302
248
1972
2232
1672
2187
2184
2630
1146
1538
2501
2169
1722
688
1230
392
430
458
2087
884
242
1690
1752
104
1010
1364
224
2319
8
2385
1684
1626
310
1672
106
2365
1210
1476
38
110
1186
2426
1980
196
274
2070
408
1434
1246
50
10
166
1062
2130
1084
380
1504
298
1492
790
558
2324
1478
2358
2581
314
2066
1986
270
2378
1034
2536
1322
500
1440
1835
1282
1148
2462
2226
132
254
896
1058
82
372
574
374
1954
2367
2299
2510
2251
1592
234
648
1280
744
696
306
2564
2274
1927
246
2207
644
1082
2439
206
1200
2322
1961
2196
2128
2404
734
598
228
1364
1272
804
2264
1276
148
52
1172
314
926
2305
2082
1514
2312
568
2365
2020
1074
50
1596
40
2487
2431
1302
686
22
2254
1592
530
2030
528
316
606
2050
2065
1454
1669
130
310
1924
1984
694
26
1418
2303
2078
1764
798
2127
1690
1686
1108
1402
2134
2400
758
2294
806
4076
368
296
30
1898
22
674
1280
12
108
2940
2071
270
1444
2030
2264
2238
2084
1108
550
846
2032
1458
2583
1276
1991
2116
2228
354
2143
94
1568
1724
1885
320
1760
488
1863
2249
764
2525
2576
1328
234
1262
512
38
1556
896
1924
1836
932
22
1822
2555
2219
2228
1148
2326
2548
582
2441
648
572
1238
200
752
238
1632
2107
1650
1130
2259
58
2224
1740
1628
1608
1102
932
180
2148
2519
180
1010
330
790
1987
2314
40
2180
380
2166
594
2131
156
990
2412
338
2480
2013
1518
2400
134
1904
1845
186
1959
548
2061
296
394
2320
1808
1160
22
2174
104
596
648
2160
1952
1368
266
1937
2171
2210
1986
2176
26
830
2322
2592
2458
34
1474
860
506
2345
1928
1228
268
2410
2419
2517
2369
130
508
1944
240
1988
2249
2287
1534
758
1356
778
310
216
178
1742
830
444
2104
2210
954
1058
94
970
1544
1014
2593
1126
2301
1118
242
932
870
2078
1995
1972
1958
2434
2317
2348
908
2392
2070
258
1021
656
1484
1464
2090
1578
1964
1332
2502
472
1966
74
2250
2608
736
2283
2414
836
404
2379
2259
2147
2445
1388
2372
2273
900
1246
1508
758
300
1064
652
2108
2092
1664
330
170
1990
1970
2308
1806
522
352
398
832
4
636
2485
1178
742
2418
930
82
168
702
1864
1550
800
790
2231
2371
2179
2276
1000
514
152
2423
1936
2288
2437
2152
1936
2160
2062
1452
760
2162
2068
1813
902
1246
1100
1678
264
426
2166
476
1248
1054
1818
1248
736
2388
2625
1454
646
2402
2172
2150
454
1940
2356
640
2124
1190
1416
2317
1708
812
192
1280
72
2517
1674
1871
1418
1528
1978
2274
1466
720
2044
1062
220
810
160
1094
1638
2057
812
2115
490
608
1002
2598
2070
1999
2516
2223
4
2315
1546
798
2108
2230
2141
2342
2503
1962
2420
840
20
386
1724
1895
522
462
26
2735
958
1176
2507
1810
570
2460
1444
2193
482
92
1404
1262
2053
454
1944
372
1692
2163
2948
206
1466
1452
2120
1976
156
646
2078
210
2150
874
60
484
2489
386
2552
1674
910
2376
1042
244
1048
2393
424
1668
426
648
88
1822
1892
942
366
1908
2012
782
2097
430
370
2210
2179
2360
1200
2347
2062
306
2292
2003
2213
1314
2152
2318
2293
2586
1488
196
524
2119
2177
444
2179
6
358
402
580
528
2256
348
1898
1962
2834
1598
258
1460
1442
1078
1862
2276
1440
558
200
1042
230
366
614
388
704
2218
1074
978
886
160
1869
1758
734
2054
2285
1817
2086
38
580
2220
1968
2663
162
248
304
2104
788
2368
1286
1724
2508
1100
1352
514
1761
2391
1004
1080
812
614
512
1564
2023
506
798
2345
74
1460
2313
2443
2322
292
1330
462
504
1086
2341
1818
2485
2508
2536
2342
766
2207
794
32
2149
2557
2363
1558
526
160
1086
1943
2013
750
584
2412
1412
1313
350
822
2264
1462
948
1684
1090
2311
1680
3061
2200
1640
2260
1592
350
2305
2380
2313
2146
1950
510
252
996
2076
2095
2253
1298
474
2340
2514
1895
88
2631
1166
84
2741
2242
56
1862
200
1240
600
866
124
36
2598
836
632
2263
1010
2436
796
2179
2400
2047
2890
2392
160
1474
1302
348
544
310
272
262
2337
2298
98
424
492
2054
496
1883
2270
2104
1572
1861
162
2991
4
2541
222
40
1268
896
1742
1286
2106
2946
1914
2442
2562
882
1064
478
834
2267
690
1702
1410
2512
2067
1420
2367
2231
206
1794
918
926
2133
2400
10
92
2604
2088
1933
2324
2128
442
1452
552
1204
318
1150
562
2662
1744
1848
2043
1416
1130
540
2178
1038
1302
2173
294
1610
1540
2298
1962
404
2534
2360
2424
1178
512
480
662
212
2095
144
436
870
2445
826
220
1428
2121
2364
1724
1704
2152
726
2330
266
2297
2379
504
1272
76
698
180
1914
1682
1628
158
694
2507
2252
140
2624
2287
2245
1886
1611
1918
2656
1120
872
898
1488
2257
2461
914
1124
946
2319
2376
590
2307
1902
138
318
566
1364
1728
74
2634
1464
2272
742
2441
2755
498
2587
1030
1534
282
228
1827
14
416
1052
2425
498
368
1492
240
2368
1993
374
1820
1122
194
944
2108
20
1336
238
2568
38
1510
870
2366
2403
1896
514
2543
820
1919
2268
2102
42
162
2463
2451
224
1054
2516
1090
72
2482
110
1774
780
2409
72
2993
1090
518
356
1448
984
708
1450
1394
146
1947
958
1130
1066
728
266
108
2599
680
442
1696
2372
1850
690
1717
2004
1778
1178
1946
1268
2126
2146
1768
332
1920
1833
1974
546
424
186
1786
1810
506
40
2325
2206
624
2136
2438
748
1510
116
736
2348
846
430
786
868
656
132
2500
2208
1000
2262
160
410
1040
168
318
1892
2354
266
1544
932
1982
2150
748
1024
2525
282
470
394
74
2258
2161
96
216
212
914
1466
1226
2225
48
1602
22
58
2655
1886
300
952
2226
178
952
2435
1849
2504
878
596
240
786
1448
1294
2444
2511
1292
1764
940
204
1506
316
1044
1852
400
544
244
1928
1664
2369
884
2367
2260
850
1604
32
290
604
152
1212
848
184
1104
638
2323
1975
2477
1398
142
300
182
1751
128
2280
2571
1568
1606
2038
618
172
1214
1300
2207
2713
1933
1250
1882
656
2582
1630
2343
164
196
788
236
1686
914
1166
392
968
1714
1887
2496
660
786
2022
1948
2400
1917
2168
100
364
1442
154
1798
2046
4
102
1508
2377
702
44
674
2396
178
1392
2132
2316
996
2562
2036
1887
2157
2430
2279
312
1430
2564
50
2333
2056
1538
1406
218
1951
1721
1542
1674
858
2147
978
900
2114
240
2358
1076
1480
2399
1374
2509
92
678
1825
308
620
1975
22
1436
1786
1212
866
2555
348
2244
2007
508
2508
370
154
2233
1570
2515
616
2014
2216
1614
786
682
2218
550
2109
314
1987
402
2329
2164
2229
78
102
180
2155
1064
2046
252
1066
1994
1240
840
114
62
2364
2356
1080
1410
848
1008
2386
274
252
2044
2285
2460
2085
1648
2373
1330
160
1954
2434
1394
1978
788
2080
2164
2614
1728
1136
382
2412
2068
150
1184
1760
2414
2334
2475
344
2496
2308
2272
484
1702
1765
614
1906
102
1408
2143
2404
2480
2173
2400
2144
1442
692
2472
2005
680
2440
1506
2360
1686
12
1426
838
54
958
2300
2268
1114
1922
272
22
576
1308
2288
368
182
1140
1186
634
2014
2288
2173
880
1526
2120
314
2107
2171
672
1902
260
2492
422
2137
2393
532
1972
2634
2447
1444
1226
770
2466
1076
2454
2458
2404
980
324
2870
380
350
550
2371
2166
2468
662
2312
2052
2557
2013
464
2263
322
312
580
424
640
1574
100
554
490
1690
2498
992
1596
1718
2438
546
40
1982
98
2195
2360
438
920
1484
2254
2453
2411
2312
2432
1290
2568
1858
246
518
196
918
2174
2227
1884
2350
2221
2191
2164
262
2454
516
2125
190
92
1304
1366
2146
388
1144
276
1800
2578
784
2377
502
2311
1184
2386
674
1184
380
640
1464
2386
2181
764
1576
1324
1758
724
728
2463
2485
178
2440
1776
2791
1180
632
162
2360
2275
2223
1486
646
16
872
1020
2411
2101
1854
2505
188
1324
2379
284
2455
558
1968
906
1612
122
660
650
558
240
1850
2140
1612
2509
162
1336
1140
1816
526
1110
638
1748
188
1730
2470
2514
2108
754
110
2380
2096
2266
2617
114
892
818
2449
2405
452
2487
2052
2216
1204
298
1136
604
2
696
1134
440
1074
604
2139
1714
108
960
2187
32
2358
2273
2512
2464
2423
1228
1092
2021
2028
1538
2217
1212
740
1064
2405
2399
1778
2297
358
1360
1226
2146
2519
2287
2399
372
2484
2030
2225
2263
2058
2427
864
36
2084
642
88
2487
266
2175
168
502
828
420
38
2214
330
2424
626
2503
2037
386
678
1370
1474
1154
1761
2581
96
448
810
2663
1518
1334
1922
1684
846
802
1096
2362
418
2595
2506
914
20
1076
2058
70
1692
1937
700
2303
1380
1570
2177
352
328
2278
2426
1976
1424
586
986
120
912
1814
2316
1278
1198
2057
2214
2290
1054
2092
370
446
1004
702
1352
660
466
1060
964
2492
2307
174
1618
2222
2010
1474
1530
1458
1402
2323
100
1670
2447
2620
242
1448
1000
896
866
2432
542
890
2881
2280
250
488
666
2457
2481
290
3026
1992
2206
2094
1594
102
1326
874
1668
496
2296
1234
1346
178
442
1554
190
936
522
266
2507
214
2504
1280
2264
838
2399
1802
998
1448
2144
2340
940
806
236
1881
2394
2415
396
2088
1538
2102
2190
2473
242
2368
2544
900
1388
104
2286
1814
2224
2312
2382
828
474
562
560
1862
110
2360
1496
2283
2009
1973
154
2280
1574
1098
2193
2455
2260
936
236
2163
1838
372
2284
1020
1260
2279
870
2166
2084
568
2399
126
2427
1708
468
808
1752
384
496
2504
270
222
2254
26
1596
2055
294
562
1162
1160
2402
860
1256
298
2442
2128
2166
364
2372
126
2270
1426
700
2221
1985
2409
146
2446
2419
2278
1918
2552
920
1008
1378
2610
680
686
1378
2164
1042
284
548
1278
370
2320
1848
2343
778
734
3042
2118
1194
1816
226
176
2350
1994
2262
364
2123
402
764
534
236
268
856
1952
898
986
840
662
850
2378
1736
732
2336
2291
766
1368
806
2538
772
2087
2569
2332
2253
2437
562
1260
1252
762
848
1942
1450
252
84
96
1734
402
614
662
294
1294
636
120
848
204
2222
2104
2264
1450
954
2315
2083
192
1490
2054
18
42
1040
1134
988
1780
1448
764
734
144
326
572
2193
2176
1778
2473
250
884
2330
1330
542
8
46
2226
2196
3164
704
740
1130
700
1056
46
2000
926
374
2283
372
1532
2175
672
2411
624
1638
1246
890
1869
1182
2131
196
1909
968
1626
686
1366
2364
252
1472
2011
2210
760
2669
2160
1792
2334
1360
2715
100
518
1755
2225
690
2370
1854
1830
2148
816
2216
2398
2274
130
1162
112
2145
394
1968
2280
472
616
1384
992
2095
1358
692
2100
472
1772
1950
1384
2294
2261
1296
170
2833
774
1656
1612
2202
2239
2255
24
1446
1478
1826
300
1712
386
82
130
2272
946
446
930
2084
1302
1890
1781
1028
2388
2145
86
2113
676
902
1410
2002
2252
2593
2153
2245
1462
558
72
586
796
2004
2285
1248
1638
1835
952
986
2213
1930
2116
1098
598
1216
2360
2231
312
1842
926
1891
2303
1334
1540
2642
134
2388
1444
2091
914
276
180
190
2334
2118
114
2014
2014
1858
168
586
596
1856
1402
1648
164
442
652
1730
464
2617
1108
1018
2437
2214
1860
2067
1928
2012
2223
2353
80
1658
60
2075
2409
156
2074
732
194
1554
848
2660
222
248
2063
1458
2119
972
222
2222
2665
1830
320
906
2493
444
1164
338
12
960
1094
490
912
750
2155
1586
74
796
2060
2543
786
1933
718
2127
2411
1192
2519
2443
2418
712
384
1078
1042
1712
1554
240
856
150
1206
2220
1352
1490
36
1208
2609
22
2439
2461
2306
552
166
1628
568
2213
1628
1926
2213
2550
2385
1292
1716
2194
2336
2086
764
394
970
932
604
1160
478
2294
802
344
2250
1732
160
824
1014
2426
1366
74
1742
796
24
2052
74
1930
236
2423
1810
856
2202
2529
1794
1520
156
2376
386
126
1461
302
796
1969
320
2067
2328
2356
554
1874
200
2138
2511
1418
1404
1504
1368
782
1876
1104
786
38
2076
1104
1388
2022
1823
1046
1904
542
402
58
1981
2430
1622
1004
430
8
846
1983
2401
2223
368
1198
108
276
1450
520
2714
114
2343
464
514
1512
1334
436
2241
2381
1506
2206
2426
438
858
1928
2244
2470
122
1292
2232
2277
504
1132
2243
1976
1464
1782
460
1542
164
2486
682
880
2377
304
1302
272
2246
2251
1972
1192
2367
2221
684
1198
2124
2120
1938
102
1832
2338
546
202
1134
1090
1066
2100
32
198
660
1322
2245
1458
1194
1982
618
2346
1256
294
476
2886
118
612
2216
2158
1718
1056
1246
18
832
1832
2118
2515
500
2432
436
738
242
540
422
1838
2253
98
430
638
2346
158
1674
2433
2371
894
2302
2494
2281
1901
2469
2112
2182
810
814
234
2392
1364
180
304
388
866
1342
2456
274
712
36
626
1948
322
2374
2291
364
1718
2520
70
2348
1510
1700
1416
2012
2053
1670
1036
2587
1475
1826
708
2507
2057
1236
2445
1460
74
1346
2639
2012
1180
1292
1186
1506
98
1064
380
98
1930
2655
506
1898
1060
778
2654
1566
1828
2339
1574
2232
1816
308
272
2288
2150
2385
258
2310
2440
190
2400
360
1847
1366
2609
1682
482
980
950
2859
1186
2509
2620
2368
2146
506
2080
2392
2148
2302
588
508
318
2291
1620
546
312
714
474
480
1854
1492
2439
1698
562
1078
848
1992
2116
574
2292
1472
1834
958
276
660
2155
2004
2374
1000
1662
468
2394
1456
2405
302
1198
2212
676
544
2751
212
1627
2198
1792
484
1616
2208
2167
1684
1274
466
2052
540
906
2407
2402
218
626
548
1636
2578
2141
274
554
1328
910
1302
2247
2002
2386
506
1284
1532
44
910
2288
1008
222
118
2629
1250
2094
1984
2060
174
792
2420
330
1138
1850
2248
390
1822
2339
800
2124
206
2399
2074
970
1350
1384
2417
2111
536
294
2111
408
600
1112
890
412
176
792
64
2502
1058
2438
2078
1930
972
10
1878
394
1128
326
176
272
1020
746
164
940
2628
2292
1846
2158
2362
184
352
2605
78
2409
2454
116
1420
86
1124
754
210
290
162
416
2566
2596
1982
162
1154
1276
2148
2216
1740
834
2580
734
2368
1646
614
22
2361
1762
1947
1690
58
1424
2256
728
2141
2219
496
2255
1780
762
608
2156
606
2077
764
646
2363
2317
2492
1412
2180
1572
2233
2313
676
730
2359
1142
674
662
2284
2299
672
2233
2105
2410
414
2202
1158
920
126
442
2606
1650
340
2517
1096
692
2637
454
2173
1988
270
1074
2182
2660
2388
2118
1208
2344
2317
2008
450
1396
1618
596
2193
374
1618
2325
2466
1688
2485
2026
1392
324
2668
84
310
268
1676
696
2327
1312
1036
2089
810
2429
1664
1252
2230
2264
2302
626
1794
1866
1532
386
1783
1406
146
2245
98
684
2449
1733
246
440
4
1981
1694
288
916
326
1548
2286
702
1550
1432
1238
322
1846
652
1970
2424
2020
2146
44
874
158
2582
220
2398
256
2169
2383
1106
1884
2042
1526
292
812
1558
2324
74
1802
2163
