502
1905
172
1978
1868
808
328
798
2617
2525
190
1793
1938
696
2635
1782
738
612
2032
290
474
1978
724
2298
1908
236
1895
2209
418
398
2352
160
1972
2126
2085
1912
1965
1222
2285
114
556
2021
1328
354
918
422
162
1644
1644
764
222
664
308
704
2438
632
680
1306
2051
820
2339
2344
1228
2571
246
2240
494
2160
108
560
1706
2123
210
2388
190
146
804
2492
1036
2393
1654
2254
460
524
1524
2063
74
2385
2294
2179
2191
1308
154
2448
1989
760
2069
1950
634
682
632
218
792
576
972
2034
92
1142
662
302
1858
2762
1856
2382
216
248
796
1668
1796
1666
1674
2118
1556
1478
1814
2093
2178
1334
1300
2048
1450
1926
2081
1276
1592
1724
448
1144
2463
1649
562
1138
754
564
536
2335
62
1698
2048
352
2338
150
2194
1714
2074
2497
2514
2383
568
1758
1160
208
4014
2304
2622
2274
1576
2483
2215
1652
84
282
208
748
656
1550
2179
1884
840
422
2302
222
344
2179
314
16
1744
2061
1414
2520
1602
2258
312
2171
736
2738
1274
696
1434
1052
2329
666
1794
2660
12
1422
2328
1444
626
1672
400
712
594
1846
672
1973
2245
1763
2526
280
538
2019
2504
1746
930
286
1666
2302
1230
596
2498
562
1280
1496
2264
1056
2119
608
568
58
1618
1080
758
2266
2323
2008
2444
148
2042
36
1056
2213
2302
28
780
666
804
240
488
1278
2506
2336
6
504
2683
2136
2035
274
1918
240
1752
458
2339
1266
352
362
2547
2376
2237
2506
2220
2204
576
908
2320
2048
958
2587
1846
330
1943
410
150
458
402
2468
1650
1366
2402
280
2066
280
510
1867
2271
2020
1554
1154
2196
972
1012
1194
788
2204
1424
78
206
2470
1762
2036
1240
2318
2278
1886
202
122
898
2410
2150
2411
1830
2100
1058
1366
2545
2598
2474
588
462
2037
1420
2200
1976
268
1954
1336
606
2278
2658
2027
2421
40
334
1058
644
1958
2171
2332
400
2038
2342
1354
938
2247
2221
2259
1204
710
800
600
2037
156
710
1664
532
1888
330
2404
734
2216
2173
2212
1808
934
388
1698
2140
2602
1972
2112
2393
1987
2315
1382
2505
2304
412
2104
758
1312
2440
912
250
798
2147
830
784
2018
2461
900
266
714
960
1222
2011
836
76
186
586
986
206
1134
574
1072
2362
2291
1502
1895
2045
458
1624
896
1670
410
1098
2350
2484
202
846
1464
314
160
84
2232
2347
2245
1156
2118
38
2230
1534
1432
1302
248
530
688
226
1943
2013
448
1861
2288
1110
198
1030
620
2574
1048
68
1250
1982
2212
464
678
370
2292
1212
2024
2001
1882
2124
2561
2538
2338
2012
1458
2513
718
2070
1102
386
1646
722
342
386
406
3398
1122
1944
2174
1946
1238
922
1352
2362
750
2417
2286
2573
336
1866
1780
916
46
172
1076
1228
28
1700
910
1008
2140
1950
1975
2246
2048
746
2461
800
1912
2404
2290
512
684
1754
998
668
2362
684
1944
2516
2291
2355
504
1422
2144
766
150
2139
852
2024
166
2036
2172
134
604
2128
1879
528
1570
2397
432
22
2293
646
2356
298
448
250
478
2078
494
590
2673
674
2083
2126
2515
1182
2832
2160
822
2308
2363
998
1422
2057
1950
460
2385
2004
2189
1050
1864
632
784
1092
1816
1158
410
2206
336
2523
2561
2152
2204
1917
2452
914
2221
414
858
1024
2133
174
1890
1266
236
2005
850
2263
2164
1808
212
2553
2297
370
2491
2131
298
60
170
2044
2238
2377
2030
1882
2170
2212
1106
1478
1987
522
590
2146
854
2298
150
814
2479
1934
748
1800
956
2144
1894
844
1991
340
2477
610
1502
644
2806
552
2451
2416
354
2345
2289
2366
1732
2379
2305
2384
284
2144
1326
128
2412
244
550
2494
1488
1968
2156
68
2006
2256
530
62
1190
148
2548
2306
1993
1476
468
1066
2537
2324
406
2248
2292
394
1220
2151
2050
284
2057
198
1160
3015
2295
776
1424
138
350
760
1114
72
848
234
184
1122
596
1710
520
2028
2187
970
506
1080
2387
2232
2212
650
126
2118
2515
1072
958
2374
254
2184
1866
334
190
1002
2096
1332
2194
2389
826
1210
322
2350
1772
2249
1466
2146
1886
1216
1106
322
1196
904
682
2402
294
318
1966
2209
554
2182
2019
348
2550
576
260
2112
278
968
1366
1146
2085
310
638
2276
1078
334
2402
68
2084
2318
2609
1458
288
1284
2022
1236
2168
504
2208
2496
352
2348
500
2188
296
2417
2042
2496
1981
702
2444
1564
2218
2282
1098
938
2529
2441
2345
2491
2497
890
170
40
1983
2364
2266
538
402
162
1040
1558
2356
1895
152
224
764
646
248
2931
1931
694
526
1676
1781
208
2011
1893
1090
1198
2426
272
1674
1030
1934
2391
2424
2914
256
488
1320
1616
1158
414
598
1996
1388
610
30
376
152
830
382
1596
254
2446
1524
648
2534
2437
1760
1490
1406
2140
594
1058
2216
1838
1336
1995
660
2094
2324
108
610
156
194
1960
600
2327
1947
664
2210
2162
1982
2443
2152
2072
930
1956
1918
1208
1616
544
1834
342
494
278
2111
472
86
1972
172
2189
2072
2149
6
1668
548
1952
262
924
2024
74
2192
324
1420
468
134
1214
1568
6194
2544
1506
308
1550
1720
238
2368
34
2434
2012
1964
2029
1978
166
1000
446
950
306
276
666
2385
2505
2105
726
2568
2133
2324
130
1332
690
1078
176
1809
2418
2734
1024
2176
2099
2241
1252
760
2489
734
2358
1020
1528
424
90
710
330
288
2056
972
282
2457
1490
1858
2220
546
1934
2711
946
1042
2541
1920
1668
198
1214
1208
1162
802
1462
2060
1801
36
168
1580
2430
2357
526
418
126
512
394
2065
1810
1624
2196
1292
258
348
2145
2326
1818
2203
734
2251
26
1100
64
336
118
1034
1540
2306
516
170
784
150
1660
1636
2544
1254
458
440
270
2324
42
956
1240
2112
992
94
2490
2361
2053
2271
330
214
2158
326
2036
62
2190
1946
1356
544
398
1720
1150
1873
2029
1590
1082
2013
1026
1984
632
1902
536
218
2488
476
980
470
2034
1656
1860
280
1018
1886
1444
564
290
546
2209
1002
1964
162
170
2719
2014
1734
2247
2228
980
1228
598
104
406
782
1350
1330
1977
810
2152
1336
1200
646
762
646
168
2391
764
2626
2160
2416
1086
2289
2394
1096
2069
284
102
194
2460
1306
1476
152
2337
354
348
1844
226
950
710
2263
1488
2303
2152
640
220
1758
416
1646
2511
854
2294
2224
1886
2147
2373
1044
2260
620
1786
412
290
218
1150
1476
2404
430
126
628
382
122
2079
484
298
2186
16
1818
650
1908
252
14
1684
504
1118
1002
1286
2584
66
2305
1838
760
2140
734
2296
1508
278
644
1240
530
2152
1802
976
562
542
1154
2330
218
1136
1212
1862
244
2048
2139
228
1336
2114
2565
250
378
2251
200
1854
2444
218
2218
122
2372
2637
420
2178
678
728
280
1634
92
62
1790
2116
2339
1876
1340
536
1096
360
1880
2259
364
188
512
1380
2222
2043
776
264
1048
980
1642
154
336
1584
2366
788
2110
886
2352
302
1976
2216
1771
1989
1975
312
3071
2426
578
1764
2316
2674
2270
1168
678
1270
2439
2222
506
932
934
2508
888
1967
22
2222
2308
2498
1028
2256
1936
894
452
1728
2629
1610
4
746
2162
98
1246
2228
2622
138
2251
2043
630
1288
204
1258
396
1620
2351
2000
1502
1870
728
946
2014
1198
2040
1440
842
1156
2594
180
922
1362
1160
74
42
158
1970
2117
1336
2448
2072
706
48
2354
286
1314
64
216
2198
2149
2739
1942
856
1996
2152
2111
1784
306
1718
2448
2420
1958
1328
326
2306
1932
2010
1972
2144
1992
2058
1326
2399
138
728
1448
374
1130
962
998
2156
2265
70
976
2205
2124
704
2021
1422
518
2121
2527
1368
2656
2123
128
350
2403
174
2493
56
1110
1118
1080
768
2504
2124
992
422
2076
1054
2468
308
2140
1376
2036
2300
1384
298
1474
834
1414
2332
1042
1176
700
2286
1464
1934
1314
2529
2009
2369
2272
2120
86
1248
2292
304
984
2534
842
2192
1486
2441
436
1098
1382
172
2122
46
2334
2436
428
2398
38
1624
204
218
946
2460
2466
1598
2596
712
764
1726
1038
1602
602
2109
546
1374
2277
934
2322
1338
764
2417
1913
240
2280
2278
2070
2479
2507
526
2312
2220
2392
1344
1454
446
1394
1072
2147
2277
492
1900
2361
1964
2231
2321
2058
556
94
1554
450
394
1650
2095
464
1422
170
2385
2458
554
2320
2196
1856
1774
174
64
448
2144
1955
1466
2196
2192
2570
2124
1032
2153
2886
926
1634
2337
2114
508
474
1146
210
602
1080
2045
1912
26
1586
178
916
1330
1368
1224
1442
1220
1432
2281
1018
1414
770
336
856
2132
988
1460
1146
6
220
2008
768
870
458
2543
710
1838
1164
54
2082
484
2053
1974
2189
572
292
1000
566
756
1922
550
2301
1268
604
196
1004
2126
2318
1202
2191
1374
822
404
2137
1070
916
450
2014
2389
1838
186
1820
2454
420
1004
1362
1164
1682
130
976
738
110
652
1524
800
2430
1636
2356
110
770
1782
1770
2084
146
2263
2556
2093
2196
648
2040
1580
692
2168
752
1104
990
1548
2162
2297
800
1040
1280
586
1414
838
1238
116
1594
346
1972
808
60
218
874
726
2240
1214
790
592
1256
1552
46
2059
968
1686
2078
1782
2293
524
2121
368
1208
1846
2346
952
1154
848
316
2305
572
18
1568
652
2233
184
1504
652
1857
1454
784
604
2215
2508
1104
844
190
1304
62
1964
464
2476
1304
154
2090
2289
730
2063
2214
1982
392
344
386
1296
1841
2331
102
2386
2257
2038
2188
2102
318
322
452
2594
2321
778
624
10
1830
1030
2026
686
506
666
2054
390
620
1618
1102
1912
2226
1852
880
2338
2583
2425
2372
1880
646
1486
548
372
742
420
336
2115
306
2112
2096
898
1294
1720
628
122
1962
1274
2171
986
1764
1986
308
2236
1964
1346
2128
1304
924
230
878
2282
1676
2096
966
1012
1650
378
476
1858
1196
456
2109
754
2299
2675
102
2242
950
1076
948
1324
754
1594
568
1678
800
1995
2270
970
184
1524
522
210
2206
1130
1080
486
2081
2075
230
1192
298
992
1742
2714
2431
1632
138
2493
2334
2425
1765
2114
2130
290
2094
818
2521
336
1334
320
1628
224
2091
362
1106
578
564
1694
160
144
2090
2792
2212
1882
2281
2497
980
2427
2312
1324
336
1530
1859
2349
1888
1058
1870
568
390
668
1990
2052
652
1648
120
2370
1122
1754
1596
2183
942
356
2370
2144
2200
1022
2048
450
290
420
70
502
2360
338
1098
1848
2258
824
1581
1024
982
1764
2292
192
44
2609
326
1416
692
2180
302
290
172
2006
1418
1182
870
2496
2292
2016
1824
708
474
1880
2106
864
1904
2166
494
1062
780
700
1034
2110
1846
1702
1174
1208
852
2186
1036
1909
6
2327
2304
2313
2080
2541
2189
224
1762
460
1824
1140
1712
140
210
710
1532
378
930
780
1490
2591
1774
554
1354
2500
2287
1064
1718
734
420
1832
496
2235
206
296
246
2199
2542
2019
2367
934
1038
2268
1706
320
784
2610
1876
2389
2374
2247
774
2376
1662
550
1092
2109
412
2352
666
1896
134
2042
56
908
2158
726
982
1098
2174
574
1849
750
898
772
1711
2378
2230
2423
2174
2414
2251
400
2213
660
1945
284
132
656
2261
1128
1818
2518
2138
1558
878
1762
2344
640
502
2850
514
228
2213
304
86
610
580
1098
2134
64
2401
570
308
242
1836
1967
800
1526
2092
2369
1376
218
236
2445
2224
864
2386
314
904
1534
26
512
866
2044
2601
306
2555
168
992
2160
1084
1896
966
1052
318
888
2279
2128
1895
1580
866
1974
508
820
2350
88
1288
862
1416
1014
2063
2229
2131
1688
870
1482
1808
382
2429
276
916
2105
2561
2313
712
860
2099
946
2187
1362
722
2022
2151
900
948
888
780
510
1438
1120
1026
276
2666
478
2028
1170
1414
392
480
2333
266
518
1914
2180
216
2236
1068
2058
22
112
1724
2182
2622
1958
1150
2640
2391
578
130
1874
12
2497
2583
62
638
78
1436
2129
2424
1360
138
1949
90
578
168
532
2259
690
794
478
330
2644
2621
2199
1756
2092
142
880
472
2004
2130
2114
410
1831
2119
396
2286
2103
2521
2419
532
584
1154
972
20
2446
1130
1780
1172
1518
236
2232
810
2034
2412
2621
12
2304
1030
16
2479
740
1578
38
1118
2279
1474
1748
2184
2128
812
1212
2511
2370
2177
586
934
110
72
2582
802
1950
1476
1842
1148
2068
2454
2109
1881
484
2241
682
1704
560
2422
1482
232
1852
2369
1916
246
2295
2701
2121
2338
1000
100
2125
100
884
1156
1492
130
1204
600
1528
2322
2274
2050
2035
34
536
2308
1086
88
1252
1916
822
1278
2453
128
172
1284
1368
2343
756
302
808
172
1856
2240
1674
1222
1876
1298
472
2
2633
906
606
2107
2330
714
1956
1756
358
1652
42
1386
1364
662
2336
538
594
2592
2498
998
914
272
2311
374
2257
2534
2728
1292
426
2312
988
1964
1200
408
1000
582
2500
2196
2414
754
2290
1930
2516
1208
2225
196
2174
2289
2625
156
764
294
2046
2208
1416
2068
94
1090
986
1302
1270
1764
2379
580
1980
980
2347
824
618
140
2041
538
2358
2100
1254
362
1316
214
322
1742
2739
30
676
2257
2519
2038
2367
2266
1374
2037
1372
972
1802
198
600
1128
564
1586
1912
446
384
2232
1298
2596
1980
1638
1262
706
220
2212
20
188
2717
2154
1678
1904
2084
1288
2067
2356
2223
98
2097
1988
634
1862
2228
540
2050
1392
1614
2457
2364
974
1282
22
2028
768
130
586
1162
90
2352
1222
662
518
184
2502
2254
2266
1434
1749
96
312
336
2112
930
2259
2258
1216
18
2394
798
36
1682
296
2024
2364
1220
2472
2300
2063
480
406
2109
1020
2232
372
1568
2435
322
24
456
358
778
1828
2166
2044
904
690
1204
32
1947
2598
1012
896
136
650
1972
56
2265
1496
1823
866
1414
854
1568
1914
2596
2090
1444
2067
898
2463
2016
2262
1712
1410
86
2365
388
2020
384
2343
1018
496
10
2698
936
304
876
2143
526
864
312
2257
2433
1884
1296
2087
2170
2184
1816
2439
836
2048
754
2246
1122
92
2399
1474
1460
1090
2204
156
2683
110
808
912
954
742
2422
1504
1192
2421
232
2182
2523
2179
1310
2065
690
1338
982
2500
2315
26
2292
1888
2566
2182
290
62
196
1674
1716
2101
1204
2475
2112
858
1924
2124
236
2597
2220
2334
2373
1220
2197
2298
486
1926
1616
1018
2317
1370
2656
1326
2223
966
1538
1954
2568
2245
2180
600
2400
1799
1276
632
2241
186
238
880
246
1907
1858
1500
1222
2147
1032
2424
1552
446
10
96
858
2021
2036
438
1248
448
864
1190
1430
978
126
986
1406
962
42
2256
2476
836
1708
994
2373
1644
1422
1616
2446
1150
2044
310
550
432
50
2019
2074
2098
306
2572
312
708
2223
400
756
1356
110
982
2221
2154
1660
1740
114
2543
2714
2403
1058
2386
1208
1770
154
1952
2244
1286
500
116
1972
1222
904
2842
44
1948
2246
2031
1246
444
1064
2290
986
1966
178
2527
2133
916
2660
66
752
2217
2392
388
1730
628
2589
2040
1130
2109
1410
72
2262
2165
2074
1110
1018
398
2590
2063
1448
762
412
2214
2225
274
1008
2117
246
2147
1550
634
86
2183
398
2486
2364
694
2040
2167
602
1956
8
1896
1312
622
520
1502
2233
346
2176
18
1164
2078
2098
332
1356
2423
1972
2481
1086
224
2251
2721
2255
242
1278
2302
1869
216
2361
502
1234
1920
796
2340
118
182
552
1718
24
1450
1276
880
2572
1088
1318
2433
2364
2233
1270
1032
1134
2088
282
76
434
1506
1702
318
2488
1994
1248
1498
2793
2316
2216
1462
1704
2212
598
156
2500
754
320
348
2325
316
1534
206
2146
870
2074
840
2063
1120
1342
2510
1920
178
2078
2110
878
622
2006
280
756
476
1876
2204
1456
2360
1820
200
1114
672
1784
714
178
1614
810
2483
2203
2575
94
1300
2156
496
1306
244
2342
2315
488
2571
984
1352
1826
560
2154
92
2403
984
1622
2517
616
1904
532
848
2330
1620
2257
1922
2014
1488
2548
2565
970
260
2593
2100
2660
64
110
2012
1272
906
438
2300
318
102
222
2388
680
38
2424
2878
922
2327
1352
2366
2068
8
2343
168
1990
1162
2516
2079
484
840
2246
2082
1977
1614
24
2262
2136
2226
384
170
228
2479
1004
1920
64
1248
1472
1945
2598
1126
2275
2098
296
1766
426
128
2208
1462
750
2089
1684
2326
762
1046
110
1368
2344
2313
2330
328
1670
736
820
1546
1778
176
2117
1272
658
1424
566
762
520
1852
366
174
834
2119
530
2204
2108
2312
568
736
746
536
678
378
2474
2272
196
698
2188
1314
482
694
1412
2368
556
2324
2146
2123
2520
482
2552
1905
1212
970
1374
2050
282
1855
2692
2055
1156
1020
2268
152
2954
1228
972
1306
816
2443
1850
2324
480
1994
1132
538
2487
1286
2185
1860
178
596
2000
2738
1710
2322
2127
1496
474
2252
1932
2026
2170
1762
1460
1014
184
294
1456
2168
1682
2060
2486
2122
2218
2408
420
2323
66
688
2564
146
564
10
984
2599
424
672
2409
2106
1720
1486
426
1822
852
2384
192
2199
794
1959
752
2005
850
1978
530
2409
1644
2560
372
2302
1280
774
844
2248
70
2439
1708
2029
434
998
1862
2146
2054
324
2755
48
1318
2302
1750
842
296
40
1030
412
2560
2427
164
644
2141
520
992
2244
1448
2158
86
1614
1042
442
1370
46
1494
