140
618
306
1963
2620
2534
2055
1468
410
1997
1108
1854
2233
1188
2350
1793
126
58
724
2304
2313
1608
1784
2532
2272
2527
1896
1410
308
476
868
1966
178
430
1272
134
1406
1644
2307
2209
1846
1154
2524
436
566
1782
1068
614
456
2550
618
1304
2270
1594
908
1534
2477
1883
2178
2092
368
1898
2118
1714
958
1156
2424
566
1572
2037
560
848
2462
466
1432
178
62
1506
1364
2106
2011
2269
1126
330
2176
2268
2040
232
2090
2078
2499
710
786
30
2487
606
1274
1616
1184
1596
2224
2258
216
140
446
2349
2796
1444
1018
2109
588
668
72
538
360
86
2130
562
2297
540
514
476
782
2216
244
1148
538
2613
788
1998
1406
230
2328
178
786
638
2283
374
1410
2299
2181
922
402
1612
494
132
756
1640
410
468
506
642
2290
626
2060
1192
2340
2529
2411
734
2437
614
4006
2032
8
2171
120
216
940
1968
62
378
2494
1672
618
140
50
2918
2374
486
18
516
2052
458
130
2525
2302
1238
1442
172
70
820
52
86
228
10
2278
1352
690
1050
2324
1226
2061
168
1482
2010
2223
1160
1962
2142
550
622
292
634
2463
2157
2490
476
2360
742
1018
2399
1012
2083
366
1782
1466
1778
1938
370
2200
1670
2296
1923
2219
2563
1350
2394
356
2210
592
2538
2072
568
114
2217
494
510
418
504
2284
2295
2242
1296
972
1834
2101
2348
824
2041
76
324
2025
1372
1726
2336
390
1494
1482
712
562
2407
846
1673
2253
2343
1804
178
1936
526
98
476
2546
642
2405
622
516
2145
2338
1298
78
188
526
586
460
2294
2301
1922
304
454
1848
394
328
2205
470
2302
1394
2578
580
122
120
600
426
718
898
232
2465
2080
2137
1146
1554
1648
2338
572
388
2228
1366
652
676
168
498
1340
2218
1873
2436
852
70
2305
758
198
466
2384
2113
46
448
254
418
26
1564
1974
1950
2092
2275
478
1370
1832
438
322
440
370
612
286
2247
126
2284
244
2277
1184
110
1524
2406
80
1318
168
1644
70
2138
370
922
508
1872
6
2130
2399
960
2108
2179
50
2271
2306
358
2411
2267
2160
494
2130
960
1828
874
336
2831
704
2699
2332
1937
956
1118
278
730
190
1903
2164
1636
306
2322
2148
2106
2258
586
826
346
2403
2155
982
2084
2107
132
1364
2097
2489
454
176
1236
1054
1658
1270
2313
2583
242
228
2479
738
2012
1292
2046
180
3136
1122
908
650
142
1124
2082
124
2241
1930
1798
1140
2215
384
666
2489
1014
2455
1926
1786
1922
72
2388
2226
1240
2016
3325
868
2464
454
1346
968
982
2109
252
2051
2202
1716
2356
1184
178
720
576
2091
2015
402
1206
2080
1048
1718
314
2330
920
2265
2218
106
1618
2674
1939
2408
640
1358
436
2469
2237
170
2636
2436
2409
1920
68
960
2578
1730
1989
1920
1674
2415
2092
2614
14
2224
2029
896
316
1826
902
290
558
1002
2304
2311
2046
1506
1855
354
2524
676
1430
208
2408
2384
262
2162
1202
474
1966
2137
1810
2266
1350
1937
906
2265
1272
706
632
1682
74
2488
414
446
1881
2127
698
1594
1628
1476
2054
564
582
2640
654
3119
2032
410
2334
2592
2242
1915
2291
462
1524
476
2020
1961
534
894
1368
2072
986
1204
450
2124
460
1216
146
2091
418
560
2570
794
2190
168
78
1032
2093
202
2005
250
1766
1302
1972
932
1920
1879
2251
1954
808
744
2417
2234
2240
432
2320
2236
454
90
1626
256
2102
1966
408
1114
1412
1767
2179
12
2464
198
72
284
38
90
2335
1408
122
154
2536
2228
122
2165
392
1584
40
134
1742
1290
2160
250
98
2389
146
2261
2080
2100
2120
2351
2026
1596
1354
596
1390
2319
1182
2296
1292
12
2480
1937
1326
2306
2031
306
800
716
1452
2343
2034
2472
1106
2194
494
386
2344
1608
2161
1412
334
396
2132
2192
206
254
146
1458
1820
722
436
860
320
554
1296
2182
1736
404
2377
2064
1096
1736
2337
266
574
1468
368
358
2629
1604
516
550
2342
78
1814
2228
2137
28
268
148
310
964
1034
280
2294
2343
2657
1096
2280
2216
638
2592
2379
72
28
2446
2207
1407
2746
2246
1200
1690
1092
2283
810
1546
536
2347
262
2093
1666
1928
2502
1140
2376
2220
1390
210
1454
544
2419
1032
2181
2329
2150
1522
672
2317
2178
1889
470
2399
648
2154
1138
2434
216
498
874
52
828
1564
2147
420
1468
304
2244
1742
372
1640
2207
2390
2077
466
564
1666
102
2210
1601
576
2356
2299
84
2400
1422
180
1897
300
1784
416
42
1210
880
982
1798
2363
574
2152
1278
360
2126
2080
1994
526
1852
830
2012
1993
1236
2380
1040
1028
2268
1356
988
428
1172
374
200
346
2403
6
1884
2248
2369
302
306
998
2438
766
390
754
2402
336
2436
1688
2548
2425
246
1044
2169
2478
2177
156
1608
1971
748
654
2234
694
2385
1092
356
154
294
2124
1306
2181
2137
2379
1578
152
258
1296
1752
814
2154
1012
218
2725
2116
1794
1939
1855
2342
1970
2406
620
2759
2563
28
2319
228
672
2273
3095
146
1662
770
1678
14
1590
2819
140
1014
462
2466
304
2102
2472
598
2214
2016
686
754
2072
2301
2200
2532
1742
1460
2180
588
1586
1767
1699
188
42
2507
608
2336
2026
948
560
1350
2361
1996
1194
1280
2316
806
228
1891
1944
1454
1314
1358
250
114
2103
558
1380
606
1618
2401
858
1244
2333
2303
1878
306
1658
1540
350
1310
1810
2394
2315
1462
2197
190
338
756
2758
2429
130
168
2201
2352
2297
630
1184
324
734
2390
2229
1632
1978
2108
2366
950
2320
2192
776
2172
2183
1442
498
600
2154
756
2318
1726
720
150
1636
2176
326
1086
468
2194
1444
298
1222
1210
1754
264
110
792
2143
14
238
1558
20
422
836
2127
1398
1142
242
774
284
2228
614
900
676
2151
10
1968
84
2285
758
1022
818
1570
2281
2396
1768
674
2396
886
214
2356
2470
1090
704
1010
376
182
1552
2479
1100
1538
2437
1154
2604
564
2520
1118
2075
46
2774
2080
1250
738
1448
558
502
2258
1976
740
520
2454
1398
2089
1796
684
1290
564
1658
8
1278
1968
546
2022
1458
650
966
190
610
984
2457
2235
2142
332
4
2163
208
824
388
734
146
1268
2084
2007
1524
578
242
34
1972
2286
2411
124
2111
252
1336
1082
2465
2568
2220
2114
1833
1292
464
2336
2072
628
1929
688
1186
2307
934
188
264
1142
2368
2085
1853
388
2202
1902
1640
2254
1322
1034
360
230
148
2212
2138
8
338
1986
904
2529
2485
228
2094
188
508
2242
1780
1360
2104
1130
2240
858
2442
332
1961
2240
1286
2377
1928
216
928
970
774
1494
2060
274
2611
336
1720
2278
26
2449
180
1088
990
548
946
2023
692
2338
2053
172
1731
2048
2189
248
962
242
704
230
1360
286
644
2205
2108
376
88
2478
116
2097
2116
1532
2201
1324
800
1294
2379
2390
2186
1288
1244
2090
974
152
808
2221
210
180
2373
2850
1366
808
1953
820
740
2242
2187
892
588
326
2340
2281
1190
1014
1100
12
1122
1282
2140
148
24
2334
166
176
196
2269
666
1270
2167
2147
210
186
148
2375
168
2124
2412
298
162
288
298
2483
954
1977
234
1982
688
34
2134
120
2301
140
166
1746
548
1212
1832
2118
1560
2025
770
210
2179
304
1228
1444
1506
76
512
1722
2208
358
132
1258
468
394
858
1146
1066
1827
1068
824
2191
2254
1732
2176
298
1816
2430
1166
1588
792
2061
2324
856
2081
194
468
1642
408
1098
1620
2838
2255
2581
216
1142
182
650
2039
2334
800
1850
2248
1098
384
1935
2376
1572
460
1498
1735
2186
1945
2333
1364
2166
398
1680
2242
262
1356
1638
4
2442
2239
2040
614
2524
234
2186
2297
2373
2279
2255
1444
812
1426
1582
2414
2370
2336
2528
2198
2369
1924
2365
2028
1434
2561
164
1842
2552
1600
340
2400
2474
1894
1192
1734
1456
2208
626
422
1550
420
2206
2118
800
1036
2168
442
2119
1875
794
1967
2874
2236
1284
2309
2316
488
568
2269
2340
2005
118
704
626
2437
2488
1968
1954
1212
42
2152
190
20
2079
2594
1328
2209
2274
2016
1611
2299
2123
2451
1617
1016
186
1706
1975
1640
908
1648
1594
2400
2057
1814
1054
276
936
2184
766
2490
820
1198
310
2442
424
1752
1272
612
1620
420
2426
2516
1634
2191
2104
2436
2199
1194
2424
2294
2381
154
2364
148
812
1893
844
872
688
300
2494
1802
670
504
2690
2069
1354
1162
1634
32
2005
1384
2084
2464
792
2187
2312
2042
1198
2582
1548
1402
2200
146
26
2218
1812
1454
988
1292
1772
966
1842
120
574
320
1142
950
1658
2533
1980
850
22
664
2333
1954
530
1442
886
118
2257
146
2463
978
2208
882
1792
2176
468
2144
2063
1052
852
1374
1498
1128
1156
178
1990
1554
2497
2399
2262
1768
2276
374
258
672
270
2382
2232
1052
2392
2158
8
1716
634
610
2543
2383
1972
2420
600
666
2083
1825
512
2452
2356
78
2328
1188
1344
6
1146
988
456
738
2021
386
1620
380
1926
1906
112
374
84
800
1324
832
2276
874
914
2340
2071
2256
684
250
42
1817
1622
2010
762
276
1056
1798
2161
534
496
1004
2418
90
2064
2377
2514
12
90
248
2
4832
2623
1949
2349
1985
2077
1418
842
644
92
2899
2515
982
36
2411
238
172
828
2621
2213
2302
2311
1382
856
1662
318
1264
1990
1706
2514
2151
1110
302
2250
1964
2655
2038
2274
2083
556
1773
764
1942
1410
2297
456
290
20
1654
2145
774
2472
2413
2154
1972
2429
2873
1198
648
764
486
412
1822
258
2051
2294
2671
520
248
388
2269
524
142
552
2156
138
2250
1912
1456
1981
2082
290
668
1964
448
2286
2558
108
2520
2187
2416
2046
2071
2498
2314
80
2786
506
566
1424
868
520
30
1964
1480
652
846
2590
1688
16
102
952
2278
2276
1540
440
2264
2370
1192
372
2074
1548
2056
1672
2210
2415
888
2469
2380
668
1260
2684
2087
2263
1828
1258
444
2185
1312
2066
1042
188
456
2124
806
2096
536
2367
1646
2153
2234
1868
1889
70
1204
2526
180
1294
2445
1966
2304
10
2487
384
966
2340
152
738
246
1060
1278
2324
244
586
1484
768
2416
1300
2443
2181
474
2635
218
2016
110
2016
266
2501
750
1880
2237
1942
1972
836
742
336
306
646
32
644
282
1470
2078
1828
36
1274
562
170
2073
2192
1494
2497
2261
2387
2404
2074
2139
142
188
796
2146
346
2166
1388
892
200
636
372
2253
2218
1488
1292
836
2116
2346
2233
1694
316
2423
2211
802
314
284
136
2356
2504
14
318
442
1368
2196
1692
2132
314
198
2006
2358
448
618
2357
1588
2363
2119
1396
134
1712
92
1524
1931
2399
1838
1308
1240
376
2551
304
2059
1980
58
1402
1188
846
144
1649
1800
1054
1350
2378
1220
2428
1906
554
1036
200
2320
578
284
2094
1682
504
242
2260
3020
2471
512
578
2182
1744
1118
182
1372
1716
2415
2170
694
1875
798
2658
654
1362
2045
414
1402
178
2612
2581
388
976
418
832
810
2422
1982
458
2061
2319
284
2171
1834
1470
404
446
1532
1968
2363
2192
382
424
1356
332
416
2400
272
2736
2144
2345
490
1084
1974
2182
2273
438
694
238
102
2024
2457
2548
238
2343
1508
1410
14
2297
2468
2501
2447
2128
414
2584
1649
120
1804
2327
182
1740
2429
1702
2135
72
842
1098
718
2180
1026
554
1098
944
74
360
2479
14
146
2238
1382
328
1725
372
2008
348
44
2529
1428
98
906
818
484
382
2333
2037
1730
2240
2076
2076
2869
1692
1294
1694
1892
2116
126
748
504
2487
1176
424
914
266
2522
336
1228
1196
714
310
1936
16
940
2367
222
518
1096
966
812
936
2356
2223
1272
14
2440
1466
142
534
370
2345
2059
1604
2100
260
250
2464
2126
870
1534
2326
418
1945
290
1732
2373
1172
346
1104
510
2430
1867
1196
78
382
1150
602
48
2102
1288
2523
584
508
706
160
1018
1014
2224
792
2352
518
2611
2387
2667
2371
2414
1498
4
360
186
186
1386
2077
1817
410
2090
88
936
2211
2420
1134
478
286
972
2125
2142
1342
470
682
268
2200
1648
1955
2321
386
2148
280
2028
628
1518
824
6
32
2560
2167
2072
2229
594
2237
1090
2030
312
2373
244
2075
2329
2269
1802
2517
2023
1080
2518
732
2549
762
1420
2048
378
146
1944
2105
1784
236
1468
1754
2162
2368
1176
386
2068
2442
2505
2261
18
1967
2245
676
262
732
1480
2060
1452
198
2288
2360
2380
946
504
1440
2286
712
1062
1638
538
1012
1396
1160
1330
796
890
1794
2181
1208
1212
1002
838
716
916
632
2185
18
148
122
2579
382
480
10
296
2262
2356
1424
686
2351
2401
362
656
566
2280
2522
32
1434
2582
2387
942
2526
2252
222
358
104
116
2276
1376
386
1648
378
702
692
796
790
492
2138
1206
560
1690
648
2397
2538
2112
2260
2869
308
1260
2384
2491
1208
1946
6
2304
1778
1074
2018
1392
1334
472
2173
908
108
826
2483
2402
2347
106
2294
942
790
1080
258
2024
446
2110
56
2316
1634
2504
2270
1784
364
2276
1547
1028
2386
130
558
824
986
1890
2095
96
2053
860
2059
886
2413
204
226
1508
2190
534
4
2213
1366
2486
2296
1994
212
2229
2124
1162
2076
2758
2290
1340
240
626
1008
46
272
1458
1722
88
2060
2154
466
822
60
542
798
1582
212
202
2531
112
686
2307
94
1284
1056
2433
1712
400
884
1082
2082
4
1556
1188
366
1256
1752
1098
1990
88
1582
1764
2490
618
2344
1580
798
1778
170
90
1744
634
582
358
792
1706
2584
1052
2053
1972
86
2003
242
470
1250
1952
938
1026
2230
1076
1094
1142
2119
1764
382
1694
2354
534
940
306
1030
2028
466
552
266
638
1508
1904
2107
2223
2090
1288
1994
1896
2395
1864
2264
808
336
856
2537
2495
2086
1610
1420
2063
250
1318
844
1636
1134
460
2038
784
126
150
650
1620
2996
390
54
194
710
426
2040
2002
430
1562
82
2020
1162
2185
226
2283
2081
1080
1362
1532
388
2169
1258
1196
1418
34
2286
2144
356
82
1892
1776
36
2501
2326
1096
498
2492
1692
272
1358
52
2484
1720
1676
1464
868
430
654
1752
404
502
338
1048
814
1102
590
428
1853
142
780
178
2118
770
1114
2461
1844
2281
1648
730
484
278
1488
2247
2103
1174
928
370
1168
1907
2524
2350
1584
1560
318
906
1626
1818
1810
1230
74
1758
2428
1936
2244
2407
1994
998
2206
910
2423
650
2103
366
518
526
132
468
2052
414
1910
620
614
2437
2222
1763
1094
1778
990
2553
2099
862
432
434
272
230
2177
246
1252
2167
312
706
1320
2206
3095
2333
490
2657
778
618
2038
1841
1418
2582
302
2011
830
912
356
982
1448
2722
2314
1670
824
2414
406
2276
1613
1244
2292
2718
2306
34
2414
928
250
2214
1484
600
2286
304
2142
2051
958
2422
1630
356
1120
2514
1016
1078
1784
2352
36
220
134
770
2318
1674
496
2138
1978
1902
2110
978
184
1570
2376
898
2116
704
2114
806
952
1116
2466
2085
1824
1192
1981
688
1350
528
12
1300
558
472
2142
492
1574
1062
1606
1196
838
2256
1072
880
464
1026
2080
1702
2535
2510
378
1010
154
540
712
2581
472
970
2122
1174
140
220
1138
400
882
2696
1030
2522
2189
2390
1614
2180
128
2382
2375
1178
622
2549
206
1780
2500
1232
1450
2066
2424
138
100
1676
1789
380
2038
290
554
794
1228
1410
2641
2242
1210
194
1982
1396
630
1218
2551
1458
2288
2399
34
2146
1814
1592
1880
1212
1140
1342
1804
1264
2110
2119
640
2447
2190
176
418
944
670
2420
348
2066
2015
402
806
1010
2440
2022
2493
618
328
1930
922
208
2321
1608
2449
436
2384
1897
856
246
1116
2250
1984
1278
2136
1066
930
782
492
998
388
276
2349
1384
538
716
514
84
2107
2353
1336
398
796
102
442
2226
2162
2999
1010
310
2152
84
2358
1450
1284
2550
1422
2289
1954
1608
2019
1542
1374
1850
2106
2263
428
2502
1364
2549
2260
562
2310
2144
172
2299
2212
940
116
388
2145
830
2009
1708
718
640
2171
52
310
228
1334
64
2680
2543
728
2130
2352
1893
2030
1796
1000
656
2494
1020
1918
352
1942
1042
2354
1144
2327
10
770
1877
2556
8
298
542
316
1856
426
2150
2357
2610
2495
2314
108
1338
1538
2274
1006
312
2074
2131
738
582
164
2034
2139
552
722
1786
2174
838
148
548
6
202
2214
2010
360
1048
2174
2508
2037
58
190
200
1785
756
1594
2140
1410
942
2362
1605
1348
2242
194
582
1038
2093
2104
30
28
1424
940
2752
2320
2071
2232
764
298
2366
1094
2400
1684
2427
610
1987
822
260
2286
294
2169
2002
2128
2375
608
608
742
1428
2274
544
622
1976
2134
514
162
2262
2300
2168
1959
2385
760
2052
1260
2584
1224
10
294
346
1366
236
1260
2365
914
1434
2208
476
2403
24
1797
1480
1840
1006
1162
32
2476
1842
1844
1937
1864
948
1192
1582
2109
502
792
922
2441
1396
1194
566
924
2315
1278
2387
938
900
876
1796
314
1899
2506
176
1094
156
1256
1420
2013
1486
1174
2205
750
524
906
566
414
74
846
1370
938
2209
42
80
146
920
124
2097
2551
2289
1654
2378
1981
1242
2346
884
356
1676
286
568
1652
506
2412
2432
2284
2570
1738
432
144
66
2405
58
1678
890
1194
2172
394
170
14
172
2122
2532
2120
2873
2226
2239
2364
