554
1388
2301
2260
32
2028
144
864
548
2202
202
1272
1354
1764
312
170
682
1952
574
1633
2477
2156
1228
2307
736
2518
2158
1246
314
1530
926
458
574
910
154
1934
492
922
2010
1074
18
166
2312
1832
20
2438
968
2536
78
2717
2633
1528
1104
186
1142
906
1164
1202
1568
2456
2402
254
50
240
764
2248
202
690
2357
2196
2232
2198
840
430
2202
2484
530
1374
1749
552
2264
1556
206
778
1120
932
2575
1384
1152
2417
1276
1994
652
318
182
278
1850
394
2432
194
568
1438
604
228
2413
536
2494
560
2348
28
170
1438
1382
590
2578
398
518
940
1971
314
2383
2352
668
758
128
560
182
2509
2248
118
430
2
2145
906
322
1250
2499
1924
468
1658
106
1000
796
732
2682
126
54
114
178
180
676
866
198
498
796
2331
796
550
1842
2642
458
1208
584
664
2513
2052
1240
38
1426
1896
1478
2442
2228
1334
816
506
2004
2395
442
840
2561
20
20
34
206
1614
600
310
368
1324
1120
2222
1268
1790
1598
400
628
1884
198
1862
586
1604
2166
2453
1410
1110
2344
1110
2182
2202
396
1784
2166
860
2346
2378
980
956
2290
466
1964
2118
2427
610
1386
2217
2377
2397
624
2013
962
1450
34
42
724
1308
792
1498
108
648
1796
2354
1130
2310
804
1240
2411
226
436
1538
2435
1162
1840
946
2126
1746
2747
2627
1276
2386
28
1758
2243
2369
1532
248
1846
2045
2447
934
1086
582
2367
96
524
2239
1438
26
1112
1032
592
1914
2393
2303
838
2298
2079
534
870
2068
274
2346
2157
208
1966
1460
2319
2015
406
832
1518
918
2148
2206
2148
2058
560
2830
452
2083
326
746
254
1212
1500
2516
12
912
2372
2312
954
1942
134
2259
1969
820
286
48
1762
732
70
2170
236
950
2240
2357
2440
2583
12
146
666
900
1226
1232
1817
886
118
2368
2354
852
1220
1086
186
1116
2114
102
80
1664
1554
1614
1980
2046
708
1893
2122
14
2491
2471
850
1832
404
1060
1316
258
1606
830
1032
2554
196
1006
202
1316
1148
1768
368
820
2343
2022
2040
492
886
2335
1696
250
2363
1508
2093
2015
1776
80
2787
20
2583
1418
2161
1920
532
1830
872
580
2280
906
2139
400
2407
238
924
2213
2156
302
838
234
786
2294
10
2402
114
702
1208
34
396
2038
206
974
2466
680
380
2302
2312
2494
2189
1122
2329
2010
2287
402
2748
722
2342
934
2090
854
970
530
2144
386
2123
2263
2247
2463
1096
1034
572
2402
154
2423
1810
2326
1096
2062
1850
1194
700
2488
682
520
1428
2113
2443
254
796
2327
2375
2478
438
380
1142
2256
2015
2190
1779
734
122
1096
364
1848
2758
1598
2133
2574
2484
430
42
2401
254
2011
1682
224
2172
980
1174
964
1692
758
1762
2506
1348
318
1740
1840
2204
694
644
2303
1882
1700
1460
992
554
904
2491
2174
2330
1802
1956
620
1004
2246
2142
842
2321
2231
776
2130
2411
424
1450
1716
390
2482
984
2402
1346
1190
1660
2126
878
2107
808
2048
1294
2204
2119
2318
1684
2095
1022
1986
2098
1192
506
680
84
2432
1968
504
2568
668
596
2957
476
784
740
1571
2528
366
816
734
894
1252
548
786
2130
1084
1718
1456
2048
1006
1466
554
182
536
1732
1298
1960
1974
66
162
2019
2022
30
1624
2371
1953
2271
92
1256
2294
910
28
184
2290
2252
104
1020
1326
1922
1910
2326
2584
1398
816
266
1788
124
2047
502
2148
926
126
1736
574
1845
1232
1640
442
984
1853
2310
2140
1460
1084
1648
110
2144
284
2449
2193
1350
1512
2153
654
2212
820
1260
2328
290
346
742
2472
2000
1544
2290
534
1094
1366
700
1542
2390
8
2439
2363
1178
172
2248
1530
224
290
2020
2083
140
1286
530
846
3494
1781
1158
1966
2300
2140
2118
1028
1512
2001
1086
1707
884
370
796
1212
2170
1478
1214
60
2089
1904
422
2134
384
952
102
1132
2389
2390
902
2002
112
512
282
420
2555
532
2011
1392
430
2508
2495
94
2144
2148
322
2008
1094
662
318
172
1988
2161
2328
1106
792
878
1576
82
846
1788
2419
1364
1762
1114
678
1948
82
1748
2407
916
2134
2341
528
268
82
2625
2321
1652
1662
2633
2354
702
2292
1983
80
2458
960
304
1464
440
584
1226
1656
1908
774
234
2256
2258
2515
2483
2272
1100
274
590
2322
12
2468
2416
1902
2208
316
1106
2176
400
2242
1750
654
2374
792
2324
1120
1216
1198
666
2302
190
2374
642
796
2473
1522
604
1926
924
1702
224
1542
2051
1184
2417
1648
228
472
306
26
1925
1784
1951
2446
552
2234
1488
1757
838
1898
536
320
2343
2290
740
1572
1546
718
2082
2125
666
2787
2304
1797
2311
1540
1666
2139
1817
354
130
2152
2643
2173
520
778
688
2227
1888
854
694
988
2143
254
2288
1672
2136
500
2287
1090
1624
750
2146
186
2157
2361
2392
1933
2221
2249
600
2074
398
2371
860
666
2168
156
2387
986
820
674
2361
1464
904
1202
822
2407
1232
1152
1936
1304
1342
32
598
1136
1862
234
2630
2046
498
2345
1310
2197
1514
2267
1636
1980
1914
1368
328
422
2474
2319
468
166
560
2331
470
70
1985
490
1296
1566
1206
426
2086
34
1218
684
2208
566
1867
904
2166
148
2439
4
2117
292
1654
92
1820
670
80
864
2174
380
26
2284
1406
2310
2106
1554
1800
388
2276
1713
964
2358
1616
1628
512
1788
1940
2555
888
202
584
818
102
138
2435
2057
2202
1905
1540
898
16
486
574
2156
1450
788
836
344
904
236
854
248
2527
1262
926
2176
1854
1362
2128
320
2404
1996
250
800
1916
2339
1450
124
660
1646
1350
2110
556
2362
462
2655
422
294
34
2222
1854
798
1978
1860
618
28
2404
840
1250
2157
822
1604
26
2083
1152
404
240
2490
2133
1606
2186
2169
340
1362
1484
1834
796
174
2145
824
1970
24
2171
546
960
1474
1470
1922
384
2250
1144
1628
2498
2098
1678
2508
1340
120
2112
1336
180
1420
834
2287
1226
972
2388
2258
288
2062
2115
946
2485
838
2200
66
2611
1722
1630
1002
2032
576
802
2262
2172
2270
490
2622
1949
96
560
1892
838
2193
2212
2228
1974
1406
2624
2055
1324
710
602
202
1012
996
972
2047
1667
416
1324
2413
218
1764
1958
716
124
276
2311
1866
2153
2078
1620
1058
46
446
490
778
2516
600
2318
914
2070
2128
2019
2651
106
2174
2329
2263
2298
2453
882
592
1710
170
2073
2107
2442
2369
754
2084
1106
672
382
2295
2072
102
2221
1470
554
2084
102
1878
1838
2168
1228
352
94
182
1698
1752
990
2398
304
1632
1010
908
258
424
78
604
648
1344
104
448
2244
344
1980
260
1078
700
1916
1662
2199
114
772
2018
1660
768
654
1266
1980
1254
304
2424
1946
6
684
526
2171
1842
1932
2108
50
724
1000
2424
1430
1460
820
2032
1732
700
2277
592
2429
2393
24
1500
704
2331
1426
1110
930
2338
1090
2186
1882
778
90
772
702
1874
1944
732
462
1750
2399
92
602
354
2285
358
1906
2501
2122
1420
2069
2093
1518
1060
2324
288
1138
678
276
264
448
604
1166
864
602
152
1776
634
2444
1929
1995
350
1002
322
1807
700
2436
1532
128
1968
1834
2053
2234
1929
42
110
754
1968
974
554
2340
624
686
372
536
2386
1488
1196
48
1448
324
142
692
370
2362
986
1770
84
1162
1894
1975
936
2471
1478
846
846
910
1488
580
2198
2183
1994
2202
152
1078
2370
1514
1488
1118
100
2169
2406
912
294
1364
174
2228
998
116
250
2452
904
2191
2166
1036
442
598
246
2205
1440
2484
668
2479
2115
716
898
1058
2178
2229
870
2229
2187
2054
594
1596
312
2181
2370
1360
562
2482
310
1192
2306
1652
1964
1792
1986
134
2493
2222
1988
2540
94
372
2097
452
2065
430
596
802
228
2316
2695
520
2227
598
864
874
306
668
1190
1504
1370
2494
410
1156
632
2124
1468
2106
2152
2228
564
210
2389
670
490
2480
780
2183
2537
2106
1636
426
2585
286
1811
492
2713
2132
512
2484
362
2531
2587
2692
780
1162
444
1578
2191
42
2275
380
1693
1130
2343
2034
2294
2348
446
1068
2218
1202
854
1306
2013
1044
60
424
2122
2220
1768
44
984
602
938
956
842
354
2353
1798
1446
1414
2407
114
2230
1756
648
1376
2393
2166
934
986
632
1674
462
2343
1230
1312
372
2220
2458
960
1774
660
244
1226
2794
1028
2247
2545
2314
1280
456
2050
1108
1282
1902
2145
114
2080
110
648
1296
1486
2268
2194
1286
1718
2026
1528
2252
2292
246
1910
2357
1867
26
2007
378
228
984
1710
2279
688
556
148
1020
2224
1933
288
1744
1432
1896
2256
662
1040
2369
1076
1290
1138
1194
2393
2163
2014
634
836
1022
2279
2426
1078
2505
1830
246
1362
136
436
2064
380
490
730
944
36
94
2164
2173
2310
1466
614
1266
966
1188
2249
6
84
2471
2373
406
112
2071
2344
2105
1150
2078
2180
1612
560
1918
2403
428
38
2200
556
1234
2595
362
474
2397
1674
86
194
194
996
2260
1116
1434
2348
304
2338
410
684
316
1815
2008
126
684
2498
780
2309
1961
2455
2513
56
84
1172
1930
2577
2306
606
694
94
2107
2156
2225
1388
44
422
2267
896
2122
1202
2167
1620
2142
540
332
2146
450
2376
1500
2250
2050
668
1986
1004
136
1892
2401
1158
1352
2396
2173
2486
2075
874
2066
2126
1298
1876
170
46
1552
1392
2250
538
454
328
2240
2245
1694
2475
356
1756
2302
2278
1318
190
1696
2124
1863
2158
1246
1712
636
2216
2298
2228
1240
1172
1762
548
1424
762
2569
1254
2573
2250
2252
1300
1216
250
2306
38
1900
2341
482
1658
1264
100
2415
392
2179
238
380
1732
2397
330
788
2264
1534
1710
1286
2290
2126
584
1048
192
2204
172
2084
698
250
690
2362
2461
922
2411
404
436
2289
856
1208
860
912
388
1006
336
94
2419
1748
1602
1134
2545
1847
2216
1734
1024
698
310
374
1132
42
2250
2405
2590
938
2305
2145
2317
2221
2258
366
1118
696
2283
1522
1122
2626
2751
2430
584
1504
2023
392
2178
2367
766
2263
2081
2120
2234
1408
2343
1198
2112
928
700
2682
2218
2566
594
356
86
762
1754
2199
1384
976
1406
2071
1302
2360
500
2351
2065
2226
664
498
1202
2114
1692
1174
492
1428
1200
738
1208
864
26
1012
2163
2353
1244
212
74
1770
2406
1894
132
2551
42
2176
2136
2341
1438
2216
1366
740
316
874
2692
964
2379
156
1218
2321
2316
2632
732
2119
2192
2221
1696
178
2041
1854
1024
1250
2406
112
308
2636
768
2653
444
2029
674
1238
182
1242
352
1576
1742
1320
186
1418
2012
2556
780
702
2437
1850
952
708
2336
2401
1378
2559
2044
1474
672
2543
2370
234
822
2756
2069
126
1168
2669
618
498
94
314
714
2309
928
2000
644
120
1216
2091
12
158
2094
1895
2240
1748
870
686
1150
172
2410
362
236
906
2654
2038
1970
572
1264
182
2373
1792
176
392
66
1552
1650
576
2455
2402
1142
2061
480
1811
2040
1510
164
2376
1192
642
2387
130
686
1978
2166
2916
1972
2277
1642
2487
8
1758
1970
2401
338
2391
816
2445
2191
28
1340
18
2028
652
2233
606
2226
128
338
2032
2240
2574
978
1958
266
2402
2521
644
302
2026
2249
1967
2462
1482
1204
1144
170
838
3421
2199
2149
2435
2150
1446
2134
1626
686
686
674
1696
2148
1394
1576
4
2380
636
2434
1190
166
660
292
1797
1970
2103
100
2285
2431
2344
540
1218
864
1918
942
2344
2295
1892
374
2264
2108
386
306
1490
2225
2391
292
2059
1908
416
2290
950
4
2382
242
662
1938
930
2398
1456
2108
90
1695
844
2366
184
1208
906
2097
150
2339
768
176
954
2443
1898
1000
2144
244
2243
2022
1528
34
162
2574
2198
1738
2159
2042
1818
2318
2690
2378
446
1272
1924
1474
2300
636
2447
578
1514
298
606
1690
2120
2200
942
1014
610
2635
1174
2015
2053
1662
2081
410
948
420
2374
2154
2128
1032
576
274
454
542
888
2027
1684
352
2068
204
1246
2106
6
1254
2403
2237
88
562
2237
1392
588
2216
1822
1010
2288
1142
1838
196
634
1158
1954
1242
574
110
996
1044
5242
1436
572
1038
2411
1212
860
1902
1014
2231
2205
368
1983
2722
1644
588
612
406
1519
808
670
2403
2488
400
1528
2314
1522
186
344
1156
2302
1274
2400
2368
1042
1586
1848
382
182
520
148
88
1900
2275
614
2221
986
1146
1378
2243
2275
2450
1595
636
568
388
326
2099
526
976
644
226
1094
1912
864
1104
172
582
142
1745
2408
274
2261
474
322
1132
1912
1482
2084
72
2234
2055
1410
2442
570
306
1788
208
1130
1172
270
1316
2169
2673
910
2684
2516
16
2116
90
58
1394
66
2304
1706
1988
582
1533
2091
1604
2235
2024
170
804
2094
2322
2509
2510
324
118
1398
1910
334
600
310
930
808
38
114
1116
856
996
1916
3155
1871
2506
1666
1928
560
246
2208
1020
2630
2150
422
2105
534
2180
1460
2197
444
1140
2188
2311
2333
2498
1600
586
692
352
448
280
2311
2175
2135
1923
2030
2246
2300
2463
2252
2497
280
808
4
2222
758
20
2304
2152
424
260
812
96
62
2148
1118
334
1668
878
1826
154
1268
94
122
1720
222
1454
2439
2347
1078
2253
1766
534
1020
1936
2405
718
2140
1144
1474
2380
2443
366
330
480
134
2200
446
322
2054
2543
1382
2035
2566
2130
2263
1262
188
2009
1452
2124
260
362
1784
2391
1242
364
378
1148
2249
2547
400
1110
2473
570
2455
2386
2577
1954
1328
2462
100
274
1266
2050
566
536
2122
1140
2014
2179
1438
940
2038
2201
1974
2347
1964
128
1120
1876
1328
2078
626
2456
596
2771
2050
1392
676
316
1452
604
2207
1876
1118
398
1796
1396
32
156
28
1006
2065
2352
1784
1924
436
2255
2281
124
2000
1850
2365
1624
1352
982
202
1658
1478
2073
188
2743
992
2460
212
2079
2293
820
1476
1202
2299
2150
460
1136
542
1228
50
920
324
634
2135
76
154
2157
1306
2086
1280
82
1038
188
610
1660
1260
1649
2407
132
2244
1474
1632
302
152
928
1278
24
2133
2018
1444
500
2336
348
670
1704
424
2174
1998
288
1826
1504
116
1260
2118
458
712
976
2249
1014
1342
830
1629
2145
2242
138
68
2435
2186
2169
794
2561
348
982
606
852
2190
618
2460
2032
282
152
2542
2521
2093
964
2483
710
240
2243
114
1644
438
2608
2108
1686
2409
2497
944
1542
1880
748
436
2123
2456
456
670
2360
2029
802
2554
52
2194
2517
842
1428
878
2758
2185
1818
2322
2428
402
1498
1724
1066
672
386
2251
2300
1734
608
1712
144
1140
938
40
2071
404
2514
236
268
1244
2526
514
318
8
2017
30
2102
2349
938
492
2146
658
1588
2115
2249
930
188
6
1776
2635
302
2341
820
2729
2040
482
362
2610
2143
2326
2322
158
2294
2438
218
1162
1494
1206
2341
2626
1340
374
1995
862
560
600
1142
2282
1670
914
1964
214
524
972
1120
770
2190
1084
1874
66
1056
344
834
2462
466
292
2178
786
2503
2071
436
1748
1580
196
2541
1082
690
2273
2168
2568
2402
798
2176
1084
750
874
2154
1152
1056
316
2540
20
1714
2450
1308
1634
2227
104
2227
1996
172
2480
1714
2351
1980
50
260
90
538
2079
916
490
1876
210
2513
886
1688
790
550
1330
1588
1738
2229
680
740
1210
2541
134
2581
2489
896
1426
1716
370
780
2082
1884
2245
2758
2311
1788
2427
1946
2273
146
1552
2531
2412
218
82
1830
734
352
2287
2475
1846
540
2630
2530
1046
2552
610
62
912
2310
1296
2139
318
224
2224
2652
1832
1562
2421
602
442
268
522
1742
2278
1092
2121
698
836
1110
2308
1192
1970
2319
232
1804
636
2184
698
1546
80
2330
2279
1784
394
300
2310
610
468
1420
2421
2220
2156
2187
1280
832
182
2406
562
360
296
2421
1422
1320
2654
1680
2481
670
2297
1008
1154
1968
1992
1802
2170
650
1432
1164
1100
1126
1582
1164
1765
564
2394
2348
102
422
186
1000
1890
522
708
584
508
2
2146
2481
1624
2200
1184
1148
80
686
276
802
2551
540
2465
666
722
104
2069
750
850
72
1926
396
250
494
2266
896
3017
730
2244
388
1468
1290
498
2199
2162
1168
96
1934
450
112
2510
1200
2168
272
64
74
1184
1080
2182
818
410
1240
2420
2141
1100
1578
1762
1939
2265
1516
812
348
1938
2344
2498
584
2006
924
838
2327
2913
234
1618
2593
2122
1010
1376
2673
2253
432
484
2294
2165
2579
2256
2106
1716
2374
2026
1762
2388
1444
2264
2293
2325
492
260
1080
364
1368
660
302
1864
234
312
618
2521
2041
672
86
1859
2199
2625
2226
2211
344
2415
1592
602
540
2239
1332
1420
2155
44
1828
188
936
2102
2298
634
2138
480
2275
1928
734
1780
1840
780
2507
172
2212
2367
352
2038
524
542
892
18
2001
1122
774
2626
1843
232
222
186
2339
624
402
678
2108
520
1920
1784
1062
2258
1932
1812
2162
46
570
686
38
26
2351
598
1899
888
1568
2266
1966
574
1852
2421
852
964
2184
2000
2320
2083
1008
1188
2378
1268
448
472
360
2109
1490
76
46
106
2437
2386
1578
1684
2319
616
406
2477
1300
1620
1392
942
152
848
24
2363
1837
450
1492
450
2722
776
2101
2344
2426
1312
532
1978
236
542
1074
348
2146
754
464
538
2168
2152
600
594
402
2534
2464
2292
812
2410
2026
