1014
600
406
526
2215
2411
572
1428
2712
2280
1930
2155
1174
144
28
706
2332
2115
2318
668
1576
248
1298
318
296
1180
1356
1212
404
348
1352
2203
808
1383
1162
2100
2320
752
2258
422
1490
376
56
2216
480
3111
1630
2234
2036
2347
1719
998
1886
2070
2137
1962
1218
2171
198
2586
1412
288
988
976
2318
438
584
2062
428
2136
2417
390
2147
2298
1356
270
66
2172
2104
260
36
66
892
2454
1348
1888
1678
2122
1870
2081
1140
1300
2386
2177
456
1766
92
1158
1918
2225
406
94
396
2187
2462
2242
2431
1110
286
2012
2475
204
2287
2357
2135
2417
2354
2326
492
86
1548
1122
1962
1556
564
144
1372
1288
2486
174
1230
564
526
2328
74
848
2474
360
1174
1718
714
2465
2569
848
1504
2255
312
2652
980
52
1290
2270
396
696
1308
2171
2539
276
2343
2449
12
394
3369
672
896
2115
806
892
2535
230
752
894
472
1392
340
1944
2558
422
2084
598
1644
2266
2072
1246
16
66
1854
2066
774
392
306
802
2148
962
888
108
1720
1560
2364
1848
1468
2258
2205
1434
30
1772
122
162
970
850
16
2270
2084
942
2224
2317
1200
2131
1344
1944
982
916
1206
1777
1812
1967
190
2110
932
268
2418
30
700
1032
1897
842
64
1040
1340
2175
396
1318
342
2346
468
96
900
408
1867
2122
232
410
1380
478
2440
1613
2957
906
918
786
748
2305
800
2190
998
2295
898
1662
2164
2341
2512
200
1806
584
1380
1062
2129
144
2535
40
1534
2154
338
1709
2204
1098
1580
32
92
1414
2369
78
616
1542
6
1192
172
1356
730
286
1344
2113
748
1728
1870
2134
2102
604
742
34
2028
1106
2312
1376
1134
1908
1738
160
1652
514
1514
710
2392
1552
52
220
516
1598
1548
1910
2253
1862
384
1936
2672
536
348
1308
2597
1740
2399
2085
62
2519
170
2480
1510
2555
2575
2279
18
1956
1074
918
2133
2592
194
738
1722
1136
2279
886
2180
2028
2239
912
2494
1092
332
2131
92
2415
738
382
336
1172
1966
2662
384
542
2146
1426
60
326
2062
450
2466
1657
2204
2274
16
216
2372
2297
1032
1396
150
1354
2183
1380
1672
126
2747
22
1958
896
84
2210
1064
276
1090
530
1240
1068
2335
614
230
2313
2318
2458
2351
2204
2513
608
2206
1966
1908
626
10
2140
2287
166
260
992
882
194
2228
1258
2116
2293
650
436
1284
980
1944
110
1670
1770
280
1742
6
346
578
166
2195
48
482
2175
462
2190
1710
1256
548
994
896
822
1686
550
566
1048
696
988
124
1404
1398
2380
332
1074
2328
2078
462
2084
2241
282
2229
1474
2451
2280
2452
722
1212
1352
1398
2208
78
1126
1292
54
2169
1424
2162
306
1376
306
1820
2190
164
2384
432
94
2236
376
1076
604
2299
220
712
1294
2444
796
144
1814
2115
2311
262
2009
1584
1094
308
1192
512
54
2116
2260
1950
1972
2032
472
38
1336
786
2098
868
142
592
782
1264
1352
982
236
110
238
1424
1104
2323
2365
1472
50
2024
1780
2293
710
2066
2019
2288
188
124
1066
2138
2002
178
2836
2238
56
1958
2108
266
2143
1562
258
142
2225
2079
2108
1642
1755
2186
2169
1817
1214
634
454
1532
914
800
1650
642
2445
488
594
742
544
884
192
6
2062
1744
2383
148
904
1728
1138
2234
1788
2619
2270
1936
2206
588
802
2278
1434
1340
220
2202
2084
168
2192
1048
142
1408
2284
154
1170
852
1076
2171
2357
1900
1700
1072
30
1266
2249
2201
114
2436
1266
882
1110
650
2223
870
2252
670
1150
2130
32
718
684
1146
254
330
816
2468
1756
2355
1602
130
1328
744
1884
1916
410
40
2002
2340
1002
1044
156
2235
208
38
2265
2014
1642
582
910
298
1874
1742
48
330
1222
2269
1762
2527
2240
30
212
2068
444
874
2021
2259
2078
1220
270
172
548
2329
2639
1378
800
2447
642
800
1398
752
1394
2484
2113
2485
1034
2340
994
2686
1440
2205
648
1310
158
984
2419
2044
1734
2364
762
78
1290
1560
1548
928
2665
1971
2318
76
1476
1512
638
2395
2488
1324
1250
538
2574
2346
168
1586
2295
1138
2550
40
2414
290
2020
1276
2290
2202
690
1294
1742
1640
2379
394
1056
678
292
2167
592
1598
2639
874
826
2536
938
2285
1884
1312
1984
458
2170
882
316
1080
1086
2179
1788
32
256
1380
2568
1992
182
2129
1878
2169
2023
744
474
508
2498
150
2081
1925
2397
624
84
478
1428
2132
1766
2140
270
528
64
1900
514
434
2191
66
1793
378
1602
2184
1132
1542
2365
2382
30
1020
2092
2607
2171
394
2026
2385
970
2118
1971
2020
2297
1620
1864
1870
2478
2146
1204
400
1713
2424
306
1158
996
1905
756
1540
172
30
808
2558
464
1028
1980
38
2221
550
2218
368
1756
750
1999
630
2049
16
188
2288
430
2200
2322
222
2008
600
1284
166
398
14
246
782
88
556
14
1966
156
2146
684
1728
2462
56
1432
1674
1106
318
2007
2471
2075
2025
190
2252
12
2082
1994
2548
2183
78
2071
708
2690
814
2522
2333
766
2196
2025
2198
1922
868
738
2299
1256
1736
344
2050
2243
1976
2426
2556
1620
1914
2372
322
478
268
2046
92
2449
254
2160
258
40
808
524
1692
860
1562
2317
2376
886
2142
52
2230
1556
498
668
1364
102
1746
2525
2312
2283
2380
886
710
2518
1398
1162
2179
2005
2051
2514
564
428
2210
1446
18
1596
2432
904
1796
398
2071
2473
2112
1264
476
2123
384
512
2508
2342
1754
1550
1502
586
2103
650
1118
2548
2305
2693
2605
330
1496
1100
1734
938
1722
1782
350
1890
1506
898
2083
2130
1446
1322
218
2320
1090
2171
1971
1878
1870
2196
1186
2409
1412
2508
2591
2205
1290
434
436
1452
284
2441
2491
50
2413
1870
360
1206
980
542
896
312
2468
526
2128
2012
1344
2337
1364
222
2357
16
1712
2477
1666
1578
1200
1466
2516
1268
738
2285
880
2158
1962
1502
682
2008
192
2440
860
810
626
2433
256
2276
2291
1820
302
854
2255
444
2121
1086
278
980
1920
138
1054
36
2537
2297
1362
2534
768
982
246
2428
778
1644
1096
1898
1300
1874
476
1380
1482
2290
134
334
2167
2496
534
24
1736
1984
1842
2291
2316
1472
1908
1798
2496
861
1508
356
2034
2162
1098
2618
1150
538
2757
1360
1554
1948
376
2418
1160
790
2170
136
248
2340
974
1544
670
1778
726
974
650
2215
1542
1658
326
492
2307
454
1616
1582
264
2086
344
430
738
1954
1727
2619
594
1150
2370
922
1332
118
540
2713
1424
1042
1548
1682
2470
308
2240
2576
1050
2631
706
1248
80
2210
224
1408
1550
64
2240
98
2406
440
582
2169
718
536
562
242
2289
2093
2456
2026
1544
932
1080
2206
2099
470
840
816
1112
430
318
1917
1148
774
1648
2157
864
1236
220
2106
928
2751
1044
968
1024
2755
1186
2354
2428
460
530
402
2142
702
2368
2392
1967
1094
2294
18
310
1926
2566
1714
962
554
160
1882
2395
1216
794
1800
2411
1036
848
752
1944
340
1290
1977
2268
1300
438
1840
922
1975
682
2623
2563
186
2202
1086
552
3225
2592
2208
1310
2604
1839
2425
1532
794
352
838
1923
1034
742
2137
260
1468
282
2385
124
2196
1480
1086
394
1763
1302
2475
2448
1434
36
2016
2333
2474
814
2493
292
1746
218
2127
980
2017
342
44
2404
554
2349
798
2424
1252
290
912
1396
866
34
892
300
246
2150
914
1164
1212
1804
2230
1458
2310
2430
510
190
2029
1664
1194
2378
44
1280
1068
408
170
2002
2120
34
1168
712
174
854
640
870
1098
2258
948
984
2311
730
164
2277
1188
708
110
2506
2265
582
334
2252
1744
790
2874
284
342
2356
142
2351
136
230
596
728
486
1737
916
928
2134
130
762
1928
86
442
248
1146
2702
50
516
1502
976
2318
974
1970
1128
198
1800
1282
1954
234
1156
234
412
744
304
2539
2402
686
1188
1504
1318
326
878
1338
1830
2006
542
806
1800
272
986
498
982
2591
74
2499
1992
730
2314
2119
190
2447
1668
1130
1016
1104
246
2345
1692
900
2426
2398
1546
1128
444
556
794
1888
198
2347
2332
622
1582
1970
2484
2109
544
940
2085
1964
666
944
1204
998
1370
436
2474
52
2174
554
2125
862
2102
2448
870
890
1356
1952
2492
882
350
2662
2050
150
2439
1416
348
1778
250
842
1032
632
966
2310
1562
1598
1054
538
538
172
2226
698
1366
1060
1460
2393
2150
1586
810
2206
1822
42
2201
2428
366
2312
18
704
1120
2425
496
2148
1292
1432
2113
606
1026
872
190
1896
892
738
206
1868
1886
298
1454
2127
596
876
242
1408
1992
472
1997
1502
260
2510
1862
436
2471
2474
1200
704
68
2589
2503
1188
2387
1796
2162
2262
362
2088
2237
2381
18
1588
2131
592
94
730
2378
424
2586
52
150
230
444
1594
2070
1544
1086
2328
1256
1320
2446
2280
2208
232
582
156
2092
1819
248
34
2030
688
2168
1820
1002
72
610
2208
2007
2130
6
1048
2300
2436
1560
2130
1855
628
2365
2289
1824
2628
1346
1732
2488
1384
218
1948
210
1256
1990
1562
492
2246
1848
130
134
2038
938
2061
1883
2271
6
360
226
466
1250
1686
1400
2475
2082
2385
1490
2465
2208
128
106
194
982
310
1386
2130
2416
68
602
646
632
6
322
516
2112
686
108
2346
766
22
1887
924
2219
2078
2481
2146
42
132
106
60
812
876
1116
2344
2117
432
1268
152
18
706
164
430
2003
386
1450
344
2079
944
886
1844
984
610
122
1054
90
2152
700
1276
802
2221
2450
1228
2206
2303
456
896
1362
320
1034
2252
146
2354
2213
192
362
2282
1022
2154
280
2263
1906
1166
152
810
1782
1176
1072
1326
1342
1608
2262
2169
2214
2774
118
950
1712
2394
58
998
1200
2162
2002
2354
2833
126
142
1922
1416
330
178
2242
1666
650
2426
394
470
452
2239
448
2410
418
2288
690
804
736
2321
2495
1724
122
1442
574
2158
2258
2504
2152
2404
2098
2142
1164
1112
1965
950
2204
2385
1548
132
1884
932
144
898
2183
2287
2275
1728
2052
118
2076
1368
2218
1396
1064
2210
2299
1046
414
2444
492
624
386
96
1954
268
942
2089
828
1660
600
2133
1654
1216
1782
1926
2104
220
2483
1452
1340
2311
984
2369
1330
2759
2185
1658
1909
354
1882
1106
2205
2205
2085
1789
2085
656
10
204
96
2400
78
2462
2731
2527
1264
562
1102
166
2421
772
1826
1839
348
28
1802
1212
166
996
984
1738
1478
1092
1146
1078
460
418
2374
938
2385
468
2314
734
2181
306
2338
1706
1871
1298
702
2268
2186
724
2618
436
1340
2318
510
780
2188
1214
420
2306
2106
1998
1865
182
1667
2496
990
312
1894
128
994
1902
2376
1590
732
2274
2074
1879
142
1074
1188
1162
856
1094
2435
2135
2346
2080
2226
2136
1578
246
1736
1540
1486
2432
2105
372
318
1068
264
348
476
392
208
18
744
920
462
1444
1484
836
2032
84
2193
2193
1897
2628
1260
316
1640
1092
2074
2199
1957
2525
472
1954
1828
1818
2400
1020
138
2052
1728
538
1460
2075
1684
168
1928
1528
2298
1138
2158
2306
1098
2520
2222
2401
1826
1424
638
2407
36
296
64
2080
1418
2128
1234
2280
1400
142
1874
1252
28
2201
128
1378
2232
1828
92
128
1354
62
460
2490
128
2534
1536
2630
2286
2374
2412
1708
464
680
1916
364
1202
1436
162
154
8
1616
370
2229
2134
1258
906
870
1570
1072
432
2130
398
300
2278
2558
292
1550
1674
906
6
1898
30
1382
602
2506
194
1938
1424
12
962
748
2051
1880
358
194
4
1932
2056
2140
808
2129
312
656
2180
62
1874
1995
588
2537
196
778
2302
734
1448
912
526
472
1336
224
2258
50
2130
422
642
2074
804
36
288
2149
974
444
868
2296
1972
1776
2404
1883
832
2035
894
1216
768
1600
1146
2196
1194
628
2062
2342
276
1768
1344
1863
186
2358
2379
1762
278
412
1052
2476
2031
780
194
96
2307
1160
1358
172
2503
2518
2215
1662
1094
134
606
126
2182
268
748
2089
1865
894
2398
2250
1940
888
656
2462
1946
1068
1190
2460
194
1284
826
1616
530
356
1986
182
2086
2370
366
552
430
1246
962
2163
2220
256
416
536
1010
2016
1352
648
664
2147
2050
128
140
1641
1868
2046
1766
326
1166
2137
274
1024
10
1950
1870
1588
932
1666
942
224
326
26
2362
590
642
16
986
54
486
1252
488
114
1804
924
354
456
2363
2077
1816
1920
2415
2090
2522
1238
40
1094
1188
122
4160
2469
2126
1578
362
744
750
1994
2506
626
1907
1016
396
2009
1058
194
1196
2122
314
2023
218
2534
12
786
478
1496
1854
190
74
2084
424
1172
830
428
576
2220
2090
1608
2205
2618
2420
352
2199
1577
2299
1436
2458
696
714
1510
360
1126
1998
966
2095
1886
2456
2515
506
2310
452
2163
1576
1644
1476
592
800
2299
2716
648
782
18
2327
2163
1494
838
1796
2444
1322
1564
100
360
1186
122
2229
804
988
2060
402
276
84
1386
1575
8
182
2187
2515
304
1967
2551
2177
280
1550
2442
2428
2514
2562
670
1184
2258
2717
1510
182
2013
2092
1478
1919
624
800
2181
2018
114
1212
2151
156
2486
2220
950
38
2104
2380
896
1414
800
1991
448
2054
70
2540
80
2016
24
442
2551
1980
830
2219
2160
1134
2800
528
1206
2531
376
168
2381
2103
1576
2077
650
832
2135
190
570
2581
1044
1896
164
2448
1130
532
1218
1136
1816
318
2515
1034
1064
2203
2174
1152
608
1951
504
882
1314
44
390
1804
598
1342
1708
866
368
1110
2240
2830
1836
718
2091
962
104
148
1584
400
836
2244
1589
2429
2077
2280
2421
744
500
1998
1110
1190
362
202
638
2566
206
1920
848
2666
1444
1881
2066
2383
78
2402
1891
948
420
974
682
300
2232
454
2394
106
460
1750
512
456
1044
2244
1692
2372
2389
244
1838
1428
1466
670
2031
738
3710
2174
592
1754
2491
2058
1110
2427
2016
2308
2289
2256
1900
116
1906
2653
2535
2275
2218
2148
622
2267
1754
2086
2452
954
122
118
2158
1156
418
498
864
850
2284
188
1790
152
1884
1752
2207
1843
474
982
1464
2623
1300
1522
1454
548
126
1344
2042
1002
492
1004
392
2110
1818
250
2267
166
1516
562
2279
2284
1940
488
2446
766
710
194
2402
2249
1524
2618
2622
2125
3192
130
2007
1776
362
1893
1884
268
542
2114
274
2388
664
900
712
2288
2193
1306
1054
308
648
152
1818
822
854
2238
1270
370
74
156
1570
1702
2326
2202
276
2295
54
2354
1626
1608
1430
344
1524
228
2240
594
790
1943
1686
1526
1998
304
1328
1248
800
2176
730
2392
2454
550
1488
1030
496
636
148
1398
1642
442
1472
2504
1908
442
2010
108
324
318
1568
886
994
68
96
24
1026
782
1512
1974
2242
626
2254
1876
1424
2337
2178
2398
546
2248
298
138
2112
2246
932
1228
194
2112
2536
2182
602
2429
600
930
544
946
2223
1084
2117
610
2056
304
446
1364
456
2022
752
1292
1738
648
2014
386
306
1020
32
1774
2433
2278
2316
2500
942
216
2270
2114
1990
2403
1050
2662
46
2082
20
360
2264
40
1504
438
2279
1356
982
2048
1250
2248
2399
2138
2424
2282
702
2270
1586
2459
2298
270
200
802
1222
1432
2183
1920
1966
2005
1828
532
2332
1500
182
536
56
362
1843
170
1862
1852
2276
94
750
2403
596
362
2398
640
1915
1414
624
50
1120
1474
1738
1973
1328
2439
1682
2283
2548
1474
2749
772
142
1112
2544
394
1250
2353
2488
2234
2369
996
2347
2492
1248
2188
48
968
2427
1116
662
1052
2354
2028
1638
1722
272
2635
2114
110
1652
1900
1466
820
368
1078
2078
738
806
1040
1560
406
46
2259
1772
462
190
2751
1028
732
2140
540
1963
1608
630
1288
2443
2154
1306
1614
1926
1899
1258
2027
1572
2237
2066
2016
2497
446
1956
10
368
2707
2224
2535
1240
74
2419
2060
132
164
172
1912
12
786
2495
2026
76
1642
296
16
216
2416
1512
2449
1422
2027
386
1754
2152
2519
2520
2308
244
384
768
438
582
2414
1302
1178
514
710
322
524
986
1168
488
1748
2141
1252
2293
1146
672
1614
104
2132
2165
2588
330
2794
2177
558
1778
2481
1576
1960
1790
478
1808
1042
370
1376
1314
2902
2318
1060
116
854
764
2092
2334
2540
2144
430
2070
382
1830
264
782
90
1952
2037
1396
132
316
2024
2299
2429
530
2440
1708
498
504
154
1844
952
2043
860
2087
190
2323
1456
1592
2038
922
2130
1776
1264
2402
584
1408
1078
340
3614
728
692
2188
2263
1938
1575
804
578
684
2346
278
2163
992
534
2278
1176
620
292
2243
1054
2420
240
94
1324
1781
1706
148
1532
1928
1118
1962
1834
560
878
1854
334
2227
602
2444
1522
848
794
276
2183
764
626
1904
1038
290
2249
118
634
1792
230
2587
2402
1838
654
658
1976
1022
1026
372
2520
1150
696
2353
1846
2474
1935
232
1768
64
1991
1260
368
46
608
1382
1102
690
1870
210
1074
2393
2250
1672
2539
2449
702
2084
728
1784
2424
1036
2233
312
1118
2242
1446
2318
1038
1176
1733
504
2224
2016
1328
2466
64
1820
1066
1934
1006
2340
1240
1746
200
824
260
2557
436
100
1452
852
270
1982
376
1074
1928
266
96
2621
2187
2106
2232
3319
358
586
2124
612
1596
1872
1996
1896
2691
1666
1975
568
1440
2103
804
376
1248
704
2723
804
968
1510
