1512
2326
192
1951
368
190
1502
614
2466
554
1818
1122
236
266
2258
1951
1504
104
2484
1795
1192
1552
2490
18
2494
1751
1714
118
308
2238
682
2086
1322
1084
2334
2413
532
2579
2324
4
978
486
1628
2185
1878
1436
1630
2592
2152
8
1330
2244
594
2012
2055
2407
1342
1144
2509
554
124
2313
550
794
2456
488
2306
1066
48
1438
1228
802
290
80
870
1558
256
2192
344
2716
2413
1046
404
2568
2242
2148
58
198
2494
2415
2537
694
2651
1718
1846
260
1596
256
584
768
2554
70
208
92
2004
2501
2557
2552
1160
286
1995
2538
356
2077
2076
376
2550
1724
972
206
1754
734
386
138
146
1722
1234
170
2447
1078
534
2020
2664
318
46
1464
876
612
2437
1950
2246
74
1578
2099
104
226
1694
1168
2436
2696
1358
2449
94
1254
764
1136
52
698
1784
510
2062
330
2640
1922
2222
2163
1678
1832
152
1828
2214
1206
182
2288
2318
920
220
146
2333
2442
624
1958
256
1002
1226
1146
1882
1136
14
802
2346
2279
1979
594
1484
378
662
804
2333
2238
1150
958
126
1122
170
2248
1881
2371
1198
418
1328
620
2400
1070
774
2324
2443
106
392
2300
1380
860
808
2309
604
1764
182
802
1888
1808
354
2148
1890
254
74
2550
1748
1973
1412
146
1844
1604
2555
284
1386
1844
2461
2143
1292
1018
264
700
2418
2365
1342
1238
506
954
802
2520
1392
36
2128
1964
2215
948
1298
1174
392
2560
1478
954
366
210
1220
928
974
2239
446
2418
348
1186
832
690
1632
312
1848
922
1106
346
2074
536
2098
2259
2123
1474
1810
2079
1888
1284
2121
1344
2099
950
2142
1216
790
2289
1869
2105
1138
2458
6
2312
2318
2063
1670
2099
90
876
932
1322
772
404
2200
76
1202
52
434
2431
2205
2445
1336
1274
834
1736
1344
2144
584
2110
1120
2568
1828
2607
112
1670
290
390
2542
590
2543
1604
1068
136
1002
138
214
1726
2342
354
1214
1420
1268
2212
44
2054
2703
2095
664
2299
2387
2118
2289
1184
2145
1082
2169
158
40
1939
372
2344
2027
1724
2313
1981
1040
2191
284
1542
2484
2089
2458
2328
2012
204
2318
1052
400
1916
1546
2063
78
708
2206
2149
2030
416
2051
1258
2208
1510
2360
46
2164
2274
1994
1844
1916
2397
750
2067
2630
1606
1614
2478
544
2355
842
196
1902
606
1638
2445
1368
448
1730
724
1684
216
398
1582
2012
1706
916
2104
924
1342
1864
1494
832
424
1658
1566
2138
1851
1587
732
2200
1792
616
1022
1266
2167
636
890
1748
2334
2420
1943
2268
906
2361
2185
754
360
632
2306
282
2200
1252
158
1548
454
2328
110
1388
568
352
72
2117
2044
1708
712
1402
1732
118
320
352
1062
1326
2194
2333
1128
726
2120
2242
714
1078
950
1492
2119
1460
2178
458
630
2563
2362
684
190
198
638
150
1390
600
212
606
1704
144
816
232
2184
1999
1700
1688
1736
52
2208
1930
1706
900
464
2287
1078
1881
2682
84
1470
1852
2219
698
158
986
668
938
2231
1859
2014
312
1939
2465
844
156
558
826
2525
1945
2340
2166
1702
1446
2586
634
2631
1862
1094
2524
218
926
354
1140
378
944
2397
2066
130
2478
172
496
2632
206
664
642
1008
2505
482
164
1534
1874
350
596
948
1968
2189
852
2336
1986
812
744
2364
618
2591
118
1882
2260
374
2088
710
2125
394
2376
1414
590
1228
1990
1764
78
666
1122
2530
1804
88
1078
390
184
2220
1598
304
24
1612
2206
2139
602
334
2569
2174
2155
2195
2245
1302
2426
404
2290
2008
2166
2139
1842
1024
1972
2337
1436
896
1182
520
2267
1840
128
2319
2593
2245
2434
608
262
222
1764
1627
1166
2517
1012
1118
2132
1574
1176
2270
32
2407
2289
742
2026
568
2068
2790
1052
1118
734
132
2374
1156
1330
1970
578
2425
1830
1644
2138
2263
1954
504
450
2539
2287
376
1608
1208
146
192
2344
332
1639
2255
2294
2318
1170
464
2437
54
1612
898
2210
12
482
118
2440
2342
2018
2168
514
2389
1757
2482
2434
986
2277
2231
1200
882
434
1304
6
1922
1044
982
38
2584
980
58
2431
2007
2238
1978
2163
354
1290
2264
2094
1118
2304
346
2270
2034
484
282
2718
660
138
830
1852
564
578
1600
2452
356
2319
6
698
2260
520
950
1438
1808
2356
2367
1494
2270
74
1598
1714
2042
2362
2286
498
2613
1302
1436
2102
800
2372
540
2786
1786
602
1862
2224
912
1002
204
760
778
2156
68
60
2264
550
502
1458
1362
1952
2002
2362
222
496
432
108
1108
2091
510
2480
2354
1978
262
1714
2112
2406
1464
2614
2109
2053
466
1896
502
424
528
2595
1120
262
2536
978
870
1936
2194
524
14
2596
150
1998
744
466
2016
432
316
2539
1965
806
224
1530
2328
444
1928
1574
644
2338
496
1886
474
2188
356
2469
2228
534
1552
666
112
1544
1960
554
24
276
2104
2276
606
1032
970
1630
444
324
830
562
2360
2168
2181
2188
690
46
114
2086
2208
1582
1843
914
106
2096
810
2088
210
2358
2170
1792
1942
186
2308
2288
356
252
1726
1967
1114
1146
4
1388
1400
1160
146
2323
2143
2142
1410
1168
940
712
616
1240
1060
1905
2330
2360
1924
1862
2082
774
2235
476
374
450
1965
1589
282
28
2235
2164
2035
2511
594
614
2083
576
1112
2345
178
2257
212
30
1816
2185
890
1520
2312
1528
44
1962
46
606
312
2417
1368
2278
2123
1444
1964
2149
1822
70
1226
124
1812
2332
2275
2092
646
208
902
1915
1642
2103
1102
2146
898
1634
1326
170
2368
1462
2185
2505
1854
246
2538
780
1962
670
1338
1438
1472
1236
350
2220
2255
2088
2584
1687
1832
2096
2083
486
2072
2232
876
2471
2303
228
2057
1328
2482
446
1698
382
1194
916
2182
46
2056
1985
292
2056
682
160
308
730
2233
342
2317
2379
1304
876
936
2159
2372
658
226
930
106
2246
2482
1660
1866
1114
934
2497
724
2223
1554
858
1362
1588
294
2504
1602
2175
1920
1072
816
1956
926
1984
1996
800
1266
1832
2306
2250
2252
570
1904
36
1944
2073
2503
856
2022
862
294
102
1074
1260
2199
110
2171
1778
2350
1038
1614
748
364
2142
440
2263
416
2474
2016
642
1925
68
672
446
608
1864
90
1138
2284
1538
2401
1974
2271
1909
2672
466
2086
68
874
1054
2249
2318
178
1859
1054
342
1530
240
1202
156
2001
390
778
2072
1430
2456
786
2088
50
2234
1920
2288
1626
1848
1702
2000
728
966
1723
2318
2234
1006
214
2324
2187
762
44
2076
2125
2286
448
1054
2394
1927
758
242
1943
2377
460
206
26
1056
58
1638
1794
2506
2578
1010
658
2132
584
78
82
1448
876
2406
2202
2339
1846
2103
1066
12
620
1274
1040
2230
2412
1900
910
168
2408
2496
2131
844
148
2528
50
780
812
162
2486
132
14
76
2006
2440
452
1512
2399
2085
1818
1064
2015
2203
1632
1138
1076
648
1642
622
1116
2341
56
948
840
780
1871
2409
88
1154
670
2397
1476
2120
960
2040
832
554
2161
78
286
1100
2340
346
1538
1496
142
596
402
1902
1438
96
86
2427
1604
2166
2461
118
1714
2152
1938
342
2079
2261
100
300
934
294
1800
380
418
850
62
454
2528
2339
884
2377
1464
750
1808
152
390
290
1058
2211
840
2184
2438
2308
2459
300
888
318
344
158
2096
2121
1068
1776
2348
986
550
2138
1318
494
366
1132
1114
1158
2796
314
462
80
1014
2168
290
1196
192
2149
2245
100
2413
348
1178
2369
156
2721
1392
2422
2391
2286
2672
1868
2464
270
1686
1860
2458
492
1238
1815
1500
2160
2328
702
348
2405
1810
1302
2339
2136
372
244
410
2354
904
1922
1927
2148
202
248
550
888
2359
198
2517
16
1522
2290
2252
1922
976
1634
806
424
2862
2294
186
426
1996
1728
2926
478
854
466
186
1454
228
664
1048
64
52
2367
1844
2212
502
2418
2194
434
1886
2062
272
1418
2250
194
2004
1274
2296
14
392
152
1350
2153
2333
1488
2456
158
498
878
2050
1792
1232
2268
1814
2222
288
2349
2024
1885
1865
2721
1054
390
98
454
3033
2119
218
1738
2507
760
2081
1506
936
1788
88
738
352
1264
1382
120
1150
1984
2175
642
1108
2410
24
1224
1400
2346
1126
2419
532
2133
1310
1274
984
430
2049
2351
1418
440
278
2358
1971
2251
2479
2383
2695
114
1536
276
2334
1242
2007
790
1851
2068
842
892
1626
286
1208
1771
2335
2104
24
106
1662
946
1030
1962
2098
1212
2094
2615
720
790
216
270
198
384
2296
126
256
2721
1966
2391
1038
1734
2319
1626
2081
2098
1178
1174
2078
1046
2202
2443
798
490
2516
30
1596
36
68
2466
2483
560
492
2327
1876
1580
2421
200
1602
688
886
1230
2570
328
2099
70
274
1956
1984
2305
2172
180
1592
200
2319
2414
2262
2258
1738
1392
1274
404
1817
1990
738
1404
2260
1874
416
1926
1828
2010
1823
2380
2382
2456
54
1134
372
1188
810
1868
934
460
1794
1944
414
182
868
62
1098
1576
850
2336
2458
2068
294
1570
1110
78
328
12
1404
2356
654
1164
630
1554
262
2500
460
258
548
188
678
2514
1334
1218
2531
1544
1210
1270
234
1744
126
68
674
216
2667
1314
2567
738
1448
350
2128
1446
1944
1258
278
2693
268
294
310
1876
334
564
2608
538
1548
1829
2217
1236
768
54
52
946
2334
852
70
784
40
808
1192
402
1901
700
48
1088
2307
2016
914
1857
2529
412
2096
2182
1736
268
1270
2311
636
1434
312
544
174
958
312
128
650
1834
2123
1400
2049
1969
378
2737
420
370
170
2197
900
2224
44
3185
190
2176
1930
2406
2303
1510
1885
188
814
2087
1735
934
24
68
1034
66
2084
1092
2014
1598
2687
552
2542
2327
718
1931
108
1156
2015
1186
746
2862
2488
1558
632
88
2007
946
110
2364
128
1914
2091
1958
488
2034
2179
1488
152
2236
184
2056
2200
2086
1080
1752
1616
1943
934
2438
178
2248
2227
138
850
2390
474
686
1184
182
2162
1370
2248
2024
1500
2101
710
20
1728
4128
54
1674
1642
914
2482
86
72
680
1196
90
386
118
2126
324
2561
1810
494
902
232
2408
1994
1020
2338
2491
2012
2356
2036
2576
2249
500
1494
2329
2036
2454
202
462
1712
1692
2320
2015
470
2364
490
2108
162
28
2255
2292
746
2153
838
290
2461
2206
82
2162
1018
2373
2135
52
1768
568
2182
316
1720
1922
2419
572
2485
826
874
602
356
72
2081
372
34
690
1412
2680
88
1926
692
2444
692
584
2196
1987
2368
696
894
2163
976
2536
1170
502
1550
2751
296
2595
284
84
588
2517
2289
2237
1776
1450
2524
1826
2322
1812
1833
2284
584
1392
170
428
2152
2390
1932
2321
246
432
620
1700
1626
1914
522
2427
2386
2339
696
152
1971
816
678
2383
840
2210
2571
1176
310
2504
924
1130
1046
638
364
62
720
2570
722
524
2073
578
998
2024
30
1838
280
554
672
1492
2248
2112
2070
368
2396
1719
290
766
856
1222
778
1174
2503
2212
2156
362
4143
1490
1476
666
2344
882
504
928
1576
1000
1020
1624
2135
844
2425
386
874
934
1364
2421
2303
188
214
62
1530
640
488
2110
2177
2099
1066
644
2316
1840
78
1714
386
760
4
1692
2021
190
1812
2304
2274
674
1898
804
2172
894
534
2109
236
458
2382
798
2582
368
1074
634
868
2628
462
2280
2480
2346
1652
426
2579
2110
2462
1968
552
2315
1846
1907
2322
984
318
2351
2587
2110
1793
2280
2028
808
422
142
220
104
1842
1070
1316
758
54
2602
2168
136
790
1040
1392
974
2247
542
264
1552
120
2302
1152
2574
1008
2472
2572
618
2383
1696
1368
1857
2188
900
1544
2083
2352
2139
2487
1546
540
1894
798
1522
640
838
1566
1428
1902
2374
60
2092
146
2326
1790
2253
330
1194
2024
2420
152
330
34
1614
462
34
1448
1870
2149
1646
2346
1714
2368
68
2204
2020
1608
202
366
1430
2483
1324
206
62
776
2272
1368
992
1636
426
1496
2158
1332
2218
2447
2000
310
1228
1632
2379
952
544
1965
726
1495
2207
178
2538
1762
2560
168
214
130
2409
2291
630
232
256
560
198
246
382
1462
840
838
1933
1566
412
2410
2336
1596
28
2577
2558
418
626
984
664
2207
742
14
734
1002
162
2214
962
524
1888
2378
2440
336
2530
998
2129
2127
1124
8
286
2
2584
2612
1174
1246
2357
2485
552
1364
2228
2485
438
1732
2101
2213
2364
2342
2106
712
2020
2280
2184
2245
516
2323
134
1046
756
764
2222
660
1852
144
2747
10
1518
66
784
2
2110
360
2336
2956
2044
1754
246
2202
2288
1046
912
1999
1488
2113
822
2222
564
2088
2234
414
1722
198
828
1656
2034
828
254
312
338
2474
264
2206
980
2133
2442
1540
2048
2374
274
2014
1510
298
1768
908
606
1885
1805
2269
604
2440
910
428
1162
1523
760
2078
1196
2098
2292
76
2148
2252
1816
2455
1052
2720
2432
1932
956
1788
1988
2192
2028
2411
2220
1722
2062
2157
2069
1346
24
1874
1074
646
1064
488
1910
2438
1234
230
1514
34
2071
2397
2149
468
1024
564
358
2168
2487
2193
2201
1596
2250
216
780
2268
1556
890
958
2120
8
140
2250
964
2030
2354
54
1324
2124
1542
2202
1608
1967
1444
2260
958
1118
212
578
126
796
2427
1784
1990
224
410
646
1202
156
2626
2311
1858
2352
2362
2411
6
2455
680
6
668
1206
802
1554
2326
1430
2275
1440
1552
2256
1864
1836
1858
410
972
374
1198
1174
1294
1394
958
2263
1378
576
2292
54
2286
1362
254
2774
1530
2536
200
2108
904
1136
750
2326
288
866
1056
1918
420
808
2417
500
2264
2178
418
2408
2213
2520
1310
6
820
704
760
268
930
2526
1724
1336
1696
1996
2299
2353
228
894
2074
1222
2441
1160
2283
1544
1000
660
1164
2311
684
400
950
832
264
1364
746
1298
2137
2603
1432
832
2590
654
508
2218
2587
56
710
468
880
1042
2725
2625
2399
170
2388
1100
1008
196
1815
166
1460
2457
464
570
2304
820
1704
1068
82
384
1718
2233
652
724
2514
2054
2394
1596
472
994
562
708
180
1799
1106
1746
334
504
2461
832
1570
1672
2255
338
2559
186
1634
180
1000
2134
1981
2303
1216
2187
2494
498
482
1170
1889
1590
2302
36
2063
2377
62
510
2066
1134
1024
1004
2108
90
1608
1962
1552
1902
988
2236
1110
592
2204
114
962
2300
650
682
786
838
2218
2356
2219
1504
886
676
1442
2473
408
1046
1050
2238
148
106
314
2098
1638
378
1700
28
926
2236
1044
2224
612
1933
690
540
2392
1068
324
54
2002
992
2030
142
1758
1403
2364
2204
22
2093
2118
2226
178
2240
4254
2649
708
2609
1890
1182
544
1458
390
1922
1658
2543
1108
178
174
1940
852
2236
538
318
646
1848
2195
2076
692
2417
792
1152
258
2304
1028
2524
720
1294
704
1170
2216
1198
2172
1968
2353
18
204
2240
2040
1438
674
2405
594
2476
292
2072
2090
916
326
1144
794
2916
2003
1510
440
912
318
368
1056
1338
2098
544
1922
200
460
2421
402
602
2242
112
180
300
1710
306
2099
2274
306
2517
470
1972
2212
682
1899
2210
524
2269
2226
1825
402
644
1348
2217
2463
2184
2068
30
896
2084
460
606
764
2054
280
2482
2042
1712
996
1264
2504
52
262
280
2137
844
20
920
2236
686
2124
1450
2299
560
2156
1584
146
2097
2527
8
2053
2547
1038
354
408
224
1756
738
180
1050
2330
1168
108
784
2037
846
446
64
392
504
2375
330
1448
38
1246
114
1202
954
2325
576
2562
2073
2122
2169
40
1640
2001
588
2293
2016
272
496
618
2105
260
1968
2003
798
2369
1156
1516
480
254
2488
278
256
176
1390
1048
968
1242
2247
1004
1588
1784
304
540
2491
554
888
1958
1466
434
2370
1586
2226
1198
298
1148
1216
982
602
1206
2333
2489
662
1376
1146
2506
1058
1192
402
2626
1198
2195
254
2273
1998
2287
980
1927
2041
1750
2240
2040
2394
2496
2124
144
594
384
750
2725
1368
1132
722
782
942
2319
140
1570
166
284
1144
1716
436
2357
2363
2228
1286
896
542
2070
1712
2278
2477
1794
376
254
1916
2208
1860
1876
2404
80
74
2338
612
1254
2473
58
1140
2267
2294
1372
372
2264
2514
1064
764
2144
2089
988
1762
1476
2297
90
2268
2697
684
440
2577
2086
702
2358
2046
1002
1970
1984
2427
72
1901
1774
468
3032
1608
90
2152
2519
996
2524
2395
744
1080
1488
316
2499
1258
2018
162
2294
2759
382
2401
2263
416
74
508
546
2756
1508
384
2366
1958
2592
694
100
206
1414
14
1709
2244
1840
2396
1516
670
1960
2388
2432
1012
2558
1556
1064
562
32
2092
2467
1290
1906
1921
1990
1300
1378
342
414
2161
418
2538
750
434
2118
2345
2525
52
1823
2338
1090
2130
2163
208
2449
2333
2166
610
1954
1859
1134
270
1943
2377
1748
2038
134
380
2234
286
422
2020
2558
842
504
1421
2252
1220
818
1966
1206
1732
126
1012
1614
2633
198
156
2486
2435
2483
84
428
578
2668
2034
58
2379
2610
304
2014
1672
2458
6
2157
2056
2042
2307
640
1050
2687
180
66
2277
1966
1886
50
958
1022
2102
2114
782
1714
1863
700
1778
1078
332
340
278
2597
1398
1794
2799
2243
2150
2601
2554
2
2466
540
1214
1328
422
2146
1092
2307
2070
88
2034
2271
104
270
1366
950
196
1904
2034
2175
750
2188
2312
78
2264
2348
1350
520
166
1670
