2361
2327
2427
1995
2695
28
2067
2056
2560
1308
1426
532
2231
2300
1272
2078
2465
1848
526
1538
2119
460
352
2114
60
2490
508
1907
78
1378
2627
1332
770
2309
280
2226
1078
1480
1524
386
2250
976
2348
774
468
790
846
298
1758
1510
1052
82
1876
1538
872
1887
1624
1396
440
2458
1723
1342
2299
478
1390
1326
1504
1906
2528
2048
1270
546
150
764
2419
2104
2203
2118
64
742
1358
1152
928
2469
2338
1168
2335
2431
112
2028
914
966
1036
1538
616
292
256
1030
458
2044
802
1917
1184
92
2341
1478
1258
640
1718
2442
2330
2447
118
2152
1254
2000
534
1926
276
2442
2113
1390
228
2252
1800
382
1718
2707
2350
2198
256
166
388
2429
2618
64
332
1598
206
1748
440
1324
458
46
842
494
24
258
938
142
1280
2170
1452
1890
2079
1358
948
266
2194
1838
1852
322
2680
2449
1200
2086
738
694
662
146
1010
562
538
1108
1584
124
358
136
2322
162
222
1064
2080
2228
994
2234
222
338
348
372
1596
2412
1883
494
2114
918
2485
170
834
1024
1540
2057
100
26
2494
2210
1510
1238
928
146
2207
2442
1484
1000
384
890
2286
1078
2230
2490
1686
86
644
2269
1704
860
650
1620
242
2204
962
1772
438
2000
864
1002
798
1580
20
2132
1110
1044
1620
684
1486
526
2056
2220
266
246
746
108
2490
2405
486
724
2012
1522
532
1122
2694
1254
934
1943
766
316
134
1606
412
2101
2162
1879
218
310
352
2192
2372
1444
1508
1960
2132
1292
1959
728
1996
2086
1076
2510
2228
580
348
888
2079
410
962
676
2201
716
438
1276
1358
1786
208
582
206
1358
664
1504
130
2294
5278
432
106
536
798
2171
2090
2396
772
478
2016
74
350
2117
1212
746
2510
106
952
2535
16
540
1582
1212
1362
2259
2705
1330
512
2344
2237
1680
1778
1900
228
90
686
280
1930
136
2672
2051
1224
2306
42
2201
1597
1572
2378
1616
812
1518
1222
2292
1330
232
472
574
2353
1716
2424
2322
1102
2504
1710
1984
2060
1048
532
2567
1908
478
2227
232
896
2177
472
1636
888
1470
118
1690
86
1888
2422
720
940
1742
252
1862
2678
1573
922
2338
1276
2322
526
470
984
1512
438
410
1846
106
1204
612
2344
264
360
2317
756
2012
1560
1776
1802
992
1602
26
66
564
244
2351
1480
1900
1548
522
420
1030
334
2152
1046
368
2082
1890
2061
1658
480
1852
2025
2371
2144
620
2256
270
836
2024
902
1972
382
2539
1668
612
644
2027
930
1873
2076
40
992
1178
1098
2310
2870
364
466
16
1110
2126
170
1947
1286
822
794
836
1436
574
2512
2326
1264
2152
2337
282
1744
654
992
478
2510
1726
144
1924
814
2450
284
52
1222
294
918
22
1346
1392
130
1028
2130
678
428
1316
254
1406
528
664
1994
344
1190
2231
2033
1699
228
352
80
2091
2444
626
2001
426
1770
128
2239
2202
2132
2121
1038
86
2431
1881
336
816
2052
822
748
946
2472
2097
1975
1446
1002
54
1346
1838
168
344
202
2494
30
1276
2200
876
1244
2324
1962
696
1498
1376
1764
1939
876
542
982
2204
2396
90
174
1838
128
150
660
1212
854
1933
1864
2232
1672
2209
2402
1294
894
22
256
1256
606
2270
652
1704
2315
2422
1310
2063
266
1974
1812
1406
1865
2152
978
846
1252
432
1606
24
2103
600
2657
2414
512
2422
1964
168
626
820
232
92
608
1310
264
514
2417
1672
1250
168
476
312
670
1026
720
234
1896
1442
978
1752
2274
2343
2251
1008
1578
2387
2246
520
1700
2048
798
1386
1804
2254
2104
2498
280
1830
1740
252
422
2387
2495
1656
2452
380
2384
344
2060
158
2556
376
844
1318
470
648
762
768
296
896
220
1112
54
956
2097
108
1856
1720
1728
1702
2276
2114
1392
1118
1210
1292
264
1432
2283
1955
1652
2184
1950
372
2959
2437
1962
398
132
2336
1064
2480
1034
2435
1794
2303
1220
524
594
2168
2457
1506
2257
1764
496
962
122
1896
1206
1454
396
834
40
588
830
1980
1712
892
2633
262
350
194
726
1536
758
1919
2459
532
660
606
824
2550
2278
242
2182
656
2241
250
76
666
2010
2143
1726
2127
1872
2130
962
592
164
2382
666
1706
974
1224
340
1940
1740
1672
468
1854
2186
404
2626
2196
674
6
2354
1484
470
1078
62
206
2717
2377
2630
1412
1408
28
2186
306
2049
2285
608
1840
1588
2011
2161
458
126
2117
1398
1080
754
2542
346
1680
736
2038
1362
500
2492
384
932
2273
1938
1424
2196
236
1298
2334
2141
2459
2219
1762
104
2082
1556
2040
2201
2396
2218
2094
2073
2329
1438
1300
194
2042
1596
1872
1758
798
1857
2373
76
2139
14
2666
362
1420
2164
166
2264
386
1042
548
130
2704
34
2342
2035
2412
2222
1104
894
1918
198
200
374
8
2146
1612
2079
1022
2477
430
258
1032
600
984
2352
1018
1058
1967
792
94
2494
2241
510
518
588
952
474
76
1072
264
2194
2185
502
74
2020
1442
1330
2478
2536
116
466
206
911
1935
2120
700
938
210
362
1604
2281
2014
388
1386
2405
324
2506
2216
2117
1875
1966
1388
820
56
246
464
2168
508
1853
2479
60
136
2392
494
768
374
2085
2446
370
1723
452
2183
2371
1302
624
1862
1234
2509
2305
474
528
608
288
794
1984
400
480
352
602
1446
1322
2188
2454
266
2235
212
974
2551
1516
376
2118
2077
1908
1206
1050
1797
2181
2411
326
1448
1948
1084
886
534
2512
764
770
1262
234
2215
2358
1558
2105
502
650
512
1990
2253
166
2418
2373
2462
810
2142
2412
802
2202
2308
956
618
1088
874
424
1044
494
2502
1721
2160
2339
358
458
1818
2529
2210
150
236
90
1036
2168
764
2204
164
840
208
68
552
1966
1722
800
1502
58
2297
1892
1654
2245
868
188
1806
2354
2347
2033
1000
202
808
334
162
1728
1925
1102
476
834
1624
692
2088
1386
934
1966
2063
394
2452
1712
480
1200
1862
14
1592
244
2462
1812
2143
2509
2366
136
2260
1188
456
322
1616
1594
122
1150
134
1220
2246
2220
2185
1682
2162
604
2234
484
32
1050
2020
254
1288
1076
2297
2189
2269
2307
1060
714
1076
2332
2370
2089
2253
2009
1924
2201
2375
644
2207
1104
1098
262
2088
560
52
2188
1810
1727
756
1342
2296
2081
2377
2382
10
822
2240
1072
690
1170
1090
130
2223
2554
618
2509
294
226
586
1078
1761
2319
2560
694
450
2098
1408
162
886
1126
352
114
1440
98
356
1200
304
2810
1278
720
132
1830
2341
348
2498
1738
2361
1656
1672
2162
710
1588
2246
1100
2245
24
748
2134
2311
480
90
368
2273
2367
1884
1254
460
2234
1258
86
60
2477
90
1560
270
410
556
2125
1971
798
2026
512
554
2183
582
718
622
1180
1821
846
710
156
1878
1414
1794
1890
1392
978
1074
336
1937
1950
938
2304
1854
2149
2185
524
2406
1686
2403
1336
310
1840
158
1856
740
2150
848
1250
1076
1544
2059
1532
382
2079
1242
2473
1942
2088
1052
36
2365
2403
750
146
1356
924
552
988
1962
452
410
1594
50
1312
2322
2259
2192
1078
3835
2476
666
492
1048
816
1608
2082
2191
1284
1646
1604
2312
1999
1030
244
2137
2417
324
884
2359
1360
2537
66
1810
334
430
80
1024
1686
2308
2373
2071
1116
258
1024
1957
1546
1082
406
2192
2480
1512
912
992
2013
2325
1850
38
382
2595
352
2230
1458
210
1086
2396
1977
300
2086
624
2520
230
2194
1930
1282
238
2194
2487
126
86
1370
3116
404
2407
1902
510
1608
2362
562
1238
2378
626
380
2365
1730
1998
240
1512
1618
436
2110
516
650
240
604
2260
2093
836
1656
1454
2220
1939
1306
1078
292
2057
1937
1798
156
282
2170
602
738
560
2266
350
2162
2063
362
2438
1196
2090
1960
394
240
2492
2382
1340
2104
1158
830
1204
2012
1510
1440
1832
450
1238
2500
1174
2263
700
2423
2281
1060
1294
2043
48
2586
546
2330
1716
2206
884
194
82
1877
2145
2136
1276
2314
1788
2298
2162
22
740
994
1690
2293
2027
2159
268
830
10
2414
1968
1500
1126
2168
348
1935
280
306
8
2340
1638
586
180
1816
1290
2345
70
530
2130
2324
1736
1184
1316
102
480
284
1130
1961
862
2177
48
834
2368
1722
890
1186
2134
2078
2438
1302
362
2009
382
538
336
714
908
460
696
320
332
2165
2302
172
440
494
2481
1962
588
438
2312
1710
256
514
2196
612
1860
2283
394
1746
64
22
2230
810
1112
1478
2102
1999
1895
2435
482
2386
268
1362
1372
1811
1140
672
2263
884
164
728
1292
2275
2541
1332
2336
1502
1938
758
798
2315
1140
1652
1298
1300
852
210
2211
2572
2106
304
588
2058
1282
2068
426
832
1468
314
1006
2065
1906
552
2072
526
68
2447
722
450
172
1434
684
1894
1258
290
172
1841
2260
1104
2093
862
326
2112
138
1494
202
786
1328
1855
1136
36
1976
120
1442
1446
1032
1308
1958
862
372
1729
734
2444
2106
510
1868
2334
154
1425
1654
2406
668
208
2011
1068
1352
1092
2224
2516
2260
2095
2558
1406
420
434
2240
2131
2466
188
862
1154
2264
2226
352
658
2237
252
52
1813
56
2290
220
184
1634
310
1948
2453
2020
2698
868
796
2209
2374
2489
2269
2179
2424
424
2569
1834
1102
2413
984
432
2110
402
2488
590
1718
1302
2049
836
1914
120
2360
292
130
640
2022
1600
1130
670
234
2270
488
412
1294
1300
2473
486
2276
802
2355
604
2454
2032
182
772
842
2277
2287
302
814
1052
570
658
1576
358
2567
182
2402
1050
2180
2282
2281
70
1044
728
2915
1012
1136
2315
548
784
1780
472
1600
2190
2221
2912
2337
2234
2138
234
170
2063
1872
1816
2749
2410
2580
764
322
2280
628
28
570
1440
924
414
2201
1112
2288
1050
1938
204
1190
2496
2076
2561
1811
2252
1542
2365
586
1736
148
176
2131
2378
2289
166
2156
2229
1308
734
240
1240
184
1366
2189
2529
1698
2163
1672
1928
2537
986
1384
1270
2000
2181
1436
1560
120
1266
374
534
2142
2106
2152
2764
1544
2155
1450
1925
2588
2447
852
2378
1524
2099
1626
1428
512
754
954
400
1920
1818
918
490
1192
2102
1914
2235
1376
1688
244
172
1396
590
254
264
532
314
2080
2535
1332
1762
316
104
2433
2225
2043
2668
2434
966
502
1408
1416
956
32
120
432
4
1668
606
778
1530
2433
2497
1574
1923
642
1144
852
344
2146
288
1030
2259
2278
1400
874
128
210
1470
14
2240
1956
2428
1974
562
2078
2158
2431
2294
114
2423
398
1510
1514
804
2072
2174
404
312
928
3057
868
2158
2628
2205
2424
2389
1234
978
348
1930
1905
940
12
2403
160
302
1806
996
2168
296
2877
606
2324
634
2918
552
4
2326
528
94
592
1512
2543
170
608
22
352
846
1540
70
1582
2344
254
2298
2024
2501
2336
1230
852
1188
1052
600
1482
2662
2197
26
2375
2068
426
2625
808
2128
112
2491
324
792
256
1048
932
1598
568
872
286
1286
310
1536
378
682
2081
1476
618
2462
1832
2658
844
2010
746
450
450
2527
972
2439
1134
336
248
804
64
576
614
1320
2308
2244
2180
2100
746
226
2165
96
362
1404
2368
2582
1264
522
2108
948
1096
330
1536
1844
2164
208
490
154
1136
2435
2116
666
2304
876
2482
820
1700
2524
1978
344
348
956
2492
1948
2334
1925
1088
1660
446
2148
2338
2420
2290
166
1518
606
1420
690
2251
2187
696
1022
144
1338
2283
334
26
54
2383
250
80
2434
808
2217
214
470
494
2222
2135
1308
1674
2276
454
740
398
2326
356
1508
102
998
2511
1684
1635
2356
1642
1620
2381
2199
2148
976
194
892
2343
88
1980
2062
292
1905
1288
2280
1526
2052
968
310
434
838
2102
2033
888
2371
1952
140
136
2362
2482
1984
1968
2186
2464
1208
4
2493
1902
2334
772
1922
2020
1959
1058
776
2293
1282
322
2388
718
142
628
278
1857
2148
134
1464
2140
2391
126
2019
128
2678
720
1448
1394
2179
514
1634
1136
298
1284
2054
622
370
1332
210
2487
2583
1686
368
1326
2864
1240
946
1000
2088
2218
2207
132
2158
2129
1452
536
1918
398
2578
2365
2212
1892
2253
2590
374
1666
2393
2236
778
1490
992
492
1214
1128
1604
270
2426
2238
2204
2162
54
1020
1686
2
2290
986
1866
700
2454
574
2216
666
312
2313
1930
286
1352
1484
1530
124
462
2014
448
2590
1224
362
890
1134
2348
934
2138
1044
1836
1518
2249
998
252
2418
2272
698
1392
640
2064
28
596
2631
234
2422
1558
202
2381
1112
2177
736
282
1084
1724
2304
1010
132
212
76
1040
2002
230
2294
1896
138
1991
1240
2630
1050
1976
2286
2450
54
606
116
2122
2146
862
2051
840
2125
2089
942
1851
1346
246
2120
1150
116
396
2068
2359
2519
1670
2403
1506
2234
1752
2328
454
268
1828
1799
1018
366
2215
2146
688
1114
2362
2624
70
1626
620
2204
670
686
2546
1526
2055
544
1140
1914
742
2434
538
1518
2293
2150
1774
944
892
214
1234
1860
262
2561
2195
976
2525
740
600
2562
2329
1706
2163
1088
2007
2236
856
1644
2475
86
1564
4
622
2068
2328
898
484
2392
1772
278
2287
1937
2087
2177
280
2010
314
20
554
168
346
2266
708
2288
396
1656
472
892
922
118
2270
222
74
1424
162
306
2154
354
1924
644
1528
1398
1939
1332
210
1452
600
542
72
644
2258
332
420
2031
1512
96
780
2871
1560
2298
1837
1600
1014
96
2479
1136
2148
1568
2196
1326
1268
248
874
274
278
478
2269
616
798
230
2419
500
2153
2581
502
2238
812
2309
828
2269
646
310
652
1036
1330
532
1841
704
766
1453
1486
90
152
2171
350
76
1130
1384
2222
752
1016
428
630
2100
2321
1892
2296
146
2587
388
568
2202
1278
1966
716
250
1502
2398
580
290
2168
1370
496
1860
2247
1912
2446
364
2388
50
1987
794
994
2113
962
1628
2488
306
196
2172
2398
2208
2485
122
50
1048
2304
2454
1978
1124
358
518
136
74
2512
1426
1054
570
162
1158
2232
2256
2288
178
674
2250
198
756
2086
364
1176
506
922
20
2586
742
1434
1680
2450
978
934
398
1118
988
1122
2198
282
2279
1358
380
1836
976
640
1700
2396
1644
1720
232
2319
1374
1924
862
2402
282
70
828
2209
62
1290
2585
2098
958
898
680
114
458
2230
2020
558
2148
188
2677
2096
2192
438
1682
2028
402
986
2356
1672
1935
540
1774
2534
1836
852
1680
2346
1636
280
1852
1422
816
2146
802
1328
2060
2603
1400
392
1480
2346
1414
1470
1936
756
1568
1104
1424
2156
1340
20
526
1444
1938
2337
1951
490
2133
1094
2475
2216
2002
26
1498
2486
2036
712
416
116
732
1953
626
202
1948
610
3052
2241
1694
2048
2321
2094
536
584
2167
586
2587
2168
422
2043
1076
766
56
742
914
1012
790
2350
2030
2252
2012
2387
1052
716
2110
408
2195
1584
2
2497
1530
1982
2248
134
504
2083
2663
2068
206
348
2308
1884
460
2309
88
12
2416
492
406
264
438
1010
1510
1482
896
1462
954
2033
2574
390
1200
2339
2227
2441
500
1416
2331
212
1498
386
2069
2131
684
2535
2042
2152
2352
1952
850
1596
4
992
2345
2092
558
2308
2525
2166
254
2392
820
56
1518
2529
898
882
1162
974
2046
1286
1076
2373
966
1394
274
2302
2530
772
1210
126
1146
2378
1526
2243
2499
2596
2410
2271
1366
844
1184
852
2179
2328
1980
484
288
970
2217
1358
320
1118
220
344
1652
1650
2366
412
530
2016
2568
14
2379
2474
1512
1546
2174
2257
2112
388
224
2128
32
880
2259
2425
2305
2902
910
950
2339
2494
434
1454
2260
1402
1872
1078
640
2407
2027
1924
50
722
1366
1566
506
2544
1324
78
1594
942
2128
932
1358
518
2049
2191
2413
1144
170
1618
2307
1420
1999
24
212
1984
2209
348
1314
1326
490
2342
368
926
262
1942
304
916
56
64
2254
338
68
1784
2083
1702
78
1700
2270
1038
1082
1094
118
228
2478
334
1550
1778
646
2460
1734
1976
706
2384
632
2356
1240
2459
368
782
2272
832
2714
188
26
2212
2416
2427
1816
14
604
2382
2354
306
2157
1254
2608
1723
1590
2073
1860
1196
2651
388
2158
544
2230
78
1854
2132
980
1836
1482
898
2790
1592
2340
1992
212
2544
2296
2180
1982
814
2166
944
2042
1014
1670
1054
1152
2298
962
424
28
2632
2261
2480
132
2350
156
2186
2026
2420
2224
562
2542
2404
2349
1102
1164
1414
1966
1446
2543
1104
896
2527
2256
1068
2868
524
832
250
2
542
660
1566
28
1120
2210
1736
1270
748
66
2536
1050
608
106
686
2335
580
508
184
468
2198
1294
1022
198
384
1178
2258
2080
150
38
1772
1562
646
538
416
1958
2335
2004
568
928
806
2492
2399
744
24
1410
2035
420
1638
2838
1164
1156
8
2403
1504
794
2401
1778
722
2168
120
2585
1152
3394
690
952
1278
2166
1804
994
2374
10
1994
290
2405
1160
150
1420
16
1805
1306
1102
318
2396
1734
192
1808
576
1804
2288
1146
2008
1592
1780
1454
1644
2357
2448
1943
1224
1378
1702
62
2014
370
2434
396
1776
2354
2299
984
1454
1780
654
230
610
2388
1824
166
770
14
2157
412
1246
1670
1510
1682
1284
2271
528
2369
2319
1764
40
1090
516
356
674
1700
964
2337
1724
388
112
692
1070
2576
976
120
662
1226
298
1912
2030
324
648
1690
2416
74
1326
430
