1508
2232
1300
1852
552
2489
528
982
116
352
510
994
2420
352
318
98
1066
40
2346
1322
2370
1232
1348
336
2385
1708
850
564
1096
2693
1842
886
1878
1909
48
866
2294
1872
2298
2058
2157
1769
2591
2312
1722
14
722
2637
344
394
438
1816
312
2398
666
638
2266
1578
144
1644
192
664
786
196
2075
888
1300
1888
366
2516
3225
1838
2623
1360
924
2101
1521
826
256
358
232
1776
802
2745
2136
996
194
548
898
2270
862
1310
2585
2419
136
754
1966
440
2352
2301
1146
2240
972
114
2480
428
602
186
602
1464
2575
2252
2174
2450
2030
1520
140
2238
2146
2184
2153
2092
1300
1334
1212
1068
2430
2372
274
2296
2306
2262
182
950
34
2188
1176
2470
2549
2273
308
1578
2016
2398
1374
1510
60
358
2076
1274
2010
42
1446
2390
712
540
1064
404
816
630
1556
674
652
44
2397
2443
156
2006
176
1584
1260
2205
1168
1946
2125
1830
82
1226
430
2178
1922
1694
1280
2426
410
2432
558
2610
644
2289
724
568
76
2116
2264
1500
492
252
1276
2038
1654
528
2285
452
1964
1864
2514
2014
2170
2031
2442
644
372
2258
166
1830
1997
2223
478
368
2067
440
990
172
1804
1901
916
2142
2347
2191
2283
2226
1985
498
2279
2598
2124
1846
2045
352
436
832
2175
424
716
1266
294
40
236
1568
420
242
2629
834
810
1506
2337
2539
832
494
2378
270
2212
2194
620
1022
1942
540
2464
700
506
2397
116
2239
320
1010
2204
798
2613
2195
76
416
2568
1614
2045
312
514
2320
2448
2596
886
1036
1814
1000
2333
1484
2022
2117
2340
924
2322
1384
2023
2412
1762
2142
1456
1694
1921
1916
770
822
828
442
1718
20
672
1908
1926
2423
56
1034
930
1960
1554
2300
2587
2609
528
886
1122
2612
362
1132
208
116
2833
700
626
50
2165
772
1840
2339
274
2382
366
1320
570
1132
1614
2526
2434
2378
2260
658
1840
2653
1200
820
2488
834
2204
986
2448
1940
336
22
2096
2461
1820
2351
498
152
2135
132
688
1036
1264
2835
532
1888
2282
268
2434
2456
142
2157
370
388
2024
1764
222
2091
1764
2189
1929
1218
2014
592
758
2188
76
2064
1588
288
1124
1951
2390
2210
1370
2233
522
2483
1562
1908
2365
2042
650
2469
614
20
912
1300
1997
2124
2056
1805
1894
28
2320
1302
174
1362
1586
2151
1632
2577
2580
162
1202
458
484
588
1304
2155
2649
62
2395
2083
880
1370
2181
2229
890
882
706
946
146
78
426
1756
2018
672
150
1951
904
1248
570
2301
2042
2418
520
1240
74
2147
208
1911
190
1074
2876
2175
3111
28
340
940
2286
1624
1910
1606
2095
1222
2015
962
822
210
2903
960
1642
2285
1056
794
930
2335
1390
2355
2400
2302
1066
2188
874
1953
2282
4
354
816
1104
2031
724
176
2351
1708
1230
1384
942
176
1092
2610
2244
2117
1220
152
2466
2377
1700
1130
212
1046
224
2109
2282
44
1012
932
1364
1186
2149
1923
1308
2046
1252
986
1909
1214
1573
178
324
54
826
12
2211
1984
4
2528
1518
550
2070
1076
946
1186
1252
2710
1394
850
2290
2338
2405
540
634
1032
210
322
2341
2608
558
1426
2566
2038
334
1004
1148
2285
1236
528
1074
1530
2176
1364
2021
1780
592
2380
1170
1334
1434
216
542
2018
1394
1090
280
1226
978
2433
676
2150
148
2356
604
636
2364
1246
1910
784
226
144
130
362
1028
206
332
2499
642
116
2402
2215
1254
756
802
1474
160
2049
1975
2506
2333
2402
1314
1864
2032
456
1988
844
668
2447
578
2251
2307
2359
1930
770
1960
996
2103
116
1980
1166
2218
1980
1284
2304
998
922
2112
944
1454
1908
588
1670
2854
454
228
2490
2191
1058
1919
1814
1794
2265
60
818
734
6482
1074
2444
2362
600
1060
1108
2295
614
2186
1722
2302
1757
1720
2332
2106
2345
558
2068
138
2839
2616
1962
1804
8
2079
2290
1646
2308
12
1564
388
526
1854
1418
2257
1428
796
24
274
248
644
1666
1152
1946
1982
2074
1845
1749
1168
1104
196
1426
932
1796
1956
1030
1878
1970
202
846
1995
698
220
744
2430
2124
168
738
24
2201
2192
32
2502
192
1330
2038
2038
610
948
730
2477
2468
1766
224
486
1050
2076
14
2126
830
232
48
1866
956
700
1046
1562
2365
2367
918
2159
1790
2359
2778
288
726
2118
2014
324
346
1212
2106
996
2361
1580
2314
878
128
76
1724
2006
2090
2112
1859
1320
316
2266
212
92
276
1200
1992
1336
2457
2363
2218
1946
378
802
280
1284
1558
1974
244
490
1368
1080
2182
1850
174
762
346
1896
162
380
48
1278
1272
2649
2309
486
1872
2346
2329
2556
20
2435
202
318
708
2749
660
240
1004
2106
2585
1290
332
970
1928
302
272
564
2158
312
186
2245
424
1110
196
1090
834
340
2234
400
1430
2261
2218
182
1592
858
2402
672
2287
2196
1168
982
2185
1228
190
44
2034
1862
350
978
198
2005
1898
2173
1720
982
2261
1014
40
2018
1376
728
180
1018
1850
678
2620
2450
2078
1322
1900
2448
388
2220
2236
716
1146
620
1532
982
696
220
160
2443
432
368
2034
1076
660
2535
1056
2056
44
496
1880
290
62
730
1366
1650
2398
1640
1974
1683
2785
2392
2259
730
178
1144
826
2394
1184
600
632
52
2168
1080
948
2310
2184
404
2548
2511
3409
2010
628
2053
1924
1358
2418
2267
420
660
2197
926
1044
772
1938
822
490
736
2368
154
1120
2003
2154
1264
966
394
118
298
2258
118
2454
2410
302
2292
220
468
40
2061
1622
414
2342
1708
2120
632
2453
1778
1908
2408
890
2104
2338
726
2066
2634
1518
94
378
684
548
2147
2312
234
2353
414
950
1188
1642
60
1288
2345
2307
284
2165
192
1444
622
2507
2268
326
1854
2253
544
2329
1978
140
1486
2387
2343
2279
1584
2093
218
306
2367
1884
1542
330
2073
592
404
686
528
862
1697
1925
2485
608
2306
88
1434
228
884
384
1584
398
766
2645
2343
2368
2128
760
2231
1412
628
1364
358
1062
708
2305
800
378
1010
1734
530
2426
1390
2466
196
2107
130
142
354
1863
2290
2389
1032
2010
472
1711
1242
1116
460
2576
426
1630
2263
2266
2504
2192
1164
2205
2439
362
120
116
1840
460
292
600
1378
2215
1158
1768
1760
1789
726
1588
2177
1312
1932
898
2246
1112
2120
1610
2449
2234
2205
1198
216
1976
2477
1951
802
392
112
394
1622
1059
1972
762
280
374
1867
2004
1004
330
2089
358
2351
1784
692
146
2375
2479
1908
2209
2606
2378
1558
1244
1046
1468
2578
2544
1968
1812
1688
2207
502
478
2240
922
866
212
1394
2247
1914
154
2736
1662
1400
1984
254
714
2074
1242
2340
2068
2076
2296
1448
622
2094
1414
442
660
2412
1230
500
2584
1880
856
2277
100
558
1906
2234
2484
2701
1846
2440
172
812
2216
1062
620
2002
1020
80
1282
2382
44
1774
344
1810
2069
1560
536
240
1862
104
682
2160
1084
620
666
1268
2451
1174
2258
340
1750
110
92
2122
2601
1660
234
1438
2395
658
1747
1326
2560
2544
1736
1192
1000
854
692
416
504
2243
1974
254
376
926
2692
2267
544
1598
1338
2617
2177
2296
1976
212
364
446
24
582
2499
1034
2312
968
1926
242
1276
572
2280
2294
854
2502
816
2320
1928
1686
2294
1314
1332
1488
2336
1386
24
966
414
2454
2306
2169
1282
1936
712
1856
420
2378
1858
2268
508
1818
1674
994
1252
612
892
578
2539
570
1292
1234
1754
158
2053
2340
372
1618
2018
40
304
2232
2609
2308
2530
1742
2323
2224
2231
1886
826
398
658
438
1360
1178
664
102
786
1957
620
664
1564
762
580
2441
1576
2117
1722
1414
2419
1628
844
60
258
1254
2353
192
2466
1830
1132
2284
342
180
996
54
228
2421
642
968
568
1262
36
1925
1935
278
2438
1334
2083
2526
1969
2400
2080
620
888
1818
2353
22
536
724
1983
2194
538
1879
564
2586
1136
802
652
330
262
1092
762
556
674
2379
1548
2158
1350
618
2449
108
1797
1344
2190
2319
2287
2334
396
2628
632
772
2259
1278
1580
1680
2947
1204
2069
290
2148
840
2124
644
300
1869
1444
1374
412
2376
2205
1662
1684
180
840
254
890
2050
1974
876
364
1294
374
2318
2200
2412
2557
344
2530
2345
2281
2
606
986
2184
120
2120
642
2476
2330
560
498
900
2171
2205
1678
1780
688
1204
222
58
212
1498
2131
1536
392
12
536
408
2176
2644
2173
2303
2166
1406
1518
1812
1838
604
1560
168
676
1418
1030
1218
1204
872
2098
2158
1206
498
356
170
592
2026
1536
1536
238
970
1488
2077
376
272
2125
964
466
554
614
596
2158
1188
1470
2221
2088
1632
888
2028
2104
2034
2089
660
180
1116
528
112
1498
176
1670
2085
1888
480
1752
2572
1148
2569
2299
1973
2069
2177
16
1402
148
1442
1499
896
1780
1176
1200
160
38
1490
658
98
978
462
298
14
1552
710
196
1948
1802
1524
128
604
238
1754
410
1648
130
1628
312
2460
198
2054
390
58
2302
126
722
176
602
52
820
1152
2230
360
656
712
1344
102
554
1521
674
2324
1656
774
660
160
1012
1992
124
1130
442
1394
802
1652
806
266
1702
2364
2434
2186
2287
1268
734
792
1166
330
2377
72
2066
2456
1665
454
1436
2329
2320
76
1906
2170
2062
210
2467
302
618
1460
228
100
2260
36
2035
2725
2040
2474
452
492
2464
2241
2060
1162
114
658
820
2074
1006
2503
1364
44
698
2081
208
578
2247
1554
38
1908
448
430
1026
688
2410
562
1732
1710
2267
2263
2225
1728
2250
1883
2514
2483
166
2637
1188
678
1180
2645
282
2043
2378
1702
2007
416
1769
366
2476
422
2271
2292
2023
422
194
1414
1970
132
2195
712
1978
2216
308
948
928
2240
1416
2637
2008
2079
1848
2362
1614
296
684
2506
510
1130
1836
190
432
1288
488
404
2054
2188
154
590
1044
744
1246
452
2414
2082
1564
340
1863
2635
48
1656
34
814
1840
2327
2461
1452
2333
2241
2435
124
2192
2328
406
1156
80
74
1516
1897
60
478
336
262
2266
240
2569
806
2190
1184
1102
684
2050
2726
2458
960
322
104
536
1963
620
32
64
1582
2744
542
212
1970
410
616
1040
2332
1592
282
448
126
54
1716
1855
1586
2042
1140
2381
1480
470
22
828
1534
128
510
82
52
1358
2415
452
204
2023
2146
1384
2086
2094
1468
520
1516
2479
2345
260
538
608
1144
642
2395
1728
716
2484
1230
2366
1823
2148
2378
432
358
1880
1014
1546
1158
706
1997
1278
392
206
544
1416
132
1462
2609
1048
2483
2106
1978
1166
532
784
1950
2427
632
1412
566
1773
2069
1308
1282
2336
1106
1296
110
602
112
1970
1822
2293
2152
2590
938
760
464
1026
2075
508
284
1360
1228
2372
36
2360
2505
62
426
456
2338
902
126
932
1492
1024
1962
420
478
686
906
1654
100
2452
2033
1978
2162
658
600
478
878
2464
2424
2303
676
22
2188
1028
160
28
2120
2504
2026
236
1140
246
650
468
2114
2024
1254
874
1862
1974
2329
1136
536
1038
2290
2332
1870
2538
2358
618
836
2410
1638
1588
2193
1740
1166
2399
2032
522
2134
142
2218
42
2194
1208
64
592
1918
1634
1982
310
2260
1876
778
190
646
1920
372
1186
2239
2360
184
464
1738
2044
2616
538
50
1064
1594
2238
1364
946
1698
2150
2170
1986
140
1992
1704
232
346
2795
2382
80
902
210
2585
1070
178
416
2340
582
1238
44
1624
56
2561
460
1086
1182
1190
2383
2015
2298
1214
2262
2167
2749
1310
1929
844
2394
844
984
508
456
2495
18
244
250
2074
2247
2266
2168
586
714
784
2183
2166
716
1800
2383
148
1090
1426
1991
114
1176
1942
770
2546
606
702
284
1190
1476
94
784
2400
2085
2144
1094
612
2350
2136
2222
1206
2609
2236
844
1276
2082
2319
1022
776
1906
2648
2486
434
1949
1993
2431
2307
1926
746
1778
2370
1720
1158
2169
2339
1999
1886
428
534
464
2012
1844
236
466
1438
974
784
2144
42
2422
264
712
2284
1610
2098
338
502
2190
2043
184
444
146
1776
2198
280
554
908
1816
720
2460
2051
1020
282
1188
676
72
342
1845
820
2117
2190
2539
2110
478
1602
1670
992
968
2014
2040
1256
2194
1796
686
1110
1923
654
2632
2551
2350
1939
646
2096
1912
2179
1404
1846
224
612
1914
610
2161
2632
110
2202
624
334
2423
1658
2122
564
1194
2129
1358
1008
1556
1240
510
2008
1288
2144
1828
1880
2370
1394
460
1004
394
676
714
2430
180
2399
2795
400
1875
2616
2500
1482
2054
1744
2131
1818
170
2093
1350
708
2361
908
660
2040
406
2086
2527
1870
730
692
1356
28
462
2645
588
2164
2234
1846
2403
2190
2330
358
2045
1958
2018
2481
2175
2267
2332
2351
980
1222
354
2418
174
2179
1064
1856
1799
2119
2508
514
2045
1618
660
1604
602
2589
2039
1798
72
212
2755
106
310
2386
2176
956
2170
1544
2309
566
982
2195
2112
2409
1552
1740
102
1698
2755
2023
2169
1420
2074
64
2144
1270
718
2485
172
2366
14
2421
158
720
188
1910
2122
1526
1124
36
2463
244
2381
2338
1402
1356
648
392
126
388
1936
224
2045
912
104
1038
2332
2293
2575
2400
2270
1692
2141
530
2313
2121
1174
678
40
2424
282
2212
986
396
442
1502
346
1532
440
2490
766
774
390
2380
2236
1898
2551
208
466
1370
584
1350
2308
2254
760
662
1026
228
1686
1078
128
146
132
254
1854
480
828
2050
238
138
1998
1062
702
2399
136
1290
124
750
884
2236
1862
1112
1910
2242
56
2093
1922
1806
492
372
692
1940
792
2154
1436
2026
1420
2022
1807
1740
2462
1302
1852
2084
260
946
1669
44
536
1002
2387
2551
1196
2046
2196
2064
120
2115
1662
244
2427
20
1666
2763
2582
582
970
1308
1300
470
760
504
2172
1252
1640
56
2231
54
1252
2081
614
1430
1704
1196
1114
1298
2163
1574
1980
1194
1278
650
172
2725
328
1918
900
1008
1800
218
478
1528
20
356
2312
140
1352
2176
2559
284
528
1170
782
1432
1054
898
394
1538
560
260
1058
2061
302
2447
1446
964
124
2490
2161
2417
2028
266
2157
678
992
1650
1948
370
2335
154
2502
488
156
384
894
2498
492
2040
42
894
2608
1370
2112
6
188
1832
352
1786
1888
1632
1382
1670
2483
2323
600
500
68
2396
1098
794
1342
2451
1917
1064
2350
2198
2478
642
2284
2422
804
62
2211
260
2436
1898
660
66
2142
48
330
2000
2230
1064
1544
1540
1814
798
732
1988
58
2404
2114
2539
2155
2213
294
1941
868
1010
50
1546
2143
1228
2084
842
448
2552
882
224
2317
2226
986
314
524
826
2408
2433
3239
2490
2265
1300
1964
1316
1168
928
218
2560
1904
106
1840
2173
276
1814
514
328
1566
1682
350
1604
610
2510
218
1074
2264
994
1852
56
580
1934
2340
670
166
1302
100
412
394
2562
2600
2354
2537
2001
2330
2662
2078
2038
1190
746
1170
2516
1240
984
612
1660
2008
606
410
2385
1938
1368
886
620
2116
1868
800
264
1268
54
1783
1915
114
1934
386
1030
1542
410
2175
2280
248
850
256
844
364
190
2328
1040
2056
622
2282
148
174
266
376
1298
2342
2270
2171
850
2202
2090
2412
2292
1182
2176
1668
160
1987
88
2447
2513
1086
2323
2021
446
1506
2419
83
2363
1382
252
622
664
2415
550
2317
1959
2367
2673
1110
1044
34
318
1224
1510
60
1710
2715
2059
716
2380
1792
2473
610
2132
2395
1036
1840
118
2452
324
2120
2324
2335
2259
374
832
144
1666
886
252
288
476
2325
2400
1134
598
1568
416
560
2232
2054
2283
1492
2560
2240
68
590
2203
806
264
1420
1929
2333
2254
1450
914
1404
2318
1926
1056
2566
1060
428
2566
158
270
320
994
1686
2494
104
14
724
2358
2380
866
2502
1662
2240
2340
2226
376
2496
2411
386
194
612
2595
1296
3066
1855
1230
738
2340
150
716
882
612
2326
730
2120
822
478
2057
560
2444
2091
680
834
2496
1946
1228
1300
18
1953
2565
2060
544
1418
2321
628
444
58
954
1452
1260
1018
904
264
550
2184
2496
2489
1118
2361
1030
1564
424
1764
1518
932
936
890
2329
680
2538
2245
566
124
2528
1734
416
64
2171
1894
748
224
738
488
2028
196
1210
978
2337
2535
360
1064
1654
614
1212
1476
2160
994
276
1731
1362
834
2371
102
1842
856
858
2341
1686
1280
1364
140
254
168
1749
2534
1931
176
32
2533
2594
1868
2482
844
734
2534
2509
2505
1262
1300
2395
380
222
2470
2160
1754
502
2621
1968
1857
2186
2332
1896
1004
2131
1932
966
2075
2452
776
784
2274
934
2113
2406
2436
2376
1186
792
1442
124
508
1538
2266
2043
308
826
1994
2314
2222
2220
1358
896
1030
854
184
1166
1956
80
2325
2452
2057
2192
162
278
154
1974
1022
1332
1893
2010
2144
1128
1832
2285
964
124
2467
2473
2149
592
220
2079
948
2403
1829
2233
1000
1126
540
1126
854
2662
80
102
1914
956
1538
918
1176
618
2200
560
1937
2472
1650
82
2146
2597
756
2242
2078
1476
924
2008
2218
2004
1962
926
1782
426
38
78
2553
754
2424
396
494
2500
2548
288
2028
2052
1862
698
586
218
358
2677
2120
968
1048
70
1284
1902
502
776
432
1504
2378
2224
616
1184
2344
2142
1182
138
960
2121
722
86
750
656
1578
1194
2503
1112
1012
176
1274
592
1102
1080
1731
2191
2514
684
1058
440
