534
262
1933
2168
1354
2496
486
972
2487
364
1160
142
1890
2378
1386
610
426
2021
94
82
1006
1726
960
134
1140
1836
2135
2371
1844
98
2312
418
248
1474
2651
1188
1424
534
928
1254
2289
562
230
2535
2428
1236
1510
2040
290
880
2062
294
1018
1388
328
2304
236
1732
1862
1444
1074
2052
290
1684
1208
2303
1228
1931
1766
1386
116
812
1882
1558
68
92
64
2098
182
1562
500
326
946
2403
192
108
2248
2579
1938
2511
844
1404
2546
1660
1608
3433
754
362
916
236
2381
374
1556
592
1180
2133
1684
432
6
276
468
1348
1946
812
2229
194
1188
2435
2290
2045
534
176
1446
1290
284
2231
1931
2804
284
2255
2493
886
2416
2537
606
2411
584
2227
232
1474
630
2428
206
740
2374
2259
162
86
866
234
1008
2278
2231
2394
80
2402
684
714
6
1122
2176
2262
2653
1258
994
574
212
304
2157
1188
462
2249
580
248
2377
1660
86
12
2449
1556
2006
288
2396
2208
1414
2648
342
742
1478
2679
1788
848
1718
228
1538
168
34
2060
1090
390
1082
1704
244
2583
2148
1524
1146
1410
2298
1294
1202
1830
72
352
1460
1136
386
526
1106
2064
2045
2437
882
2253
2461
660
1174
2479
1758
234
142
1592
748
736
2118
2558
468
460
184
2066
416
864
620
630
1166
2006
1464
2378
230
2114
112
258
2294
1328
480
32
2260
1998
896
2158
2275
662
2155
214
2424
342
1620
1798
426
970
168
2445
168
1684
70
1038
22
600
1492
2352
316
2398
1482
1604
752
2045
312
442
2092
2060
1642
2295
216
138
2428
650
1292
532
654
2487
1897
1768
1088
180
1146
2188
2113
1446
1897
1042
1950
174
574
914
1834
2444
1750
1596
2476
2498
2058
2466
350
90
816
1296
58
966
624
1965
1260
86
1963
1858
330
306
1418
964
1070
1564
2216
2661
294
2525
94
2282
2369
2320
1314
2334
1798
1020
282
750
420
606
1300
2192
122
2164
2138
1544
2110
614
456
634
2202
2033
676
710
738
1536
222
1684
586
2116
748
1592
2061
974
1078
1204
388
196
410
288
2120
1058
2158
2440
2444
2028
360
2415
762
1456
2090
2202
1955
2222
1048
1989
1814
2174
460
1280
1672
280
2268
948
1456
944
1200
226
28
266
1020
66
1516
436
612
1190
2042
2512
2179
466
2457
1992
152
808
528
116
2188
1076
2276
2452
2152
2152
2240
1110
2574
2397
126
372
752
2064
372
1686
1986
522
1428
508
382
2261
2428
1552
2012
2221
1928
178
34
1488
1176
2382
1200
1856
1556
464
1428
1136
1704
802
1488
2349
1949
1912
2435
2274
2270
134
356
2414
1750
306
1914
446
1194
252
414
1354
578
2097
892
2396
2416
2243
886
2202
88
2344
624
406
1210
628
2254
1990
432
2493
558
2081
2085
2064
1974
2662
2534
358
2232
1634
808
350
2215
1412
278
2304
2451
24
2165
1648
558
482
1198
356
420
2413
34
338
208
2283
110
708
2319
2614
1690
1328
2457
2255
116
2199
1996
718
1286
934
150
2245
2502
92
252
936
1440
1236
44
2369
1098
696
68
16
956
52
1770
1360
50
990
2482
64
1680
598
1496
1876
972
116
216
356
2445
454
2516
2394
206
2300
1092
936
1108
2274
1996
2232
240
496
2509
1834
2682
648
2033
1632
2270
1746
2882
74
2309
1232
1136
2535
2281
2688
2025
2027
2255
1056
1136
2330
416
388
2177
560
630
1854
2299
2292
540
2347
906
48
1504
2231
1894
214
2397
2081
498
1220
2651
2305
1930
462
1080
1092
172
1788
446
1128
2484
456
854
242
1668
1020
1430
1080
168
2180
2384
2044
1556
578
1786
2030
344
20
2351
34
2577
1800
2556
2181
962
644
2344
754
1246
2139
2336
736
1050
2660
2281
1868
2181
280
652
720
650
1586
1754
378
1178
264
2090
2071
1158
2425
42
774
150
1094
1190
2051
14
266
1524
348
348
2196
52
2580
1520
2055
154
1308
130
646
536
956
2600
2078
316
1578
1284
404
496
1662
254
1919
2200
188
536
146
764
604
1650
974
2014
1092
1902
760
2390
210
2239
54
2439
2295
1576
1866
2505
524
2180
2161
2260
2122
722
2212
1442
776
2382
2205
2529
588
2166
2660
528
2409
2106
2370
1796
146
2036
2426
1504
302
1634
2279
1746
1892
1090
1040
2157
2241
1332
970
764
942
1978
1984
2002
2152
1835
1982
2344
1668
2118
2215
466
816
2583
2453
1162
1947
2209
248
206
2374
2149
1876
1348
3049
2039
1852
1158
294
1026
2170
1098
2232
242
754
2003
2210
1846
2199
830
712
2451
2456
1744
500
22
1486
114
68
2046
2221
2273
334
1807
1862
232
1807
2385
716
116
2192
2092
102
354
2030
46
1660
762
1250
32
1498
28
1844
1306
1422
336
1780
2503
1148
2299
140
554
2147
1800
2336
1420
2309
2453
1376
202
968
676
2469
2422
1244
760
858
1344
2420
20
2208
2288
1008
522
566
2430
1774
2232
1356
2247
1920
1932
1510
12
362
1961
456
932
1022
306
1314
220
1354
1972
1516
174
66
162
692
1598
2475
2250
266
650
174
1260
1896
1064
1502
736
58
24
2237
2540
2431
1464
2088
1922
1964
2044
778
1312
2250
30
598
2370
1944
624
2105
2320
2357
1036
58
1860
1194
50
2437
716
458
396
2550
880
1178
174
2618
2568
266
720
180
2260
2334
252
878
694
2154
2060
2253
190
1648
96
2366
468
2123
176
504
494
1873
1982
52
144
250
806
1390
1046
2449
700
1134
418
306
2352
1560
1584
666
1986
2651
594
822
138
70
2342
2674
878
820
118
252
1228
1230
936
1888
1820
2572
76
1342
1060
1288
1326
2435
2571
2233
682
20
2201
674
2228
1672
2334
322
236
152
2580
100
182
2285
790
1969
180
496
1136
234
1068
1100
2168
1240
20
166
702
908
2395
1486
596
2299
122
1384
2299
1456
348
464
200
650
426
1292
8
1848
1034
906
1168
1108
1010
468
2195
584
792
860
1310
98
2178
224
2257
148
1814
590
520
444
2468
2026
1638
1266
2413
2267
2201
2415
446
2197
610
1498
118
2276
660
1122
2236
802
1976
2204
2311
2690
1975
2182
342
678
110
2486
312
1760
2178
1392
1452
2038
1516
1174
1420
6
1546
280
2173
158
1996
998
604
670
2199
138
1898
1492
160
2410
2216
1238
1988
1890
1986
2300
2379
500
2356
1424
1858
1340
1438
2338
1234
790
2148
162
2122
980
2386
48
102
2300
1528
2582
1776
2042
666
1852
1372
2039
932
270
190
2014
566
2085
2421
2182
1974
634
1970
2103
532
608
802
1114
660
190
2381
1230
1889
492
368
768
1786
1962
1462
2177
892
2841
1656
60
2180
2261
1066
1506
1522
2018
316
2160
258
1108
1825
866
746
12
76
2426
2402
476
616
1650
1390
1674
1948
2366
136
2138
2349
262
860
62
28
1044
2270
2232
1054
2106
496
2062
2381
1913
350
1474
450
766
970
1888
654
1568
326
982
320
740
2274
2168
708
338
2600
1046
42
2031
2268
46
1772
2229
968
1962
1873
690
994
858
1396
2670
1046
1312
724
750
2184
850
1968
770
1390
1380
1376
1520
754
172
618
618
2191
780
2577
1853
974
2001
1560
2365
1448
1192
108
2655
2122
826
1032
1736
1793
2006
2622
2434
2241
546
1478
1888
1972
364
2556
664
804
1792
106
540
730
146
2
150
2456
2511
734
1824
2076
2037
2376
2434
152
322
1084
2247
2574
2224
736
2038
2104
2476
1782
2369
1692
930
1604
440
524
2436
908
2403
2136
1470
466
36
2158
2192
434
772
446
2393
242
2323
1649
62
1414
1254
1959
686
1540
666
1054
632
394
852
2252
1842
2165
1946
976
1400
1170
1849
2433
2045
2495
676
2226
2488
1246
1696
274
324
232
2072
2465
2272
1476
1995
1532
2269
1300
1098
1154
126
1356
2148
330
2170
848
1574
146
2146
1516
1748
948
600
244
2451
2261
1020
1176
1052
2494
284
636
1728
1162
992
1726
1978
2277
2205
250
500
1582
1174
964
68
424
958
136
1118
752
108
1394
298
1896
354
2101
2049
2380
438
536
1810
1186
2020
1794
2298
552
2438
2498
382
1528
2156
802
1214
158
2179
2365
1912
1092
2100
770
2300
2235
2295
692
2397
1030
348
2473
920
692
1188
2253
1983
2266
2213
236
1818
1414
2015
132
2143
1110
1882
2307
1056
664
2425
1507
2281
376
1354
2547
2176
1692
1200
42
162
808
2305
2240
2109
1850
1038
1791
2212
2113
346
2389
336
688
1090
364
760
1104
722
86
2363
410
2199
2359
2181
1264
2265
110
1032
1656
530
2134
20
2036
306
136
56
1636
54
556
1868
2734
478
22
24
1846
2019
2419
748
1244
344
1358
2092
2224
1206
2490
376
1390
832
2203
370
164
1146
1566
42
2452
226
1966
2310
482
2166
1094
516
594
976
22
2530
2028
1768
734
1256
2041
958
142
76
2174
220
1984
1006
2034
1260
1086
880
1656
718
2134
1744
2293
758
1884
534
2391
1508
1062
622
982
2311
1993
2029
1810
2230
206
408
1558
2012
1310
2368
156
780
1446
2367
378
2046
458
792
2559
700
186
2517
2169
2341
2348
1312
722
2448
486
1953
2008
578
1960
1408
1486
356
256
2235
254
2698
114
322
758
102
768
2409
1052
152
1314
260
2336
1170
554
1984
1781
370
210
2031
2245
1990
916
546
2301
2297
16
574
214
246
598
908
782
392
1644
1716
2457
922
2442
84
1614
2093
1940
1364
1584
834
734
180
2201
28
1894
846
760
916
2598
2607
1942
558
668
964
1908
2288
1721
2233
2515
1502
986
2135
732
1607
1980
284
330
766
1382
2071
378
1112
894
730
590
672
1492
1970
338
1074
890
2343
356
1922
860
136
1886
314
1922
1616
1334
2554
1060
2244
2418
1964
1630
2459
2088
2539
2019
2649
574
1905
2072
482
18
1038
288
482
360
120
656
2519
1292
2484
80
2501
1426
410
2152
740
786
2149
888
2386
246
1922
1242
2031
2065
2531
1905
932
1880
850
14
212
1318
1408
320
1654
1594
1370
638
492
2426
1536
2230
1088
2034
2681
916
1208
770
234
352
2181
1062
344
2419
2180
2044
1458
2527
2571
1770
604
2163
610
566
1866
1941
210
936
1612
2467
408
482
2354
230
392
1610
574
512
2075
2270
62
1763
2419
1510
698
2231
1634
572
936
2369
366
14
1937
1430
2063
1084
2228
648
940
2367
1775
2367
486
2104
900
620
324
502
2298
2374
36
828
1026
1396
2484
2468
2255
1879
2060
1818
2596
64
1020
1796
1698
976
454
344
548
1094
2103
944
88
220
318
856
2358
390
884
1911
1847
498
2183
1342
320
2156
764
480
2394
1242
2390
1202
864
908
1316
972
410
294
92
2271
2043
1718
2120
2473
2562
2433
160
482
138
1898
24
2404
2113
2429
2016
1124
804
2214
282
1967
1966
830
2163
1542
1872
2035
1558
2096
1890
1806
2222
2237
1840
322
2272
2125
2038
560
108
478
1850
1210
872
458
1748
2053
128
620
382
1140
22
1924
452
358
2054
1880
2023
734
2560
1210
858
2993
2330
1066
2665
670
1000
1516
1888
1750
2503
296
830
234
1608
2112
2130
2609
390
1776
2122
524
1476
1584
2441
526
868
1410
194
1997
554
942
152
2152
1094
94
2224
2217
2530
2626
834
2337
2332
872
2310
222
2204
1544
406
136
154
360
1918
2139
1994
1380
2256
1720
608
1002
2249
72
828
1514
1622
1961
168
272
1989
464
2565
2148
1540
2024
244
2195
2291
2108
414
452
2788
2256
550
2164
2580
1346
1698
1278
1882
2684
758
2475
1578
2372
588
1208
954
1454
2367
2066
234
1636
104
2336
980
424
2226
2380
2232
284
346
152
2362
754
1094
710
1874
190
820
352
264
2016
1172
2788
2411
2279
146
804
2273
2528
2216
240
514
304
74
2123
1190
2253
1074
1652
830
2071
1356
112
456
1910
2074
1866
246
2526
1254
404
2166
1564
2145
2254
2367
34
452
1925
512
750
1913
2343
208
1584
230
2047
1250
2463
378
1094
2217
2625
2088
2917
1406
2096
84
2327
386
1092
2492
2379
424
1100
56
1618
756
1604
1156
2239
488
146
1280
1076
1474
2041
2402
922
1598
1684
1224
1538
2386
674
2204
1348
132
238
394
2377
1926
426
1850
398
1486
1758
338
784
2249
2504
766
250
800
2087
228
178
1108
934
2234
2563
1652
2112
1552
2541
236
200
928
1322
588
2369
180
2661
2212
56
424
2152
2202
822
1824
2326
974
2263
2430
828
2125
1620
88
1058
2425
2434
1304
1975
1326
1320
360
1714
1062
2299
1036
512
474
906
832
2462
966
1606
12
2458
440
636
2565
20
220
2258
330
2049
1258
2185
1834
56
1390
2444
510
386
78
2124
1056
438
1428
320
2004
2482
1154
2912
106
864
510
14
808
2352
2244
156
1130
1654
356
2346
2146
754
346
230
1524
1774
1576
2490
862
452
814
1916
1812
290
86
2621
60
1190
382
620
374
616
2054
2234
366
1426
452
252
1074
1982
1704
200
1966
2160
2231
1516
1995
2544
1046
1678
2179
824
2180
1946
358
1318
740
1904
1878
354
396
2363
1922
1546
1988
378
2522
164
2904
2176
1534
258
2234
140
2054
522
1726
2618
1294
2320
1086
1146
2223
1472
840
2256
2028
510
1624
252
2570
188
1376
344
74
1092
2538
486
2004
588
1556
86
2294
724
1650
1374
500
2136
2011
2087
2060
410
1918
474
394
2030
1100
1787
2447
712
1158
2333
2387
636
2262
1706
2246
92
308
518
370
2075
202
2466
2104
1104
156
698
1416
1492
1298
1308
2213
1943
2524
410
16
2451
1128
684
2156
2382
334
2209
1266
2214
2312
1982
2513
1590
1506
1814
2243
104
52
620
1802
330
624
3237
2054
1770
1622
2265
2284
322
2670
56
542
860
2363
1874
330
332
1304
1548
2442
858
1388
388
1250
2202
660
1884
740
2120
254
1612
2362
524
1968
1442
1178
2329
34
2162
422
2031
392
76
2240
1314
1746
1488
1158
2080
2165
2712
2118
968
546
1974
632
532
2562
94
1016
252
1596
2569
158
444
1158
482
102
2916
1000
2222
2436
582
1848
1380
2623
438
2296
2467
390
318
2526
2282
2420
926
2051
1492
1672
702
2625
2189
2429
574
794
1752
978
520
894
2627
2516
268
1172
28
1602
610
222
312
1060
2331
422
2631
2498
2085
2302
972
368
2352
532
2058
712
864
742
1108
2339
544
262
878
50
2390
2284
54
398
1206
1665
156
666
18
2296
1962
2198
476
2310
2244
2653
184
364
294
2036
1929
388
220
166
2406
2271
216
992
1968
8
512
2369
514
590
728
56
484
2710
562
2191
510
586
2162
678
1520
986
2395
2002
112
380
1508
2651
2144
608
2469
2456
116
2223
2439
2421
2283
1142
1066
2393
2281
956
1944
532
394
2155
944
2286
932
2100
664
908
1936
290
2368
720
200
456
1066
2207
2406
2054
762
2569
1514
1756
748
258
1804
2276
1804
928
2313
2503
2342
1552
984
2619
170
2244
642
746
1606
2412
2026
798
344
2294
2408
90
702
156
826
508
1262
1458
962
2029
1886
2211
4
1302
1772
106
800
532
2152
2422
2406
1524
416
2652
174
2400
2126
948
2080
2085
1048
2099
1746
1896
834
2448
1972
2193
260
2565
2287
46
390
2468
360
1800
1190
798
1550
1174
1735
310
2505
582
1562
710
712
2005
1801
1728
2203
500
328
2539
356
2554
2102
1962
506
2136
1020
750
1712
2041
1764
100
294
626
14
648
2509
964
432
718
728
132
2795
1396
92
666
54
1700
568
644
1969
1960
556
1100
1144
2222
446
44
2264
124
2173
2325
644
706
1984
1791
900
1960
514
1938
114
2002
2396
2590
2534
2274
2020
1946
610
1878
2225
2536
692
2501
242
118
90
756
2256
2615
2226
1886
1296
1214
868
124
1014
1512
2203
816
2329
1828
658
128
108
134
2000
1278
2316
1608
1130
740
1526
2384
402
1933
2226
116
836
398
1808
632
1676
974
2336
118
184
2212
2150
2558
2527
482
2257
730
2221
2192
96
2154
2337
1468
2018
2275
2415
598
522
1586
306
434
724
2050
184
44
85
1044
596
2314
160
488
2607
1981
420
944
206
638
3049
496
746
1310
2009
1272
92
2409
406
2277
2432
1866
2456
256
1914
2048
922
2395
648
1698
684
1146
626
2358
1556
108
1844
1848
916
1884
2171
368
510
1714
1396
2438
1893
416
804
720
2443
422
2308
1552
2062
1204
1018
2487
44
968
1076
1266
624
428
1988
782
2488
628
3151
2284
2157
2390
146
2537
992
2154
1506
466
1752
1942
816
1900
2180
2712
2369
2202
930
836
2243
16
1280
1722
868
2212
2228
2639
564
1288
146
736
2531
1750
174
986
744
926
160
2527
1494
2425
260
2080
856
1046
2205
2288
1890
2242
2302
2530
112
922
670
2174
2407
1326
368
1826
660
816
1946
2024
2547
352
30
4
2384
2024
2394
1488
820
1206
2699
688
1734
482
796
2326
2397
686
300
184
2457
1304
868
934
174
2374
2221
2161
102
1450
512
2470
808
458
2780
1074
2374
334
1198
2134
2266
588
2592
2205
758
576
188
1520
700
1594
1802
1384
2582
1674
1278
2449
360
1884
302
1830
818
166
3159
978
2536
352
2049
966
2416
2396
2101
634
310
1104
1538
1168
2036
1156
1646
2347
1799
298
2212
1474
1454
1064
2370
98
1328
48
2711
362
892
628
2353
2258
38
2369
2058
2153
1976
1972
2171
144
850
2417
2328
1906
2170
2390
2193
1602
1198
114
2505
2278
500
1314
2244
2069
262
56
728
2706
2542
1947
2098
2508
1626
1412
704
506
378
1848
2151
1672
1212
2258
1978
1828
2296
2016
2127
560
1052
654
26
2412
1932
2365
1572
2251
1472
772
958
2467
2112
1238
184
120
