2286
1753
2060
734
2892
728
1996
1610
466
594
1696
1990
1206
1986
1150
2452
1370
118
2006
1232
58
1858
628
2212
1138
1092
2198
544
740
2544
512
734
754
1744
630
1250
1614
2711
890
606
120
1560
524
1662
1200
48
924
2479
2270
276
2081
1134
1206
2214
2380
1446
116
2081
1426
1678
94
116
520
1452
598
478
36
980
146
1172
2420
1962
952
2848
984
840
2357
378
2718
98
2042
1158
2151
412
2279
1963
2445
1242
1788
1972
1848
700
956
1722
2532
2936
2266
1260
60
2567
402
554
314
2220
1818
2528
2589
2078
2402
308
226
950
2150
1943
892
696
2460
826
1426
954
550
1891
2558
2115
1048
2057
2574
322
1756
48
2481
1606
318
630
2222
46
2250
768
170
2475
2357
1978
2604
2609
620
250
2459
458
1100
652
2051
130
2006
636
2163
2296
522
798
912
1812
216
2388
68
532
2438
264
2530
2348
652
1294
1848
2283
440
46
568
654
1512
70
340
2038
2242
420
1986
840
1946
2182
1138
2658
1660
2383
292
2434
1210
828
196
1936
1026
1464
2340
2334
1044
1066
2560
2185
2176
238
1776
1756
978
1953
1770
2382
160
1980
1614
450
98
814
1310
2400
782
1574
710
1374
2195
246
2229
236
1793
2405
1994
920
530
2253
142
448
1614
302
1112
2044
624
2378
2453
1074
1700
690
582
1092
2075
2136
2499
404
1630
2426
730
1582
712
1196
708
2596
2066
898
1532
304
2389
1178
1816
254
44
546
2708
760
666
2281
70
70
878
2206
270
2072
608
796
2440
1986
684
2242
2234
1618
880
156
406
218
908
1012
2287
2034
2274
1584
126
480
852
412
2275
766
1205
2286
1635
2379
2404
1552
2639
1052
2247
2229
1721
2219
140
1038
2118
2406
270
528
1730
798
2088
716
1966
2451
458
2126
2132
2046
412
218
720
218
1674
874
1060
2345
1598
1350
370
558
1006
1084
680
2362
1056
436
754
2522
2253
1894
2043
2508
2436
2421
2237
1456
2543
2217
2224
110
132
1808
1472
2458
788
994
2574
1992
2156
1166
2308
2136
1763
2382
160
2511
1997
142
1982
2632
666
2369
2181
1170
378
1276
2348
2428
300
2302
1890
2443
222
1368
1706
1492
908
2166
2040
2271
2292
1624
670
504
1276
776
376
2337
1394
614
1820
320
2226
1340
368
554
938
1570
422
688
2197
1977
1416
1524
728
1787
1334
152
114
1324
1534
1170
1166
2198
788
54
906
2402
268
1702
2352
986
6
1324
654
1668
1154
2158
1993
1120
1218
488
1711
960
2434
1450
2068
486
1978
1322
2362
1326
736
748
2120
648
304
2168
508
736
990
664
2262
1168
716
182
2310
164
290
2292
1620
1512
934
1352
1234
950
1368
866
1208
550
2199
2048
1122
2224
256
2379
248
2367
852
3112
1060
2437
1924
2368
2205
1867
1152
1831
480
414
1792
2282
1991
2354
518
1782
30
1268
1838
176
934
1624
732
1812
2152
1962
2016
600
2142
2181
464
1857
888
666
2577
2259
1948
770
784
388
1026
1334
1995
348
2263
1547
2204
2
866
418
1780
2227
2469
1466
2180
400
330
2069
722
332
1490
2099
2140
554
134
1612
220
2836
1596
26
80
1064
748
2185
546
536
2169
2407
90
634
734
2346
1354
818
930
1130
1796
326
2303
1670
356
680
526
1030
2269
636
1740
2584
1935
168
2127
254
914
1428
384
1995
1582
350
2273
892
2133
418
2224
778
102
2261
2823
2231
438
656
340
2012
2318
832
152
1004
1520
2254
480
1018
804
2119
60
2542
1186
560
2540
2609
1753
124
76
2198
1440
2053
2094
2704
1334
1549
1572
2474
1312
1911
2263
1580
2286
546
620
1726
1278
2582
270
404
600
2002
700
2200
1136
1866
1556
6
1858
2346
2383
770
1044
2257
2545
2663
544
702
192
376
1790
1042
1370
208
612
1084
428
78
1892
1920
2403
290
1106
980
474
2113
200
2084
1978
838
2224
1162
272
282
800
2334
2303
252
650
290
2252
2175
1186
2305
2729
192
1778
1562
2190
1590
612
1072
278
168
1352
384
2240
540
78
26
448
1330
1106
832
498
716
1938
534
990
2208
944
292
2110
1104
236
730
2059
242
122
1044
992
1192
1696
310
202
1910
408
2476
796
514
652
2448
704
572
920
2333
396
2147
332
780
2458
2136
294
168
1879
1638
1946
424
1690
148
1792
744
2310
2221
472
2265
2250
1982
318
2218
1646
168
1919
2235
1896
504
1058
1717
2094
2388
876
2293
2267
1899
2403
1846
2397
56
340
286
1994
860
994
1148
2244
1100
446
2257
1460
2230
2623
514
1084
2032
1180
1308
38
1010
2406
2343
102
2597
2181
2104
1923
264
962
438
468
238
76
1590
2313
1716
2358
458
306
1076
1941
2210
752
650
2444
2227
2066
2531
114
2126
2013
2498
1574
436
2279
1922
926
468
2315
410
2284
1855
518
1482
972
972
116
1312
2276
592
1126
2308
1440
1078
1782
198
2511
2155
2580
616
1412
2220
2166
182
2003
2139
780
360
568
1861
2466
820
1624
1772
1534
514
1026
754
52
2365
744
280
2064
1450
2049
80
436
2268
946
2154
688
1998
786
756
1839
1638
2057
2255
1530
1860
424
390
2050
2260
850
1597
148
2322
2096
2298
1060
1964
910
2
900
980
2351
2291
144
2398
278
2162
2466
268
2298
1634
144
152
2753
426
2058
2037
2448
400
1834
474
890
466
450
768
556
2146
2303
1032
2156
2106
528
688
1244
116
314
948
114
1708
210
2111
2449
2442
534
1052
1058
2500
442
1492
2541
2360
60
2
1132
482
2450
2516
1000
414
2060
70
16
1770
2514
1656
46
2444
446
42
32
2525
2181
1206
2085
562
1548
1458
1973
1684
1072
2226
1124
1640
1138
1837
1548
1322
696
824
734
2277
1870
2121
2197
2318
2629
356
882
212
2415
86
916
1324
2175
1772
2242
778
786
2068
700
142
2130
2323
132
264
2209
1112
514
2651
2034
1986
1526
2058
2290
272
454
1848
238
2669
2018
58
2130
370
1128
1544
2375
1228
2034
820
1836
864
1922
2198
1902
2120
2294
6
890
2052
776
2439
1238
2112
64
1928
1386
1408
694
228
830
1610
1720
1200
2199
918
1106
150
832
538
2131
1728
798
4
686
2354
2159
2478
2341
684
626
2319
2026
1530
252
636
1360
68
704
2308
1510
1634
78
666
2427
2208
2392
548
2270
2374
272
342
980
2062
2172
2450
2079
382
884
822
1322
174
2199
2052
176
562
1066
1130
2194
224
484
1392
880
1878
878
1448
870
1770
1488
934
26
1614
2145
448
826
26
136
526
700
1870
2053
1358
2135
1258
2626
2154
1934
1738
1316
956
512
832
1308
706
2253
2153
670
1372
2126
1060
1220
1186
1240
976
1488
2292
1940
2347
1708
1864
1196
2051
1238
1442
2348
2002
1096
698
2294
334
2437
1518
870
1831
1876
2634
2327
1436
166
296
194
750
2371
390
780
1128
1152
2037
684
1678
2302
880
176
264
986
2045
662
1812
1086
1314
2236
76
1298
340
330
894
812
356
1864
2246
1820
640
1978
1754
486
616
1889
532
1198
1754
280
2092
2202
742
2158
96
1967
1302
1998
2334
2360
288
1666
700
2344
2533
2544
2441
2841
2024
1575
1542
2359
2150
1104
1078
1550
790
1262
314
150
312
2243
924
1790
994
896
342
384
2247
432
1954
2623
34
62
2513
118
470
282
2435
2167
12
1290
2344
1254
2240
518
260
2449
568
870
1092
574
748
126
2184
284
2209
2547
852
2396
606
860
1608
790
2340
968
2149
2387
1374
1483
2108
2008
1951
2459
624
2795
2434
2518
238
172
1884
2661
2412
834
1278
2226
186
122
2266
2326
436
448
1542
2208
98
1338
1150
2056
1384
1905
2141
2027
1520
1859
1628
656
2423
1798
2501
360
34
1128
1238
732
1472
706
2250
1052
20
2385
1626
162
458
128
2465
2206
164
184
462
2675
1640
2397
2100
1554
828
268
1820
1286
2260
1818
2531
2524
1364
812
2337
1336
612
662
1200
1510
2095
268
1768
78
2060
2463
2565
454
100
2480
626
254
114
2225
1344
2188
296
2314
1870
1918
218
1170
418
1570
1434
142
2454
1048
1494
2343
1148
2397
1773
1981
322
242
1300
242
1968
1956
2182
1288
1708
2338
1656
1326
2414
1484
1386
2523
2216
574
2060
2062
786
1622
2172
2496
150
576
522
902
800
1800
588
1398
1682
392
220
142
832
520
382
1576
2050
2
294
2374
2211
2109
508
2452
2150
1292
1988
216
920
2575
1366
2584
916
12
540
2651
2110
1708
2007
448
228
514
282
656
774
2431
2364
1708
708
890
936
2349
92
252
1748
1194
1498
446
994
234
1797
2606
2178
870
1190
936
554
940
2330
940
2421
72
2437
368
2441
2474
62
1899
2100
688
552
2320
208
2504
2132
130
2505
1654
2218
1306
800
686
2015
2408
1282
2161
812
2185
2273
186
934
450
1500
2691
2461
2231
1486
2293
128
2203
1124
1108
2387
2243
214
490
86
310
2000
1945
222
186
1210
1528
2311
1430
914
290
2370
686
2356
798
1406
2306
2113
2313
122
1926
2144
268
1224
356
888
192
2475
184
1844
190
1204
444
2295
1208
2279
1736
2234
2228
2252
1784
850
2028
1522
182
2345
2370
2193
354
2284
2211
174
2481
414
488
1910
1272
2200
1188
50
1006
2087
2500
2102
2795
2510
2096
26
892
2006
2090
954
1922
1048
2217
1106
2351
452
2395
1925
3460
2420
2117
1796
350
2342
1932
504
2182
2170
2879
2626
488
108
1102
1955
2598
1698
1690
886
2076
1630
90
872
1829
504
806
1298
1916
686
1316
1022
2446
472
816
2466
1054
1887
1632
806
116
1144
2523
2363
2220
342
2222
1368
2222
2948
298
658
2176
1854
1792
2309
1560
2033
4
10
362
2334
774
2606
412
2022
388
42
1354
2917
1606
708
2778
402
2158
2123
1790
276
570
1146
2410
480
818
144
2211
80
104
768
852
578
308
280
2416
1562
318
2307
1014
2332
1961
1981
2421
670
2158
424
2145
2098
2014
1972
1826
1942
986
2617
2502
270
986
1120
684
2482
990
1316
1338
664
374
160
758
1110
710
1298
2182
2441
826
638
426
320
2355
1056
1340
2454
2558
2338
862
1966
1246
2276
2321
2517
2542
2194
2579
382
472
1098
2275
1656
678
2449
670
158
1006
1346
2218
1186
880
2472
1638
562
2176
600
1302
2477
2074
2359
2609
2496
164
2184
1602
2589
196
920
2622
444
1476
1908
1324
2107
2427
880
2266
2385
1062
578
534
762
1944
358
490
2560
632
2133
2388
684
1548
1344
1264
1992
2429
108
2070
1372
574
428
1644
998
2171
2222
1262
1044
2419
2406
1546
2190
1158
2369
1608
2485
1872
1380
2078
618
2271
2459
2696
280
78
2160
2102
852
2184
2188
1314
18
130
1318
900
2307
2581
1646
2444
58
366
2317
1428
1718
1434
486
2310
2403
1636
1388
618
2208
2346
692
542
2192
1969
2272
1158
1246
130
1762
2130
846
1630
64
2402
134
312
1608
1194
2176
148
2332
50
1206
236
2115
620
1666
2483
2
1837
476
1990
634
612
2193
2546
2130
1500
338
2052
2228
2097
1720
1164
1188
850
2369
1388
594
202
1516
1464
710
928
6
2253
354
664
2231
28
402
2215
576
574
1608
2134
2250
2432
190
1056
1972
2495
410
2016
2146
2202
1878
276
288
872
2284
1962
2265
640
2274
2240
544
162
450
1972
1510
588
36
2206
964
1244
340
968
1304
752
358
848
260
2609
708
2485
2334
2551
1684
246
446
2056
2474
2097
1756
566
2274
1396
348
1594
1644
1296
878
2477
2400
2186
2143
1614
300
670
2048
138
2632
1292
558
430
102
2087
2000
384
108
1804
1558
1928
2338
2115
1026
1816
1276
2466
46
2204
1278
2419
218
2506
1996
1580
2013
1580
312
534
1478
734
1372
2213
1266
2203
2040
238
414
1354
476
998
2339
350
1682
3759
150
2483
834
2425
1394
2395
628
2408
1820
1344
548
2012
1184
638
1750
830
2255
2393
566
1428
452
1062
1424
356
1024
1424
2204
682
1750
2657
1250
1816
2584
732
1760
1388
2056
2324
254
904
2481
1915
1292
2130
812
2669
2471
1402
136
286
2287
512
2485
1730
322
1926
414
1192
1042
358
538
2
84
1336
2637
684
346
476
178
2093
1034
2082
1898
1572
1972
136
422
2320
36
704
2341
2706
992
992
242
2396
34
2757
494
1872
2344
2388
2276
376
1793
2310
2494
1812
702
2044
886
1136
1884
540
1904
588
196
932
2143
2304
158
1956
2305
340
2389
2194
932
2215
156
948
2221
2069
2379
440
1212
230
1168
368
2385
2035
2203
1430
52
2051
2518
688
2032
8
2462
2247
1326
660
592
848
638
2230
1420
2258
840
2084
1368
1350
1148
168
352
1436
2273
352
862
940
2026
880
912
2058
338
156
758
552
2451
2274
2324
1670
430
1060
2464
186
1646
1504
2292
2385
134
248
2084
964
2278
2189
806
2183
506
654
2956
124
72
726
2062
1512
626
1644
2245
408
1178
2360
516
2422
2236
400
104
1436
1422
1808
1480
626
2120
1196
2176
1854
1730
1963
514
1398
360
894
238
1092
2038
146
2023
390
38
156
1828
2792
448
790
862
890
612
2101
1882
1746
2054
488
428
812
260
644
1444
1785
2088
394
456
770
1446
2072
1998
1666
2178
2372
352
2224
1662
542
1798
2250
2368
2471
2350
1212
1856
582
1424
2545
2420
618
2112
460
1034
930
866
158
1456
2039
2227
2529
2309
2878
2445
466
2048
8
2708
256
626
648
2097
2123
878
2345
2028
446
1806
490
238
1392
2332
980
1612
2417
1919
304
1724
880
1320
1414
654
678
2403
2263
432
844
78
2041
750
2208
150
1546
508
2498
2316
1008
814
2351
2019
238
570
116
1798
2655
554
2110
1012
612
758
858
476
936
2772
1266
1496
126
1958
658
2791
2211
486
2608
1658
48
2301
850
904
1836
2073
1760
494
1060
438
622
180
1876
1540
870
2284
2446
948
2276
366
102
728
2016
1803
2506
582
692
124
1594
2258
116
1502
2082
12
2096
1208
2186
56
216
1614
450
2549
1106
2292
2419
400
440
2534
1316
2264
372
1911
422
1678
1412
1208
2328
2574
370
18
444
2251
952
66
1502
2777
1270
1928
1944
2490
188
240
628
2096
1140
2608
396
2406
412
212
2718
364
2220
2084
1500
1240
2096
310
1871
2152
2024
2173
1024
2296
654
776
1796
2625
34
2437
62
1314
1334
1902
1194
2081
2284
184
662
906
2148
1258
588
526
2202
454
2257
622
2197
1684
842
2560
610
2467
2468
2011
1811
24
476
172
516
264
462
2384
162
1736
2135
822
2312
2043
1935
692
1170
2690
1344
982
378
2314
418
2268
2706
438
974
50
1098
98
2045
2484
1056
2337
978
520
388
1636
604
1448
1941
1978
94
86
1472
94
1951
2403
858
912
108
402
362
1318
1718
2316
2402
2011
2286
288
1414
1572
2582
1206
2337
332
288
2264
1722
956
8
1232
1996
2901
2160
2346
2530
768
2101
1644
2083
330
2462
78
566
328
1518
2336
864
900
1770
368
546
72
2163
866
1272
1826
2249
382
550
1788
1818
2160
2235
2139
2421
942
628
314
2056
1890
1952
342
994
2131
1020
2289
644
2236
698
2286
1094
1164
1898
2006
1900
476
2437
2397
1040
2368
2208
1670
1864
2399
2014
408
1294
994
86
984
746
250
1556
598
2321
12
2095
860
694
612
494
1064
240
1420
732
1278
1524
990
686
1668
2226
1715
1866
1102
2540
1570
2417
2624
358
72
2453
2400
1936
2205
2612
2509
858
432
1076
2376
1884
2282
2441
836
712
38
2122
2659
2495
1740
270
2310
432
30
1490
2174
2114
2018
724
128
70
782
212
330
924
508
204
1206
228
2252
2394
2152
2298
824
2333
2182
2246
1172
2393
1248
2242
2294
2225
222
2568
186
174
572
2519
2126
2346
506
650
2491
434
798
2162
1664
2130
2206
2077
1978
1838
950
382
672
1190
768
2240
2462
382
1412
2345
402
1518
380
2325
1012
1274
1994
962
1454
534
2071
1910
2585
286
2192
2314
1050
2151
1792
740
990
2261
1536
58
1388
110
1675
2117
948
2173
2110
2383
1502
794
382
220
1250
578
412
2427
2242
2507
2274
1931
760
76
600
1132
2287
546
582
1030
1438
358
2534
2493
2260
2350
336
2350
2490
2434
2055
188
1626
2404
236
88
146
1758
896
24
2725
1856
102
1516
74
1422
2102
2572
1762
1340
2611
2473
2335
2020
1438
2455
170
1872
1272
880
1504
2155
166
94
1646
502
1004
1700
476
1060
1456
2450
834
1256
2568
142
734
2278
210
164
1138
126
1568
2629
2006
2034
678
2238
1412
2256
1500
1046
2134
730
1056
424
448
1610
1592
1622
866
694
50
228
1850
2256
2169
2161
1044
2494
290
2060
2263
2370
2163
1054
1926
2112
294
638
78
2147
256
2490
2156
1044
444
2078
1226
292
1547
1658
156
330
466
1070
1106
1416
2039
2583
1990
662
1979
470
226
210
1046
1344
1682
408
1830
36
740
2500
122
1594
2318
1048
1442
2109
2095
102
858
852
2137
2347
1903
1731
132
156
424
2255
2534
2132
2084
752
2076
2371
602
2409
1288
132
2197
2786
1564
666
2082
696
1636
582
314
1526
192
352
366
1644
1212
130
2290
2662
1312
2204
2271
2058
256
224
1636
308
356
2313
1444
362
1330
2627
528
2162
200
2290
76
2011
230
1948
2137
506
1602
2443
656
832
1400
2324
612
2094
626
2083
1716
2269
292
1454
2098
90
2513
2214
1782
2118
2478
1934
676
2396
866
2047
2466
1110
1352
1884
196
1664
958
2023
972
2360
642
620
2313
2402
338
1426
970
1034
1683
1322
500
2417
2245
2098
1562
2342
2114
2154
1770
682
2175
992
54
2212
1863
2444
1004
914
1202
2472
1706
1024
24
560
526
