1538
48
214
1214
8
1008
986
524
244
2305
2177
2148
2466
1676
346
2210
586
794
2558
894
2128
504
2302
64
42
860
486
612
542
62
722
2362
2104
1514
2371
1556
1000
2365
146
2610
822
2388
2303
440
826
2959
2256
1086
22
2208
576
1306
1206
2312
284
1208
1846
2114
144
1212
1612
76
2233
192
484
580
192
2081
824
1330
156
2098
1908
522
2200
2203
1182
1641
708
538
252
2156
24
1852
2364
1869
1210
1568
1264
2117
34
712
214
416
322
3116
720
406
1366
154
348
936
2393
112
1232
226
356
130
1838
876
150
572
2169
1006
1746
2006
1850
1536
338
1388
350
332
1050
798
2651
1022
2004
2475
48
1932
2285
1944
448
1658
866
1622
2330
284
1346
998
2355
64
136
2246
860
1422
670
1074
2226
240
908
190
330
540
1226
448
1176
1290
212
2539
2274
218
422
934
1558
2155
2012
24
1694
784
204
1542
2229
1038
1674
96
2691
2675
684
1168
2103
576
1912
2143
2750
2178
1844
142
346
2062
2010
1528
596
1154
1574
2427
2392
298
440
2162
2404
730
338
1650
444
356
712
2322
1162
1302
2651
2552
452
164
2530
2020
126
372
782
378
10
932
942
1965
140
1720
788
152
92
2070
1906
2353
1180
1340
1650
620
1462
222
1646
972
648
2351
1788
538
604
422
1302
958
2033
292
1102
124
2534
1192
1288
444
460
672
636
1666
2434
1496
488
1476
2461
62
46
1997
2490
2464
1929
584
2324
2225
2167
456
584
2432
2150
2276
2488
234
2559
1320
228
1840
2117
448
1840
88
882
1200
1910
2039
894
1362
1068
2217
24
1058
810
132
1560
1752
2022
336
2265
1714
2485
2091
3759
1802
2545
2270
2050
2040
2218
804
1136
2176
346
2443
2444
1174
2222
356
242
2589
1570
1801
1138
356
288
1301
1430
2282
756
780
874
396
1390
78
2109
2082
1318
366
1552
184
460
1200
1188
598
1582
1078
680
140
1898
1310
1820
1620
1928
442
2186
2234
398
2017
584
712
2272
1210
2177
2274
894
572
338
2048
2023
820
1692
2101
998
20
2100
1362
2338
2097
364
2367
2156
946
710
1912
628
244
766
2316
1803
1646
478
154
22
1972
2713
2092
1508
1726
846
1452
272
538
362
1984
1936
2590
2019
2130
1216
656
1040
194
418
1212
798
62
428
2034
1858
1664
232
1158
2217
524
1086
590
1902
1132
1688
42
1342
1556
1945
2034
1967
2082
422
1102
1006
2294
738
2256
2220
2126
1118
1500
1630
2140
2168
1314
2140
322
516
2318
1454
2536
2044
2092
2376
184
134
598
554
216
810
2337
2270
2167
2670
2227
2308
354
2586
1858
98
1976
1866
1106
226
50
788
188
188
2556
28
2137
1418
2098
2290
260
1859
2204
2398
2340
2430
870
2180
1436
1974
2149
452
1532
320
2225
2572
272
2
2419
424
842
1206
394
2458
1984
698
30
1476
1002
198
1745
2399
944
706
1470
1913
2150
920
346
496
50
1504
154
2416
820
870
316
2177
1750
234
494
1074
914
1812
360
1858
1248
1690
1834
2033
172
2211
2207
1861
2168
168
798
612
2022
1946
1272
384
384
1780
1548
2192
1975
2271
702
1518
392
2460
2858
2166
574
510
256
2142
942
2386
668
1050
2266
572
2131
570
306
338
708
1924
138
2169
2075
2046
1734
2516
1937
636
1924
2476
594
2859
1040
2281
564
928
512
516
1947
492
2223
2278
2448
1734
2168
354
2290
1558
86
1714
1952
836
2221
326
182
220
2551
78
302
1362
1474
2363
2384
2088
2212
676
874
2155
1512
542
1474
2562
296
2247
228
1394
1306
548
1726
2160
2194
2145
2694
386
1206
2302
268
2410
2244
1718
2630
1790
402
588
2222
228
1919
762
864
1647
1998
2418
526
1756
2362
746
2354
1052
464
2307
2344
256
2508
750
910
168
214
2148
100
82
26
1630
232
582
208
2385
692
868
286
1544
1480
1132
452
1616
1924
96
2328
2217
432
278
2301
152
38
606
2164
1754
6
450
2034
1996
212
2511
800
1428
730
1709
180
1310
2278
1570
2507
10
2116
2539
1624
820
46
14
2553
36
2248
2295
1156
1434
2512
2306
1274
2568
814
284
2505
546
2122
2335
1114
2454
1983
1108
486
1900
2415
1752
2127
276
1064
1934
34
2243
38
2364
78
368
1861
1909
2736
2134
1976
1986
532
1480
1578
66
2022
472
2376
128
2160
284
2477
1292
1158
554
1536
676
1036
2508
2152
674
1452
238
888
1144
340
60
1508
988
1174
2134
2424
56
2200
836
848
788
478
1608
2249
2344
2460
2306
1370
1010
992
2277
1214
522
1818
126
2388
164
2254
452
2318
1392
848
2321
1746
512
2216
2363
2191
2164
2256
2108
2414
1260
2111
2154
1394
2309
356
2272
2171
340
2257
258
1887
630
2313
398
932
410
134
1584
2402
620
2143
990
2186
1959
2193
182
418
274
2397
824
1172
2210
404
496
1308
2221
1386
1022
458
2699
500
858
2264
318
770
1742
1970
488
2172
182
382
2057
2050
98
1414
210
2046
1682
1446
356
444
1959
1600
1968
1064
2346
170
1382
1887
754
516
2263
562
2080
1190
2004
2139
2024
2191
100
1188
2134
276
608
2444
92
442
1878
968
1450
948
956
1621
282
680
614
2558
404
2149
1374
1078
130
978
276
110
2304
2176
2143
2968
7469
2338
348
632
2209
1316
1820
530
2160
1290
2118
2228
66
696
174
474
1690
1122
1856
2306
534
466
506
1612
2538
1340
1108
1176
680
1000
194
2932
338
608
2493
442
2122
1486
496
2414
2317
742
800
742
178
2131
1582
834
1226
106
222
2208
2399
1196
2212
2679
16
2411
978
836
882
782
1010
6
932
2583
1040
918
420
1844
2123
2002
420
2237
220
518
1476
830
1724
422
442
2444
2455
1599
1816
1750
632
1724
646
272
1840
2380
8
2341
1388
1232
694
138
2695
26
2048
1086
342
2081
458
1478
1642
2103
230
2250
1928
2443
2044
1036
1256
1648
1246
1704
134
2214
250
2041
1316
1918
2046
2486
852
1780
2537
2012
910
2408
890
2017
1432
1960
1538
734
2316
1092
1252
8
1778
2086
1678
772
2183
1875
98
2102
1589
1852
1170
274
252
1308
18
374
2103
50
1540
1532
362
1462
670
1590
1613
2127
22
1820
1008
668
1560
784
1811
740
900
1314
2147
2321
2524
472
2308
646
324
972
1852
2109
802
1522
468
1310
32
1010
2069
676
2133
2081
96
146
2004
1100
1990
2336
624
2271
1038
2023
1930
2264
2288
710
398
2884
526
2068
2042
1586
1452
326
1969
1488
906
270
2375
90
2237
1772
1646
304
2440
348
1414
1166
732
240
2722
2621
2111
974
248
870
2034
788
2002
1931
664
928
1358
820
274
486
2139
2580
1602
1134
2130
1666
118
356
2202
2211
656
260
2053
96
2412
2224
2562
208
1334
434
616
1272
2371
2213
10
2307
284
2208
2010
1634
1990
1216
2294
2413
2093
704
2599
2194
2201
2360
1824
2410
1786
682
338
278
1284
444
2368
474
2378
2064
2245
920
2068
378
2578
92
50
248
844
724
2241
2154
2372
2026
990
1366
2148
2119
1816
2098
1640
1324
990
1772
926
1964
676
12
276
1932
672
126
2423
812
2136
2074
128
238
2217
568
2296
732
842
2683
652
1076
1430
68
362
666
2188
1072
272
838
740
172
1883
1856
2503
900
856
1692
2171
1258
1678
216
1386
70
186
624
2091
284
442
1851
846
1032
2178
486
2112
1908
2157
364
846
162
934
120
2190
1000
2362
596
238
1468
2406
182
1728
2100
520
70
2298
1460
2247
110
2165
1970
662
1492
1162
2388
2361
236
1124
556
1000
174
1882
324
618
332
1372
1490
1114
2415
2402
1688
2070
680
1825
1270
1578
2274
1818
1606
2279
454
1672
1254
1976
740
1735
1206
2328
438
1460
1202
2086
2282
870
2328
862
836
1944
956
116
2267
596
1112
2126
296
6
1442
74
1038
676
298
1150
1254
720
304
1162
2408
684
118
2277
172
218
2537
1828
708
2364
2253
2389
2547
2373
1468
1824
1110
2204
222
2461
984
2167
2237
1192
2066
1690
732
582
2014
366
1900
1598
520
2202
1172
2128
2120
1166
1806
1906
1576
102
616
2089
112
1988
2534
1130
148
822
1248
202
1934
3716
1942
376
330
1518
2104
2337
1268
676
316
1620
2326
2309
1866
440
1490
1222
196
1732
974
260
2477
1958
1276
520
2288
400
1422
1924
768
2325
330
2366
1438
2284
1942
1971
2228
664
2440
636
2445
2230
2333
1126
2171
896
2442
84
760
12
608
1014
436
2044
1086
2377
2555
1496
1712
2327
1304
1967
1442
2523
1980
1362
2256
1108
928
2136
2737
794
1322
222
922
1176
2060
2146
1688
2008
1731
460
4
42
706
1810
2296
1724
52
1320
1552
2018
384
2283
1618
712
2021
422
2272
536
872
616
2100
112
392
780
2189
2430
2176
2195
988
1866
2304
2029
346
1308
1136
2040
2094
1358
2131
2325
8
1943
1238
1936
436
1034
1940
490
6
6
1994
882
624
142
2250
448
2483
1562
1806
2064
506
562
562
234
460
2158
528
2452
140
2200
1128
1284
1991
136
1786
2044
2370
630
860
306
182
2269
110
784
24
1909
858
2083
2084
1240
804
986
42
206
2400
1470
2110
2469
288
2304
2339
1862
1478
1716
2232
232
2133
1942
2193
1492
1605
2372
2605
2052
2632
2008
2250
298
138
2004
348
1902
2230
1294
2401
2246
1064
2032
1654
132
2588
1374
932
2660
8
1212
1976
210
290
150
458
2464
106
2062
1276
2307
758
154
888
2
2462
2127
1128
2204
2331
2541
280
654
528
734
1946
2325
588
1520
820
2614
54
1238
2329
2406
1464
1096
2307
2032
154
458
1224
504
1806
524
436
16
2133
710
2333
156
424
94
1909
1630
1056
50
1766
1694
74
1508
1504
2001
982
166
2006
1414
2358
2086
722
2408
836
2619
1010
804
36
1584
430
1924
2032
1780
1722
184
2123
2868
780
492
1230
110
600
664
2100
2362
2065
568
2407
2471
696
2234
2155
956
924
606
752
760
1350
2177
2389
2574
2290
1908
610
348
292
1244
2338
1284
78
2264
2355
2569
1836
192
2324
1510
168
576
864
116
70
1430
256
2487
2539
2043
1544
724
160
250
548
298
396
1558
728
2674
2032
6
1814
836
94
832
2444
1778
2295
38
2198
2080
232
980
1866
2294
632
1772
452
2334
592
1258
1828
834
1422
2352
1486
952
752
892
126
328
1883
1214
1070
2152
606
2469
1978
908
2867
332
1802
2097
2354
1466
1100
2207
2472
2089
2158
2365
152
2253
2159
1300
1050
1824
1288
1943
158
2243
320
260
2174
2049
1582
1814
940
714
1078
982
2286
272
1070
1078
2062
190
110
2576
120
2314
2040
694
596
2691
2451
1444
1082
328
1358
520
708
636
1742
100
2299
1774
2019
1340
2382
2154
2421
104
1966
2020
90
2521
1216
668
2430
2287
2238
1112
160
1860
1716
1954
1018
1130
8
1984
1794
1122
2054
148
2427
322
2318
2299
1898
2028
448
8
2442
2593
178
56
276
166
110
1672
946
1984
974
456
8
1778
2432
1957
2290
92
364
934
2030
204
2068
2332
624
908
896
2324
2154
1790
412
2484
680
2492
572
1972
204
1266
708
2135
2368
1012
952
1078
2004
326
552
1860
1432
2472
2036
2233
2380
278
314
1490
1750
362
376
1194
2338
776
186
1350
2059
738
2319
198
214
474
516
876
2299
2416
684
2468
2586
2490
992
1436
624
822
208
860
1234
1446
550
1090
568
2169
1598
338
414
1304
2619
1764
214
2066
2276
630
1924
242
866
2227
64
1236
460
2883
2450
1356
74
144
2114
772
944
2292
1780
550
1781
1881
1765
2231
44
900
2432
336
408
834
1506
328
1756
2263
98
486
2332
276
2134
1932
2266
748
14
2221
344
2344
1762
1000
110
278
1078
3461
370
558
940
2224
1638
1698
2028
100
486
118
1082
2296
122
818
794
352
240
1860
2206
698
830
1084
2085
150
2160
2077
972
1356
138
192
388
1432
510
1548
1308
360
2142
2230
582
2154
280
2194
2534
68
3358
1660
2291
956
2376
2083
1660
2060
2193
810
2298
204
2106
2241
332
588
2469
128
2498
130
1546
2288
8
722
1264
2082
638
1862
212
1592
2060
810
560
2121
28
2034
1096
136
2104
2066
2435
1664
186
2310
1382
1784
2021
264
859
2425
502
1626
66
1140
938
104
2321
1432
242
502
148
6
1934
1972
412
1794
2164
156
432
2335
1144
1955
62
2017
2260
166
2515
1954
1544
1528
2223
2228
1140
168
650
170
470
258
180
1973
1580
450
1584
644
1040
2486
1414
22
936
550
2133
230
328
650
998
666
532
140
2321
1666
116
1979
2530
2145
160
2197
2237
952
1710
2458
2354
242
426
122
2563
1842
1648
1052
1964
2169
874
1100
2277
1488
534
1528
2134
1726
626
2203
1998
2586
478
2600
588
258
30
252
322
700
336
2367
2869
122
2513
352
1544
2065
396
758
1022
2262
1384
224
1134
2439
2607
2433
1094
1040
2238
1456
286
2398
1740
438
494
1765
2231
1452
632
340
1140
2107
1440
1212
412
2772
80
1766
2462
456
196
2056
562
1192
850
2282
2512
2110
552
682
2059
1800
676
1130
2421
2301
1222
1160
1620
1862
2305
1730
2361
2157
382
2320
1992
124
2283
1996
322
2361
408
1092
2108
1416
1466
350
2090
1494
2075
2063
2337
2198
722
1472
562
644
2408
2486
1368
652
752
1816
156
888
2258
2138
1976
1136
1252
804
2302
1482
836
2521
362
1308
1998
570
1072
2565
2083
2385
108
2162
534
1640
2468
892
1939
2369
686
924
1746
48
168
332
614
2121
876
1456
2451
292
788
632
64
2502
960
838
1649
1892
608
1986
2254
284
2452
1632
2154
2655
1480
1962
730
1600
1784
378
1824
642
1952
1296
1985
1096
842
1742
2357
468
1306
596
1098
416
2161
2188
2343
1887
2085
152
1404
1484
2124
1170
1935
314
2564
1364
340
2268
2599
600
1392
2507
2332
1904
1410
2428
848
710
1374
1916
1332
1512
224
572
2554
1902
2334
2226
684
1224
2090
2203
28
2134
772
2006
704
2362
2362
664
596
346
2202
2249
194
604
1582
2257
764
1280
860
1449
2455
1870
1322
50
1410
2540
2068
1060
2462
184
2481
1342
2328
264
2198
108
866
2032
8
2355
1076
1512
2369
1438
732
2510
1687
2348
994
950
124
166
2068
392
376
1760
2339
2384
144
1280
648
2215
2755
1164
436
1824
458
1010
420
1514
2444
2364
1410
364
454
1576
952
256
954
562
2190
1486
1892
314
274
474
2550
1118
690
2354
2108
2403
228
414
8
2398
374
916
2363
256
1980
206
730
2175
1946
2333
1798
866
2456
62
332
2385
902
40
2112
1172
534
1326
670
202
736
296
356
1324
648
2163
1784
1800
2536
1632
1678
1508
1016
736
216
222
2468
1936
236
1948
112
2109
284
714
2313
1626
578
1612
1991
2183
1960
1968
426
2414
722
1312
390
98
168
472
2197
52
6
1416
32
2267
2504
1400
2295
2185
844
2149
980
2093
316
198
1628
628
2142
2265
470
260
476
2442
2140
1290
1380
892
1060
2283
748
1814
1902
2264
1596
832
2488
626
716
2102
326
1482
1576
900
2399
300
1048
98
2209
1720
1712
158
1624
452
2384
1302
52
2079
2182
1176
1656
38
2516
2305
4
150
2086
1372
418
2419
2392
144
1500
2062
752
2412
1584
508
686
1288
24
942
2078
1803
2264
974
1694
2598
2034
2557
316
1304
2279
1322
1906
920
1004
2058
2315
2488
1082
2290
1124
750
2452
630
520
788
812
750
2012
2002
2154
2350
274
1534
608
1734
1608
292
1126
44
1082
104
1216
1548
216
1794
1232
2174
648
32
378
972
2216
1630
1816
2480
1142
434
2095
2133
2008
654
2265
1880
2580
2022
490
1062
922
2016
2414
2427
1634
2434
284
2009
1843
294
1688
534
926
2012
1943
594
994
2059
502
682
2516
16
2060
2713
2094
292
116
2212
402
2372
754
1466
2023
1940
188
1518
2453
1910
100
552
1692
2160
672
1992
1412
2782
426
604
2092
768
1742
1992
1764
1236
518
1376
2253
2052
192
8
80
2296
2467
1370
278
1308
1981
2630
2081
954
2314
2236
1862
300
484
2094
2502
224
688
908
1106
490
542
2296
232
1510
2392
1848
296
1795
2316
2215
2075
716
136
2059
2083
394
1813
404
1718
306
2218
1723
2654
946
2367
1746
2022
2407
556
52
1768
58
2067
2124
150
2132
198
2461
664
1236
2044
1608
574
2479
1252
56
2524
2595
1368
32
1926
2004
2402
74
880
2668
1916
1746
2369
658
1966
2248
366
2218
1060
1118
2139
2389
442
2198
1064
436
454
2046
546
1196
6
1188
440
2401
108
2445
266
2674
2108
2
2284
288
2619
2065
94
1172
1104
2297
564
2011
988
1362
226
2336
82
2404
28
1911
960
1344
2513
1016
1879
774
2289
452
844
574
2112
50
1692
2196
2408
2209
910
2262
2162
2255
2121
638
2274
332
2746
320
1178
666
2071
254
602
2038
204
2528
2400
2034
1811
1614
2714
188
2758
2197
1040
1062
2489
18
2077
138
190
706
406
520
420
2013
308
1855
1669
1320
1056
1314
752
298
46
690
1266
254
374
1870
2544
382
1996
576
274
1328
1298
718
590
1278
2409
396
362
448
298
1036
2325
1324
1654
2038
2448
512
606
2103
262
148
2267
2028
2450
2404
228
818
1732
2406
506
1850
2101
410
1270
892
1992
2196
2070
1840
1568
1804
2528
1560
204
290
216
352
1986
2010
1914
554
564
2234
1704
1916
1858
2059
2508
2541
1782
1658
2502
406
1624
2082
2332
2250
1624
2560
1992
1502
2093
2417
194
2552
32
2844
366
1090
308
720
2197
2083
1154
750
2010
1874
10
1344
2433
