22
786
1945
1028
1394
2108
1688
2182
1448
2150
1340
1689
2414
224
1822
882
136
2318
288
296
4
2518
2092
558
190
448
1969
92
2539
2275
2316
2282
2576
1376
2637
22
2257
1218
1614
2401
2379
124
420
1940
550
1016
2311
16
2333
2140
2178
2434
2393
300
1600
1082
2356
788
1042
570
2316
1606
446
144
98
2432
1150
2072
992
1284
2680
1548
6
1528
2046
362
2079
1927
2352
82
2377
128
2464
1920
906
1772
2530
1906
1748
2246
2394
304
2555
1300
2479
1442
2107
2130
844
2307
772
2018
2330
110
2351
2064
2529
2385
2440
1086
1846
2406
2082
2324
2440
1684
2758
1709
2104
2513
512
2301
1286
2212
1010
1963
160
2433
2464
222
2469
2271
2271
1256
2539
582
2106
106
2406
2030
840
314
2326
2471
2601
2190
1196
272
478
224
2456
434
2094
1406
2290
2490
2283
2303
2049
2714
1076
2321
1580
2196
768
312
2247
2455
230
882
2128
2333
1604
886
1004
2305
368
74
1392
924
642
2153
2330
1222
2107
596
2413
388
1474
1812
2149
916
624
366
1382
410
1810
160
2221
1804
602
1758
1990
2443
354
1706
92
228
78
2090
2379
2671
678
2248
228
2083
366
332
2148
1324
516
1712
476
1030
626
632
342
1906
10
1034
1960
328
2194
188
2134
768
292
862
2445
1248
2173
454
1969
746
1206
340
1704
400
2033
1112
2633
2185
1286
1818
1176
2070
384
1082
1522
2070
1004
2229
2206
744
1750
2494
932
2209
1336
1158
1864
602
2370
1122
1278
1036
1026
2204
704
1766
2290
596
2016
2370
1506
1948
176
2436
128
2639
1706
2138
852
146
492
232
204
2253
226
2461
2082
2219
908
2011
2180
2367
1304
1196
1306
2528
1182
456
198
1158
800
258
1590
148
1660
416
1436
1976
2283
1326
2080
502
162
2680
1350
312
392
2111
2520
1584
690
2226
1584
548
410
352
2315
2343
320
706
770
1252
676
2554
1092
2052
1590
1068
810
2332
326
2089
2126
30
2456
2027
836
1096
1336
2242
2512
1993
1334
1294
2506
728
2273
620
1198
2186
1948
964
920
84
1766
1912
788
1840
2012
2374
458
1012
2
2504
2007
2131
2234
1254
2581
2060
268
2324
1440
902
2294
1768
792
2115
1510
314
752
2424
444
1280
2449
2064
2173
2332
760
538
1004
590
554
164
2165
682
110
72
350
884
1030
328
1774
468
2179
1652
1878
266
2513
2203
10
1297
282
290
34
6
1172
1228
2621
428
2130
1750
2581
1722
2141
430
2373
650
2425
1208
530
2245
1342
92
776
600
1146
860
2045
2165
2626
2262
2225
334
392
2209
1320
460
1380
296
2342
2269
1662
316
454
1653
2076
790
2565
1176
2313
1716
678
314
500
1350
1977
606
502
1989
634
706
2722
1956
2225
800
816
2275
216
324
2174
1010
1874
560
722
1056
1856
132
1436
260
2140
1038
1984
1963
2114
846
262
2281
378
2484
1570
2377
2273
1392
174
2111
1022
2407
2084
2501
1230
1138
682
2060
560
56
2266
650
2012
2236
1080
2029
1012
314
1248
1806
2417
2491
210
2150
886
1868
1492
1919
1152
1750
1282
2248
2294
1230
2255
2136
354
1388
1330
448
28
932
584
1734
16
2037
2407
650
1232
2408
1300
2431
1646
1110
696
2432
488
474
1330
164
38
1124
2482
978
240
920
2488
2287
1548
2147
2118
786
2158
1568
1142
512
670
102
2150
1586
1048
576
2551
1096
2162
1630
436
256
774
740
1346
2551
2283
398
414
2289
324
1380
2282
2273
390
288
2261
154
2008
1901
1060
1857
862
2548
988
474
1098
2300
910
2418
2366
890
290
2493
2026
1178
1238
2038
358
2299
2107
2157
2036
698
190
206
920
606
2254
954
2374
180
1788
2340
230
2179
2292
2389
1264
864
10
258
436
1142
2262
2216
990
1965
1434
1512
886
1865
2356
1804
1484
1154
2160
1252
734
2060
1981
1912
1989
2423
286
1410
668
2104
1516
648
718
636
1074
2272
1955
2128
670
434
2240
734
2357
1414
152
2006
2594
1768
634
2047
1530
2234
1122
2121
786
248
1574
520
1907
934
1090
136
222
1590
572
18
1464
308
1170
1856
910
178
102
1200
2343
1296
2678
1256
324
2089
2282
2294
434
764
1815
2286
2349
1512
1588
1322
2126
2580
2095
2254
2188
1346
1418
1394
2294
480
2521
2165
2509
2155
356
1092
402
160
46
1656
970
1032
1672
1450
460
1270
604
778
130
1766
2332
2287
1134
1132
722
1008
2732
2191
550
582
2111
774
820
1116
2442
2324
324
2322
2385
1939
1994
1366
20
1630
1348
2480
872
636
1864
1802
1020
2090
122
1038
980
260
386
1096
1372
2279
2559
596
2290
2101
482
2126
1963
570
1624
1512
2126
1458
650
492
794
1900
2350
2398
2300
2150
2208
642
2625
1480
2011
1016
1378
2427
3738
608
1924
2692
2330
1912
2210
2201
2002
380
270
1772
2245
412
1787
2448
212
2259
372
1970
2324
982
1630
342
2393
492
2129
2251
2365
266
50
440
1596
2483
220
814
706
2478
350
2188
18
74
2099
582
2390
1682
828
180
2230
2319
2392
1352
620
48
1524
2354
2325
1134
1584
138
1230
308
614
236
2187
2282
1896
98
1298
2074
2008
1816
2059
1926
192
432
560
1784
192
86
976
476
1464
308
48
604
1470
1066
526
2336
1656
1322
1724
2409
1022
356
1284
1996
466
928
2438
2300
638
2480
1578
2611
1156
2222
64
2291
1276
1682
1722
2220
1026
738
1935
962
2387
2624
2474
2233
536
1915
2226
56
2236
166
1970
940
1985
324
2408
2322
442
1986
128
2332
6
1418
740
942
772
636
2429
2233
1826
4
112
112
2474
1028
2175
1955
2123
434
132
44
312
1232
470
136
1172
22
2152
1274
1282
1862
708
1510
2343
1707
244
692
142
626
2327
130
1370
140
2410
1892
2421
426
98
290
520
572
1590
1326
2083
962
1588
1310
180
624
2580
708
2133
2410
1681
2378
1807
142
1144
2575
1804
274
2457
2504
2121
2578
1056
510
612
2183
926
306
2202
52
222
274
74
314
362
2287
2199
2480
898
584
878
112
2467
1854
986
1668
2476
2369
2153
208
438
796
1332
198
834
220
2288
2128
618
2750
1424
502
1782
302
2200
404
680
1989
2017
166
1948
826
2140
1042
1662
430
2269
926
1972
1820
536
2018
64
2167
2250
2498
1424
2053
2258
104
626
2404
2008
2231
438
2049
608
1636
1354
2069
324
60
1896
208
2128
1660
18
1721
1112
1400
324
348
488
48
522
926
2381
1766
2391
188
552
602
1146
2446
866
58
1446
366
10
2049
1536
2490
1354
2250
868
1068
294
152
1376
162
2280
744
1894
2501
3275
438
2492
2340
480
2302
434
70
732
2549
394
1448
676
688
2124
1072
2382
334
308
2681
2311
2528
2200
2370
638
2283
1806
2169
2435
1136
1496
2158
2210
868
880
954
570
2375
2156
2155
1926
2298
2430
204
1770
1794
926
408
768
2001
2441
1790
716
460
820
128
2315
2090
2308
1993
2285
2146
2373
2090
2323
1196
944
220
2216
1188
2362
308
228
100
1156
2360
1178
2413
2291
2536
1933
134
2388
2210
196
1422
512
1916
314
1532
10
368
110
70
2460
1048
2208
2191
1390
228
52
46
22
230
464
2110
1092
168
406
1494
2516
2238
1318
2584
2632
2115
1934
2501
1790
608
4
1188
546
2329
2199
768
56
1456
42
1220
2328
1490
2260
492
2018
1134
1182
2291
164
520
2319
1642
848
648
1840
242
114
1690
2120
1884
2144
1088
286
2308
1654
1050
290
128
636
1552
1246
1534
504
842
54
882
192
380
288
2005
2352
2143
342
626
2234
1042
2091
156
14
2288
1410
2181
2239
1786
2238
1982
1490
2822
1520
2396
1036
1432
1334
314
900
2070
188
312
2066
1284
1894
286
1777
516
1820
1548
2502
2060
1224
2523
2378
1839
438
1808
2280
1784
696
1982
2111
2436
542
1584
222
340
1892
2411
400
1050
1202
116
232
2074
1578
8
36
286
434
1450
1010
1730
2757
414
2080
984
192
1859
2183
1848
2508
158
2158
428
414
2021
2051
1384
1176
182
224
220
2439
362
886
128
2158
2156
2511
1170
186
194
2187
2046
456
344
2210
78
124
2004
2076
1226
2541
1562
18
270
744
2374
2260
2848
1428
2002
1280
568
358
130
326
36
1988
1118
2283
2381
2513
1092
502
838
2134
2318
1725
1730
1754
2333
986
1036
1214
484
1896
324
2552
304
2000
540
614
1832
2235
1943
2343
1044
1880
2184
1432
306
2356
2345
734
2442
1256
1202
50
1042
2430
1812
64
2134
662
1062
2030
2494
1744
2022
1590
1933
1944
1134
2304
138
2077
2471
1906
1562
116
1428
870
1925
18
92
570
456
768
486
776
640
986
1454
332
1731
1000
504
2076
1850
198
2132
1762
116
2162
638
2209
442
202
2610
1750
770
1824
1868
1316
306
2113
2256
1754
2414
282
2395
802
1928
1022
1592
244
2150
1500
42
612
2180
2222
1100
1542
2165
956
2010
2201
648
790
1424
1156
1108
346
1462
2430
1294
1900
1822
2346
434
610
2212
556
1366
1492
1362
2003
2040
10
2322
2042
2458
2174
1600
132
2014
2535
1937
1378
2180
2192
1822
2458
542
2374
1394
1534
1990
1060
2188
362
2094
990
1726
886
2382
2408
14
22
2134
2467
2370
6
1228
560
1913
2253
802
1326
2474
1632
288
1660
578
2249
1094
302
246
1192
512
672
758
2315
2406
2067
2492
288
860
3093
434
1943
966
114
2400
2376
2472
2445
1318
76
2699
1966
2163
1482
1878
2332
2123
386
792
572
432
1348
660
1663
1648
1002
762
2617
694
350
170
1502
342
2666
208
360
10
376
2277
2071
1206
496
710
150
16
2206
430
2156
1926
74
760
368
364
1410
1116
100
2194
4
480
722
2012
674
14
2114
560
422
484
2511
476
2561
408
328
2282
2038
1959
2050
2170
570
1340
82
672
2186
1024
832
534
1490
834
2133
2104
708
756
460
6
2043
1648
422
2226
1162
114
1094
2070
1322
2079
630
462
10
2226
988
2104
2569
602
2208
1710
230
1690
1436
2367
2658
380
202
1390
1948
294
14
2448
2191
974
204
2124
2366
2155
448
2611
2240
2439
2030
2096
2112
164
140
1004
1736
18
136
2341
1430
40
1028
1949
2182
2102
2161
1872
194
48
2075
1050
2016
136
2370
1438
2144
1198
308
2373
740
1232
752
578
1576
2472
174
970
682
2274
440
172
216
2493
392
956
1534
2557
2282
182
864
2176
416
1116
486
328
2153
2241
1188
2072
266
256
256
416
1218
2282
2255
884
1138
1150
2404
894
2291
1372
1406
348
1384
208
1432
194
1890
2070
100
1748
2357
2146
2149
2575
214
8
854
494
1424
2094
1861
2345
2428
552
736
518
2163
194
198
258
2101
1332
560
2014
2207
170
1760
2296
764
1596
1600
790
258
664
116
366
940
2150
570
1202
34
106
2406
2062
136
172
1126
840
2231
1360
560
660
2348
10
768
2360
2248
1752
142
1904
2629
1736
562
2130
910
2091
798
2196
2301
444
108
2423
1034
2169
2376
2462
1790
1078
2637
520
848
242
1342
822
400
1786
1772
2042
492
2087
960
202
768
2610
1044
128
388
2277
2348
2472
2375
266
2505
2470
754
1800
2286
2295
2261
2775
2369
1872
2326
1228
1878
308
688
2063
2328
2224
294
582
368
2321
552
278
2271
2069
786
378
302
1846
2344
1828
132
122
946
152
686
390
2161
796
2051
1586
2618
178
1736
138
2313
1672
788
1948
662
1050
1490
1758
158
2499
1172
1048
1272
2476
2368
1664
1200
1082
2519
2502
2406
2132
2204
2046
2375
1852
292
1320
1506
2394
102
2071
2474
854
672
838
2164
480
1592
1202
1752
2104
1448
894
2534
286
894
1390
444
1264
964
262
1492
422
1733
2315
1844
868
36
1298
1692
2072
2089
1578
1322
1038
262
568
524
726
682
1614
2175
336
414
128
268
1094
1002
914
2162
2123
168
1136
392
540
1356
618
2285
920
2272
852
1898
1066
1088
2096
510
2195
1936
1156
1028
2609
388
1788
2041
2348
1682
960
1926
2220
556
2324
642
2641
2386
210
120
1618
1076
20
916
648
2250
1062
368
46
810
18
1866
974
1214
1094
1114
1594
1955
642
2182
2475
1810
138
446
2391
1736
2227
846
146
484
1470
1296
250
476
2385
2092
254
1152
38
2471
2396
598
392
824
510
2460
2068
2954
1904
362
1884
22
648
518
1082
124
28
356
1990
164
2086
176
1556
662
2046
1450
660
1164
720
1040
1670
1957
864
432
2291
434
2236
2223
2531
2157
1804
588
2242
598
2064
914
508
2127
94
2060
2523
2468
1214
1124
2258
186
296
1488
1018
1944
512
484
2376
2494
676
8
810
270
2319
1672
546
548
842
1548
1638
1758
844
2141
1992
2386
2400
1446
2022
2298
1370
708
760
1734
2328
1970
1024
510
1198
1422
1947
1762
1260
1833
490
1132
1877
156
1840
2112
2279
1442
816
2115
72
2163
1068
2340
1138
418
2611
2211
2523
840
2136
228
1052
2430
232
2135
1038
1544
2364
2106
1256
2216
386
1860
410
1975
934
1506
1818
1700
2478
708
1536
1432
170
2096
2194
498
564
624
2392
2360
1154
622
2600
2093
2006
1656
50
2448
2298
2406
66
2485
996
868
2159
2142
1132
2364
2172
6
1694
1930
92
670
294
998
776
1070
1044
2287
770
2357
1948
652
2300
646
2457
2396
100
2568
2231
486
70
322
1120
2075
600
766
1336
2389
860
540
1972
1698
2158
2322
506
212
568
500
2488
258
1630
1072
1132
1798
1808
1054
1860
156
1626
934
2235
1138
700
470
872
2235
1440
154
3748
254
446
2505
2254
1930
2076
504
2185
1810
424
440
770
2062
1450
120
2382
2156
1658
1924
640
1510
314
764
342
2400
2297
1802
2170
536
2444
172
1997
2228
1522
112
2136
426
218
2136
298
2033
2231
2504
1016
328
572
2123
1392
262
2134
2291
354
190
728
36
1714
508
2101
994
2142
2411
496
788
226
2112
2556
2624
2535
1402
576
896
2147
1881
2156
1258
2303
2215
1760
986
2513
946
2374
1642
1184
146
1902
2046
950
998
742
1898
454
914
546
2334
1897
2093
214
1664
152
216
2199
662
96
562
2163
2383
1126
2197
14
2435
2526
2184
906
1921
2044
1176
1004
556
348
2134
2199
2629
1102
1414
118
2362
1738
330
1826
348
2504
994
1342
992
500
1196
1932
1138
1490
66
382
2510
118
2284
752
2351
2328
32
836
1238
16
930
2464
778
756
814
1376
2209
256
720
94
2332
618
1074
194
1638
2282
1280
1346
2296
1138
2594
928
328
1768
2678
1128
1586
1112
4
932
1074
446
2298
2464
266
382
2036
1756
732
2239
358
1402
1856
1190
1568
206
1076
2286
962
1100
1466
994
2555
748
2004
2204
696
1742
914
2284
1680
998
204
804
544
1632
2002
1882
250
170
318
336
2270
1252
972
740
1366
1985
1859
118
2124
2121
26
1300
846
686
2105
1464
1642
826
336
1116
216
2191
2408
440
2340
444
1180
1410
1796
1664
826
754
2444
2050
2523
958
482
156
384
1600
670
714
250
1142
2610
1194
1252
2395
530
1174
690
374
488
2096
1484
732
2243
1300
1130
1208
1822
180
1258
2130
252
272
1524
2216
1626
1120
1466
2333
1340
2009
144
466
1622
1978
580
92
1548
1432
396
1328
1664
2264
2437
2073
1260
242
1738
2445
842
1314
1751
812
2491
2156
1006
2250
2015
1042
1826
1554
2227
1200
378
458
2089
634
2205
2494
682
708
1672
2354
1542
2305
288
56
1520
228
1244
2071
438
818
462
2218
2016
1316
1022
386
418
192
2491
2091
2540
812
1152
86
112
2076
918
2243
314
2235
2090
2432
484
1816
2400
1726
2259
2236
2526
56
2524
52
1596
188
1132
912
1618
698
2435
2169
350
2020
538
2440
2172
566
1983
1256
2106
190
148
2180
410
1922
58
2373
2393
1408
2034
2
1961
1554
2438
510
1256
1046
2750
2462
10
736
228
258
2633
2187
304
716
2596
86
1388
2044
430
1026
508
2010
2197
2214
300
2537
1380
1880
2004
360
2673
1612
620
738
1896
1776
2560
2018
2329
2155
1236
120
2589
2203
1720
34
2076
608
738
2066
2251
2502
1272
1730
2365
1804
2534
2049
866
2103
1707
110
2331
848
116
1126
1080
2060
474
1024
1791
30
2392
1670
732
818
2489
2028
1224
82
1112
2113
1006
740
1702
1904
308
320
1390
2444
112
1108
1966
1004
2292
258
52
288
46
2313
2404
154
1732
2376
2384
2073
2385
844
314
1927
2182
1846
586
2158
646
1164
2466
3032
178
1112
2214
2287
310
170
1630
1406
98
1554
2531
2616
1630
884
1206
154
474
1128
1362
108
1110
26
2380
382
932
1805
374
2102
132
366
1476
2418
852
434
2461
4
26
196
2622
2111
726
124
946
152
1180
1030
694
1620
1926
2239
336
184
1410
1248
2060
326
1828
1618
330
904
1802
1902
242
588
318
2184
826
1800
1148
2626
1636
2364
848
2620
2176
708
1430
96
2375
956
324
2260
764
502
210
1806
1006
126
2122
1694
2432
1670
1374
1414
738
10
202
1058
2134
1454
1746
262
516
1820
744
122
1320
1222
2528
774
1186
1802
1402
2259
366
2278
1985
1699
2460
1186
2363
1370
1560
792
168
2219
1126
2665
2202
618
166
2057
2488
2012
2054
1086
1698
1160
2256
2251
442
2432
2462
1444
1442
1018
1922
426
404
2372
1594
620
120
2014
2271
1416
2072
2122
1680
2158
586
2192
2272
2155
2274
972
962
2175
184
236
1148
740
338
294
244
1556
1272
2150
2124
500
902
2565
2174
1094
14
1944
2088
1662
2274
30
1614
2366
588
3118
2066
1804
374
1986
438
1642
2359
2226
28
282
36
2197
2995
1634
370
1694
2363
2336
466
768
1304
556
846
68
1938
1158
