66
2106
1856
2002
2419
476
676
1370
2497
1306
602
746
152
2021
10
2220
2282
1730
676
24
2078
104
240
2337
1558
1238
1548
1398
1860
66
752
2
1180
2114
1834
270
2088
1098
2072
1308
698
2211
2331
2331
234
382
872
1874
1953
2368
2342
1608
96
2078
736
182
992
2257
100
2298
2173
1924
310
2177
2478
1078
2348
46
398
2054
1580
2197
568
2315
2457
160
650
1472
680
2284
2294
92
468
322
2709
2150
170
1638
186
1926
2246
2263
846
1202
502
3878
950
434
792
190
278
452
4
1963
2010
1330
372
156
884
2199
1608
2456
682
542
2505
2238
254
1124
1006
2014
1696
1260
148
1284
2353
1586
2128
216
758
328
2339
692
1304
584
2598
1622
1388
1074
2462
546
336
2357
316
2532
690
1760
1668
1144
484
2618
396
2034
154
1796
546
2084
990
1920
1618
784
512
2259
1656
1172
1754
188
230
1504
534
466
1989
848
1112
50
2998
62
56
560
828
410
214
1234
1110
2212
1242
2266
522
2230
1402
2084
2154
1058
964
276
2208
2639
1446
2498
1961
2185
1755
202
1930
1058
1392
1162
506
656
1558
1440
2165
2427
772
1344
774
642
2530
2208
2281
318
254
2186
2433
2040
2217
1652
2289
174
44
2088
1913
1694
352
2265
2336
338
2409
2415
2113
2296
546
822
2432
2077
1352
282
1046
2197
568
618
2167
96
1916
2198
2481
1906
856
646
2298
2249
1210
1972
562
2379
2303
1670
2261
2232
302
1270
1684
1618
2198
2133
1486
1460
1892
1991
2324
2221
2465
398
2554
1224
2116
1830
1526
108
1288
1692
794
78
178
58
28
2628
54
2308
2446
2132
114
1991
222
622
1518
982
1080
936
1876
692
2144
2049
674
822
2490
1962
2131
2428
2545
2476
1374
2257
1578
2332
1556
1024
1458
1902
908
1630
272
300
2103
54
2356
138
296
1900
690
570
2338
1038
386
1784
744
798
1819
744
586
558
1816
758
2134
788
406
460
196
2278
196
2018
170
2027
908
2131
2319
2254
1735
584
2407
2171
1832
1230
2628
536
2325
2026
444
586
1931
382
970
798
954
2207
470
542
2325
1476
2236
2443
402
30
1000
1660
2113
2012
2576
558
386
686
2604
210
316
282
2373
2513
1008
1954
692
956
2490
1618
2067
1758
1990
796
2389
2185
556
2416
872
584
1186
2068
2208
1172
1164
392
2084
110
802
2460
2428
448
2126
16
816
1398
678
664
2566
1044
1974
1970
322
200
46
2345
1108
340
328
656
142
1276
762
1270
780
2378
2308
1944
160
1480
1656
2344
580
2553
250
2044
278
2066
586
1671
2475
2232
262
2213
346
590
2338
1788
1848
2573
12
582
2114
546
2492
1798
408
2691
1144
754
2517
1786
496
2288
408
1630
2318
1844
2469
332
1398
2694
2120
2344
904
126
2448
134
28
1278
764
454
2162
1318
2210
1808
984
2103
1956
1030
1318
78
1952
936
2464
2265
722
1979
508
1064
2426
1390
410
2475
610
1489
1822
1806
2132
2405
2357
2196
356
1292
62
170
2345
2245
2307
650
1134
1058
100
2196
552
2366
1020
22
2534
114
134
2241
32
1860
2391
1018
614
722
2225
382
608
1904
1523
2450
1230
2087
1880
116
1408
2362
2034
870
42
1885
996
2331
2344
2677
1890
1356
2510
2104
220
376
490
1736
754
72
2623
1906
264
844
326
1799
868
2554
1026
1967
2206
1118
2544
2162
2350
1879
2332
2090
674
1540
900
914
232
746
250
1932
2012
704
2223
592
2252
1446
2429
894
1580
1258
2343
194
1678
1848
2208
1674
780
2313
732
94
2452
796
2334
952
824
1744
1754
1362
2204
2608
114
1927
1424
2776
864
178
604
1584
1232
2355
522
446
2378
2368
2156
1828
1854
1398
2099
2379
2393
672
766
674
2516
2665
146
1466
1404
2400
1370
2531
836
178
2229
1374
428
590
2545
1702
1794
318
1608
1869
1494
1691
724
1302
1368
2357
364
2262
2475
2573
134
2522
2665
464
2149
1226
1876
276
610
1448
1008
332
1328
1784
2470
2209
78
890
216
496
1770
1934
2254
2536
1252
796
510
1514
1504
2265
2183
788
562
2153
2146
352
2042
2177
1386
384
524
1760
398
1968
1812
50
2228
488
420
702
1843
2121
1388
1226
2104
2229
2071
1758
918
1484
182
1530
2509
2294
1815
2203
2283
64
2421
602
840
498
510
2400
658
1949
962
2194
398
1776
2102
1426
2108
292
352
486
696
1871
1896
1114
2370
1040
540
1640
1202
1090
1190
1678
106
228
796
1873
978
1170
556
1820
246
244
678
148
718
2286
2094
2108
974
2098
2533
372
1076
2215
2421
118
2378
128
2291
1418
2440
1590
68
1078
152
1164
668
936
968
490
852
2195
1616
150
2217
1979
2133
224
18
278
1986
1836
532
378
368
778
1050
1672
1392
1200
506
366
2125
570
258
2154
2090
680
702
276
2195
652
354
2323
50
2474
2434
2136
1895
58
2188
1724
2259
1992
502
2266
2276
558
2231
1216
438
136
946
2143
2092
2296
68
798
1240
1842
2048
2449
1494
938
1952
328
2072
2318
2114
388
330
160
2186
1832
1024
1964
1332
2130
650
1646
694
1420
242
818
610
26
2308
424
102
258
2216
1636
192
574
330
1380
2237
802
170
264
2850
934
172
1644
214
1382
1080
1400
28
2133
530
480
988
46
1793
252
3094
2513
2238
696
300
352
808
878
2291
1380
1010
1648
1320
1040
1682
1342
2200
2134
2172
2646
2363
2300
630
2113
160
1812
882
1714
742
2080
2065
710
328
100
402
2573
2114
2565
2151
2430
2143
274
2174
468
924
604
450
2234
1935
1502
2490
2293
1064
2069
556
2444
1548
2471
528
566
1676
1914
1556
306
2220
1981
2480
2466
2473
1008
104
806
2224
904
2307
2322
2303
2151
2260
720
212
1944
1926
492
252
792
1262
2028
244
58
1826
974
192
2224
616
1240
2746
818
798
1486
2049
2391
34
2512
2278
2140
2357
2035
1204
2380
774
250
1546
764
768
1334
2142
972
1100
20
266
2170
1502
804
1346
670
1757
2398
18
332
2302
444
2657
1662
1484
370
470
788
1692
1280
2378
2281
318
848
1760
540
2120
556
2474
1622
2238
1732
1788
1934
1778
1942
166
1917
2020
1502
60
2268
704
728
2676
2248
2179
356
206
2012
1494
1718
1592
2272
512
2294
268
2256
2573
2513
14
2714
1798
2307
1762
1116
2059
12
350
1116
680
334
430
2432
1374
864
304
1900
384
804
2495
1110
1166
2472
316
794
568
1918
726
1826
1078
1502
2461
2440
1972
452
1282
2039
404
1520
1976
522
744
1838
2448
1088
2120
798
1362
292
66
2276
2018
1004
3294
2252
1344
1606
1789
1734
2427
568
242
794
1852
2444
280
2577
316
1314
1697
340
2001
2490
2038
564
850
290
772
1334
1336
26
2468
1686
342
1126
1950
34
1298
2157
2285
2543
110
1670
1266
1917
674
1588
978
734
2071
128
2396
66
1536
2458
334
90
492
1788
1662
1998
1330
176
72
1578
1930
2300
742
528
6
884
100
1918
2618
2197
874
604
1448
2264
1268
2024
852
2633
902
2002
2321
2174
2387
822
2164
1788
112
1946
1979
1200
2384
2310
2550
1625
1834
256
450
2279
1422
644
2288
410
740
1028
1342
308
1110
790
768
444
1314
1084
2478
852
2219
2551
1258
2268
166
14
2306
474
1424
2463
274
2824
1316
1576
2200
216
826
510
724
444
1172
1266
2100
114
1668
1326
858
790
2672
1995
2645
62
1346
2448
118
2016
254
2206
2306
1678
408
1370
2144
654
752
1274
2283
1866
1949
678
1126
468
2860
2098
742
586
2160
1354
2234
476
1238
1744
852
2088
1286
2422
2378
1966
2193
2501
30
1722
310
238
76
1068
442
1178
1224
2296
1448
2529
1869
156
832
424
502
632
820
2156
1476
1976
2183
1166
2427
1026
2258
2416
206
434
676
1404
454
916
644
650
2489
614
466
1738
644
2092
2462
2090
858
1338
52
2330
764
1508
878
160
1775
2253
2442
734
768
1062
72
152
1594
2086
2220
428
1912
456
1818
2399
1096
218
2117
1546
814
142
732
746
286
2088
840
340
34
234
2417
1668
1442
1108
768
1618
688
1032
156
1718
98
696
2369
790
2172
1805
2073
2109
256
2466
1144
76
250
732
2988
700
2000
498
2255
1862
594
1934
948
1972
726
1982
310
1416
1132
2490
1822
114
2408
910
2376
150
2428
1222
2047
2450
72
1230
838
646
1306
1876
282
2088
2245
1364
790
754
1732
200
968
2358
44
2563
722
844
1158
1720
2319
1462
2297
1254
2337
1452
1012
1378
2425
590
1460
1614
2409
1164
2319
2572
130
2278
2354
78
2246
1516
48
414
638
2315
358
2418
362
2208
2459
2196
2084
32
936
1358
2553
2278
14
694
1472
2286
772
1590
1506
2009
962
2713
2284
1852
2438
2291
2129
2436
76
2046
500
2338
226
1378
2312
1743
560
714
880
1344
78
1864
628
1330
2062
1080
2515
2608
1208
2570
2212
2609
458
346
1468
1112
1412
108
832
2431
662
2114
468
1544
2105
918
898
2079
2383
2291
448
320
1454
456
2274
600
574
472
410
2263
1862
528
744
1916
2316
2190
1588
324
764
1340
1612
126
970
2435
2268
496
2709
1913
18
2002
168
438
68
222
610
1898
1340
2690
1052
348
480
2624
706
2350
2357
1664
696
922
2416
156
2453
6
2240
674
2046
2268
2430
1242
462
2370
1130
1610
928
2385
480
1272
2466
2151
228
690
360
1334
1126
70
1294
2224
1811
68
2096
80
140
1494
810
1578
1526
1754
1971
968
568
2642
160
2421
584
2166
358
2078
746
562
670
1364
1026
134
50
2478
222
764
70
736
1736
478
1554
6
2177
1888
662
2202
172
842
1820
300
712
2086
1584
2174
1010
2302
1336
406
1996
874
2558
1392
774
1700
22
954
2098
1700
622
1166
2502
2081
2285
1506
2421
540
586
1514
844
360
536
850
2777
862
478
2491
988
100
2239
2342
712
726
1822
2307
446
1250
860
160
734
64
70
2054
2077
668
1932
2662
2330
768
438
1322
270
92
2470
1176
164
2208
1919
50
64
2091
466
1030
1164
64
2114
1196
1805
2317
2244
2491
2307
1816
286
910
2046
1950
2201
134
620
2233
44
2034
374
2390
374
1284
76
2191
1756
464
284
2221
2307
820
1925
94
2133
1482
652
626
2210
508
2151
1722
2515
2355
322
2516
1468
2481
458
1928
2493
1150
80
2218
1478
1992
2163
314
2623
222
2337
2066
2
598
788
32
2338
2576
1814
650
2
2438
2203
1238
688
1940
226
2343
2146
2324
2628
1278
1995
338
1562
2074
976
2002
1965
2235
510
2451
2205
2354
1732
622
2078
1446
1734
798
840
368
22
260
1686
1428
294
326
2038
1138
1812
232
176
1611
514
714
1710
1222
492
1548
2339
870
1296
1286
2422
1458
260
462
1862
1050
320
820
1698
708
576
1256
262
1398
726
320
758
2420
162
426
2322
2444
2001
1044
1922
2273
172
2056
122
1961
2034
2284
720
614
500
2457
2459
1718
1140
846
2516
296
1859
268
480
828
2048
2265
10
804
1104
1078
1822
1548
2129
572
156
234
1548
438
902
1630
1616
1817
1778
170
2486
1402
1600
1248
2088
916
1274
1122
1914
2644
916
2430
2247
2376
2043
1740
2522
192
750
142
1498
2000
110
2056
1696
2465
2437
2070
2302
62
1879
2493
1392
2529
2053
206
1990
2321
292
380
1054
1062
274
2605
2505
1084
2316
586
2537
2190
98
2159
1432
458
2094
1800
1022
50
2046
1168
862
64
1732
114
2407
2531
632
2038
1420
310
876
2486
2295
236
1906
194
1622
656
456
410
1192
1814
2511
18
202
342
2037
1020
1256
2420
2029
260
2388
1292
1694
486
990
1612
966
966
1564
320
1126
1584
42
2238
1788
2517
138
970
874
1438
1070
2492
172
1639
2013
2465
1826
1024
2215
1480
1962
1792
16
2393
1028
1024
102
1516
2032
916
2711
506
94
2174
184
316
426
1956
1330
1983
590
2345
892
160
2232
78
2372
1562
716
1775
2047
528
256
2128
3479
2055
866
426
2155
668
2303
1496
496
1224
2120
652
756
2223
2262
392
1034
346
2365
138
2338
446
1714
2190
1754
1370
2385
124
388
2367
1486
918
1824
1496
666
1044
2174
1949
1826
134
140
1296
2172
220
946
2
2482
2317
2370
1008
402
1938
1082
2424
248
1849
2073
234
436
1338
1712
550
1708
1628
1774
452
1120
1964
854
2088
368
2124
46
2214
2232
820
1502
592
2288
14
1556
454
294
2447
2672
2111
1694
720
440
210
432
1758
1989
664
1792
2305
1830
1922
2483
1512
1132
1957
1656
2066
2015
718
36
870
1862
2444
2055
2056
1566
254
1168
372
200
2466
696
1450
1184
2184
2291
1056
174
82
166
2026
1930
2367
510
1010
2274
2307
850
860
120
2003
1652
5560
1366
1766
1544
1062
836
2517
1832
2042
2300
668
302
22
1146
134
2286
2515
664
1080
2481
2246
1338
2379
886
2523
610
1158
1182
2402
100
2637
1368
782
814
1956
2187
1172
1752
1296
48
70
92
1984
2105
704
2256
744
682
2325
268
2014
126
614
572
2310
2014
164
1086
240
66
2056
2989
2524
2049
2398
2296
2106
1536
340
1744
610
1566
2116
1782
1044
626
2216
2527
2274
1286
148
580
1950
44
718
1876
2088
2487
1150
768
2111
2316
2366
1198
1920
1240
1304
2014
132
2599
518
82
2018
2097
96
2084
710
1934
426
158
694
326
424
2128
1692
2359
2338
1740
2266
808
2313
1894
2383
148
84
738
1424
284
1902
1564
1050
1758
1804
2511
804
2509
1352
2059
1290
2507
898
464
2085
342
1170
1114
1654
2235
518
1062
2228
660
2094
660
2126
212
96
818
734
826
2382
2273
384
380
2326
2217
1572
1336
2061
628
2278
2002
2375
596
308
2459
1422
2512
1938
2749
432
2215
1040
2252
1164
2500
2288
658
2173
1352
1098
1176
2248
1160
930
2048
2492
1603
64
2386
162
998
398
922
248
1758
816
150
2540
1280
20
946
976
248
1902
2438
1906
222
2145
1654
1494
1538
2167
518
1502
348
2332
2465
652
26
2142
2475
172
800
112
1314
614
96
2353
118
2232
1030
704
1902
1891
1976
216
40
2443
248
1990
2435
304
176
1504
1328
1686
168
332
2056
2372
262
2405
726
584
502
256
1402
2040
370
2397
1076
578
2052
376
690
74
2056
872
2226
730
1002
68
2096
40
1340
40
950
1454
734
156
1408
1196
594
1961
2373
2191
264
2228
2350
1382
1683
508
2348
28
48
500
52
954
1556
1883
92
2287
2493
1536
1454
2379
2100
842
1356
1909
808
1844
976
746
2275
1986
1760
2194
282
2170
2446
2372
2404
44
582
1961
2192
1950
272
494
1236
2072
1180
728
878
690
2316
1252
706
1320
2074
2053
2283
2324
2094
1088
2756
148
2199
2484
1014
204
618
434
416
1296
1868
2324
44
984
938
2388
1138
664
2226
2249
636
2268
312
50
514
420
1126
1164
2428
860
290
910
2139
246
2217
444
1704
346
812
1334
2212
86
312
1954
814
1080
266
1318
2036
2066
876
1432
2597
2411
2256
1660
1784
1170
986
656
1966
2460
2400
76
2312
1914
760
1614
1944
672
2253
2400
666
454
2074
936
1202
2531
1422
1636
1336
1158
3319
1967
1160
96
2644
44
2064
1872
364
192
2229
2390
986
678
2408
2466
1830
200
2196
332
2438
1964
938
334
2532
74
2176
2060
228
1438
164
1891
1720
2361
1348
82
620
278
316
2185
290
564
2813
2237
74
188
1920
2010
762
2250
1194
708
162
1999
422
706
138
1456
820
882
2085
164
2434
1804
2432
1174
644
108
2324
2395
1612
274
2493
2325
2006
170
1026
1346
1074
3015
810
2036
1824
2164
2303
2202
2242
202
760
1152
266
2176
132
1980
2315
454
638
1750
704
542
2432
882
472
1772
2645
126
368
1058
2442
18
2480
1634
2154
316
1230
3014
424
674
322
178
1418
1312
770
2364
2571
1681
2472
1704
858
982
1224
1312
2088
1696
538
622
2389
2061
2003
290
904
684
1706
294
876
1894
788
2421
1650
2122
2409
2045
2130
2259
240
2494
256
2403
2082
1743
1760
2254
258
2254
2306
2083
2407
1506
1988
408
2604
1330
550
242
1812
1712
668
2276
1456
1450
1014
308
744
2125
562
1182
1686
310
60
1910
2110
122
2329
2390
1148
1136
796
2330
622
104
616
1862
304
806
2319
1997
240
1512
2210
2466
2253
2014
1058
1778
1748
714
2276
1534
628
2630
2340
1566
2230
1999
1066
1756
204
1482
2530
1682
2404
2339
2368
404
1106
412
2191
2476
2567
946
2624
1072
1820
1894
1879
2290
150
1410
1570
2214
836
142
1388
476
2185
68
278
1018
1170
2178
1238
234
638
828
1438
1592
2284
700
1456
1472
2247
2167
14
1980
2048
204
1306
1390
1324
2743
820
770
2582
2532
108
364
334
238
118
1038
2656
226
2413
826
34
500
2057
1652
2011
2096
556
1156
1804
1989
2241
2584
504
1220
1774
2186
506
2177
2050
1372
152
704
2318
2301
1496
186
2499
1696
520
2216
2105
250
2346
888
2080
762
2410
1084
2127
220
64
390
1104
1840
1086
452
2731
1384
564
1080
1742
1294
232
2425
576
796
192
2199
2278
1636
1468
158
2402
2066
144
448
2264
460
64
2228
886
1548
2122
562
2396
314
1588
2183
1948
2376
2357
304
184
2325
1145
506
1150
2467
2493
2250
2139
304
1098
560
1987
222
728
2186
2415
1368
688
2174
2334
1538
2150
894
2328
2507
414
152
808
20
256
758
620
2519
188
1488
742
790
1787
2587
1280
1778
1761
482
1418
1552
1656
2619
1844
2222
1774
502
2106
2390
598
2114
400
1446
432
190
8
164
520
470
2516
2455
684
834
1878
742
1206
2253
2780
620
44
474
