238
2095
330
2151
1346
2270
792
56
1778
2458
1050
1386
2406
874
2117
92
358
2235
2352
684
2305
1100
510
1958
602
536
1478
348
1880
954
2114
1901
1346
2589
2343
1740
2057
1342
2185
1850
1444
246
990
1686
2068
564
2252
2203
862
2309
2690
1192
34
590
2537
2011
1973
1528
108
766
2227
360
2141
558
18
1070
442
834
484
420
1270
1032
326
896
362
2364
970
318
2300
1056
1238
358
2047
2364
2094
1214
364
2307
1324
2214
56
2130
536
34
1394
1676
28
728
1881
2410
1226
306
2190
870
2236
298
1774
1270
1186
48
62
2389
876
752
1176
1404
80
2292
372
200
1913
2449
690
1944
1484
2250
1222
1960
550
1580
2394
2116
1490
2407
2608
160
1720
1616
2161
1136
2049
2197
2346
1270
2567
1158
796
2
102
2602
2229
2118
222
44
226
1258
2423
1320
2198
2341
2060
454
2480
232
1914
40
1749
1320
2020
1992
1666
1772
732
516
602
2180
2176
142
2108
928
462
978
1244
738
2369
2523
1530
1796
2274
1734
2093
10
2197
622
700
330
2254
618
2272
2030
104
1886
414
2599
1166
1498
2161
394
136
1288
86
1438
1286
1698
2440
976
1338
2449
1380
196
360
1232
2366
2572
32
1132
850
404
1891
440
2647
1386
1304
2283
960
2306
1188
2378
2161
1582
2308
138
2483
3115
70
604
122
1112
2403
2168
350
730
1804
328
88
962
1784
536
2490
2264
1562
920
766
2280
1302
1986
508
274
364
2499
2592
2580
22
440
1418
1800
884
1144
1088
670
252
656
202
1004
2298
1200
2106
620
1749
648
1206
1144
290
528
332
514
1706
2114
354
2363
1424
2042
340
296
1054
2593
282
748
2100
1710
2606
970
560
2447
1402
2082
1774
832
182
1064
1004
1152
2220
190
2049
128
2388
2542
1708
182
1846
1424
2159
1288
358
86
594
1534
856
1886
2505
222
436
288
1699
2644
2141
2498
424
44
952
264
1084
494
78
468
302
864
362
1904
2098
2402
2040
2042
1138
1814
972
2369
2337
1388
324
918
1356
2267
1624
2672
1238
942
1410
2290
1936
1568
776
2060
816
1883
1580
1480
66
872
2496
1732
2494
230
1408
1486
2236
2078
2029
1214
3198
2021
452
1674
2315
2375
1280
1536
2047
938
2430
1886
2276
1562
432
2039
286
922
2154
2234
610
2122
2988
2348
1194
2281
1064
1774
346
158
1316
670
30
246
2093
2188
2485
902
792
2117
326
2568
2506
1562
1921
2030
2494
758
1156
140
2238
1961
48
20
1454
2086
1867
468
2247
1746
2315
450
240
1154
352
1250
2544
210
1046
2076
2332
58
936
2142
2020
2166
2603
262
2556
1294
670
2043
370
2183
1318
904
434
326
1910
226
740
424
568
1294
642
238
2504
2427
2116
948
848
2176
420
2684
2438
270
1918
1516
398
2449
1170
2513
1112
530
112
226
1902
2328
1466
2138
572
1961
2368
1974
2050
984
1931
2309
2198
172
2104
1737
2073
1396
2263
878
2298
2
1326
882
2444
2267
344
2071
182
1914
774
402
1202
1831
1346
2374
2335
1268
734
1994
2091
2262
2284
1763
2338
1968
2235
2184
1973
2310
2652
122
262
1084
522
296
412
1868
1880
740
2462
218
86
1330
2224
48
1472
1848
1930
466
1804
2177
232
1510
2175
2432
22
546
576
982
958
1134
1758
2779
1298
1390
78
2002
598
814
1858
778
740
2115
1908
2312
698
308
304
1222
338
2290
592
2306
1740
586
1860
12
422
1788
902
234
312
2492
2503
226
58
2062
1138
1408
94
2313
2735
2395
1372
1202
2365
1382
90
1690
2296
106
1270
770
422
984
2405
14
1834
2128
1410
1620
438
1234
828
2373
238
936
2155
1324
2412
250
1138
2588
1911
1230
1523
1174
882
1892
12
2016
1310
296
2435
1074
1804
2511
814
278
1428
1980
1990
1296
2516
928
2061
1938
626
2271
560
2010
1374
118
2329
344
2140
2175
2202
246
1096
600
348
728
2324
404
66
2003
1068
1180
2052
762
1206
1999
544
156
2189
2284
1886
1772
2202
2411
2501
2278
2246
252
1512
2482
1312
1790
328
864
10
120
412
2279
1582
970
580
2273
2183
2018
2424
2023
902
1410
40
1366
2240
1068
814
170
2347
2585
1746
368
144
36
452
1436
1466
2351
892
1478
1246
1998
556
786
2407
698
2329
2408
1356
2011
1864
2227
2221
2315
380
390
548
2389
960
1938
2491
78
1700
1904
128
2546
322
442
334
1602
2767
2184
122
402
1290
1846
588
1834
1506
1162
2256
304
1230
1842
684
2317
1308
138
1442
840
1432
504
1162
68
342
624
490
332
2373
910
1858
204
1136
2054
1984
798
2122
1264
2236
2240
442
130
204
244
1194
2155
312
1462
326
218
508
786
2288
1222
2091
1740
276
378
542
1735
2104
2484
578
2371
648
2456
788
2164
828
1156
2333
344
2049
1014
174
1718
10
374
894
934
478
2134
1492
392
1754
1742
462
608
1684
1962
1196
36
1616
2112
2232
1508
2143
2176
2263
762
442
130
2301
2523
2101
1172
468
1010
494
2135
2450
2182
306
206
2385
1736
1720
2197
138
8
712
522
1788
2206
212
882
1082
2333
1542
2152
522
564
278
744
1398
24
512
2193
2464
1963
1700
1410
2459
2377
1220
458
412
2567
2178
572
250
790
2521
2574
1987
1905
162
2714
2054
636
1090
834
1218
1942
1778
1938
118
414
72
1722
2424
2274
194
2104
114
1270
934
404
1702
2324
2125
3519
24
692
1722
816
220
2346
2487
2824
748
668
342
2473
1830
1138
44
1680
554
1592
1560
2096
634
1743
1484
486
2458
840
486
2616
1558
2514
1978
2362
2132
2335
150
796
2174
2344
164
2116
504
684
1704
1540
1542
78
2367
368
2228
264
2484
2306
2188
64
740
2158
2145
688
2160
2195
398
1644
2559
2293
2361
322
2336
324
388
2685
534
962
1912
910
2158
208
2370
1460
478
988
2026
2452
1036
204
176
808
718
1692
156
932
1386
1366
2248
2483
1458
2196
170
2327
1306
2176
1226
1482
1472
1254
164
1570
1532
42
2435
1146
1596
1286
492
2464
2252
2550
344
316
2429
2204
222
1903
1560
2152
2109
2040
408
1110
736
2008
22
1300
1300
1820
1136
2286
1286
1622
918
1558
2015
2064
2243
474
1026
420
112
96
2230
628
360
1188
830
2296
1996
1474
2116
2047
48
692
1122
1282
1975
1747
470
2296
1210
1430
1044
1720
472
392
224
290
1836
554
134
1074
254
1462
304
512
2204
2474
1856
1218
2157
604
2516
158
1956
2306
2052
746
2356
346
202
638
1128
1991
1556
570
2253
2388
1316
2080
2019
1012
1018
2296
2498
2064
326
1882
572
2210
2204
2034
1982
1402
218
394
2229
1200
238
322
1730
254
846
32
1943
2112
1672
2493
112
2143
1218
1576
94
108
56
750
690
2272
2156
854
2212
1498
2406
2463
290
1724
1846
1150
2227
2008
1684
940
278
1034
1080
1624
2421
68
2142
2442
1526
1078
3071
430
1078
2346
466
932
346
494
2095
1254
326
820
448
206
1080
404
2339
1030
2376
2117
252
2340
1897
578
2065
1858
184
2149
1596
214
2439
2115
140
628
1696
386
1898
1004
4
2409
994
1288
1412
1418
1538
1132
594
1712
470
2096
2312
810
2551
118
2157
414
968
1968
2140
818
296
2204
1716
310
1976
2419
954
2050
1330
1308
788
730
1116
1170
2402
26
2244
1032
1484
2530
1967
2548
574
2088
1076
2135
2449
1500
2201
236
2635
2110
2173
2397
1942
2120
1172
1070
2086
16
2503
350
1314
994
2618
2028
920
776
1736
2592
2411
1582
94
1312
2716
1804
306
2112
24
2380
564
256
2954
766
2140
2382
2653
2089
2281
2229
2325
360
1940
176
70
1988
284
978
1586
1034
2140
1534
2030
122
2466
2336
622
202
2172
1000
886
756
2430
892
2160
1220
2364
1929
1354
2716
2405
1998
762
2119
2177
1238
726
1056
2556
486
524
2115
684
2206
1076
1318
324
2008
2172
2597
2261
30
2008
476
278
1344
2531
1568
108
1974
422
880
64
2180
2405
3458
1774
2218
1864
2272
2074
2697
1498
2424
1402
2347
1750
632
2172
816
2120
292
2166
1987
2101
2116
534
2346
266
1983
2098
1590
2346
2387
30
892
174
40
2232
2393
238
144
558
694
2235
2729
1989
314
388
214
1068
556
1931
2120
274
166
1000
2197
1200
2440
916
826
850
2058
112
212
2098
2530
642
874
2264
2651
2292
2203
688
294
1530
676
102
2083
498
1974
24
1269
1162
2390
1802
2491
2373
646
1980
186
820
2285
532
802
28
2180
1002
898
2127
2041
2076
936
1028
2591
2153
1200
1578
276
1312
2284
256
686
210
2080
2315
442
1772
1997
728
630
592
2207
2279
2000
1978
2378
2276
1034
242
2157
334
722
1864
2668
1853
1366
1791
1967
300
2542
1032
1982
2015
2168
852
36
330
2611
270
2370
156
172
710
180
378
1865
702
178
2516
1300
2389
2262
1356
504
242
570
328
124
2271
1608
54
2442
2147
296
1326
612
692
350
86
464
74
102
128
2422
2514
2044
984
1858
634
402
2269
2542
440
1398
450
1704
2374
2191
918
464
2253
2134
1486
698
2080
1024
1886
620
2080
1464
392
1022
1028
658
2332
244
486
886
2042
2322
1096
2552
2031
2242
1320
718
2368
216
500
2133
824
458
140
2573
1150
1948
1692
2269
60
170
540
858
2295
1344
2223
1936
906
1186
1110
2407
918
1230
2783
1622
2020
146
2381
324
1498
504
1374
70
2652
2092
1030
930
404
1078
2363
1048
1716
534
2167
2390
388
662
1460
432
744
650
76
1932
2235
2502
994
162
1492
2462
2494
552
1991
326
178
174
562
2310
488
724
1068
1624
972
12
2033
1460
2242
1854
1844
2277
1462
64
1304
1550
1904
188
1276
2046
2604
1380
1488
1791
1352
348
88
1542
2203
2319
1518
82
396
122
2593
280
2520
2919
2284
1526
436
1744
566
710
2585
1794
548
1548
2441
432
1768
354
840
282
588
436
2316
2333
1900
152
192
1846
1172
988
1702
2058
1418
2420
2267
1326
1905
360
34
358
266
1490
2306
2362
2269
2358
2251
2090
2402
306
1478
2424
840
752
1472
1952
2323
512
2127
1178
444
464
1060
2048
1508
140
264
1586
2202
438
998
596
1736
1396
1114
2284
320
1014
2560
1032
926
1728
1638
830
316
1432
856
1036
2145
658
2132
292
1542
878
1568
1574
800
562
1184
1887
2138
390
612
2393
1152
1829
800
2711
1350
962
1186
2110
1720
138
90
2398
2423
158
1914
434
2016
664
2323
598
1432
586
2306
1997
2200
1282
238
2327
2490
418
278
32
390
1014
24
920
2275
2222
60
2274
1312
388
2431
2590
2219
2352
2656
1298
1376
1018
2611
146
138
590
492
2232
332
220
2139
1336
1382
2436
668
1582
2237
2406
2438
2298
396
634
452
660
180
1268
2623
380
2285
2440
156
2471
2064
2395
1908
1792
2236
1406
2161
1982
1392
2395
1228
2517
372
494
2445
1486
1338
442
832
730
2302
2296
682
2446
2633
1388
698
1950
2138
2028
2520
228
2624
166
2246
474
496
422
112
1974
1690
956
2524
140
2347
44
1940
754
1490
1940
668
908
2124
2454
1116
1428
2140
2443
134
762
2320
1939
2453
1534
2217
534
334
1890
36
1076
2293
320
2411
1026
284
706
1924
1266
812
2288
2221
1626
2205
2088
1652
2168
1086
372
182
876
2264
1156
1584
384
1080
836
1826
2032
1550
356
1674
2185
2281
72
2161
2688
2050
1442
1513
2140
142
1685
280
1520
760
2312
2288
1258
2262
200
2130
226
2352
1136
2283
2594
1344
568
6
2030
2136
2277
2420
2178
2221
2312
2850
120
1046
2088
1842
122
912
1158
1557
2261
1546
2484
166
2138
380
388
146
3290
2283
1304
1078
1046
1014
224
36
1810
1082
506
2232
1590
2368
676
2652
2230
772
464
2390
1488
430
140
812
2230
2307
920
1951
108
2517
984
2347
2215
446
1954
1364
2433
180
826
2177
620
1980
208
186
632
2403
2282
1959
1867
1412
424
734
844
442
674
488
2024
2166
1740
226
2139
36
1368
784
2528
1062
2243
1388
2248
858
334
2032
1422
254
1256
638
138
1956
760
1256
662
430
2324
340
1504
266
454
260
760
1188
1828
2435
162
2610
906
1352
2200
1939
370
326
1102
418
788
1655
110
138
2277
1078
1422
124
886
2136
2109
2511
114
890
1246
1738
490
402
2266
68
2066
34
2275
1542
62
1697
1840
1506
1646
1224
2380
750
2069
2571
1930
566
2405
1388
2569
824
2387
254
548
2291
2194
152
338
134
2031
1144
2151
1668
2405
2176
2279
2085
2035
1444
1156
1946
2171
1526
1056
20
2186
674
2788
1696
2399
846
2050
532
1278
240
1024
2250
1628
2194
2344
1560
1756
1969
2401
2111
2256
1941
734
1834
1270
1416
1848
6
2243
92
1110
2408
690
210
516
58
46
2086
1250
206
2361
1885
2166
2259
490
300
2341
500
1474
2020
202
1500
88
518
2131
1774
848
532
2065
140
354
1989
594
574
2251
808
2373
2119
2197
1692
236
1758
2386
1172
1246
492
558
2032
2218
574
1928
510
2402
980
98
2117
1590
1004
1428
938
1426
2444
612
2393
2164
538
544
360
1614
2382
2479
2264
906
2243
344
1000
656
1316
1078
702
318
606
742
530
322
894
1220
1732
1286
554
710
2472
392
1918
1888
260
2442
2129
2188
310
158
2452
162
2546
214
446
1426
2127
20
946
26
2328
936
570
308
520
1546
2417
992
404
2741
1058
130
2085
598
566
2338
2132
96
962
4
632
404
994
1993
1958
580
1002
948
2063
1904
142
2603
2226
198
1572
760
808
620
270
1856
212
136
1130
2150
2087
2265
2237
166
82
638
1446
2156
1380
1763
664
716
3070
246
1750
586
1966
2622
2486
2666
1684
52
2180
1394
750
718
1048
2393
444
2469
2076
1103
1684
460
76
2349
1710
1562
1716
1576
1120
2604
1873
1852
2078
2122
794
548
1958
1118
578
1478
2440
600
2081
2508
2140
1718
434
132
2684
370
1614
1248
736
368
284
336
610
96
612
1104
2272
70
1290
316
484
2130
2268
110
866
1938
2098
2212
1000
998
20
352
1582
576
1870
764
2651
2233
262
208
766
1990
54
836
2531
1568
1934
26
166
2225
280
532
1868
2264
570
2374
2616
1268
1246
1212
2121
1256
2220
768
2193
318
852
1236
2201
2241
96
2060
2382
2346
900
124
924
2192
2575
2637
378
932
154
276
442
384
320
1072
1670
1967
1248
2042
2095
622
764
2519
1518
1540
2397
1358
2231
2340
1852
1588
718
456
2563
1987
166
1826
480
612
2220
2341
316
202
1460
2307
332
2686
230
2393
638
794
2286
1086
2493
2381
682
1196
118
2411
320
600
2069
2068
1346
1070
798
2200
1254
1338
1122
108
64
630
1574
992
570
2113
30
424
2112
1710
748
1136
2734
912
2117
2414
928
148
1302
2315
424
50
344
2099
884
1280
1920
1914
52
1310
2266
206
2026
2669
1978
1678
2460
2366
1710
1090
1374
1152
1082
1262
878
2134
2076
1090
2623
626
368
2055
1925
1730
540
1814
1748
1670
2485
2531
2152
1314
2244
100
878
92
2312
12
810
2418
2420
2405
520
2146
770
826
960
100
996
2032
534
862
2201
1822
1794
430
340
2238
2411
1686
884
2435
2428
730
1250
1914
1064
2110
46
1919
342
392
1768
1216
2253
516
2409
1970
2130
440
1174
986
2388
550
1042
1078
2155
660
722
1308
1738
2214
2308
2431
742
2523
2498
40
2562
238
696
1200
2444
1558
1134
2
2180
2049
2262
556
586
156
162
2126
692
678
804
2216
44
1468
154
2164
980
1799
18
2163
698
602
122
164
1062
2184
896
1594
1216
2186
30
70
248
70
874
2729
2406
1658
2314
792
1204
12
2139
1975
2377
16
2388
1010
712
538
1648
1304
2349
2078
2377
1967
294
228
2058
2182
1086
608
2140
2277
426
200
1062
568
2368
194
2313
124
1522
2537
110
1000
2606
904
476
1486
2452
1052
272
1418
806
276
392
1370
1848
1710
2115
2344
1202
514
2425
1282
2375
2218
1654
2094
278
2216
2415
424
342
1232
2391
888
1624
1228
514
2544
2242
2129
1817
1952
2443
196
2399
116
1026
2556
1214
658
626
2276
578
1886
1148
1030
174
2169
266
286
158
2293
194
2436
384
1192
2445
1504
1532
618
1592
2084
2094
1642
1048
424
2190
2203
776
804
2158
2340
604
1849
912
786
2370
1164
2433
356
2482
818
1104
294
1856
592
532
548
732
2209
522
2399
1680
2454
2009
2531
1396
794
200
786
252
330
512
250
2216
396
2118
792
2512
732
1562
976
42
1612
1450
2255
150
742
1334
2432
1994
764
472
2344
2154
1872
2361
2230
2411
594
1330
2435
1408
506
356
520
116
288
2488
1976
1036
2064
14
1076
1316
1723
1630
404
2349
734
682
952
2106
2373
1250
2066
700
146
2599
496
2444
2363
2630
2347
1050
2243
1550
1848
2066
2040
942
692
434
310
2148
1316
2018
190
2376
2461
2007
578
294
2129
202
1812
2156
884
2099
322
530
1812
1500
796
1464
1386
2285
2252
1863
864
464
2217
730
2337
2127
1942
1900
1274
74
534
2048
1232
2180
1878
556
3030
976
1774
528
1416
2318
2028
1426
872
2879
2412
2342
234
1166
2073
2142
708
1840
1242
972
2103
872
2568
1941
2374
2466
918
2064
1216
1632
2374
2276
486
746
2290
40
2243
1688
2263
2512
2095
14
918
2325
1208
2676
2114
548
354
2334
2239
2310
668
282
42
2258
2029
566
2024
302
952
436
1314
516
378
662
780
594
598
1696
1854
2050
1090
358
2126
718
190
732
2130
2236
50
556
44
820
104
50
2029
2118
1014
334
2174
6394
356
2313
2208
2605
146
1618
1808
2382
646
1852
24
272
314
