8.29258533369483380460e-02
8.04944669081503055841e-02
7.95487724754227742974e-02
8.02791001841587914534e-02
7.96010382603381944078e-02
8.02788528146910346228e-02
8.14002012838477700951e-02
7.90305764246944097984e-02
7.98899840471173627865e-02
7.75688799361284320177e-02
7.84413967071858897473e-02
7.91614597051056578803e-02
7.94906530271262679044e-02
7.91975999103301103732e-02
7.80849994412315534520e-02
7.99253622567535626509e-02
7.93864947558362704649e-02
7.96875075716513003865e-02
7.95465464059908061722e-02
8.15538649924101022304e-02
7.79153651714548506346e-02
7.93338773626904025793e-02
7.92699686004390557947e-02
7.92406305586229181559e-02
7.97149248890355877073e-02
8.15975976198283076135e-02
8.07998642312681841782e-02
7.94348664121625885892e-02
7.92689727776884067723e-02
8.06736588886480116001e-02
7.99474171393871474445e-02
8.04281248366122136773e-02
7.77749571741006562320e-02
8.02975691286543086234e-02
7.98935896491244634809e-02
8.12063202954855373195e-02
7.78690718781368390600e-02
8.20647536224110712988e-02
7.94471362925544544176e-02
7.97329844775709895011e-02
8.07803730900719524355e-02
8.05755588440392606087e-02
7.93831457427013192918e-02
8.23184121573000832095e-02
8.00187900379339955848e-02
8.03702431556305718630e-02
8.00942380583379021086e-02
7.70639050520173785053e-02
8.00179008391002227762e-02
7.80677821911379410391e-02
7.97792644528700911621e-02
8.06434935461711882576e-02
7.90315280108912637802e-02
8.12647132686463852247e-02
7.99635068131094584043e-02
8.09918834951404986722e-02
7.98505365471831735080e-02
7.98964625567313152521e-02
7.95563919328678009757e-02
7.94139819011313863317e-02
8.01954322947230624496e-02
7.94622038531646174286e-02
7.92089761229271271947e-02
8.25209451536632193624e-02
8.01034388784371970127e-02
8.24724011350186220204e-02
8.12661522799394131500e-02
7.99334579107450482471e-02
7.90426473508683558045e-02
8.09304701923474201219e-02
8.07161499207336569084e-02
8.07595590491563403157e-02
7.83780639406822660087e-02
8.09398697081975537770e-02
7.96878233394848062288e-02
7.97855046842221304892e-02
7.89410542912498403023e-02
7.99836161102860238037e-02
7.96197052504197394507e-02
8.07797313112435938498e-02
7.99688185202284129716e-02
8.07037070861432725977e-02
7.94672245272475541444e-02
8.04701060718021332629e-02
7.91522466921558559561e-02
7.92418532009937087723e-02
8.10712496412158978298e-02
7.75916053606934968956e-02
8.07291992508252231886e-02
7.95362844864684753743e-02
7.98822753695291182252e-02
8.10632247714563741736e-02
7.83043318470188348668e-02
7.84447466835278828245e-02
7.91765095683686082051e-02
8.06854592281903842954e-02
8.05733941467938752368e-02
8.00655211875433425739e-02
7.71558208599355116464e-02
7.93146379154670011502e-02
7.95074089839779424294e-02
8.05111872814128215481e-02
8.08121960303049002849e-02
7.83555894341421976801e-02
8.00894349734463800727e-02
8.00699372055292263317e-02
7.96876139921388892962e-02
8.00911822818968915927e-02
7.89926153075946463344e-02
7.84872235670345946845e-02
8.02860666046586873845e-02
7.89811483036853279049e-02
7.81417735486303610681e-02
7.99103242535282448644e-02
7.77472786394337450622e-02
8.09017535660546405207e-02
8.02363707286257443752e-02
8.04840325245604337745e-02
7.95954690793442692920e-02
8.02986807657853074449e-02
7.87125666925631989335e-02
8.05532222500799921505e-02
7.93250910997715108497e-02
7.99594710739171543601e-02
7.88480603745202457411e-02
8.05254430908775298281e-02
7.90667947626033235098e-02
7.91777129747037733409e-02
7.91668313250443178575e-02
8.06167963777017215765e-02
7.92228530761758531487e-02
7.88103312472992895144e-02
8.13072710963095024450e-02
8.02156342236515496058e-02
8.10071334567815243277e-02
7.89717605494618807294e-02
7.87000774541632835968e-02
7.91177201707086441562e-02
8.08760896922839367384e-02
8.13295802948130336363e-02
8.21426830692794096578e-02
7.87884075932916150276e-02
8.09995384641434973405e-02
7.83000042408051599718e-02
7.81760566318208949266e-02
8.24771007727012062105e-02
7.89531529800828191235e-02
7.84117396532224703032e-02
8.03308468159583399792e-02
7.72339864572853668223e-02
8.36553896561262610998e-02
7.94523391450959320936e-02
8.05615887582007417222e-02
8.11311710700263061247e-02
7.94183592996326737090e-02
7.84915147467591112207e-02
8.02877581160906933500e-02
8.19722486240790082501e-02
7.87523811333726009298e-02
8.01475899704812699831e-02
8.14965379993071309395e-02
7.95806641162550149060e-02
8.00768302927273994962e-02
8.13493279552491704854e-02
7.81671451280057244526e-02
7.92529367339601525932e-02
8.06807241682527820359e-02
7.95988584365453083480e-02
7.97806661637683323107e-02
7.94770727364978168961e-02
7.96305216286126160696e-02
7.95697155783757215097e-02
7.72174345239485665493e-02
7.98776490751254009126e-02
8.08587846525509051920e-02
8.11273714084198016572e-02
8.05666055558883487109e-02
7.72365223463662570191e-02
8.10784695171742897379e-02
7.95757620852611674556e-02
7.87240578971313137435e-02
7.94291415237318859655e-02
8.02388932187197284618e-02
7.92664310339583066956e-02
8.16571268866423533028e-02
7.81198923570999709254e-02
7.97715623870798862249e-02
7.66756991912726504346e-02
7.99821157168840585205e-02
8.21216537750099895288e-02
7.91754765371335822444e-02
8.05580307645642201830e-02
8.12621723747425084294e-02
7.99021916576833912682e-02
8.01930731015004505391e-02
7.97468877653164237573e-02
7.74178041536264099909e-02
8.10252029092459469251e-02
7.92794064799124398313e-02
7.94792603674161907135e-02
7.96442756775283394743e-02
8.09694717571552285973e-02
7.94682565835062165727e-02
8.02285412120943286496e-02
8.15697859995249408005e-02
7.94191273185685109315e-02
8.09653728093710084446e-02
8.16879771026412515589e-02
7.74230762914232539806e-02
8.04277000009564757566e-02
8.18092383219088947754e-02
7.86114919338648104885e-02
7.93562085569919084538e-02
8.07291656002606244913e-02
7.97554404641591246916e-02
7.94331239245526371517e-02
8.20168339265297252627e-02
7.90911243864297897055e-02
7.99069399086481529926e-02
7.86902922547204203285e-02
8.04340986865104690118e-02
8.12309417371916558936e-02
7.74777297565382161437e-02
8.00298489713456295824e-02
8.15037655591792364884e-02
7.94986122913260151446e-02
8.18659445661948231843e-02
8.07309515206767469575e-02
7.96426785220327865256e-02
8.10542312588309471488e-02
8.08777256950002215730e-02
8.02434440687888328458e-02
7.81706806197610265530e-02
7.94437856592436209002e-02
8.05326884827157751801e-02
8.08436162591077422945e-02
7.75675701913609155769e-02
8.05553310618781492902e-02
7.96986803183535597039e-02
7.76908214342802022623e-02
7.93162639681150860582e-02
8.11790346842542198669e-02
7.97244546597770664675e-02
7.92163922469351911015e-02
8.09334079085348712113e-02
8.01214932323369571909e-02
8.12986264979760481220e-02
7.98183808777264414136e-02
7.82094542091010952456e-02
8.07806854016025199794e-02
7.99855443440019853174e-02
7.91508900659376873898e-02
7.90296594999502222123e-02
7.75751954664727072508e-02
8.03946316393092941244e-02
8.01216929321007798048e-02
7.87960060028390918418e-02
7.97711375614881673668e-02
7.84581997487149157555e-02
7.99725844729761714547e-02
8.00258981968824667508e-02
7.91429705552855744521e-02
8.05360065571473632273e-02
7.94930018852054998124e-02
8.15560591136946233526e-02
8.26616176672891889154e-02
8.06260870217000852334e-02
8.08152052624033501171e-02
7.88527883801285467413e-02
8.15417823283480919239e-02
8.05826686688848742302e-02
8.03469388232750658663e-02
8.03780670950848818990e-02
7.86156689476639886083e-02
8.21055405099897356314e-02
7.94811750832151026058e-02
7.93838708421517186276e-02
7.87991053979483213610e-02
8.00936119074230762349e-02
8.10402915854686878294e-02
8.02750512039752256443e-02
7.91934982163772088759e-02
7.96752412891717082255e-02
8.05386707615392966053e-02
8.18393945703951297688e-02
8.04975319647059928130e-02
7.74914301815042699806e-02
8.15150360599164597319e-02
7.88334978630763488772e-02
7.94513751007506208168e-02
7.85066788385867936340e-02
7.89196716859331959260e-02
8.00056528450420328946e-02
8.20222577033979938221e-02
7.92547395975807672519e-02
8.05975227973804164705e-02
7.99985184327116211067e-02
7.81488007668519613080e-02
8.13477087142367993877e-02
8.25867245638894215132e-02
8.13643352988520918156e-02
7.78488395283625789212e-02
7.73356668723122475662e-02
8.02673254622598142394e-02
8.09850839544159345484e-02
8.00571864842564429043e-02
8.01575386446971571708e-02
7.80787659473683864908e-02
8.14521736825806613735e-02
8.29722772240321093662e-02
7.96596371533033614787e-02
7.90604801526765404995e-02
7.78682494288031046281e-02
7.88393748888877171632e-02
7.93271955478005857954e-02
7.85016001802217727734e-02
7.93755977661522726940e-02
8.04096059115588096544e-02
7.71210019398896606813e-02
8.11943176329440324812e-02
7.92797654728002038071e-02
7.82803578200925304076e-02
7.95775248021747400040e-02
8.16390618937758577589e-02
8.03368951657582042181e-02
7.92641263450389182976e-02
7.94008300650514836638e-02
8.20933323407806309069e-02
7.99041976905750100935e-02
7.97312166477275596765e-02
8.02069171698557153993e-02
7.90645567628655010495e-02
8.04385328082539707850e-02
8.01805109889993511407e-02
8.06213163194181986482e-02
8.15932696678074720342e-02
7.74383729949542215509e-02
7.89709880026488175719e-02
8.11442966725233472136e-02
7.91580812653438908866e-02
7.90122804330833927722e-02
8.11350109414185477474e-02
7.89434020853511386751e-02
7.87527589063673483238e-02
7.96126312507163952370e-02
7.88090850256260716522e-02
8.06583048911466982123e-02
8.13287696104377511030e-02
7.95830872018731955153e-02
7.92048505027678761969e-02
7.97487741920604176205e-02
7.87036963787243748492e-02
8.13405418569578819721e-02
8.05939307007279420736e-02
7.96062286957881087845e-02
8.14959959843595121987e-02
7.81014291845825436855e-02
7.92324396354360249717e-02
7.86831600368833317116e-02
7.96527608400305342506e-02
7.93079158859127525405e-02
7.89184677103798998266e-02
7.97308798896594478345e-02
8.05539487799309117388e-02
8.04976306697674781621e-02
8.01436369598635955924e-02
8.15032140002481253482e-02
7.90681287851475733675e-02
8.20642518066586612591e-02
8.07656487305381948216e-02
8.01141348196266200876e-02
7.83556837898045088764e-02
8.10932386838549706942e-02
8.01929611236777278860e-02
7.97326436702868596162e-02
7.84480425219957755445e-02
8.06053999082083499905e-02
7.89952402788954982649e-02
7.97982682632501771902e-02
7.80246527302587422614e-02
8.00874748901634903042e-02
7.95690285350618142779e-02
7.83244401469047890618e-02
7.81762543181711150320e-02
7.97153853620701374760e-02
8.00242165061251370384e-02
8.05433548391029097147e-02
8.03638711144479822579e-02
8.04250877877449588116e-02
8.06123212113662862555e-02
7.81665612733158376990e-02
7.93531392358829273936e-02
7.96450339280210944937e-02
8.12359067040857724118e-02
8.08059960448840874925e-02
8.03637433237620879556e-02
8.02315837625874328509e-02
8.31371565803822321072e-02
7.99111880378413352854e-02
8.04663149666676735805e-02
7.99481497087910220056e-02
8.00382433839777335249e-02
7.68554641120631626405e-02
7.85405754422735663534e-02
7.80917481295100579519e-02
7.97745836083350590151e-02
8.19569271661623882652e-02
8.05603355683972288670e-02
7.82533542699842266099e-02
7.94197570493930249391e-02
7.88225013372431254632e-02
8.15125133870715917750e-02
7.78586890523446095713e-02
8.16359299032329149837e-02
7.96132652027207593504e-02
8.13560735161083792288e-02
8.01079319978788700896e-02
7.79989780437089774701e-02
7.96111745077197896503e-02
7.98873680021689180908e-02
8.04488058128628724663e-02
7.95552005736799294766e-02
7.90089017630314360829e-02
7.80705550546391263689e-02
8.07173243222596703550e-02
8.02182367460230610900e-02
8.15306972176215449810e-02
8.14627803601529892896e-02
7.97318113451263577041e-02
7.90503483411997276420e-02
8.16044816084946361689e-02
7.99032475071874831452e-02
8.04889946542682033215e-02
8.11432100984101761787e-02
8.02181210977221254010e-02
8.28064716632414127284e-02
8.10589836744170927352e-02
8.08178993999087297295e-02
7.99061391385440661361e-02
8.07779099144344120420e-02
7.99938847351852194700e-02
8.17207404742017196053e-02
8.04886311978241786314e-02
7.92436938233827964373e-02
8.04083463141784526851e-02
8.10843266282526009547e-02
7.77182758056390310397e-02
8.03718161088993188201e-02
7.97667424625396886961e-02
7.90758306295925444962e-02
7.98786902133500065215e-02
8.06816836327719777433e-02
8.09019589876688316465e-02
8.00482750176731844283e-02
7.90630924169191118267e-02
7.96385571931544494761e-02
7.91878319347154996377e-02
7.90238857047951687163e-02
7.93387762136617685771e-02
7.89655921486743794802e-02
8.07893073837412378779e-02
7.89996942581694810981e-02
8.16469607778623485128e-02
7.94117331860084291195e-02
8.09568963592178919564e-02
8.01415373871079139700e-02
8.02105382967018692986e-02
7.84572010049604251503e-02
7.87145385782241774342e-02
8.06281887524066542827e-02
8.04077842917446383719e-02
8.03990324514074622408e-02
8.14063348529496522143e-02
7.89432598630373377757e-02
8.03012690840975429385e-02
8.02521904096588356570e-02
7.72901414670656705663e-02
8.15561859995587723482e-02
7.93826052939838461286e-02
7.90970268161072936897e-02
8.08817672076499460943e-02
7.83310521022393541068e-02
7.91166836438697007594e-02
7.93170008284437982882e-02
7.86380254566078906731e-02
8.07514126875195636934e-02
7.72231123426458249126e-02
8.10148915402319480528e-02
7.85347199827408914974e-02
8.07473356864616270689e-02
7.99359796154412022284e-02
8.11880290883260358203e-02
7.92722321876070251667e-02
8.10400575515402010751e-02
7.98565019601160941409e-02
8.18705328429617656960e-02
8.14166471575825667628e-02
8.11579241120476274629e-02
8.03807180957376438135e-02
7.99041415034642266146e-02
