4.5099e-02
5.7801e-02
6.6799e-02
5.6639e-02
4.8607e-02
4.6161e-02
7.5898e-02
9.8602e-02
4.5070e-02
4.3424e-02
6.1857e-02
5.0111e-02
2.4945e-01
1.2913e-01
1.0214e-01
6.0445e-02
8.2645e-02
1.0569e-01
5.2519e-02
5.9771e-02
8.5334e-02
4.3875e-02
1.0827e-01
5.8080e-02
4.1338e-02
1.1837e-01
9.3877e-02
7.0168e-02
8.2824e-02
4.1803e-02
7.5378e-02
1.1365e-01
4.7336e-02
9.7105e-02
9.3593e-02
1.3665e-01
5.7035e-02
7.6980e-02
7.7099e-02
2.0269e-01
5.6571e-02
6.8331e-02
8.4362e-02
7.0507e-02
8.4980e-02
1.1014e-01
8.4223e-02
3.9480e-02
1.1867e-01
4.4082e-02
6.6854e-02
3.6483e-02
7.4240e-02
1.7905e-01
8.0988e-02
7.2450e-02
6.7438e-02
1.2603e-01
3.3164e-02
5.7602e-02
5.6518e-02
1.3281e-01
8.1068e-02
2.8813e-02
1.0539e-01
8.6583e-02
2.3684e-02
1.1083e-01
4.2190e-02
3.1885e-02
7.4189e-02
4.1823e-02
3.1452e-02
5.7048e-02
4.3247e-02
3.5626e-02
4.6606e-02
4.8660e-02
1.1940e-01
5.1240e-02
5.5733e-02
5.5419e-02
5.3628e-02
5.5471e-02
1.1181e-01
4.0772e-02
1.1521e-01
3.9472e-02
7.0504e-02
5.6013e-02
9.5306e-02
5.4712e-02
3.2606e-02
6.5019e-02
1.1137e-01
7.1317e-02
1.2028e-01
9.1341e-02
1.2327e-01
1.3019e-01
6.8276e-02
5.2531e-02
7.7205e-02
1.1722e-01
9.7061e-02
4.5462e-02
5.0846e-02
1.3604e-01
4.8151e-02
1.1727e-01
4.5200e-02
1.6693e-02
1.2141e-01
6.8618e-02
9.1069e-02
6.2759e-02
5.4813e-02
3.9085e-02
6.3852e-02
4.3355e-02
6.0362e-02
4.5207e-02
2.1729e-02
7.0212e-02
6.7467e-02
5.5117e-02
1.1235e-01
1.0542e-01
4.6854e-02
7.4605e-02
6.1440e-02
5.8900e-02
4.2724e-02
2.1801e-02
6.6973e-02
4.6330e-02
6.1665e-02
5.2442e-02
1.1056e-01
6.5042e-02
1.6153e-01
1.0215e-01
5.0101e-02
9.1030e-02
7.3742e-02
5.1488e-02
5.1033e-02
3.9951e-02
1.0480e-01
9.8696e-02
8.2931e-02
1.3363e-01
8.9361e-02
3.5197e-02
1.2190e-01
8.7011e-02
7.9591e-02
1.1434e-01
7.7355e-02
7.1201e-02
9.3895e-02
5.2374e-02
1.6935e-01
9.7632e-02
6.0595e-02
4.9865e-02
5.9978e-02
9.3775e-02
8.7824e-02
1.3260e-01
6.8330e-02
4.5334e-02
4.4682e-02
4.6602e-02
6.9345e-02
6.3998e-02
6.0394e-02
2.7263e-02
7.2298e-02
5.0508e-02
8.7880e-02
5.2139e-02
2.2517e-02
9.6924e-02
7.7181e-02
7.4125e-02
1.1319e-01
4.4095e-02
3.5596e-02
2.1814e-02
5.1455e-02
6.8981e-02
1.6170e-01
4.1268e-02
3.5284e-02
7.9616e-02
4.4596e-02
4.8601e-02
4.5011e-02
4.3386e-02
8.4681e-02
7.0985e-02
6.8647e-02
5.8437e-02
1.2084e-01
6.6375e-02
6.0324e-02
2.0656e-02
7.2718e-02
5.6999e-02
1.2304e-01
3.0648e-02
8.2046e-02
7.1000e-02
4.5817e-02
8.0586e-02
7.7400e-02
1.0258e-01
3.1675e-02
2.4068e-02
2.7430e-02
5.7452e-02
1.5614e-01
7.8716e-02
9.6313e-02
5.3292e-02
1.7880e-01
7.5840e-02
1.1257e-01
4.3580e-02
9.2477e-02
6.1839e-02
6.3093e-02
9.3737e-02
5.5894e-02
8.7171e-02
5.7823e-02
6.0832e-02
1.2825e-01
7.4323e-02
6.1117e-02
6.5436e-02
7.1941e-02
6.6051e-02
6.5590e-02
1.0212e-01
1.1702e-01
6.1530e-02
1.2223e-01
5.9494e-02
1.5642e-01
9.1673e-02
2.3914e-02
7.3351e-02
7.5147e-02
7.3206e-02
4.0962e-02
1.2525e-01
6.1772e-02
3.9376e-02
6.4430e-02
1.2302e-01
7.6257e-02
1.0964e-01
6.6574e-02
6.2660e-02
1.3770e-01
6.8892e-02
8.5426e-02
4.6833e-02
5.0285e-02
7.5635e-02
8.6110e-02
4.3041e-02
6.8579e-02
5.3574e-02
1.3244e-01
1.0028e-01
4.0298e-02
4.5196e-02
1.3332e-01
5.4982e-02
3.9463e-02
1.0503e-01
7.9762e-02
1.2143e-01
1.2501e-01
3.5052e-02
1.4223e-01
6.3737e-02
5.3776e-02
1.0661e-01
4.5704e-02
1.1883e-01
7.8571e-02
9.6421e-02
8.2443e-02
1.4332e-01
6.3838e-02
1.0232e-01
8.8673e-02
1.1081e-01
8.2744e-02
7.9839e-02
1.1360e-01
2.0923e-02
4.1560e-02
3.6930e-02
1.2032e-01
5.6984e-02
7.6471e-02
4.7708e-02
5.8212e-02
4.3277e-02
6.4827e-02
5.8332e-02
1.5779e-01
3.8231e-02
9.2259e-02
8.1033e-02
3.7357e-02
6.1484e-02
5.5618e-02
4.3453e-02
1.3076e-01
8.5860e-02
1.0408e-01
3.8041e-02
1.1054e-01
4.5790e-02
1.0566e-01
8.6528e-02
6.6639e-02
6.6322e-02
1.0789e-02
3.6710e-02
9.4665e-02
9.5920e-02
5.2707e-02
3.8506e-02
4.0795e-02
7.2074e-02
1.1820e-01
8.6332e-02
4.6524e-02
7.0083e-02
5.7646e-02
1.5767e-01
1.8548e-01
1.0563e-01
6.7850e-02
6.7996e-02
5.7387e-02
1.7915e-01
3.7485e-02
5.6164e-02
1.1714e-01
6.4657e-02
1.0181e-01
1.3946e-01
8.2849e-02
1.8410e-02
1.1225e-01
8.3158e-02
1.3847e-01
6.0652e-02
1.6218e-01
1.3502e-01
9.2602e-02
1.1552e-01
8.5188e-02
9.5244e-02
9.8947e-02
1.1775e-01
6.3529e-02
1.1191e-01
6.7328e-02
5.3947e-02
5.8532e-02
5.6798e-02
6.9269e-02
1.8579e-02
4.0432e-02
1.3219e-01
7.1555e-02
4.7336e-02
5.8551e-02
9.2849e-02
7.9227e-02
4.1265e-02
3.5692e-02
7.6950e-02
5.3788e-02
5.7921e-02
2.9468e-02
9.3037e-02
5.1542e-02
8.3961e-02
6.1358e-02
9.9947e-02
3.5542e-02
1.4142e-01
1.7989e-01
1.1289e-01
9.1746e-02
5.3996e-02
1.0996e-01
1.3931e-01
6.9575e-02
8.7876e-02
1.2922e-01
5.5907e-02
5.7983e-02
3.9981e-02
7.0895e-02
3.3459e-02
1.0362e-01
2.7221e-02
8.3284e-02
5.2280e-02
7.0352e-02
5.7246e-02
4.4892e-02
4.5820e-02
2.4324e-02
8.5525e-02
5.7953e-02
1.1055e-01
6.1599e-02
8.1612e-02
6.0073e-02
4.5732e-02
3.0797e-02
6.4555e-02
8.3653e-02
4.7833e-02
1.2142e-01
4.6427e-02
6.0011e-02
6.6878e-02
5.0395e-02
4.8918e-02
1.7238e-01
5.9398e-02
6.1343e-02
7.9436e-02
4.0841e-02
8.2578e-02
6.4143e-02
5.0405e-02
1.5211e-01
4.1006e-02
1.1828e-01
8.0203e-02
6.2596e-02
4.1917e-02
7.8976e-02
6.6228e-02
1.1405e-01
4.0450e-02
7.5446e-02
6.1180e-02
2.2927e-02
9.1870e-02
8.5834e-02
9.8987e-02
4.5274e-02
4.0627e-02
4.6291e-02
9.2732e-02
5.3162e-02
9.5543e-02
1.5048e-01
4.8921e-02
5.6886e-02
9.7769e-02
8.0201e-02
6.4458e-02
7.2479e-02
8.3471e-02
3.0184e-02
4.3949e-02
7.5392e-02
1.5315e-01
1.0261e-01
4.9785e-02
1.0707e-01
1.4528e-01
6.1057e-02
8.9556e-02
8.2058e-02
5.0971e-02
8.7776e-02
5.5807e-02
8.5850e-02
4.0784e-02
4.3294e-02
1.1802e-01
3.2198e-02
6.1812e-02
