7.41036112268592533914e-02
8.77962168900864453613e-02
9.28394459133442540022e-02
9.40526790468915463439e-02
8.12212226973489520576e-02
7.28284326459324032887e-02
6.69132772511441542562e-02
9.92878181650133084801e-02
9.01632254690836326683e-02
9.02321198298369209212e-02
9.08778185088738588160e-02
8.66827449302089991789e-02
1.10287357700896759827e-01
9.78957902988687178603e-02
8.80779750948053746784e-02
9.85963045056603010208e-02
9.00973958914520062224e-02
7.78390125938754479096e-02
8.36592614929683869862e-02
7.94193587652172322544e-02
9.67720140295173641976e-02
8.29435220724054761421e-02
9.38586081612768491356e-02
8.68399952002983643862e-02
8.00359181005228514927e-02
7.58692953234746669811e-02
9.28208043542863153741e-02
8.81418509917606118886e-02
9.84902435506606888094e-02
8.51408521405100371382e-02
8.46457442661349840352e-02
9.32329140654565152735e-02
7.37942059654225629428e-02
9.34504817194699299865e-02
8.68896404403191602306e-02
7.97237409121467899276e-02
9.21326893451181183625e-02
9.44409330349123971038e-02
8.92337513429728029779e-02
7.59885889628131028228e-02
9.30525768813675047131e-02
8.74846073448642125303e-02
8.42082171143455904261e-02
9.86991486579925497713e-02
8.98945470667482510185e-02
8.92837673995836023089e-02
8.06653968735329962580e-02
8.88167521608154153512e-02
8.36470727041764006149e-02
9.46096801594047825956e-02
7.66335713869843032642e-02
8.04906925078304885668e-02
9.02184151283460522563e-02
8.10095531678782371232e-02
8.38230800514687679481e-02
7.45611355368331757409e-02
6.17738929722429844227e-02
9.88470408074802325826e-02
7.58765590774806292229e-02
7.15852347542317163365e-02
8.63169868386810951177e-02
7.20240793083556651855e-02
7.69851944830828027744e-02
9.26586878541375003060e-02
8.90006317383897349593e-02
7.66381144490178439765e-02
8.71371824060077349028e-02
1.18125585084055434448e-01
7.61740093497018794233e-02
9.80466341650905598426e-02
7.37703080204341055115e-02
7.47813019548050766927e-02
9.07983946547168963015e-02
7.27905648585136788586e-02
1.03282794524310786444e-01
8.98017891477543850343e-02
8.35239702857363819355e-02
9.17572039631748131994e-02
1.01293541979899454075e-01
7.72957870015681253184e-02
9.17463599874834417891e-02
9.39990427731792199673e-02
8.94763524148515093648e-02
7.57653004878375002651e-02
9.62062415863144948514e-02
9.90556981018586857335e-02
8.74771928562040335109e-02
1.03220102777369801550e-01
8.32996700642728848951e-02
9.08640061172265728340e-02
9.61174390795586919278e-02
8.00576204148747833100e-02
8.28301904789947307517e-02
7.69503791683397858625e-02
1.03253457754046554240e-01
8.75080807470782762181e-02
8.59521017872492826273e-02
9.14447765439758558648e-02
9.01602613615133524627e-02
9.06709353208517837563e-02
9.75840249000330256512e-02
9.30861875771048508099e-02
7.29749288838468096463e-02
7.18480790975393884823e-02
7.19529542582987291510e-02
8.02784769635925543607e-02
9.65861727440954914714e-02
9.42433877010205728331e-02
7.93563579977054345260e-02
8.75460801960784434916e-02
9.36318588207135926726e-02
8.27004295246254461649e-02
1.00588208862651420916e-01
7.87443708946291981432e-02
1.03956157857026831870e-01
8.42863267760802781225e-02
8.21573782938888191874e-02
8.90321499915417702287e-02
8.47084170145398079876e-02
9.33111191138487616747e-02
1.05129950871823016345e-01
7.94770851718752807669e-02
6.85599348697419203047e-02
9.25407681404286364124e-02
8.30431530101199411043e-02
8.11055473562858064707e-02
8.32848414819301469114e-02
8.99706256497446871245e-02
1.06938940269286131279e-01
8.65952342984017270355e-02
8.89931056278347037969e-02
9.25543382515792850684e-02
8.49790011399228911726e-02
6.38703362227591997513e-02
8.37470744660887139732e-02
8.11192395392669879373e-02
8.18222465437345169992e-02
7.10533589469328624721e-02
9.35646952725033009823e-02
7.64406015247941911239e-02
8.48963805393022630241e-02
8.93521613241183704224e-02
7.66833623991634710793e-02
7.94543771991430697321e-02
9.37136426795745214324e-02
7.12025788907869744415e-02
9.40769953128444413881e-02
8.56346284760779452583e-02
7.66546351568012651612e-02
6.82455859849981499865e-02
8.16114034639859597942e-02
8.84674384242350869689e-02
9.26386964455930689288e-02
7.76521331995601721276e-02
8.60397847428546191928e-02
9.87822824351810985233e-02
8.54811334599516886579e-02
8.86074425012540189961e-02
8.64014574087871717323e-02
8.78626228425582467274e-02
7.32659972485410482257e-02
1.04122483533832826952e-01
8.63031966018816404373e-02
7.35518553611212017040e-02
9.35791436120906594542e-02
1.05534101886193262820e-01
9.99306627987791851186e-02
8.21168321395873007651e-02
1.07425510017955000430e-01
7.84037123050136258717e-02
1.02340850430455640452e-01
7.80050238924432648435e-02
8.09142468458591279656e-02
9.26612164499072687995e-02
8.63913952218964692475e-02
7.65113375462736639010e-02
8.07685888398710499780e-02
8.36494781549786819985e-02
8.45227364669631636707e-02
8.53315336904522936390e-02
9.72441422110770642417e-02
8.03376677017948320758e-02
8.57669553542466378548e-02
9.88806810010545711442e-02
7.85213369153578005788e-02
9.14072678694630019747e-02
7.38226424870674496903e-02
8.05544268223470638635e-02
8.12226351836022042452e-02
9.32319281547996508985e-02
8.82005697969651530910e-02
7.60278483265986460005e-02
7.72830951334422810994e-02
8.50710909570467216367e-02
8.62081003748314672608e-02
9.45575115298531998498e-02
9.75339450983491729197e-02
8.41090326392960052626e-02
9.58009785619020198810e-02
7.57239342154623490400e-02
7.76054087610694304233e-02
9.29114477669519406300e-02
9.01009456456386415013e-02
7.95062920660572214349e-02
8.42630827955859057488e-02
9.81448838349523455804e-02
9.51697526588502068501e-02
9.51132201624182993527e-02
9.13454409155412400123e-02
8.88297861806096183956e-02
8.77475676849379659927e-02
7.08067940637163301121e-02
1.02906164141257083777e-01
1.03213459400517112985e-01
8.42272533535687317752e-02
1.01705061229301799153e-01
8.89702629912948184110e-02
1.04067599271246480352e-01
1.08039051311872552619e-01
8.54526444087437692110e-02
8.20262297524204792021e-02
1.03274388653184293063e-01
7.85383238639361797029e-02
1.02970191485210096904e-01
8.46076653748041446201e-02
9.19550842965334153112e-02
8.06447735920667874154e-02
9.31318847947477240767e-02
8.08194278548336475509e-02
9.43050153283902237167e-02
8.80438036249339694983e-02
7.00341556050976948855e-02
9.30000518868228931435e-02
8.29861603534042951980e-02
7.81307257597860516096e-02
8.88532247891283127883e-02
8.49048254505451599483e-02
9.61146849859641216884e-02
8.56261848793376245670e-02
9.03898351742283001631e-02
1.05913603706135270310e-01
9.04134910720656020944e-02
9.64514360931306435898e-02
1.00053483623124619961e-01
9.42776749289732374226e-02
6.72280559620314632774e-02
7.60153919790624993391e-02
1.06904349346542137944e-01
7.28113359757377176518e-02
8.45766686717544513563e-02
8.85911398245173148380e-02
8.59855013887993041566e-02
1.01608547466047569041e-01
8.43320510701735664982e-02
7.35426767781044987693e-02
9.07401427779523095385e-02
8.91095606882516128033e-02
8.79753951121366728483e-02
7.00419253708893241317e-02
8.40360668824142315048e-02
7.86583289719502004589e-02
7.61195048372246829693e-02
8.29796374617384896455e-02
9.12526055164814553500e-02
9.10205898189628964667e-02
8.97882745598877762827e-02
7.09495517489717175685e-02
6.47792098531653620652e-02
9.07869902781622550858e-02
8.87927127591674192342e-02
8.96101092400228005364e-02
8.62647088399621370103e-02
9.50057455351179247494e-02
7.58702063803103898820e-02
9.72068704835912372753e-02
6.92368618568232202515e-02
8.36333977845595821776e-02
8.15377327538799601125e-02
8.28741991729210758511e-02
7.00014353584056114865e-02
8.04036672010771946706e-02
8.91401724365345621282e-02
1.01316465498920926791e-01
8.18657158102203824646e-02
8.39255053169462722495e-02
9.12238529537754416765e-02
8.74555929778164931054e-02
8.03574374597787050023e-02
8.66249036080289358530e-02
9.29889743601089724390e-02
8.16393663344145981142e-02
8.55898839307688424904e-02
6.67685915109281907798e-02
9.80431576986374730964e-02
7.89157552413577573214e-02
9.64352527429385014690e-02
8.85595321653572103981e-02
8.26465617320078782537e-02
9.74611096458390668840e-02
9.13997802725594193918e-02
8.41836300221574795888e-02
9.70061552957236367112e-02
9.18807634663793837415e-02
8.65220601828964458457e-02
1.15375160841023227665e-01
8.84413361609354825577e-02
7.43766363924389939388e-02
8.32079842514780038121e-02
8.34250271715126362482e-02
8.25200523822408882335e-02
8.81389736621975561359e-02
8.25172170941613353223e-02
7.91725183923496361738e-02
9.30864973694477404464e-02
6.13742323029384875821e-02
8.75510838603251601020e-02
7.68761428732033375022e-02
8.64607417299100566854e-02
9.53406989846107832953e-02
7.26579351772466686121e-02
8.82269460996570747957e-02
7.97395742669356338839e-02
7.99248415763873093498e-02
8.97241281759831033060e-02
1.18234995941622580973e-01
8.45928087017467911224e-02
1.02130013438672159753e-01
9.16507920657545632759e-02
7.73705900479807612280e-02
1.11447290270735341333e-01
8.06016828774942101221e-02
9.18914387092978762750e-02
7.04948872255767577943e-02
8.36671997842305670279e-02
9.97562897701296247277e-02
7.70946413997517232541e-02
8.78751539676048826211e-02
8.85665047710583880347e-02
9.35897307052862559296e-02
9.56148226351714036753e-02
9.20942204367238281826e-02
7.08164619954056440143e-02
6.34257431802868337778e-02
9.32911364311295177032e-02
8.40654627007303978381e-02
9.97089021062025626652e-02
8.87043913695158142696e-02
8.84632388628396187924e-02
1.00908276681225345106e-01
7.38440173386383097442e-02
8.48829955300842015076e-02
8.23026968507147710374e-02
8.06968774103258013053e-02
1.03824377159425884631e-01
9.06411010604934036516e-02
8.21652339501416917322e-02
8.99024027983105905593e-02
7.34288752054143983861e-02
7.77646670094418457353e-02
9.58199212972036806768e-02
8.52948610182163724502e-02
9.98584948080100953671e-02
9.35262121321435019317e-02
7.05371194026295778023e-02
7.53212920366363863911e-02
8.89481910985049362139e-02
7.84229570837040174114e-02
9.07204871157971382001e-02
8.05299319795690499157e-02
8.41728452955470690666e-02
9.32587594803803293653e-02
8.36891454768199927194e-02
8.61724517192410388589e-02
6.80583257408170771985e-02
7.86381192978716780928e-02
8.26045552014173234401e-02
9.68381727092715027805e-02
7.98512731005689702091e-02
7.37895114888981046297e-02
7.61341909691434087781e-02
7.88515401858738140817e-02
9.91903337091496195566e-02
8.61110233577594003096e-02
8.55226482340688820560e-02
9.91586638683961268947e-02
7.80734464624648766273e-02
8.73293997724942372418e-02
9.80828805764327460448e-02
8.97503794585915587456e-02
8.71863876894497097370e-02
7.46560304137266206315e-02
7.34206507040949390985e-02
9.57714676941423953549e-02
9.04271256943622314672e-02
8.70621497208028533032e-02
7.60355928829771071653e-02
9.11949060301250613580e-02
1.00748347157459255952e-01
8.35916925989067527425e-02
9.93439286033805102338e-02
9.04537094176701278458e-02
9.72405191901229565277e-02
7.93751419479206271612e-02
1.03876684852167278095e-01
8.53204719810309181183e-02
1.10972743624329253653e-01
9.80417730269569215329e-02
9.33466924696646493942e-02
1.00002406570454824286e-01
8.20134408670494113869e-02
9.86736159122160172430e-02
8.23204595603266586767e-02
6.54279099571749289677e-02
7.60424693159989922853e-02
9.98193385864753757186e-02
6.52365277109848984427e-02
7.97507433741708876562e-02
8.47234672275439110178e-02
8.79156445277241155312e-02
8.98244309513376165688e-02
1.16594195537966738296e-01
1.01651536538712172764e-01
1.04080711551018875727e-01
9.14994495683578157319e-02
8.48289766954870988469e-02
1.10189093113101085897e-01
1.02259869510198012077e-01
9.35454634296323944698e-02
9.23943087145590591369e-02
6.91993779096516797855e-02
8.19484240463846796976e-02
9.62983007428507842285e-02
9.68134920092058592900e-02
8.82528980620223418851e-02
8.69572280657785329216e-02
8.91809453403100693691e-02
9.91713128274245570015e-02
8.65323959978583773234e-02
8.60882247965111535581e-02
7.63895782041353332836e-02
9.53622089415977758353e-02
7.29491768807194046476e-02
1.01231698825349436532e-01
9.02922342848010706096e-02
7.88197997523727433844e-02
8.77584105487410198743e-02
9.30833827818874220972e-02
8.24430101151257810344e-02
8.90776208892253423821e-02
9.92394718958628935246e-02
7.32680320883684760291e-02
7.75873943163167406611e-02
9.04501561698240474918e-02
7.43185053860338784570e-02
8.39657499743638735534e-02
7.74698884634021367468e-02
7.92120921727050980587e-02
8.99638377493346824698e-02
9.29167332314822652650e-02
9.05289552193934837776e-02
7.82537444476652660486e-02
1.01627344690493989776e-01
8.25878876878685108665e-02
8.16860872873062943134e-02
7.18877176184096050582e-02
9.13428625256807735777e-02
7.42202201432528019254e-02
8.38261644093066665695e-02
8.23948915727440167611e-02
8.75312293953127984469e-02
7.13467326864292428201e-02
9.43701926058701373590e-02
8.13318678797947114401e-02
1.08076723836002377976e-01
7.67516033501464134403e-02
7.83098670673056662661e-02
8.96303670222190485006e-02
8.56435283886691905986e-02
9.07051529516229582129e-02
7.31757723827533429484e-02
7.89481071750027796341e-02
8.35918418468083457284e-02
9.32922886351328639609e-02
8.40528616301812470102e-02
9.19896641676759829753e-02
9.79205979529895603752e-02
9.29355916466309550650e-02
8.44159892345675566538e-02
8.64476319156079198169e-02
8.87181083846646373336e-02
8.05234452934488614817e-02
8.79096843811939671065e-02
8.65870623453988963458e-02
8.23321866420931441910e-02
9.03296472583735160500e-02
9.52683101325480508059e-02
7.83760862513004918917e-02
8.30085889144072386348e-02
8.08508750523008190569e-02
8.52913112928513766908e-02
9.07705872325419993452e-02
8.56789658899325401453e-02
8.82304103772595799127e-02
9.80928188525269084685e-02
8.37679613243887677410e-02
9.55205417470079420905e-02
8.58619716350027817331e-02
8.78243006541290088807e-02
8.44496861883137633908e-02
9.47134296652257096083e-02
8.76179499885791635005e-02
8.71620508525520615306e-02
7.56371242459634718358e-02
6.53156858759012387550e-02
1.05915085571991085533e-01
6.38591538777911055247e-02
8.60488344560405571393e-02
7.72931582845668291304e-02
1.04248091687467916988e-01
8.30556174132235924823e-02
7.08589103837856254531e-02
1.04027861053710882211e-01
8.91717589012458733411e-02
8.03298914670584202069e-02
9.69832055555500116562e-02
8.27620459134587177497e-02
1.02350996521232237568e-01
9.88218117587913169597e-02
8.15390737996337516824e-02
9.84263050067318567837e-02
1.04448773448900189553e-01
7.91137724018217275423e-02
9.17823121623140142367e-02
9.28875083324623013192e-02
1.00754613057211811489e-01
