948
480
2095
294
1942
266
906
2359
234
566
478
690
274
740
330
1544
1464
122
2292
1228
2004
1774
2341
1398
2117
2251
482
492
1394
2138
462
2072
262
264
1958
822
1068
1258
2052
2103
1168
2177
1988
1514
2274
1930
990
2013
1300
2152
2145
2394
738
2113
90
1082
2237
258
2008
2390
486
1940
1872
170
666
1234
1514
760
1925
2528
1991
1892
1848
2000
1637
2273
2009
1670
2294
430
242
2055
2397
1922
2113
2174
1998
154
2026
1410
806
2221
1717
970
938
2242
2391
2244
872
2178
2046
532
1496
2493
2513
1862
2013
1214
676
898
2101
2242
1600
2008
350
1060
972
1942
802
2595
2173
1928
470
1796
790
1030
494
2003
2321
1870
2003
2212
1979
1691
1846
1312
1440
1587
1072
2572
2836
2036
1976
2339
238
1884
326
2229
1028
200
558
886
462
946
2018
354
2274
878
1582
30
278
2182
2214
2272
990
212
2083
2180
1228
2075
1204
616
488
1988
2147
2107
730
1980
810
1819
560
2366
2261
1842
562
2223
1430
2162
1032
288
1899
536
1884
1421
2129
2022
1354
264
1999
18
2067
448
2107
2432
2045
1208
1688
622
1859
116
1932
512
1742
646
462
1158
190
2041
160
652
494
1559
2026
988
1884
2097
1208
2113
302
2124
990
1034
2049
2054
254
1865
568
1374
2246
1190
348
1110
480
2019
954
1864
1977
2228
694
1508
258
1122
2048
2471
304
1608
1088
1652
2056
1126
888
238
698
1962
2126
302
1580
584
2063
266
1690
2060
228
2251
1250
236
2036
1072
2186
498
14
1913
1898
1716
2173
64
148
2066
176
1953
1802
94
2718
148
342
938
1670
2395
1170
56
1598
4076
606
124
1590
2314
254
1776
76
554
470
2163
2004
2224
1498
2232
2078
2082
602
2352
1433
2274
1776
756
2133
1722
702
758
1959
842
1094
1010
8
2120
160
1941
158
1066
2064
428
2082
440
2155
124
1384
1906
1098
2212
1492
2273
1224
1004
636
2070
1758
1252
2211
1736
1979
2146
290
432
1808
1634
1818
1242
1066
1784
2135
2094
250
90
1522
2169
1332
1450
338
394
2140
504
666
832
2318
850
1044
2099
1831
222
1926
2119
318
1746
1086
46
116
1937
1998
1072
2142
2159
2198
2268
1925
1820
1344
1945
468
1236
376
698
2159
602
2230
1030
626
312
1236
1318
2005
688
2356
2430
1424
2307
118
202
2188
874
1448
2130
478
200
506
1974
832
64
2131
52
1108
512
1386
1252
2198
1840
1126
1570
1088
606
1138
20
1871
2114
2250
2456
2184
2878
1752
1583
2315
34
502
986
696
2267
402
2103
1869
1204
56
342
310
1714
2065
210
400
2222
2074
2182
2107
2040
1932
1312
118
536
1204
1008
458
2574
488
2070
1785
1908
662
88
1224
76
2082
1434
620
596
1294
2270
628
2295
358
1963
676
1744
582
2337
2059
1594
2011
2115
166
1945
1823
2353
154
2002
650
72
938
1976
230
2535
408
2194
1940
336
964
618
1470
1542
1748
42
122
160
1300
2163
2098
2037
1618
2258
524
2293
3070
362
438
2035
92
976
2098
1793
1364
194
30
1970
2053
1765
2798
2180
1895
2515
2228
550
364
668
920
1953
994
1472
1720
1454
2232
120
38
1984
2240
758
380
1386
2057
790
974
2096
2061
1702
1216
192
2472
1206
1946
498
830
304
1382
1582
6
2280
1346
2115
1032
406
2007
2048
2026
692
120
222
516
342
2350
1044
80
6
3000
1148
294
2059
1434
1956
14
954
1902
648
732
1566
1024
914
2158
490
1696
2306
1012
2134
2798
1926
26
2244
2367
1791
2038
1679
478
1652
16
434
28
324
820
1318
1362
1030
462
1342
504
364
2176
218
2308
2119
1703
1714
34
2099
1856
590
648
1014
332
298
2089
1566
1508
1856
1967
2112
600
2070
208
900
2156
2143
2305
2357
1878
1570
2268
492
544
590
2232
524
1022
18
2500
348
10
2284
2135
1262
1482
846
2018
1346
2321
666
2114
2045
370
1809
208
892
2210
920
1490
1578
366
1928
220
622
1893
1993
462
1822
1893
1830
1774
1718
2583
1817
1530
398
970
1248
1975
780
918
838
2150
574
1266
512
32
2237
984
2102
714
1664
194
1748
680
156
886
2221
1448
198
214
1889
896
306
2280
1048
1192
2157
280
924
542
242
898
2308
552
1846
2745
840
2151
558
1840
2338
1524
2227
2573
2094
2341
1750
1686
1724
704
444
1380
384
1230
1973
2050
2112
2148
776
1324
2285
