2136
1958
2128
1514
350
2346
1921
2013
224
1034
40
1310
648
1178
2001
2147
290
1276
2684
2126
776
1482
2253
790
2014
2146
890
416
1818
590
1682
202
2958
2165
1842
2006
1002
446
1746
566
940
334
1730
470
1918
2238
1969
1132
1082
176
2123
120
388
1184
1846
964
2508
578
104
1712
2153
238
2054
84
1040
386
1851
2097
2399
386
288
46
2068
1166
2171
818
1648
1156
1754
2298
2153
838
78
1882
2064
2192
1320
2475
1030
2274
1984
1969
882
1590
1056
1182
74
48
1208
2102
1514
2132
182
606
2184
1754
2042
64
502
362
928
1598
192
500
2181
2254
2038
2253
416
2097
2193
2227
706
822
192
1324
1270
1802
1942
2164
1918
818
810
2057
1985
1944
1052
2279
2214
1978
620
1927
292
750
600
590
122
480
1748
1904
146
1620
1959
1476
1904
182
2234
2027
424
1724
2046
2603
600
1024
1040
368
2144
208
668
1992
1971
290
1864
2021
1926
2437
1264
1294
1858
1920
2476
2031
664
3276
2038
326
2509
2304
2147
598
1322
3382
420
996
2288
1828
1488
2421
44
504
2216
768
2259
2150
1962
582
1236
2107
2198
1712
888
828
686
92
1432
1604
2159
1680
1568
2143
884
34
1924
2305
2183
256
1404
1272
1406
2135
1242
2267
66
376
506
2073
1570
68
2084
692
2138
1953
548
2280
1900
334
2079
156
466
2066
510
2153
192
340
1276
1548
938
202
516
1736
1834
1440
2032
2105
1852
2269
404
818
1326
874
1886
1943
248
2368
2033
1770
586
2083
1614
1917
2050
1370
266
2277
1759
2224
2107
944
588
840
2282
630
324
1470
2147
2043
132
182
902
1764
182
184
1980
60
660
1630
2399
2146
2076
1068
1408
2201
856
208
1526
2116
1516
318
1739
2393
150
2175
382
770
414
588
2252
1510
388
2156
1614
458
416
576
36
2034
2130
1002
2094
1886
1476
1148
1615
890
2029
1930
2156
2094
606
664
2040
2015
2182
2031
1324
1688
2045
796
978
604
260
622
1388
1788
2128
2228
1963
1832
1919
2172
2253
2268
128
1877
2343
1464
2017
868
2001
220
2151
46
1925
396
2176
1536
1460
1016
1820
482
108
166
2126
2082
2244
552
1048
1698
2190
178
618
1879
2315
1238
656
1358
2021
2157
220
1522
978
318
1434
2095
1138
2135
1268
1410
1644
834
2246
2291
1280
1638
2117
832
1889
1124
714
1764
1482
2237
118
1004
1306
676
680
2168
10
1988
354
1928
2162
1362
1862
2185
984
488
146
2226
378
2052
942
1999
2288
2222
172
594
1782
70
1991
2214
866
1914
2061
2078
1935
1850
1804
2192
2107
2099
1826
198
1290
64
716
556
1931
1366
1803
1989
528
2416
2238
1821
1106
1462
1050
2434
1960
894
854
430
616
148
1366
1086
444
636
1890
1138
794
580
1702
2106
1212
2138
380
2105
756
1154
770
180
2251
1642
1898
1992
2499
2060
896
1304
270
54
2204
444
170
2099
1726
1786
2204
2116
522
2159
136
232
1919
50
1296
1126
1264
1907
484
1782
1470
1886
208
2187
1058
132
344
2576
1740
1046
518
364
722
1480
912
1987
2418
1475
1988
240
794
1178
154
586
1062
1984
2267
1816
1196
1810
1344
156
1741
1866
822
574
508
224
1192
2208
30
152
2099
1088
1828
1648
1208
2007
814
1812
218
2005
2332
1260
1542
142
2097
1238
2234
202
1723
1114
1946
1639
638
1728
2103
1794
2420
4
2201
332
328
2252
5952
882
634
1992
956
1856
360
678
1472
2232
28
478
2126
2183
98
1298
1880
530
248
654
1006
2271
2244
2116
40
1699
1166
486
392
1914
2419
1970
132
1603
1838
668
1881
200
92
114
752
2134
1120
276
118
1958
280
2265
870
46
1514
1935
116
210
100
1602
802
1104
296
528
280
2145
1668
1244
174
1718
266
832
2603
1650
700
1006
1486
1260
618
710
1372
1632
1969
2068
238
244
732
932
554
904
2050
92
2077
1652
2144
118
1112
2037
16
640
2334
2103
290
1118
1562
2032
1984
1780
816
1762
1995
562
2142
1964
1048
692
1254
2359
1694
2009
836
2181
2109
606
488
1942
2312
1645
514
34
410
1991
1857
2279
1828
2004
1122
906
1120
1162
1586
268
2526
1886
706
212
1134
2298
1870
774
1707
2006
284
2096
2083
256
2244
504
2225
984
798
1726
220
1992
2128
2180
1498
722
162
804
1378
736
876
1936
1336
2176
1941
2228
2204
62
1637
578
668
2144
920
2275
