2146
2192
2029
1965
272
1662
1959
570
474
812
1802
222
544
632
224
1292
1964
760
1390
274
502
2241
82
348
1848
476
2177
2194
2261
3238
1128
1552
76
1598
558
70
1779
2150
230
1178
1950
440
298
248
820
1340
1516
1837
586
1394
36
310
1490
1014
682
2028
2416
164
1252
508
1010
1428
92
1857
2245
640
30
162
2250
284
76
2137
752
108
2032
1454
286
1835
2040
1540
1480
2
40
594
152
2279
2351
18
1576
1854
2191
2232
640
2223
2118
1286
1090
272
1230
1890
342
1977
2086
172
1680
2110
254
1755
404
2005
162
2240
2093
328
2264
18
918
1690
668
1504
726
1920
562
1970
544
932
1939
1490
2197
1300
1042
176
1538
1622
446
48
2185
132
1598
196
1224
532
728
2290
2594
1475
1798
1811
2167
1244
1426
2007
2160
2031
2207
116
796
160
464
2086
560
146
1332
492
1876
384
2222
896
1188
2341
1186
2016
1951
1170
260
1896
40
1580
916
1695
1316
1734
242
568
2225
1262
2241
2270
2266
1801
596
2301
1608
242
1708
2061
2241
310
706
744
2081
726
2327
250
1972
2211
1124
968
1977
1382
2094
2052
2589
256
2183
194
514
1966
386
1891
2122
2069
560
1356
262
2165
1186
2182
1846
132
342
340
1038
342
430
1720
1942
200
1484
1834
876
2107
42
1518
1168
1971
670
834
276
132
1855
400
2301
662
466
1228
2240
1468
102
670
498
2206
616
622
1028
1720
1298
2164
36
1840
1873
2133
794
324
2173
920
460
650
1937
1664
2301
2145
772
190
1292
2064
842
240
2352
1256
788
232
910
64
490
330
2092
6068
2268
1964
1783
246
70
1600
98
1732
1504
914
320
1486
958
1044
1638
2167
1738
62
340
1318
1022
1088
2508
2244
574
2459
2106
1160
912
56
492
1248
1066
1230
1850
924
1768
596
258
1792
2091
2085
1652
14
242
1826
1680
424
650
988
2097
2159
1834
50
1560
2137
1176
456
2006
1989
2057
244
566
1868
2096
2004
2046
2426
1958
1682
2343
836
1866
1576
308
1979
518
2038
1524
76
1744
1542
1184
2058
2128
2142
1238
1849
688
490
178
2046
1168
2015
824
1967
212
1577
384
1014
426
2143
1885
264
406
524
662
1926
1897
2018
244
1834
1246
1947
1074
2179
172
1210
2349
160
2372
1228
988
84
1924
2022
694
1182
1182
948
2188
30
1154
2182
1466
2257
2061
452
1826
390
288
2070
306
814
2042
182
2136
2343
274
1920
482
1186
730
806
88
2350
2988
1056
1764
2395
454
496
118
1901
2276
1991
1480
2128
2052
454
1278
2251
862
1834
624
2384
1594
2163
2589
2135
1952
1390
70
372
2060
844
18
1703
18
758
424
1532
1850
1468
1216
2062
274
1116
1798
308
2267
1840
1837
2133
1254
52
2094
218
40
1808
914
2162
532
1244
710
2137
624
1775
68
44
366
544
2277
1775
1174
2211
1946
1871
468
494
2224
1225
1880
2547
188
720
644
2398
1030
2005
2123
712
24
1987
372
556
70
124
2098
2022
2187
2096
2267
688
1262
796
284
464
1002
974
2228
22
326
2142
1975
118
2007
938
2224
182
352
56
2636
1477
464
1494
832
1983
444
654
472
44
248
2062
846
500
2220
188
474
1096
852
828
1812
1580
1474
984
752
1254
1910
88
1038
240
1858
1917
700
2068
56
832
386
1178
2194
1360
2090
1901
1298
322
2156
324
458
220
1746
2065
710
8
1826
216
1720
592
640
2300
2159
686
40
2075
2139
1070
670
386
1964
952
52
492
96
1848
2076
1961
648
998
418
1228
672
2259
362
1886
1862
538
2374
2154
444
2292
2353
324
26
2438
1714
1815
2139
2162
2232
1960
1160
98
1671
1176
1909
1945
310
2328
2165
940
206
346
1214
1178
1798
6
1815
538
84
208
1286
1618
1426
1872
278
226
1270
1666
604
2230
1772
1762
598
2439
984
1760
2064
1568
396
344
796
1502
880
1594
294
252
720
2131
1182
1614
838
120
1820
2097
1965
2091
2214
576
1790
1334
2154
1815
2372
486
1786
1262
1939
1240
608
1336
2042
316
2104
1912
232
1742
2310
142
914
2226
1931
2138
1900
1567
588
2132
530
1584
1168
1907
1408
2397
752
2084
460
2055
1084
570
2343
1222
2198
638
2299
934
2437
1983
88
1956
1967
1596
2112
2316
2130
1016
736
1902
2006
1378
756
488
718
834
464
2353
548
794
2038
52
2092
1644
1252
2215
