1186
256
2144
860
436
1394
116
2258
236
2009
2174
294
1956
300
578
460
1926
1424
1954
1244
800
1896
1034
1130
1236
358
1923
704
454
2246
1264
2217
1889
936
2036
872
2043
2276
1476
600
2116
1022
610
1088
1230
978
2137
510
1084
2512
392
62
2457
2113
2083
2144
166
656
1494
2023
62
1398
172
48
952
1398
1024
1813
2067
518
1118
612
476
74
574
1670
202
1210
882
2158
2127
834
1448
1777
634
114
2088
86
1892
1410
1861
1154
1082
1218
1816
952
2164
1766
1100
2964
778
122
762
1930
2276
854
974
500
626
1928
1390
2104
410
2292
2163
446
1608
2436
2070
2189
2244
78
2309
946
50
488
800
778
1480
106
296
1030
2159
1548
1292
1536
2034
782
986
1218
2094
2057
1772
2264
2512
2006
2231
1816
8
1876
1981
956
1332
1787
1526
1320
2190
1520
224
680
330
152
1867
1066
982
2034
1804
300
1972
36
1658
1732
90
754
452
2090
2075
1150
1783
680
2245
1504
1956
968
1652
1683
274
2848
2545
2078
2127
1258
1154
2051
2412
948
1690
2084
1968
2232
1927
1548
2015
108
1040
274
2168
1084
1975
2214
1768
1304
542
2257
70
2128
778
2084
80
2141
1064
2215
1074
2153
2079
98
288
176
778
1974
544
932
2134
722
1946
850
662
90
78
2061
1046
342
490
2268
1940
2298
380
166
1991
1062
796
610
1584
802
278
618
2226
114
1608
2130
1972
2074
412
1686
832
266
2313
1742
462
968
684
1466
1480
2025
1610
1851
286
1070
314
2173
2231
282
1440
120
1996
2407
2038
260
162
2546
1128
2170
2653
1660
106
360
700
114
1884
284
1834
3952
1874
1978
1568
1576
888
90
1578
2191
2214
538
684
56
62
50
1889
398
2106
1268
1800
2180
1632
1440
2102
322
1538
2084
1328
708
1692
1016
994
772
2000
1100
152
474
510
2308
1082
212
1868
778
2138
2015
96
2661
516
58
1909
2120
1982
2215
304
386
1092
1874
742
890
2748
1922
1066
958
742
2318
1608
10
1500
2073
1879
282
236
608
454
2162
1314
62
580
1206
2057
1903
2150
1916
2178
1959
308
1969
2237
734
90
1692
736
1793
46
1922
554
750
2145
2105
388
276
2024
632
118
2081
2210
2066
1470
2104
156
44
456
1696
200
2055
1278
520
1652
2089
2336
1470
96
2105
1118
2278
2005
370
2151
1466
520
1254
110
2275
340
2178
1706
2251
2241
2261
212
1048
116
2015
1274
1770
16
54
2310
778
476
788
528
2225
2079
128
66
1086
1560
608
1710
578
1004
2180
1801
66
1592
2009
1622
562
1789
1923
380
940
2054
2189
1703
2087
1933
2191
252
2284
2090
2301
288
1322
1044
868
2208
290
622
1673
1226
2586
930
20
434
1684
348
2072
1905
1774
2922
1962
1904
1474
218
1732
1400
28
1322
1892
1902
1366
774
254
2012
1778
2142
262
1884
2084
116
2081
42
1897
2140
1905
1982
1786
2209
1330
86
2
832
1511
336
966
10
1896
1923
380
1610
2070
2103
2304
442
138
1975
2192
1836
118
2030
1996
406
998
1128
1802
2015
2209
606
1104
390
486
412
1935
518
472
2209
516
2068
2116
632
360
1958
1122
2069
2464
1971
1837
2219
614
634
1976
652
1768
1805
196
2182
872
440
2173
744
348
1284
1764
592
2245
134
1980
1782
1368
758
2047
36
1196
2053
686
180
1958
1651
648
576
628
1536
1272
2752
406
14
256
838
1196
852
2227
22
1214
2162
1096
2191
538
286
1964
2096
24
2020
1786
1168
816
2202
184
1226
960
1780
86
408
2176
1220
346
1244
1895
1122
572
2042
302
546
1344
870
2260
886
1262
1314
2395
1350
778
124
2058
2056
914
1972
2180
666
34
414
2165
234
2214
2154
2208
1308
80
566
1880
506
1156
326
592
188
2350
60
2516
384
114
46
1550
1996
88
1770
1046
2156
402
2340
1322
378
276
1602
864
394
778
748
1524
2290
2227
1042
1668
2075
318
116
1857
1885
1218
1380
1064
1940
672
1342
778
1324
1642
2227
2589
2222
2271
2326
1939
1786
2233
1502
2082
2097
2023
328
1458
124
174
1614
1292
444
1090
1298
1042
884
18
712
460
1828
266
1260
520
2349
210
712
390
52
404
2148
1898
1416
1170
1148
1034
634
544
2107
1961
1978
906
230
2036
2072
2265
456
1442
398
1544
110
1382
714
1854
1420
2260
174
2107
298
368
246
1444
1726
156
1944
1232
