1989
1808
46
1945
2086
1036
2191
680
2028
1768
1446
912
1938
2182
1038
678
1300
1164
2328
2044
1675
416
166
2119
1965
2224
34
2123
1070
2144
1718
694
184
2041
2164
836
926
50
216
432
488
2110
1072
1852
1368
1580
752
1911
2173
336
1804
316
2389
2145
1608
1532
564
336
284
1938
554
264
1710
1538
1448
2038
756
2222
442
646
1342
2058
444
1760
1214
2152
1542
1534
1386
1976
102
54
1864
1682
188
776
1102
1658
272
946
868
406
1852
2006
344
1316
2014
450
1422
2211
2222
788
888
128
116
658
1861
1148
676
1596
978
2166
306
2098
982
176
42
2198
1204
2190
732
2353
124
296
1624
546
364
1670
912
1732
388
276
1198
100
1732
708
1496
416
2308
496
2000
1917
2247
2311
26
1618
2182
460
2111
940
170
1356
1220
2134
916
2457
2036
154
2130
1706
238
1746
24
1150
1888
1969
2041
1364
2433
960
20
2349
1828
2132
2043
2014
2309
2194
198
1636
1206
900
2475
1402
1606
432
486
2433
1218
212
2031
4774
1932
64
538
654
560
2674
1274
1202
2031
1733
2156
1520
2133
1896
1528
1542
1382
1718
2165
180
1922
76
86
1148
1566
718
1020
1910
892
838
2183
604
1672
2100
2338
2198
48
2229
1624
1780
1344
1146
2200
2005
2213
772
2164
2104
324
1861
322
284
962
1232
1925
2174
234
1954
2133
1900
2155
980
122
82
238
1766
2130
1004
186
2392
48
1509
732
1094
608
344
234
544
2112
790
1032
286
1930
676
72
860
2084
2025
1990
198
1264
636
1876
1162
2200
256
964
1176
1712
1958
610
1066
324
1752
1598
1774
1448
252
630
714
468
802
1855
20
2093
2268
202
2140
994
2169
2055
970
922
128
1906
592
480
2367
876
2025
282
1484
474
1026
2156
1715
1967
1412
2057
2063
2396
1829
2268
1936
62
146
692
346
744
916
730
1833
1850
2008
598
752
1840
974
910
1895
112
1264
1890
2074
2092
1664
316
1830
2439
328
1977
532
1812
888
802
566
2152
1806
2172
1484
2364
892
334
974
88
1726
1366
2230
2055
130
1072
612
716
1502
1850
188
2349
1986
1238
1244
1866
1761
1830
642
1566
2000
154
114
616
1272
784
970
2221
920
2091
158
696
356
686
1833
550
2270
2240
526
2559
752
352
66
2122
618
2022
552
2122
1136
90
880
1510
546
862
606
1408
1746
2272
1762
2364
2156
2094
2239
2192
538
490
608
1398
230
382
140
2229
368
200
550
76
1778
972
1666
1366
962
972
2179
614
1366
2029
244
2027
616
1198
2119
1502
240
2017
1927
1699
1588
1707
90
1914
6
26
1969
434
2970
516
456
666
1134
214
1122
196
2132
1774
754
794
1290
1036
86
1424
2275
1826
66
2001
674
1350
2075
362
872
1196
286
1548
1112
1016
954
2226
1446
24
848
892
1130
2156
1450
32
994
1862
1786
500
2174
1300
498
500
1953
1560
1466
1592
1096
2248
1943
1736
1772
264
1885
1226
1765
1820
2048
444
1208
2310
1588
6
2095
162
396
370
8
2271
818
1931
2112
2184
1264
792
344
96
1408
2269
1972
76
1700
1170
1872
2275
1920
2329
774
424
106
126
1902
968
1256
1852
694
1720
2165
434
2442
28
1950
430
2042
184
2030
76
368
1144
2073
2186
818
290
1082
504
2045
748
994
414
1064
2000
1570
634
2125
1985
1879
256
516
2195
1190
934
62
734
1945
348
72
326
2116
8
2101
216
2407
634
168
1982
1617
928
202
1248
182
1192
1872
2206
420
282
1771
864
1548
2307
238
276
714
914
758
1988
754
2283
438
2229
2
520
476
2073
1500
2209
1030
1380
1935
244
2073
182
1142
556
402
1522
1502
1979
1320
524
564
1334
552
1026
2114
1086
1844
1807
176
1200
2130
2346
2078
220
196
1928
936
1044
1456
2057
1076
478
646
1268
1572
390
1804
2165
1938
1922
1753
1180
1777
2075
1946
712
1872
682
610
3602
1444
1840
1820
638
2015
198
92
1072
536
1490
166
350
174
2212
1952
1468
1787
360
406
580
1984
2077
686
2019
2172
2102
1030
1972
2266
2134
1050
68
2345
1854
268
1104
2226
528
2174
376
1728
738
1442
1366
590
2234
1288
1324
2631
830
1610
2066
432
1690
664
378
74
1582
872
178
1282
1128
1206
2224
2300
2178
2065
544
238
2057
1368
2185
2079
1844
50
800
246
1190
428
2047
1976
14
134
2100
30
