1098
10
812
588
1899
78
1694
274
2184
8
2089
1972
72
310
304
1782
700
356
18
394
2246
722
2439
424
2032
2323
2356
744
760
2142
464
710
346
214
2048
1994
1648
1504
468
392
2458
1968
2504
160
1172
1885
2236
242
1348
892
10
48
1442
2257
170
484
736
1884
978
90
464
1282
1864
270
1430
858
1976
1734
1136
2024
1396
1160
1948
864
2477
2174
770
840
24
1975
1775
1824
686
950
2080
1368
40
928
1700
352
1979
1022
2297
682
1602
2071
802
1140
1936
556
2265
142
836
96
266
258
314
1969
38
2056
122
1948
422
2254
2214
1840
1824
1086
1526
2143
746
664
2598
502
1388
850
1954
212
1788
836
1511
2092
140
1688
2142
2165
1683
1098
1514
724
544
446
686
480
648
1024
2080
2050
538
1917
2218
1190
1756
648
306
1720
76
1531
2067
2008
1985
2065
1807
1222
1892
994
2082
934
2246
1952
1050
1412
1748
746
2018
2257
1661
1752
302
284
2012
272
2717
2089
486
254
2278
2448
886
2071
732
2638
340
1436
730
172
660
510
526
1184
2025
964
1234
1228
2408
172
942
544
954
242
490
116
116
1904
2076
1760
324
26
1986
2099
1634
2277
2877
1200
2275
62
1390
1991
2076
1888
1192
2305
1700
894
140
1800
1657
2145
640
2020
2197
166
224
2301
1835
572
376
1574
280
1762
1770
106
1188
1582
2063
1694
1054
2290
990
2148
2041
1618
636
46
2033
1729
2036
1840
1368
2004
2038
974
2230
1617
2091
926
2063
1736
1931
2017
2052
1332
2049
798
1721
614
2439
2276
2226
1891
1892
1986
1006
816
2168
1562
2134
220
2143
1504
1254
412
192
794
1977
584
1006
340
1989
1768
88
2240
1760
28
2027
2006
258
28
1192
2304
1924
1394
892
1652
2098
2065
278
1965
2080
736
896
386
776
466
386
1156
74
2215
1402
406
1686
1822
2082
716
2015
2092
466
1570
2409
216
510
2163
1336
1963
2098
2032
510
226
48
2292
136
1915
2164
1859
2249
2599
214
310
1168
2650
598
744
86
1252
370
452
2144
1430
1954
2399
2011
2033
1815
2174
774
2053
84
1878
2238
18
116
1348
440
1857
240
622
2084
1018
1168
1328
2084
110
56
618
1996
1801
2174
2146
2176
2238
1863
116
2193
4
694
26
218
1696
2234
1452
98
2424
2387
710
2195
114
1052
1296
16
2000
1138
1144
2057
2323
616
1654
510
2111
66
2048
1768
2156
648
1240
2115
948
1062
2190
1020
2235
138
1406
1026
620
2242
56
1216
1488
6750
1182
388
382
2302
2421
1924
2254
1994
162
750
2534
2296
898
1012
2230
1424
1188
2141
2398
1248
2389
2017
2123
2077
664
1812
1704
326
40
2138
404
290
2128
1442
1352
1008
12
1995
2002
2267
2163
1974
2454
182
2386
1767
2179
2235
1746
1766
1562
628
120
1999
2167
1026
1781
1595
1472
1000
820
268
2202
2348
2150
678
1994
638
2184
2436
128
1917
2104
1875
1629
1200
438
118
1614
1708
2014
810
1860
1976
1586
874
54
1092
676
1778
872
582
956
1022
1054
812
788
1144
2100
2443
2291
1350
434
190
188
788
2080
1943
2129
1850
2032
2611
116
946
356
598
880
326
2241
536
1406
746
372
618
2273
2325
1180
1592
182
2156
1936
722
2080
864
1184
1354
1864
1438
460
2073
688
370
1538
2084
450
1102
1042
2041
2057
8
774
270
2199
1821
1863
2434
2423
172
2049
1542
848
2277
1941
1356
1550
2027
2040
2103
550
1968
1308
388
396
1980
1579
1726
572
148
62
2241
1822
882
978
396
72
2196
1792
2476
1740
124
1302
230
620
1930
2290
1913
374
462
776
1885
1896
1318
1830
1360
772
804
1712
1782
964
1976
1236
188
296
696
668
1400
1398
398
834
1896
546
280
344
278
1906
422
376
2256
68
1985
1872
1730
2070
910
1198
114
1474
2078
318
318
640
1008
2181
1162
238
2122
2040
2293
328
2025
1936
162
1542
1815
702
2184
590
80
2110
1916
144
2165
2420
1478
8
1933
606
1808
636
870
412
2146
1314
2149
842
2134
2203
2203
930
900
2056
810
316
1320
638
1048
2116
560
1051
2244
766
2018
364
304
2271
2267
2389
3181
2229
2053
110
1322
386
2158
1420
2038
1962
1796
1202
482
2409
2117
432
2034
212
652
1594
1886
2144
40
1316
2291
224
268
108
880
886
2037
2132
18
496
1998
1680
1312
60
1144
298
1446
286
2318
738
