1965
1496
2382
1372
1984
1336
1904
1178
1915
636
1282
984
304
1832
2343
1992
2475
932
276
620
2316
1223
2195
124
898
1744
2113
2119
1566
2136
834
1066
1084
1732
420
778
1843
1290
798
182
58
2077
480
1192
344
1232
1034
860
124
1818
264
2154
2159
198
658
3144
1590
1901
2230
266
210
1669
2128
154
1854
594
1194
2007
1352
356
1512
1996
852
200
2006
622
1543
1684
1805
882
1602
1946
1614
98
2164
636
792
402
1787
2409
1250
1022
1643
1498
2027
1611
2118
2080
380
644
1824
968
1765
226
2207
1258
272
40
1520
124
1994
512
970
834
2147
690
2158
2167
2125
2232
1328
52
1698
1688
1957
2302
592
1578
1272
636
346
1908
2044
1953
2048
122
440
1596
1132
900
114
942
1598
2231
2480
1160
280
118
1394
1044
350
2278
220
2209
2020
2475
2085
2192
1054
1166
656
1110
496
370
2103
808
330
1098
1262
138
630
56
1364
202
18
1802
50
1854
1046
534
262
1987
832
1102
110
1572
2742
764
2025
1126
2023
10
68
1971
2304
858
2249
2359
1086
218
2063
6
92
552
1578
1186
1850
192
1898
692
1870
1258
1972
344
970
972
1686
1668
2093
1693
1182
2076
834
448
706
726
1770
694
1242
48
88
2233
1741
420
332
1564
2174
2016
30
2176
2276
146
1118
924
172
474
984
1946
1451
1928
122
1601
898
2035
3087
36
302
2020
2255
2086
366
64
564
1402
638
2192
776
598
1950
2455
2100
2213
672
762
2296
496
1010
670
976
1974
2132
150
440
918
416
1892
2080
196
2478
720
1656
1556
1462
2153
2133
68
1888
2086
224
2351
574
800
1686
1896
344
1442
1116
1360
2064
1718
472
1242
1726
1048
1404
2451
1690
680
1136
360
2305
428
984
1270
2142
54
1380
868
398
2547
890
2302
2018
1372
1362
2070
1872
384
1100
28
850
790
44
1190
1875
2144
854
2167
1820
1983
1270
1604
2046
1302
1604
2227
288
2112
2112
1434
244
1026
1520
974
1754
338
1969
586
1998
614
1020
528
452
1156
2359
1216
2067
2387
1480
2138
968
2167
700
2326
1346
1284
1428
2065
574
1670
1434
1146
846
1636
192
1765
824
2247
1008
368
34
1194
1108
1978
1074
818
850
1688
608
896
1750
164
732
888
1708
2017
1910
516
1760
1774
526
426
628
1787
1978
408
944
1166
236
1448
1218
1818
2091
84
66
376
1024
1598
1430
38
1921
1737
1286
204
1984
1300
924
4
2399
2327
2313
2209
1082
2313
1728
1360
932
2038
326
2076
2030
1800
710
198
568
252
1722
1826
1418
446
1762
852
1714
2420
946
800
2450
376
268
596
946
782
178
248
460
564
52
890
2042
538
1589
2289
1881
768
630
754
1994
1114
570
1590
2314
1998
3018
2076
446
3464
902
658
130
2024
64
156
2039
546
1802
2218
282
1964
894
2305
1828
2166
222
168
1364
784
1744
1030
202
1853
2137
1671
1710
1732
452
1994
2149
448
1790
2159
84
154
296
1590
2012
60
1604
860
894
94
1918
604
2017
1933
1476
2176
246
874
958
894
302
2096
1502
110
1660
1599
2149
1650
778
2031
2186
1717
258
2152
108
78
762
772
1674
760
794
2065
1938
300
1384
76
102
282
2254
400
1450
1162
2112
1952
2012
144
1478
964
472
2851
1813
1314
1206
1824
598
1850
2191
2155
2172
1879
840
468
150
1794
22
1044
382
262
108
2086
958
162
2103
2175
1984
828
652
838
662
2074
802
2170
2297
1236
764
1942
384
1018
120
1951
928
1500
2052
38
1846
680
658
1722
12
1608
612
2228
286
920
642
1288
234
1286
2437
810
986
1194
1817
1148
1692
308
2081
438
1831
1694
658
610
2158
1546
732
2091
2105
2112
906
110
322
1998
1324
116
1528
322
2126
498
2002
76
2061
1982
1799
1862
1872
330
986
140
1948
1464
1616
1627
446
2016
816
1394
674
1436
1044
1868
142
690
2161
1989
664
1532
2208
2254
550
626
1656
60
356
1982
862
970
158
2084
1468
2049
1510
1494
2348
936
1898
2078
2272
268
1600
1798
2039
1484
1934
2155
2058
1947
2186
650
980
792
1975
648
1588
184
1244
1060
1352
90
1752
1910
2293
752
1394
1126
2311
2141
2051
1166
2166
2248
682
1620
2318
862
2033
1570
546
1108
1874
2187
1684
80
1738
468
1841
370
742
634
862
30
1791
1210
1344
1947
580
1719
44
1708
1748
1797
