910
1666
40
478
2055
2
1530
946
1944
1058
390
1590
2225
44
2622
2009
1628
2022
1260
2132
870
2226
2350
802
1642
2227
2327
2071
1052
1468
484
2162
2263
652
2073
624
2120
2375
1731
14
2216
642
672
1997
2229
1028
248
1621
2092
2264
696
1974
500
2278
1983
2354
592
1920
1222
2261
2181
972
426
306
2102
1881
2227
1953
2022
1928
802
822
732
474
1854
1988
1825
10
2050
1020
2064
2098
2200
410
316
1150
2376
1915
1598
700
2293
2222
1356
2073
782
718
2229
1366
86
1464
2242
1266
1928
2049
710
1797
1270
2276
896
1774
782
2120
946
548
1438
1360
2124
788
2200
2626
400
1458
358
1162
1244
560
2546
2190
1916
2046
1406
622
964
2024
54
756
1258
1578
2053
1398
1734
1440
1929
2293
94
2467
1444
1780
248
1558
1726
190
1840
1987
2188
756
532
948
230
1759
1168
2339
1878
1142
1076
1346
1805
1106
2212
2103
184
2144
1740
186
2160
1148
1986
1911
1078
1538
2120
1150
482
2392
892
82
2343
2356
512
1982
2068
92
722
890
2438
1234
574
1744
1806
868
1298
2116
166
1242
1140
450
2193
352
1993
464
1022
360
502
2150
808
540
606
2310
2129
1833
1200
570
2070
1885
70
2046
922
986
1038
1925
2241
2250
2206
2216
2082
1514
1112
1880
184
1360
1180
1268
1935
1362
122
148
850
1756
150
1772
148
2069
2228
62
1864
62
468
2101
154
444
2049
1812
428
1858
2052
630
1574
2049
1230
2007
1803
520
1885
2077
1794
806
1032
1805
988
574
1206
2064
1110
1914
1459
2262
1092
658
654
1590
480
896
1974
1858
1426
1985
1216
834
858
58
1174
104
444
824
2243
2254
1919
2186
2129
710
1404
1184
30
744
2209
2269
112
1042
1912
2357
1990
982
390
2014
138
1396
2518
2185
2176
2313
1486
816
186
1218
2226
90
810
1114
814
2217
12
2189
366
2096
910
1192
728
1906
594
542
412
834
192
1100
1988
2191
2271
1310
66
1280
274
472
1902
2073
1804
1232
916
1880
908
800
288
2105
2016
790
2136
1024
498
456
366
2066
860
700
1717
2108
440
1922
1588
818
1138
520
742
2065
1086
870
1993
2090
1873
2510
180
2146
2301
1280
334
2374
1118
2114
2218
88
1442
4
1855
282
2209
62
94
152
1360
2062
2149
1626
2185
718
2252
484
2072
1688
1779
2374
1114
1314
1016
660
928
360
304
850
1596
706
1755
2112
2140
2247
190
348
1374
2639
1780
340
480
350
1806
816
2284
374
1268
1494
948
1586
1702
2430
1738
1170
1644
230
2108
1140
564
1796
1839
172
784
450
780
1056
1814
1604
1991
2262
722
1234
1162
1836
1913
2093
1999
786
1598
628
2085
782
1404
1144
2079
1909
2032
1945
136
56
1873
700
254
130
2482
1582
1098
630
1008
814
62
2407
2006
1220
840
996
1866
1774
784
456
2157
944
754
2030
170
2028
644
1012
2552
452
1542
468
1068
1498
1818
632
178
572
952
964
1679
588
2425
958
1090
298
1144
1286
46
2030
320
1422
1306
2431
544
2017
1894
1963
2031
974
70
250
1262
374
672
506
2432
726
2130
448
1438
1918
756
432
2254
1790
1252
1701
2265
2002
962
2161
1850
2002
1954
3247
14
2096
1378
1902
2054
672
2209
2104
326
320
1886
1280
1647
2232
196
1570
2022
2263
6
2170
1994
380
2275
960
8
1839
860
130
1774
2106
2368
442
2263
1010
1885
1170
1400
328
2026
2024
1218
1068
1614
204
2144
102
2021
1764
1864
894
460
34
1162
26
1162
1838
2308
204
2128
508
2053
2227
1646
1936
110
2154
518
1724
122
1560
1930
1532
38
402
2182
2430
1304
1096
718
2066
174
272
2004
2677
328
2106
1266
542
2102
496
1602
572
1992
316
2012
982
338
618
2144
128
1882
654
2165
712
2149
1328
92
158
1146
2114
1822
1877
1612
1598
1697
1855
2293
1981
1820
2175
2134
140
1582
1915
1926
1452
1780
416
2065
2152
760
268
1406
32
2064
750
1936
1696
1258
1896
514
1891
2203
2477
932
744
1636
218
98
2351
430
2225
1774
676
52
580
2261
2207
1552
1102
366
900
1328
108
936
2083
1892
606
1955
1780
510
976
2306
1558
706
2242
1054
1806
236
2261
300
2317
182
296
1918
2070
2377
22
490
1508
1758
2169
60
2017
1894
166
2083
2017
4836
1833
1986
2229
368
1764
2073
2091
2398
1230
1042
2313
750
242
1180
992
926
268
