1232
1488
748
2085
1522
56
888
1457
472
128
152
252
590
1522
1158
2142
1390
1904
1070
1666
434
2255
42
478
1188
2186
152
1026
1672
1644
674
1914
2274
1282
592
2016
422
1366
324
204
312
314
1827
14
1696
246
86
1392
96
1024
2180
742
16
2088
272
306
2128
654
1657
782
1942
48
1550
1761
2122
2225
590
162
1156
1368
1617
2187
2317
18
350
354
2034
2035
2250
280
2207
1806
738
1685
376
290
756
1362
2190
1224
2293
1917
1224
1696
966
1800
1746
1883
664
1834
2224
2029
1016
2206
1086
1176
260
1910
1246
2117
1386
1234
2071
518
2255
1738
1742
2013
2097
2292
1984
1805
540
1246
46
836
168
1851
1751
866
298
2399
84
2013
1928
1086
96
2446
378
1238
2117
592
34
2821
2309
1316
1504
1702
2037
514
2024
1944
1238
454
48
656
56
468
126
40
996
894
1983
440
572
1860
1877
250
768
1966
634
524
730
528
248
2274
996
1623
246
2251
1832
646
488
474
498
1728
756
414
414
1908
2380
356
1734
2356
2248
1478
1608
2058
1032
704
1682
2216
452
1390
800
240
1993
1440
2175
358
342
2274
1958
2059
2167
2182
1556
1070
122
1570
60
1760
2168
1598
640
1963
690
1212
2258
1798
2258
438
2251
360
614
1072
226
1086
352
144
1900
2140
2097
2277
2101
1730
2195
1082
280
36
1485
1136
1964
1706
1858
1100
2432
1634
1050
2173
1958
2568
596
1450
1792
1372
1872
738
2117
2139
1942
2237
1424
1782
2190
2139
738
1754
56
174
2134
1530
12
14
1586
1432
696
2232
1218
2269
1624
2227
498
1566
2108
364
974
7090
460
58
2103
3512
2274
548
2189
1432
58
620
1010
978
824
2183
1402
778
572
2228
1410
2390
1803
370
1947
1818
1402
772
2201
2103
1362
2056
2271
150
952
198
1751
2014
42
308
126
222
160
2237
2058
1688
62
644
1829
48
1948
128
1761
322
696
1780
192
2177
1862
518
2237
2089
1948
1851
154
62
168
2147
1250
2672
148
1508
1326
174
2309
2008
636
1900
1822
1132
290
774
764
1871
2030
574
300
1284
2138
222
258
2006
2479
2155
2380
2025
1256
1989
494
2297
390
2168
522
1796
2439
1887
2180
394
1542
1026
300
1776
2103
576
2216
248
2148
288
816
256
560
1178
1538
2332
262
1970
1770
2077
698
1971
1973
290
102
1654
1623
1540
854
2262
1384
2152
1726
706
1738
2055
2150
1990
532
514
188
1038
520
524
938
2221
976
2170
1248
632
506
2154
364
1378
1424
2002
1918
2079
1766
432
2096
840
1252
22
1864
118
2045
1008
1543
1136
210
2159
2182
1202
38
1524
1830
1968
1903
2397
758
2249
1928
874
620
324
176
2058
204
1332
564
372
1900
2264
2471
1078
2020
84
684
1456
754
544
2080
2021
130
2078
1967
1588
2049
1198
1956
92
884
2235
662
236
2279
1973
610
1474
546
892
1218
402
1813
454
374
2144
606
1248
2599
2278
42
1978
50
110
640
234
1118
324
1863
1730
1686
994
1548
1316
366
774
2099
2107
600
2035
1094
570
336
1144
2079
1446
60
20
478
2095
1518
1986
86
2007
138
1442
594
2036
1910
1606
76
1886
496
290
834
1450
328
2352
2265
826
2037
82
294
938
1800
180
140
634
240
2170
936
2005
1530
2599
92
328
1040
2003
2134
2101
1698
290
26
2000
2311
646
1742
2044
522
466
1736
1196
296
1842
1492
892
76
518
1682
2123
184
2438
140
786
1022
1120
2438
1526
950
974
1478
2394
462
900
2334
506
2318
1114
390
1809
1324
736
114
1194
324
1534
2275
1520
2141
694
2276
296
606
1706
390
86
242
1530
26
1332
2046
36
1930
808
2045
2262
132
2104
2201
2332
632
1094
914
214
740
1931
2286
918
1950
386
542
1956
2044
898
248
390
780
1152
2091
2075
2246
2142
2151
1408
2234
2098
350
2184
2286
1706
524
1888
302
552
1890
2166
862
2243
632
2190
2135
538
1262
1380
1688
742
84
750
772
1551
960
1884
1982
1756
278
2216
248
1442
2053
2150
2746
150
1294
1998
2094
1414
1318
98
92
1900
196
1980
484
1004
2010
1857
1446
2313
2167
736
1042
428
630
60
2759
126
694
1723
1408
1298
436
428
1366
1790
1244
148
2187
688
2369
428
1986
1922
2241
1458
112
376
472
2085
2137
1692
940
1746
1356
2309
1920
204
1630
938
142
670
2183
2090
1038
28
