2611
1547
652
1892
216
48
1432
2221
232
1524
326
1601
2220
2037
506
888
798
42
590
2144
376
454
816
1748
1598
1876
2186
282
1304
1928
1408
310
2103
292
274
318
1758
2269
1785
1899
514
1950
774
1670
1488
1898
12
634
170
1483
1132
722
814
2163
660
2217
1302
344
332
1780
2246
2101
150
1080
1755
2237
1406
1280
2176
206
1190
182
468
650
26
1730
1048
1769
636
2202
1688
2195
1928
2226
60
1800
666
2323
2116
2303
1846
1933
1412
1320
1012
2556
2254
1218
2127
2099
782
2008
1904
496
292
1935
738
1038
2094
56
2263
1957
6
2264
348
2274
1320
2210
950
2345
232
924
2276
958
696
102
516
482
2144
2155
2037
962
362
1536
1979
302
556
2148
1726
484
172
1056
2091
1566
148
2076
1728
1102
592
1076
2088
1957
566
766
622
400
2005
870
828
2106
1326
2295
1826
2143
1454
1946
1056
2547
2012
2246
2505
1120
2203
2019
2087
1040
2388
2177
2147
1820
20
1148
1294
2285
382
390
1398
2020
1610
134
2168
3502
254
276
596
2032
1985
1642
1010
1504
1966
1470
1985
2270
1944
1854
182
1504
2015
2153
76
1511
1934
1452
38
738
918
596
444
1052
62
512
410
1886
1580
1088
1880
2122
2191
624
244
338
2265
2097
456
1794
1828
584
1834
80
2614
2205
1931
2164
2197
1770
1998
64
1232
72
1958
1689
2208
1813
1985
2272
58
2201
1442
638
2136
2070
784
956
2218
314
1770
2188
1380
2152
2199
506
168
2345
2072
1084
234
1360
1150
1783
2048
188
438
430
2019
912
2090
86
2090
394
14
1222
1894
2200
14
2087
1511
1580
974
462
2042
1850
888
612
824
516
2065
440
2075
2212
148
2205
1747
664
1652
958
512
166
888
2598
1706
2017
1034
2160
1198
376
1644
610
208
2048
1923
84
314
1582
826
1714
502
1430
2061
1962
1020
2294
1967
1937
1732
802
2204
2150
1082
1726
804
1284
138
922
984
150
2120
352
2012
1262
274
712
1550
2120
1538
894
2256
2103
2458
1190
1424
728
2322
2213
760
2096
1276
36
448
1352
2031
226
1330
1806
1822
1784
608
136
2278
786
120
2066
2213
2070
878
210
634
1962
2346
1158
340
416
828
28
424
864
2009
1804
254
1726
200
2003
840
1922
332
124
1891
1813
1726
22
1840
2081
1552
844
906
1616
598
476
1034
1586
2178
2041
1506
250
722
2154
1442
1208
2038
1180
1172
320
1744
138
72
82
706
460
322
1666
210
1508
2192
1952
218
2219
1907
1344
80
546
1835
2128
460
2106
510
360
1640
2028
2133
2679
2074
1548
108
1204
2200
1408
10
84
624
106
1308
1408
1414
240
1442
908
1929
1252
1328
310
284
1382
1908
2148
1256
2161
122
4
126
908
680
1086
22
2318
1366
466
928
662
2227
1926
1302
1094
348
1728
2601
1144
1336
808
2610
1314
1158
1953
1000
784
546
530
1682
1390
1036
754
2072
2235
974
1506
568
556
1214
2280
1904
136
1070
1346
2388
1140
106
1475
330
2038
86
2198
2048
394
1896
738
1680
1160
2157
2213
92
1892
540
1640
834
2261
352
52
802
1460
558
718
182
1206
522
856
936
1812
1658
2108
1480
908
2179
604
1108
452
2295
126
422
2124
2013
28
1821
1586
1929
2318
1138
2130
1849
1426
1046
1735
2067
134
1976
570
2046
36
2197
1142
1728
1998
2083
1194
858
614
1908
1702
758
534
578
1160
852
554
692
340
468
336
476
862
452
1586
908
210
36
2138
2545
1946
2878
2050
1744
92
2098
1396
34
2244
1632
1008
170
262
2076
1881
1652
644
2322
2130
1182
2139
1778
2148
492
1034
2265
2161
190
1248
52
360
1943
1694
2095
1590
1040
2312
1654
2140
2101
2263
560
1978
2118
190
40
2126
10
462
1902
694
296
2156
1192
3197
2008
30
672
178
582
148
1314
80
1968
1444
98
1553
984
2142
1118
2086
2432
2050
1606
1730
1619
2159
946
1638
168
2219
190
130
1728
618
924
346
1816
2088
2016
1959
2174
468
1300
2205
730
2091
3290
2189
768
2219
2180
498
1254
2140
54
1841
2052
1674
1464
2405
2194
1174
1891
322
1662
252
236
144
660
880
2262
1478
354
488
2197
1292
2037
916
602
1174
298
196
1795
448
1576
2088
1882
322
182
450
1716
708
1514
1604
322
122
136
2078
72
1488
480
234
2150
1574
1720
2425
1006
2273
2095
1502
910
522
220
810
