1682
2104
270
1156
170
1060
1857
284
1880
282
1186
504
706
1774
426
2052
1620
266
1042
554
1330
1284
1072
2358
54
182
2594
54
630
998
2052
2182
1332
624
1997
292
1464
2298
2451
1398
638
2143
352
1446
1320
2105
340
1142
2343
1848
592
2406
210
2096
530
1006
1098
2357
1956
2111
2016
86
1957
1848
1506
2469
902
1898
1907
2418
1859
1610
1753
650
1896
948
1180
1644
1104
402
2089
452
2070
576
1658
1204
1802
2067
1695
2154
2052
14
1982
2195
1838
354
2087
1090
2029
1274
1620
966
188
1808
2072
1266
24
1952
2351
2524
110
2058
512
2094
1586
64
1002
700
184
1262
16
2086
1820
2043
852
2292
1882
664
2097
130
2046
2386
2137
550
1765
1969
978
204
1400
498
562
1845
638
200
490
1561
670
1927
2240
1921
1822
20
1993
458
324
1174
2060
164
1182
632
1276
2319
730
572
1278
784
22
366
1890
2258
1390
362
606
2065
2083
174
136
1970
324
1972
1230
608
490
2195
458
1981
2467
2087
828
2217
154
2432
1943
152
1576
2106
26
2014
1901
4224
1032
2036
470
2266
1192
380
394
774
116
2130
2156
1418
1042
1074
1360
1998
1270
2318
58
1699
832
254
822
2319
386
2116
2084
2439
2276
210
2053
208
516
2163
2302
1851
834
1734
516
2102
1812
2029
22
500
726
2213
158
1350
78
1321
1927
852
786
836
2026
2318
434
400
2133
732
1056
98
1847
1366
932
2209
136
1342
1770
314
264
2250
1052
2008
818
280
1262
2795
2051
1756
1628
1816
1860
2218
608
2083
1713
1590
490
2074
2188
2251
838
194
724
692
150
2344
2088
536
1836
486
2295
2210
1304
1592
1836
886
2433
598
238
2274
544
354
1522
1931
952
1022
2215
2232
1310
520
2145
190
140
628
2310
1971
356
1440
1442
750
2434
2049
486
1995
1046
2139
1894
750
172
710
588
1848
502
90
1460
392
1959
1805
1883
464
154
2275
422
1464
1124
1859
1224
2120
1742
1288
1474
328
298
780
1815
2126
1310
2046
2219
2036
1786
1414
12
588
384
662
1904
464
1440
1166
532
418
2008
2136
1032
1544
2314
2091
666
2191
1754
2113
1288
372
624
1740
444
890
298
972
270
1036
2132
186
1074
284
2038
1714
1648
1648
8
522
2296
36
1538
354
128
1158
1100
2514
1766
1815
1966
362
1929
222
300
2128
682
1044
1824
704
2261
526
1194
678
1949
1676
2083
2059
1010
812
468
46
172
2077
2127
1732
974
564
3564
2266
216
680
574
754
252
1606
2173
1914
860
1916
624
2071
728
604
1686
2996
1674
450
2312
2158
100
46
356
144
1879
2407
1378
754
828
2509
254
1436
2081
2257
1042
1828
2052
1676
576
10
472
2049
2101
260
54
2302
314
1599
2520
1506
1278
1977
1951
1608
1296
170
1817
2168
1879
2105
2098
1460
830
618
1911
860
228
1875
1476
2046
490
2056
2207
1000
280
2087
2050
2261
1901
1919
1288
2064
1998
2130
182
496
2097
732
2142
1342
516
816
130
940
2129
240
540
2338
358
2066
396
1580
150
216
2053
1360
1810
1761
426
1720
2132
1800
2197
1402
562
746
2524
2026
2288
360
1703
780
2175
2006
504
2046
798
2074
300
2230
1070
1336
1934
1632
498
2039
56
2007
730
482
320
2199
2455
1714
2169
1939
522
1892
1682
1062
1624
2140
1766
244
1627
830
354
1692
916
752
1666
2034
4437
1108
938
1382
1202
2200
898
112
1044
692
1880
2114
508
1788
894
128
2047
918
416
1895
2200
2166
148
950
618
188
816
2021
1080
438
302
1352
124
1826
58
1708
452
122
2879
422
1920
208
202
318
2083
2443
1660
468
778
2253
2026
880
2069
2047
1981
1486
1400
138
792
2308
1666
1853
2018
994
708
1242
264
100
504
128
2267
200
204
2594
526
448
1584
246
1026
2167
16
436
1784
2035
2247
930
870
532
2155
1820
1458
1921
300
768
468
270
1312
366
2053
306
2412
1202
1440
1704
2078
1953
650
48
708
344
916
2229
2001
424
100
1030
2013
1793
446
270
1382
438
152
482
2208
2207
1120
1728
414
508
364
1638
668
2150
1622
1988
638
2088
2120
614
2306
606
14
630
698
2276
1416
1773
528
1094
828
2330
150
164
2387
1106
2092
1450
1965
172
410
144
1352
2083
2041
2109
696
2140
118
2088
1519
1712
244
182
1248
2163
348
1360
2166
294
578
804
2042
2098
