2021
1296
2073
2019
584
322
1820
2239
402
1833
2189
2323
1056
250
1100
1975
1916
2076
1352
238
642
2196
732
1908
2205
1532
2210
48
366
2015
302
2110
1846
1140
2284
2186
304
2005
266
1904
2186
1781
372
212
2438
1812
2007
132
2316
918
1038
328
182
2124
106
14
2568
342
2183
666
2257
1114
2071
2182
32
1955
780
1290
2159
1872
2400
186
778
1210
1883
1868
770
244
1867
2007
1584
2068
1836
758
516
864
290
652
82
54
540
494
534
224
2149
346
1910
958
176
1104
2212
1565
50
2508
1766
42
1872
2133
1881
1556
1756
1676
1652
192
1618
306
2098
2223
928
1106
752
800
40
1969
1611
1602
58
104
316
1792
2192
208
820
342
1770
1282
258
964
1376
210
1499
318
1734
2547
42
1176
222
2002
602
1925
30
1468
1757
1919
578
1162
2178
1894
2081
1308
1641
480
1846
1911
380
1728
124
1991
1644
538
1344
312
1793
1434
202
2144
2091
488
1886
954
966
838
1326
2203
1488
1977
2592
620
240
1763
202
1980
1961
98
96
2062
1064
106
2264
778
1786
1873
2175
1258
782
210
2070
364
1803
142
2114
852
256
978
674
2310
1308
518
884
1784
1392
378
1764
1128
324
910
830
2129
684
1016
714
734
2057
1174
1104
2113
2088
976
240
2152
1164
794
2093
972
932
1757
1032
1028
540
1370
952
314
544
888
326
1992
136
1874
1344
2358
1360
1076
1965
1088
1976
1926
1955
2003
2010
1741
1374
1240
2219
672
1038
616
776
482
1674
1524
2158
2014
700
2257
636
538
2024
340
1848
372
2083
724
1382
1914
2257
944
92
2
104
374
2036
2067
2311
1036
2009
1742
1734
2137
2205
482
2211
1804
62
2055
1616
816
1852
2166
2364
1934
1908
102
1949
2152
1126
214
1206
2508
1050
180
1620
408
1338
2069
1320
202
2192
196
492
2441
1592
858
2364
778
932
1978
24
2176
1600
2029
1224
1562
2039
478
334
1220
1988
598
154
158
456
458
1981
1612
1472
1096
2111
1899
988
322
138
558
754
104
1340
576
1378
698
244
1368
2159
1886
332
1817
468
974
514
1758
972
2047
1166
2157
220
810
744
1286
78
2060
754
586
260
2429
690
1038
2278
914
982
1542
2086
1130
1056
2014
918
2057
2477
2128
1956
1074
672
714
3018
2168
2241
2219
1140
2279
434
2244
770
270
2104
1378
2188
1376
394
944
1886
1040
446
2066
2009
1618
1954
36
768
174
1903
1488
2205
542
406
980
210
1558
2690
1468
236
2142
1552
2218
2491
2010
3076
1210
1062
2117
62
2065
1997
974
1903
1840
1830
2356
1488
1134
2119
926
1754
1018
86
2072
1998
1684
2208
2176
656
548
788
2323
2060
1306
1753
1180
1785
1861
2245
2639
230
1620
766
2303
384
950
872
554
2230
1648
858
784
1858
336
1556
928
806
772
1234
1808
2088
1558
684
624
864
2276
2094
1212
640
420
1002
298
320
874
1997
2016
196
2160
754
1616
1996
204
120
238
1046
466
2211
1252
1970
2179
2027
500
1442
2946
688
1776
304
2173
2116
144
920
2222
48
1975
604
2144
2266
1786
2223
12
1356
672
656
152
628
140
1080
1526
1470
2081
2220
2463
722
2197
2073
306
2389
238
2162
1989
814
984
116
692
318
94
2108
998
642
1754
684
1682
2185
1140
152
1978
354
236
2218
994
2011
1262
1830
354
1642
216
552
806
2036
650
720
1723
1863
1893
956
466
1983
508
1114
2248
1844
2177
2142
54
96
2300
2175
2302
2558
600
2302
1908
698
2077
390
72
1558
826
2327
694
1002
534
2327
2105
778
1328
438
720
2215
2186
2206
1988
782
198
2348
1370
1928
1000
586
22
1867
1995
198
642
2234
564
1864
80
1941
932
1224
944
2192
710
932
2094
2011
900
2144
1174
394
2040
244
212
2399
310
2000
2067
314
1414
572
1560
1704
100
930
496
2098
1957
1596
488
470
500
450
1022
178
2018
608
2159
796
1972
2198
176
798
836
92
1910
1926
1808
380
516
1826
1922
714
2389
400
674
126
340
2108
1870
1765
2521
2077
1847
2358
2211
630
372
1328
910
1701
2236
2131
536
2015
1176
74
308
2747
2254
928
680
2285
250
2026
2273
2031
1912
1440
468
2089
2375
2388
2348
2182
1322
2558
1270
2167
976
1152
2036
318
1122
96
2241
602
2122
1466
2012
1364
298
526
326
30
130
552
78
1258
224
2218
2468
