484
2018
2256
344
1956
1630
1772
1436
944
582
1860
2430
2323
1782
782
162
732
838
1222
458
770
356
2224
216
40
2195
264
2141
4590
172
2427
2145
1895
114
462
2005
616
2316
118
1882
1314
2079
262
478
976
1802
288
1404
748
2191
440
2679
794
1852
1731
2186
1746
2042
1874
2055
1896
2090
366
1394
796
688
1734
1921
1580
2245
1631
2187
1904
2025
1799
1936
192
414
2129
1802
1941
860
1976
2095
728
1987
2205
760
204
212
40
2110
704
240
2066
18
2006
1865
50
124
2225
1584
1750
674
2314
2015
1368
958
2090
2043
2394
2061
2097
648
2182
682
222
1490
1002
296
2392
2249
858
1090
1626
936
994
1114
2211
2001
848
2539
2275
1190
2235
98
1794
616
36
1952
624
960
2536
2356
796
642
334
1881
2171
1714
838
66
2677
950
2168
2234
942
72
1802
118
1974
2878
816
1108
2192
2031
936
830
1668
416
2084
1024
1879
538
2229
268
232
1733
870
546
2252
2040
2357
2050
1214
704
264
2309
600
1004
340
2465
1224
596
1246
630
26
2398
2226
2376
1798
1722
2059
704
1414
2105
2189
1152
2112
2088
610
84
1972
464
2084
486
2341
164
58
378
1530
1190
194
1871
892
176
2374
2379
2356
974
2078
182
1436
552
906
2006
2274
912
778
776
2092
1282
2151
712
580
2244
1156
1800
1328
2239
30
690
1882
1088
978
616
438
2263
1100
2024
422
2447
1864
2080
2087
1914
244
1094
592
1934
708
1666
2075
1944
2062
130
1254
180
744
556
1911
2133
844
2118
1387
102
2382
1078
2028
730
1880
2046
784
1694
476
2018
2211
2176
556
404
1905
76
2209
38
114
2160
746
454
434
204
246
260
718
2351
2180
1925
2299
2237
2212
858
340
324
2195
838
2021
1606
604
1184
1034
1678
1618
1344
1572
300
1590
1621
2071
2148
2190
1244
502
1380
1941
1837
2043
688
2194
670
290
686
1779
1298
1964
2003
862
716
2048
2250
2088
800
2514
1996
566
1953
672
1906
676
1894
420
2477
852
1959
342
156
1036
522
192
646
1548
1378
2046
56
898
708
1746
1964
1354
1078
896
1914
3229
1894
2251
2072
1241
1767
658
298
696
1144
356
1776
278
1702
1056
702
1986
1264
1900
378
1805
952
1962
2006
2200
894
1014
1000
308
1596
2399
2636
1544
110
112
1234
910
1956
1576
840
772
1098
2226
696
126
1950
860
972
1110
1999
1744
1819
536
1236
1474
4
1186
624
1638
2585
962
220
1114
1008
2025
2310
2165
2298
1790
84
1880
142
396
1942
784
2196
2245
2382
1576
1836
180
2468
2350
398
1212
730
1838
2010
1122
102
876
1042
1841
544
1848
578
1750
94
892
596
1106
426
2108
640
2010
1998
2271
938
2059
2096
426
1026
1712
426
1004
1538
1066
2256
2174
812
1989
150
374
1264
172
1801
1174
2301
388
2350
246
1494
2182
1256
1978
1572
672
1126
1412
1334
1210
314
1846
316
1464
1402
338
194
1142
2314
512
962
508
1802
10
1440
1783
2141
938
2117
610
366
942
920
1076
306
2080
1476
2016
1108
1356
374
670
32
846
516
1432
1750
2127
1860
610
700
1914
204
422
2052
1996
26
78
376
978
2139
2252
846
2267
1008
2207
504
658
2094
1664
1936
686
714
2343
834
424
1807
468
1050
2105
410
1602
1228
362
1080
66
2005
1940
122
1670
2046
1754
1036
2260
268
2403
4
408
2035
552
1858
384
1564
2355
1230
1891
1360
344
16
1843
2003
1634
1881
2207
696
808
190
144
932
114
330
1826
608
940
1026
1584
2138
230
1886
330
1748
130
374
1552
1812
50
1198
508
1300
2020
884
1366
620
1812
2048
166
916
2122
1810
250
2397
1280
704
2166
956
54
202
260
272
1888
1234
138
2278
1140
2098
334
178
1112
1004
2125
814
606
1548
1190
1600
958
330
2002
404
2253
2014
1534
2058
700
2304
2109
1920
752
1222
2172
780
536
1418
2158
124
1142
2236
2396
628
62
1936
2359
2263
1494
2173
1630
2020
668
1656
1200
2104
2191
1827
1646
556
904
1710
1989
112
1162
68
2075
1636
1797
1930
1939
838
1246
472
2272
1616
664
628
2146
1890
2141
2136
2
2309
2163
148
788
1460
1012
1981
2060
272
1164
920
460
434
108
1004
2031
1322
354
304
746
1604
2415
930
2446
1773
2049
892
1877
1244
1134
2220
1428
1928
2156
2102
166
1891
2139
136
890
2162
