58
162
2131
2100
1777
464
1076
1962
474
1789
230
258
600
626
1789
1062
32
2149
2241
2015
1770
2219
1990
1162
1794
70
1668
2101
1984
830
592
580
1518
748
1786
284
272
664
4
1881
160
2092
278
1947
1120
980
1594
202
1722
1040
1880
570
1066
384
1186
1991
2414
1916
644
2318
1634
1919
746
702
1094
1751
2022
1832
2170
2115
276
144
12
858
2061
470
1965
500
420
2206
324
2024
2168
154
692
2209
76
166
684
1498
1188
1500
1430
2222
526
1396
446
328
904
1993
666
1034
230
1224
2075
1196
1292
1338
1824
2127
974
1809
1874
1612
508
1588
2273
1056
1384
1882
962
2114
646
784
2266
1364
30
350
1152
2170
2261
1150
1062
350
1074
1850
392
2346
1544
410
624
266
1272
1884
718
1614
464
1908
2165
2224
894
1636
568
614
2256
2277
2192
138
1978
72
984
194
2195
1586
174
1948
380
118
2830
2315
1542
1893
446
2038
484
1214
1935
970
2096
2109
192
2960
2373
580
1316
996
2492
1964
460
1789
408
2172
662
232
880
908
166
630
850
386
1899
1394
1849
1690
2190
330
810
2117
1644
2135
2108
2004
522
554
530
1372
1278
2214
2104
1864
20
738
2052
2044
1882
2136
2018
2222
2189
2046
108
62
2226
1978
450
2080
264
1504
2093
1438
1922
2215
2175
2283
1604
522
1937
1112
684
2213
1762
2036
2167
818
1250
2061
646
636
1370
2098
1672
1584
3706
308
1222
2114
854
2077
154
256
1737
388
1050
1482
58
262
1807
360
40
1666
1845
1974
768
848
1706
854
1284
664
896
932
674
1954
1986
1180
796
436
1961
410
2169
1908
604
338
2141
2249
2231
2357
1910
1335
2628
884
2070
1180
1092
612
364
352
454
966
1820
2214
436
1002
744
2130
2261
950
642
12
1550
2047
1943
960
970
1682
40
2474
2199
2166
46
2082
2120
114
2046
128
930
336
2379
1366
914
1396
1728
2312
2197
496
1950
2129
1148
296
924
2217
2188
1920
1887
902
1731
404
450
2167
2249
1778
1662
2069
16
2044
192
282
224
164
1136
1874
1869
2052
490
626
1758
2142
2156
8
3308
928
1056
206
2379
2
332
1258
400
666
1267
104
2466
1304
1936
626
1176
1230
506
2077
2083
182
132
2093
1450
2265
136
1920
1026
1970
1228
2133
664
2020
1576
1658
866
374
352
350
758
720
2397
1914
1020
2188
2143
2042
880
1430
1052
2131
2068
2226
790
2127
872
1912
390
1856
2241
350
950
1906
2217
1758
2337
336
18
2146
2160
1844
28
400
1090
2265
1523
2099
1454
1645
1736
876
426
224
1834
3668
1782
2010
1360
2097
278
2244
1711
1908
1946
2324
1742
856
532
2271
122
1090
884
1350
290
470
1166
1384
260
1830
1888
1524
322
1836
844
504
1991
2359
2105
294
2078
2088
796
2203
682
978
1755
990
162
1116
278
518
16
1772
1832
2172
1210
2155
944
458
422
278
2064
2278
1276
188
536
558
1016
926
240
1342
848
1730
1496
462
1112
2050
1936
1943
2022
2084
2056
666
1836
1272
106
1896
30
2007
1234
2250
2248
1380
2304
394
1034
296
852
920
2349
1116
594
1813
2470
848
20
2137
282
716
1892
2029
1834
2130
1737
2410
2305
1862
1912
12
40
1476
1090
604
2173
1828
938
1170
246
1944
1443
1875
2047
1590
1188
1132
226
1258
888
456
282
2197
690
1110
2257
2034
2266
50
668
1336
682
746
1584
1866
522
150
864
1647
144
210
212
1842
1888
558
478
188
914
2229
326
2045
1668
1650
66
2020
382
916
2411
1908
2037
1757
488
1880
96
1974
860
1252
120
1872
44
894
1200
1138
1156
2036
120
732
1190
44
722
2130
1026
1907
478
196
2146
1494
1894
1060
1092
230
2193
2173
608
2087
1240
962
266
1260
350
2189
282
2676
604
862
712
1965
1760
2034
862
1128
2010
654
2226
1767
1914
2142
1553
1582
1794
430
820
442
1985
824
2169
650
168
2142
1310
1750
772
838
2099
54
164
408
1566
2153
2216
998
614
2223
890
1784
634
1110
342
80
2156
1918
1298
2394
386
1894
1478
116
392
1593
1923
868
470
1978
2310
2003
374
2008
350
450
2229
796
2612
2029
1466
838
500
380
818
912
1290
868
1310
386
20
752
222
1933
1867
1958
2062
2027
2207
2438
164
2546
28
2085
2018
80
2109
2394
1823
2202
972
1598
1996
888
2003
2222
2387
1524
1598
2089
