1188
1980
2047
1682
2246
1948
1040
1976
894
514
460
718
1972
484
1528
1236
450
1758
620
506
1430
2135
352
302
2013
2210
2068
1788
270
8
2135
2024
226
2060
1964
284
1951
514
2142
2097
256
1450
1454
206
1150
2296
2102
352
1142
672
732
2220
810
2210
1046
972
1430
826
1794
2118
966
492
734
1238
2080
2059
2052
368
1574
1684
1475
128
2120
2106
904
388
304
1828
2067
1158
1850
290
2276
1370
518
470
962
212
1684
32
38
2104
2222
254
408
1156
2132
1778
204
294
2201
1979
70
110
1576
782
774
894
116
2180
2213
348
416
1006
518
10
2146
2200
958
864
2056
1986
660
2214
2080
164
310
918
332
1124
2137
526
2072
1312
1654
72
2222
1680
1812
2220
54
518
2230
618
274
628
1908
1450
206
2014
2181
844
264
2203
1770
20
1947
1358
414
84
134
1398
948
694
1643
2197
362
2181
2202
2134
2093
1728
1402
2107
1802
1510
2013
214
134
176
2199
1194
476
1566
876
2226
712
2188
1440
638
838
32
1695
1946
1468
184
1474
296
2150
2250
2125
602
2168
2283
2096
2108
1400
916
666
2217
1424
1947
2082
2006
2107
2037
1694
2234
1156
2169
1808
2127
1472
1482
2219
2837
1740
760
1562
1076
670
1634
622
842
1822
156
2226
698
90
1752
86
828
1971
1596
1707
2036
210
264
632
2007
38
1612
2250
710
1240
1498
2258
1652
936
258
778
2203
1292
2061
312
256
570
372
1428
328
280
1698
2113
742
280
1096
1978
1126
850
420
1949
1368
1950
1698
1708
308
1924
2185
738
2554
62
566
2186
1366
98
2268
830
1554
400
750
1580
2130
2150
750
216
24
698
1512
2016
154
2359
2242
1236
264
1990
1993
1903
1949
846
1940
1516
2096
1272
1480
882
2121
2541
1140
1922
170
274
236
750
1060
1854
54
278
1775
624
1830
160
722
2024
2026
1648
634
270
322
452
1558
2318
176
1720
396
2006
3633
1528
208
2127
1904
802
586
1933
426
2181
460
1920
1511
1346
1202
1918
1382
2243
528
2279
630
1676
1846
464
2474
2243
1930
1716
2240
2245
1612
684
536
316
904
2590
1204
74
334
1752
2092
110
192
2158
2550
102
814
1002
218
2308
428
2171
1364
20
1502
984
132
1780
32
28
50
2597
860
468
1150
2071
792
1953
480
968
2914
324
2269
28
1364
2116
500
1975
632
2145
934
1827
1086
606
1008
2324
2114
1096
1372
1738
548
1304
1330
182
1516
300
530
2162
2225
1472
354
68
990
2098
1704
1680
1656
314
1262
1867
1034
1574
1834
2194
1400
2105
1424
2140
1078
1600
2122
2044
374
2041
2212
1072
168
366
812
1316
2264
1973
800
2247
1470
1946
272
1934
1478
1192
754
1951
192
80
2518
1058
604
364
1486
1170
760
2101
1761
794
62
262
1044
1768
2022
852
1796
768
2258
1134
34
888
248
1901
1312
1506
302
1266
1640
2516
1696
2112
1942
1920
672
1444
1310
2014
1300
1484
1112
1432
2155
1937
1158
2271
392
1870
2197
2004
1268
1402
2572
440
1933
280
1030
754
2142
2249
1936
552
74
244
2335
1868
290
1450
2165
994
270
2268
1927
2179
1158
1937
1954
1880
2063
2045
2100
1368
138
2144
568
958
1246
1446
1948
2278
1488
1118
1895
1816
1870
1052
2423
714
1616
2306
2316
1899
2185
2155
1884
1148
264
1188
1126
1520
2038
696
112
1332
1766
2557
2246
618
272
2470
1884
1254
734
1104
932
1753
1845
1094
396
84
1184
1573
2004
96
1406
2253
2021
1618
658
242
420
2249
1888
16
274
1002
2012
936
940
640
1670
674
1897
2075
1092
1796
2341
1984
600
1334
122
1962
1194
1922
1314
2130
2428
792
610
2181
2033
184
540
2554
1254
868
1142
420
2185
1993
2273
1939
2269
1221
762
16
2017
1260
2284
250
106
66
2092
972
2087
2137
1879
196
144
228
1640
842
48
1968
2120
814
388
426
2307
158
204
2068
812
1962
1836
360
1508
1192
612
2053
1738
2051
2087
338
426
1326
1936
2837
2180
618
2234
214
1384
1958
56
1987
2256
248
692
1895
1918
1997
1978
2274
854
436
1358
1795
2351
2134
1924
1512
2016
1787
1428
2182
2039
2192
2028
2243
2008
1480
320
2148
2180
442
1738
1884
758
2499
568
2226
2477
2058
1836
1877
144
2174
1036
1818
52
1747
716
2105
2175
1737
498
488
186
1961
1919
1747
2111
1752
472
510
1284
1816
236
454
2026
