1196
1010
2152
1732
2144
178
74
1100
2001
2084
794
1918
1862
1240
2157
1574
1188
2094
2417
364
324
12
1508
1566
2208
644
2261
34
826
2618
1558
2265
558
96
2038
2046
6
1646
1649
1613
2059
1604
1326
584
2004
2042
438
1703
974
2485
2147
3188
2222
676
170
252
1906
210
1605
1074
734
218
2142
2040
918
1152
64
318
1975
1626
1938
60
200
2201
58
660
1416
1166
1548
2077
2119
276
2
132
1800
1018
1622
2296
1947
804
2225
2477
1714
2160
2103
2121
510
1698
372
2053
792
1274
296
670
1528
1610
326
1432
640
1066
2175
2056
1949
2372
2166
128
2020
2638
254
1462
1238
2123
522
472
762
2288
2069
1078
1232
2141
1176
1232
1742
1714
1769
210
900
816
2438
120
2047
1917
184
742
2206
398
1934
862
2184
2374
2254
1926
1828
2111
1938
676
2057
474
440
244
2180
2356
1956
670
2130
2511
1988
410
2122
2084
2241
956
2149
696
806
1808
1950
50
668
1122
790
374
2678
2090
1696
1975
1564
2399
260
2132
2061
2070
1050
1918
138
862
2082
102
944
292
1922
2242
1793
2171
1608
72
1330
148
2102
1972
2147
490
2018
1924
1859
2131
2029
1150
192
1096
1514
3548
780
1284
2130
1390
2222
2147
244
1804
656
1324
2080
274
1784
1997
1908
2026
22
1298
2082
828
414
2156
240
1897
1804
30
194
802
686
1975
2221
1940
156
64
1454
850
444
708
740
2197
274
2009
918
1856
132
1048
582
2044
16
2429
1074
744
1346
2237
762
1030
1378
2083
2059
162
2342
1907
1918
1450
1182
872
732
1196
274
1036
1749
2021
512
1026
846
1366
646
1528
1956
2122
64
236
2198
114
22
1601
1126
2501
2247
2188
2231
1434
2118
1258
1966
56
3317
368
2114
1627
1626
778
1969
1060
1044
2103
1712
160
728
628
570
1000
1184
238
2310
1548
1448
1980
2122
2074
806
1916
490
1907
158
2181
1977
390
598
1012
616
1784
98
1214
1258
774
1380
96
1840
1705
1331
1903
782
160
2380
2207
1798
2144
1997
2004
750
168
2119
566
376
1774
76
1516
2203
1789
28
1918
2289
2106
220
1000
292
1746
2706
2185
2162
564
962
2317
988
2060
2103
2242
862
1650
138
1144
1842
1152
2114
1570
926
1070
492
910
404
2144
2163
228
2275
1737
888
854
1172
2121
2055
130
1278
2221
2132
2318
634
448
332
84
2024
2421
492
1860
1548
1971
310
424
1134
1100
1650
804
1960
566
532
2099
2264
2394
2242
2155
2593
1619
1984
220
794
456
278
1746
44
2155
2312
64
2010
870
1132
1124
416
516
702
1934
1857
2825
994
1060
2099
2039
1773
2206
454
1692
1553
950
2595
1794
1258
3628
2355
2274
1968
1923
162
1726
566
1842
946
802
2172
2380
1726
2062
2211
2263
504
1312
2127
68
2075
2375
1898
970
712
180
1779
352
864
1290
2428
1180
836
702
1056
60
2246
1328
772
1024
572
1344
812
298
2195
1832
48
830
1900
178
282
378
1346
1342
138
230
2163
1146
2046
214
1504
2118
1890
2301
434
1680
2044
1626
290
2148
464
1809
552
1970
1998
1780
1976
356
2000
2280
2026
876
284
1879
388
1900
2228
800
816
2016
2104
2057
418
2145
636
1058
1732
1100
912
2173
1146
2200
2035
124
614
2243
206
1076
1832
1592
1076
2510
802
452
788
1760
92
2146
806
1794
728
1082
1592
682
98
2022
550
1934
2479
2150
5208
852
854
1354
1991
1979
152
784
2200
1944
2542
88
1671
254
2166
1791
2246
2121
1450
622
1966
388
144
1360
1002
2180
2150
1526
1591
2071
498
1824
558
2262
2353
1206
2381
908
1280
528
146
1430
2173
826
1532
1893
2203
722
1926
1991
682
696
358
460
1644
866
2146
168
460
106
1098
1484
270
1858
2046
1324
2048
1244
1252
2126
450
2306
1202
728
1739
2154
2030
1776
2135
800
958
2211
1744
486
426
48
2206
1772
1933
1522
2190
2383
674
194
1026
2325
44
1206
2086
300
2089
2148
250
556
824
730
590
1314
1232
2144
810
1802
2441
6
398
784
844
1438
608
2043
586
1793
634
618
1006
240
1424
2150
334
1368
2012
348
2382
2125
2223
832
284
50
1910
1512
1286
2004
1204
864
2131
1909
158
530
12
586
762
260
1422
2272
2230
2392
2134
1194
280
708
2016
1805
2142
610
2108
880
1968
2194
2000
612
926
700
1764
492
342
2057
2199
674
1714
1252
238
1134
