2462
204
1336
3279
1136
2111
1946
1378
578
2257
1602
722
2037
1524
1472
2017
1184
2115
468
474
1072
2124
2715
296
2318
2273
1584
256
2270
2554
2260
1811
1718
486
450
1992
2060
1332
1126
1698
1746
2078
1912
1821
2129
1006
1498
940
96
1150
2022
1822
2389
2017
720
2106
104
158
1841
256
2256
2389
2018
894
436
904
1822
1490
1791
1910
2217
486
58
1764
80
2203
1020
1948
1788
254
2018
1356
2149
2557
672
2010
554
220
1268
1586
940
1847
1800
1400
2302
1894
272
1716
2303
318
190
32
2017
294
590
1842
1528
1812
108
1670
2239
2005
142
318
60
1484
1873
522
1962
1870
60
706
2220
450
404
2397
1850
48
1914
2092
1373
132
906
1976
1955
160
968
650
434
1214
234
1898
764
2398
830
1402
1870
1805
1764
2242
2086
380
400
450
2282
2184
44
2144
1877
1761
2092
260
1274
1898
286
262
76
2597
2310
2005
354
1024
1000
1368
1052
218
82
260
4
386
708
2028
1758
498
4208
2082
826
1196
2295
88
2148
2175
440
2027
1472
372
160
70
6
2278
1965
16
248
56
1154
2281
1945
2269
2010
1933
2044
866
1396
1953
1668
1730
1800
554
422
2148
220
1983
1762
496
302
1418
1898
2116
670
174
1978
1206
456
336
1792
982
2002
2263
1818
1968
796
2172
726
768
1112
1252
220
3577
1720
1732
304
1477
312
838
1542
88
2282
376
2196
1576
1218
2207
6
174
1853
2093
1825
532
316
1920
1000
2200
1366
686
2068
1973
1060
662
1879
1096
1476
384
1232
1576
2274
1142
1722
2087
1830
918
424
1968
1026
2017
920
1202
1820
32
654
1084
2015
52
484
602
1460
1995
2432
2177
2163
1749
2188
1406
56
594
1020
2580
2188
194
1208
2153
2091
898
928
1318
486
128
2248
442
2122
2201
2135
626
148
1462
904
1972
1288
208
1616
728
1696
318
644
1162
1868
2007
2027
1796
1832
164
526
156
1723
2249
4
602
922
1916
306
1938
664
2205
298
22
2146
64
1040
1634
1348
1989
316
264
1892
848
410
1777
2055
1818
1896
124
2177
1106
1849
2191
1923
1302
2105
1146
2313
802
1236
190
1932
2059
1600
252
2049
2258
1190
972
300
2310
966
882
2023
980
12
1290
518
994
408
1270
2178
1134
220
1910
100
2008
1622
428
216
2142
2024
1442
1967
1362
1024
486
76
1064
278
1698
746
1548
1388
712
1756
1730
1514
1702
502
1202
212
246
500
2278
122
1939
2178
2308
1896
2204
2295
1610
2533
1864
2162
1502
2206
1230
2005
1792
1987
1966
1796
2462
2047
22
1496
522
1443
98
478
364
66
1288
2346
642
646
232
382
96
46
1504
2143
300
1641
2177
860
562
1762
1943
1042
1312
560
114
1590
164
1142
1368
772
240
580
2177
1657
420
842
1324
610
2352
376
1957
310
2002
1100
922
2064
2265
504
2267
2347
162
1904
206
164
2046
2305
2860
1834
1950
568
6
1026
498
1134
78
422
146
362
36
2134
2195
298
2265
1906
2554
1980
524
598
174
2053
2204
2062
738
2164
438
668
1008
1206
1831
670
814
524
1268
2200
1768
2026
1762
2125
290
2102
2282
2062
1136
2011
654
188
2008
944
2196
826
1272
1116
1102
854
10
274
1812
2150
2273
868
316
1841
1512
1866
964
404
2249
1134
1084
862
516
364
754
1943
458
2187
1708
356
2150
750
2627
636
402
1170
1832
762
1308
1846
1310
1961
2022
1882
1236
1706
2217
242
2183
1707
848
2132
68
2139
2293
2080
1096
688
1480
2351
704
2182
2170
2074
1096
2192
1066
2021
2237
1520
746
240
1735
190
724
1992
1436
716
10
2201
1440
1806
1058
530
2012
906
2170
696
496
2029
2037
518
1302
320
2256
1188
1466
2084
1650
1034
2098
826
1823
2055
122
2034
900
434
2160
1578
86
82
108
2176
2394
184
2086
1214
54
686
1605
852
1896
678
1972
860
1708
2015
32
2116
934
64
2095
1386
510
1656
2088
2107
742
1360
408
2304
66
1742
88
1532
714
2129
1328
1869
1818
484
690
2415
436
2104
2088
852
1424
138
454
704
946
2388
1174
1884
446
40
948
146
2100
1941
1068
498
348
2138
632
686
718
204
2288
1430
2113
1981
492
1384
1338
1415
1244
924
2284
864
2174
2063
1951
382
898
2312
2172
1828
2157
1742
2270
296
2092
192
2278
2096
1865
288
752
882
38
2250
1826
2153
1654
2676
456
2278
704
