1118
436
484
1971
146
810
1340
1954
986
2054
678
2079
2143
928
1921
1886
226
2482
2098
1959
668
1990
1762
1908
2382
202
1930
1264
376
2452
504
1116
532
742
1990
2148
204
1606
1624
2227
168
1848
1118
2150
506
20
406
1853
1000
3193
244
2136
1628
2471
2018
998
952
1516
1401
2198
2274
316
1927
266
90
1626
770
2002
2274
1110
1544
2099
878
2173
1898
80
1632
1913
2047
2050
1664
1934
118
592
146
2258
1799
672
484
1812
14
260
1909
2077
26
36
1210
242
1900
58
1072
360
2239
2038
2046
170
96
2442
1986
1194
1961
2126
890
868
2190
636
450
2080
2036
1512
2122
700
2161
408
1516
372
136
30
1982
2171
958
1914
852
1068
1844
476
1926
158
1792
494
2155
1851
1944
2428
1112
2230
1014
2437
1340
588
2359
1950
1783
842
1524
728
2181
1274
2254
1212
1450
192
1939
1999
776
1722
2012
1878
2255
2161
694
360
222
94
1056
2003
1962
2012
842
1871
2368
756
614
958
1872
1787
2339
2160
436
2004
1480
112
1252
2145
790
1172
1717
1040
118
1180
1738
2237
2048
1790
366
342
1942
1394
2062
456
552
426
1863
1723
68
298
1342
2008
1216
512
934
1258
1380
1662
2217
1266
944
1852
204
48
544
2181
996
1024
1704
714
900
816
206
2142
746
724
624
1034
1572
2078
602
406
1650
1894
214
324
2216
1708
524
2063
820
2034
542
1960
758
2467
1188
1983
2289
2108
1418
2359
1268
2175
604
1795
2189
1252
1230
2232
254
466
2350
1993
730
2399
1887
1580
690
644
58
606
2093
2423
442
1727
430
462
1879
2028
1934
2508
302
1438
1344
1588
1196
2238
1913
424
994
2199
2484
486
552
1164
2002
516
348
444
2031
2182
2392
2272
1917
1813
1934
1654
818
1716
1838
2068
1010
380
402
1430
1050
936
616
1158
678
266
224
446
2065
2241
2186
198
268
2131
1142
2095
2254
2170
2083
2029
1224
1940
2270
1246
740
1854
1098
2282
5960
1821
2222
228
132
2259
1965
2126
2159
978
1692
456
426
976
238
2268
1586
2044
1428
708
904
1990
1144
1850
250
1040
124
1046
1972
1822
2339
404
2114
70
2003
42
24
1860
1800
426
46
2119
1907
1088
3017
1967
1960
1764
962
2187
1466
2238
1812
2192
156
650
1362
1740
686
770
2098
1114
1302
2094
1466
370
1464
1264
2190
1857
1134
542
2040
826
12
1540
1474
2184
1917
452
1182
2303
1384
532
2103
2227
672
2072
514
414
898
354
250
690
998
2917
1258
954
62
158
4
760
592
2121
298
2023
1046
770
1414
2196
712
2256
1646
788
676
2183
1168
2394
454
218
294
1832
1380
1984
10
1520
256
388
2216
746
1352
1951
188
1990
1810
2007
202
2115
2328
2274
2109
356
500
2347
194
1704
2122
1790
1120
1450
1698
138
198
1088
1712
2066
2183
1006
1190
1144
718
1630
2127
82
66
1026
960
2101
1950
1616
1008
942
2040
1216
2121
294
258
816
146
1863
954
646
66
840
1276
406
2092
6
828
1712
620
1498
1894
1812
1140
1214
2035
22
1188
1880
2211
1434
1478
2241
1335
2272
1640
2318
830
2049
158
472
628
1436
1968
1302
2106
616
286
1684
1618
554
1801
510
1526
2218
2424
1752
1946
1236
348
1947
1958
562
2059
1784
1168
2047
2002
1060
1278
812
2126
756
1012
1954
12
188
1562
380
1348
1542
1650
616
2352
1002
1848
1136
1896
1344
168
2112
1342
448
192
2156
2136
970
138
2
1288
414
656
1740
1973
1996
1364
122
886
1850
136
290
2192
198
322
58
2074
2328
2348
1969
1124
816
2305
706
2164
1470
334
2396
1096
2314
2030
1978
1688
1988
2109
2272
1124
2538
2180
1981
2012
2566
1793
126
1134
1782
1754
330
246
928
2141
1954
1788
24
140
746
250
2122
486
2958
1732
1772
2263
2181
506
2133
2022
1524
784
2131
24
960
586
1290
2100
1388
1008
1324
1270
2071
1512
434
1228
598
1040
1210
1931
520
1106
1854
258
2141
2024
492
826
42
2012
2041
492
2122
120
28
2070
1864
182
2098
2354
2003
2186
1874
810
164
926
546
2029
626
988
1216
1590
2121
190
1478
1132
72
1874
564
896
1112
1120
1082
1398
1078
76
1792
2270
1432
2041
1936
2080
2272
1656
2211
22
2418
1740
2104
722
2038
1864
2510
524
2092
1186
1228
236
1622
1983
1481
1722
1829
1700
1750
730
1306
126
1480
2418
1854
116
1176
