2223
862
2019
2304
1174
130
1814
288
1316
1382
540
294
108
680
44
632
1012
1342
2074
2301
1922
940
2369
1938
492
2189
126
2089
1781
2049
2037
616
496
2023
1344
440
1851
638
2086
868
1578
1194
12
2032
736
916
258
2225
2294
258
674
730
478
156
1652
2122
2120
1226
1326
2087
1094
186
2081
286
2120
1162
1853
264
534
1771
1838
208
284
2200
648
2192
1738
158
1302
662
2188
78
1394
2079
1180
352
776
2341
1915
2358
1488
2156
1276
1236
2122
2030
1620
282
1810
738
422
148
978
2345
478
2083
2121
972
170
1842
1648
610
2367
1474
2248
1386
666
2046
1973
1194
50
1772
2025
1716
1132
1424
1892
346
870
184
636
2099
1948
1410
348
344
2055
102
2169
74
160
818
2281
228
756
1398
1881
450
694
1900
2289
800
682
676
1929
434
2027
2063
1052
1262
1592
1042
682
1372
1832
2031
2150
2312
1264
2245
510
2190
1238
404
2049
1958
866
1182
1727
508
892
1002
642
598
2018
1220
12
1858
2237
2244
1940
3540
1412
1650
124
246
1832
2121
2173
2546
1603
2178
2008
972
2131
930
1698
308
1784
858
406
1532
598
1058
90
354
1835
88
486
454
2016
2263
2262
1530
42
2149
482
1200
1188
1708
1790
2221
2184
2110
232
732
1766
292
764
276
734
1484
1430
2313
1116
1416
2061
1604
322
838
320
954
2072
1886
556
2160
320
1744
2226
906
1990
1074
2559
264
218
226
1512
1624
1994
482
1866
406
706
1298
710
16
124
34
132
152
1014
82
1857
422
1382
1440
1670
1000
512
268
176
1962
2063
1010
1580
2300
1781
2033
2029
2
1935
1857
2083
1580
174
2223
1592
38
22
684
2138
808
896
2203
1824
1734
976
2064
882
16
622
2015
744
86
530
754
1602
364
1838
2495
1840
1518
458
260
298
1879
562
1506
1192
2198
704
1712
1768
832
988
36
322
2116
406
204
130
914
728
1696
304
2274
32
408
518
1324
632
2055
1212
2034
1020
782
1916
922
626
52
1066
1926
904
2359
642
1182
186
332
1324
2038
2199
944
2036
516
1452
1868
32
972
32
2269
2408
900
842
28
1440
2123
1250
2098
1036
2070
696
810
2112
630
1052
1350
888
1804
1909
1926
1993
960
1582
54
2432
2001
1704
1499
2308
2212
2463
932
1014
1464
2140
1992
2043
88
2214
522
1806
2225
1172
2264
1954
1264
22
1920
834
96
2283
670
1454
1002
580
472
380
1818
1480
2266
1936
2212
1366
488
120
2280
2064
862
830
372
1226
798
50
668
1234
2312
1856
2080
1739
1518
294
1876
1622
1949
42
2058
808
510
1918
184
264
1864
1482
2118
1814
2137
2048
1744
2184
2995
200
344
2082
510
2149
842
894
510
360
2034
1976
528
2114
2301
1906
802
1720
754
628
2449
2081
1996
1328
2099
2147
2254
1480
2085
596
1782
1657
1052
144
1798
250
146
2059
1870
990
442
174
1296
1492
1989
948
1856
1480
54
2242
1362
2118
1262
428
2188
1956
636
774
1014
1962
1971
1976
36
364
2158
174
248
364
516
2129
260
1986
1222
1666
1160
516
798
2002
614
276
2017
248
1808
14
24
1164
710
1878
864
1833
2046
2342
1790
522
2136
2184
2067
734
1022
418
654
1821
1986
1987
1260
2092
746
716
2152
2283
2352
726
262
668
1832
448
1717
346
836
1020
1912
994
1276
734
2302
262
1228
3753
2081
740
1952
402
1022
1969
2142
934
1763
352
1172
1830
2282
1434
1400
1546
1991
1188
356
2188
1692
500
2120
984
1162
392
2151
1362
492
2038
1134
646
2238
1652
900
2014
2221
1620
852
2087
434
2797
2198
1084
2173
1970
1094
2115
1006
228
2303
2234
590
572
2020
1630
2054
1356
1018
1958
156
498
2254
1909
30
1224
2164
1747
894
2215
896
2214
2070
330
1608
444
1128
1128
676
470
1406
436
1028
638
92
310
1830
2056
2213
2330
1880
2095
76
1979
1893
1764
682
862
2408
1560
2294
550
2319
1894
1642
602
2135
1876
2271
1330
1930
108
3828
154
680
1276
1004
312
1122
568
624
550
1106
350
1999
764
120
2353
2123
1780
94
1442
106
1590
2091
1392
1908
2129
2103
1736
158
2572
1060
2210
854
164
844
376
650
1246
2230
116
760
466
2495
2087
1032
1380
2205
1764
1919
1538
2287
1320
2177
2206
388
1893
1100
928
662
380
714
2188
668
2212
450
1990
968
978
1779
1432
972
