554
338
880
698
2143
2153
1458
1180
688
670
2158
1402
2123
1940
2089
330
1492
1568
200
1338
2216
1912
2264
2039
1200
2336
2580
2145
650
2155
1044
2296
220
1898
1590
1356
568
1244
2109
1586
2028
898
1664
288
642
2035
56
1108
1374
744
1218
386
212
2305
404
610
148
1452
1954
634
1948
1830
1360
1172
2275
1362
1812
1436
1450
1170
2177
910
1140
1884
1612
696
1950
2076
1823
730
1244
1512
2261
1834
1110
1280
962
1084
1174
2064
304
1850
1631
288
306
2083
2154
204
2131
2068
2461
1236
332
2136
166
1812
1974
2073
1826
2698
274
592
1940
1496
994
86
210
2022
56
2384
1792
1110
806
72
1759
1444
24
2039
1926
146
874
2431
916
2294
1326
1120
1366
1923
924
294
1334
2134
2
158
66
2067
86
2037
536
1784
980
1130
2042
1416
414
1764
2274
1913
2251
1946
2005
970
966
1943
1853
2214
1876
2457
584
1948
1236
1010
1988
2120
2233
2382
200
512
1993
882
2124
280
524
1952
614
928
2388
1454
726
2058
1814
1402
192
1392
1170
2341
872
1958
1833
1852
1972
304
1965
1220
1948
1130
752
1954
1212
622
1376
88
1110
1280
1604
1432
2217
242
1983
562
1236
2344
406
68
840
2022
1176
2005
1004
574
2241
490
2182
306
2043
1948
2054
2092
1136
2307
2034
2242
470
2229
2120
1583
498
1168
1778
1796
432
1915
64
38
178
746
1302
240
1062
2001
1645
652
1536
2089
2013
2097
1568
66
10
1570
1971
2175
1694
2177
1542
2151
656
1808
2278
2182
946
1554
428
1945
1916
2177
1779
1562
2048
1494
2018
2079
1452
434
1963
1918
2017
992
362
524
180
830
1473
1564
644
892
1010
316
974
1762
2213
2011
948
2364
2121
2310
2072
1950
232
40
1106
1949
222
1274
2070
2190
790
1704
1959
838
1976
1052
862
1851
2042
1947
338
1172
2219
2075
1940
382
766
606
2456
632
704
1056
1922
1606
316
226
584
2044
6
2081
820
424
2028
2433
1254
1504
872
1997
2038
2057
298
294
2148
438
794
2082
1676
2133
380
772
2213
1767
202
118
164
1509
680
266
2097
646
1694
1941
604
2133
3656
1538
1042
474
1798
1236
672
220
1466
1002
2423
1636
2343
764
2395
1616
1951
130
490
1578
444
1248
2286
902
2140
616
2174
1698
2302
932
740
250
1880
2061
440
866
2155
494
1524
144
1070
2144
2127
484
422
1612
2270
616
454
1032
2188
1973
2284
2674
1976
1444
2014
896
1308
1390
1949
248
1460
1702
234
182
1320
616
2349
1094
18
596
204
488
1540
2457
2181
408
2082
152
36
1486
2156
2839
1822
2030
1320
2340
938
1888
746
56
2082
388
2070
5159
2120
1216
1348
18
1744
556
2320
2069
572
2178
1966
2231
470
1542
196
138
2237
2230
656
1130
1654
2461
1674
34
1214
2162
320
414
2296
1872
2196
396
1926
1864
238
1861
1992
1398
24
24
2275
2076
2117
628
164
1604
2120
1724
296
574
202
402
596
1224
280
1992
1110
212
454
1811
1006
52
28
1336
1732
902
2226
2059
1522
2094
230
1228
186
2573
1621
1574
414
1566
844
770
2004
686
1374
1753
2423
1603
2358
810
238
1870
2184
1264
2065
1368
1758
2083
786
106
2422
1972
100
2130
1480
2084
2077
1832
266
2388
614
2318
896
864
136
126
1975
1889
464
2108
2383
1018
48
1358
120
1742
252
430
2219
2023
1182
1906
766
2250
416
1374
1700
928
1813
536
160
186
2146
2208
558
490
1973
1708
1964
42
734
2509
1867
2686
2420
1430
1106
1986
2275
1902
514
374
2040
726
2305
576
1112
1648
2150
748
1766
1997
1436
160
2129
2404
2162
2112
582
1558
1738
1936
1264
2308
558
574
2099
1512
1976
66
264
2057
1764
1062
1394
2240
1804
102
1246
1494
720
1902
416
1134
2158
228
1542
1870
698
1883
438
1874
1707
732
1695
1861
2162
1478
4
632
592
1692
2186
146
134
910
964
2372
86
1895
764
2232
2296
886
582
526
1024
1885
24
72
772
1830
2138
2270
1927
534
350
1626
934
1040
1670
1318
216
1658
2126
2131
932
1590
2121
12
2046
592
110
1925
2010
2028
1286
516
828
2117
2192
610
108
1292
194
1454
788
1680
2184
1528
2192
52
150
1368
550
722
2016
2093
2304
402
2030
262
1386
1924
732
186
1770
1998
2792
1562
1960
2399
336
2066
576
1858
1988
344
1212
2214
888
402
1126
1816
2128
2228
