652
870
388
2036
1766
2085
1990
1212
1581
1911
1978
2015
2140
2141
2073
2010
1763
1162
298
1530
234
2170
804
1342
2063
2291
2212
1244
46
1270
642
2202
110
528
22
1246
654
2142
674
1340
1958
370
1683
4
596
1160
1955
1126
2098
586
1438
566
802
2100
266
38
184
1815
4
1906
356
744
976
2510
1924
116
428
1917
174
400
1684
2349
2373
2271
1656
908
1331
1861
1344
228
1266
1296
768
1306
2113
2038
2
1862
522
2225
602
1298
1826
68
934
356
1198
32
1941
628
628
1976
1730
2290
1122
288
784
2077
634
1366
394
1242
1860
360
200
148
1452
1238
732
2426
2032
1468
1903
1256
2072
2317
524
384
2409
2213
772
1956
1382
866
100
570
2182
2055
2288
2262
2048
1575
1700
2055
716
862
1820
834
3196
2050
986
1428
1579
1752
1370
106
1940
2098
634
172
226
132
1396
486
1114
2341
1972
2014
632
554
24
1466
1924
1340
60
2370
1498
2192
2133
144
2340
810
686
834
2333
1794
976
2236
2194
1879
542
242
1282
1556
2231
2144
1732
2002
554
500
668
700
2337
1288
1970
618
2215
680
1664
2007
1280
2172
1550
2731
1628
834
2159
634
1761
1744
2152
1150
78
1616
586
1304
2169
74
2109
1470
1671
312
2068
1482
1648
2054
354
380
16
2006
1244
1576
1194
1464
1136
1364
1940
700
2022
1870
486
1230
130
806
2006
2183
2337
184
2235
210
1928
516
1905
246
2320
1224
1817
1636
720
884
1464
2146
2090
1520
772
200
868
2024
558
1268
2170
786
1668
2345
1892
2102
260
1156
2214
1807
1967
2033
1842
2408
1509
2012
786
722
1126
508
20
2030
1312
340
220
190
790
2426
2195
2049
2020
12
604
606
2070
272
216
1998
1760
2626
874
2072
1651
852
1222
116
2166
1026
2036
100
966
2237
894
1915
2337
1286
604
256
432
2150
1778
1992
984
2790
1152
848
1750
512
154
2152
1921
1940
668
654
70
24
2126
2005
1934
2064
2184
1532
156
774
946
2258
192
482
262
64
1962
1554
710
1872
2064
1264
354
1328
1902
1992
1364
740
624
750
112
2193
6
330
626
3112
2054
160
1102
1697
20
1654
236
2340
2215
1000
1088
2052
312
2136
2002
1852
900
1076
1369
1238
1370
956
2181
2120
178
1904
1118
502
1020
2250
600
342
1494
2232
2184
2133
1932
112
1955
1208
2189
1174
152
1979
22
600
2175
2138
2143
2122
1883
2059
194
2230
2155
2049
1432
364
1811
2356
2096
1318
2655
1180
2301
1242
138
1868
492
2112
478
22
58
180
794
1246
1398
1588
2134
566
1166
2045
810
1146
2042
2131
284
2034
1542
806
2134
2234
1734
20
1461
2519
1554
2044
1844
2197
1762
328
120
248
828
394
2153
216
2075
12
1404
1490
778
484
2314
2185
126
120
478
2228
1903
1939
1772
964
1898
470
908
2101
596
842
1901
2810
878
1590
766
1206
1256
188
2359
1500
2118
1580
1666
108
1272
558
2233
2220
960
2322
368
1246
1218
472
1150
2340
972
272
1579
2110
372
646
2088
204
1450
1354
464
2155
1858
1340
1518
2060
1824
2361
1276
454
948
2207
1638
192
2369
1966
2694
1340
378
1920
2368
1841
930
2188
2511
996
876
576
2282
1914
1895
2020
1983
210
2078
1028
1310
1624
778
2347
2013
1580
1092
248
2349
2002
460
1865
1350
268
868
1932
958
812
220
1310
984
772
2372
2075
408
2027
1550
230
1941
1940
374
1856
1772
890
1628
2156
1162
1576
1242
2210
886
610
412
2026
2460
110
2545
682
1910
1714
466
2081
1782
668
1565
472
288
1028
1184
1684
2014
2347
1733
1975
190
422
1044
1226
2538
1608
634
164
2096
1400
2272
2079
1600
358
1922
406
1883
230
2187
178
454
2227
1688
2351
1873
1288
672
1847
2111
2031
2212
2024
2044
692
1218
960
2002
952
416
170
1592
596
1316
2119
2265
3542
514
1444
2150
358
2070
2054
66
1012
1202
1408
1568
1184
1738
1032
2236
28
1310
1700
1588
298
226
586
1774
64
1694
2194
2151
648
2136
2183
2007
490
308
2048
1410
1022
484
802
1148
78
2084
1152
728
154
1510
148
1676
2009
320
1888
6
2173
620
1184
1626
2151
2295
1246
666
2208
1886
1410
56
2175
1824
204
1184
2510
342
1074
1938
1392
1655
974
1374
610
1154
486
844
1918
2242
2023
1947
170
1804
2012
1192
94
2626
656
2225
862
776
930
872
1794
2166
166
