1963
1901
128
1126
2084
256
426
1014
1568
760
2193
98
2418
548
2014
434
262
150
2438
866
356
656
84
146
20
1362
2141
1138
1234
1873
146
750
46
1962
386
2021
1967
2472
2110
1914
776
1008
2586
186
206
538
474
1722
2092
1930
986
2345
314
374
1000
188
1394
1204
1800
362
2370
408
434
1910
1967
486
1268
2053
2140
2166
2040
800
2123
1977
2078
1860
1975
1821
398
1938
1963
370
2228
2150
2271
250
1368
194
1829
1362
2096
642
2152
2212
2076
978
2128
1603
2141
2227
926
1790
1702
1496
1610
1838
22
952
546
536
222
2224
1334
1022
518
2266
1585
2276
2049
2191
1810
676
2406
1348
2109
2319
682
2034
2230
1754
478
796
2388
662
368
1811
2250
392
146
926
2226
2185
1572
848
1018
1894
310
1610
322
1374
2104
1282
1986
134
656
262
156
1848
2136
844
68
1396
1666
292
1010
1868
30
508
1798
950
2140
2187
1114
2193
2142
2108
1854
1628
1460
608
666
318
2416
940
3265
1837
2368
1052
2031
2189
2102
1274
1578
1711
496
1839
2099
2291
2022
2354
1949
1276
1106
896
418
538
86
182
1218
612
900
762
1044
1368
680
342
1884
2151
486
1629
1929
348
2219
172
758
194
534
296
410
600
322
2172
1358
2246
2035
1824
1502
2199
1977
1272
2031
1576
422
72
962
2350
1432
80
1925
36
82
1686
442
28
976
1350
604
1720
208
1650
6
138
764
118
832
2064
2094
226
1937
2045
1607
1506
1952
104
398
2181
264
1729
2271
2097
412
394
298
568
1707
2180
24
2301
936
2188
8
254
2163
984
610
2082
930
8
2057
1240
1891
2062
574
1016
1200
920
206
1849
506
274
42
1628
1444
1826
336
228
476
1410
2023
2218
974
1540
696
2068
454
400
2354
134
664
2407
1710
1780
248
402
126
1551
536
1272
1534
1410
2314
1750
1446
952
1826
2228
2370
556
42
1785
56
804
1900
638
852
660
2155
792
1154
1750
630
880
1608
906
926
644
1700
1805
2329
440
2213
320
2037
254
278
694
2177
2109
2149
1214
1120
2154
1878
108
178
580
4
1792
640
1644
354
12
1262
1993
868
2098
434
36
2190
1880
1832
868
1553
520
1859
286
628
896
1978
1903
252
926
2041
1498
856
2000
288
2172
1764
1004
1384
1306
2320
2000
1694
2301
2047
1465
728
2216
1876
2338
2015
2179
2232
1848
1354
72
1805
1724
102
2160
1772
2181
388
2276
1516
268
1952
2307
38
1526
2432
1036
1032
184
2197
428
1286
252
618
1440
266
1876
98
1766
2038
184
1705
2262
2141
1330
1888
2378
2108
54
2002
2140
1878
168
2024
840
2290
242
934
48
1252
10
218
64
2267
2281
2152
1030
2235
186
576
672
1306
1282
2350
132
336
864
2064
1822
886
1815
230
204
1538
1940
2417
744
1990
2673
2352
352
526
2205
1876
2049
440
2052
1360
1840
2216
1562
1954
2122
1276
32
2159
208
1252
1240
528
802
1945
32
2193
1878
1625
1144
1156
2052
1857
2224
2008
644
1678
2196
358
2042
1874
1436
1564
2118
286
2319
1418
268
1088
222
2010
938
1090
422
2052
2252
2094
156
880
1656
2503
2210
1864
898
1470
2059
1462
672
528
2041
1446
270
1615
2058
1918
124
338
2066
2002
1790
952
4597
1935
1182
1948
16
2001
1292
354
2168
1939
494
2167
786
182
852
270
124
1158
828
1494
288
2315
1662
942
1855
2065
2010
1026
2259
1600
276
1690
2049
1296
1000
1740
2345
2152
2225
958
444
140
1871
1818
2155
2163
2276
1841
2000
2313
2101
510
260
104
436
2510
2123
1336
2162
1994
576
2205
2161
1014
420
1052
2074
2078
2226
632
990
2024
962
172
1906
494
558
2136
196
1866
1094
1891
2211
1919
2094
202
1308
1848
2264
238
2095
740
900
2032
2270
1721
466
346
1355
1168
748
154
1414
2672
1994
208
2144
52
1770
1154
2111
2624
1656
2267
2271
1664
1476
1080
682
2110
1190
2192
676
470
1438
1674
96
1146
2388
1064
394
2030
230
2139
104
1098
714
2416
1142
438
1428
2134
556
2062
74
2146
352
2062
152
2914
1332
2018
2030
1823
884
1931
1312
1034
628
1947
158
602
2031
444
588
2140
1306
718
1418
1608
2069
54
182
2180
426
2175
220
904
390
1868
196
1060
2005
916
2069
1442
2210
860
1516
158
1404
924
2065
306
676
1002
758
1144
1154
1848
1432
632
2026
2029
430
