2585
1156
680
1004
2384
448
156
1410
1432
1262
108
1610
2434
2440
396
214
2512
62
1064
354
1864
2341
824
1893
2210
1894
1768
1176
2004
2401
368
644
304
2620
1024
2397
2483
2424
2201
668
572
630
2112
798
404
1488
1970
2030
194
16
570
2431
1924
2282
2429
1306
570
682
682
2375
2388
1082
742
140
148
2022
2284
1867
24
268
582
2371
380
1010
912
98
520
2543
1322
104
1618
1980
1242
682
2411
1580
2161
1028
750
1808
2460
16
588
256
1790
1344
60
1534
1040
1926
1620
1802
2741
224
1366
2536
174
1850
768
2560
660
108
818
1828
588
2316
560
1522
2839
1883
274
24
1562
1034
2566
2402
1681
1194
1650
1945
2590
832
1062
838
2694
2549
1422
2130
1160
1580
2375
2151
666
568
386
1054
1042
2372
1196
1912
488
2225
1074
1602
202
754
362
2006
2416
1852
2057
792
1258
638
1844
236
512
1680
2224
2068
502
2260
2911
1520
526
702
320
346
84
438
406
2400
492
2348
454
602
928
1596
2175
1230
1252
2550
2527
2611
1644
428
1116
1102
1566
294
98
1246
2248
1552
188
72
1774
1054
160
1310
540
172
1942
2376
246
2152
2569
448
1922
134
1582
816
1046
772
252
298
200
1600
476
730
1782
1982
132
100
2041
26
1196
2324
122
780
214
440
974
2119
2327
1732
2028
2391
1747
402
2013
1142
2130
2134
684
2585
152
2434
1692
2437
2676
662
2116
1172
2092
1986
1522
2644
1822
304
1472
2252
2102
2008
1790
984
562
132
2254
300
2004
2520
870
2320
2611
2121
176
348
2467
2205
2690
1412
2315
1780
252
976
2138
560
2032
688
150
1286
1100
2006
1448
1068
2482
90
834
2336
1594
470
458
882
544
170
432
2752
144
1284
1452
948
406
88
542
2433
2024
494
558
1924
2545
1414
1184
1508
1758
1160
44
1236
1630
2503
2251
2407
1182
428
120
162
16
2424
888
2214
1558
848
1340
2230
888
26
2121
946
1412
486
1572
2270
80
1876
2263
698
2336
254
2406
2433
394
2200
472
2511
380
106
394
1919
362
2283
1436
152
872
2008
754
2367
2663
2328
2055
2132
720
500
850
442
2149
524
1684
1838
1032
446
20
2572
1895
2216
1078
210
960
1084
2230
1908
2424
1964
194
2080
616
458
2583
1332
796
1000
446
1953
702
804
2300
1946
152
1416
1278
818
1540
1144
680
1869
2262
2464
1852
202
2538
2585
1418
898
730
1118
120
1400
84
550
1164
2650
1786
2199
2540
272
384
1792
1074
2579
1600
1032
2135
278
380
2123
2628
1468
2410
2526
614
2104
2077
74
2306
1008
448
1304
1588
1198
150
4
2662
1434
1378
642
396
156
2133
2480
1960
1972
2641
2228
2406
94
1624
2517
254
2204
334
2649
1148
1872
1420
2157
2385
2193
98
2308
2382
286
584
426
632
1162
1656
2052
726
604
1052
1102
362
2416
304
866
2478
148
1466
1498
1973
2498
2202
46
2094
2
1274
360
2683
594
1004
700
2639
18
604
1542
108
960
1781
2255
1194
2087
2108
2215
834
2543
2417
366
2176
2910
366
2472
18
2495
2612
2390
824
2174
2366
1378
342
2463
2079
2112
1150
1966
1682
2184
686
530
1518
116
2318
872
1718
2856
1202
666
2175
10
1969
2327
2402
146
408
1610
2276
2035
1616
2139
1290
2019
92
2383
32
1812
1909
2218
2074
2149
568
2383
136
84
50
378
1350
2380
2336
296
2160
2309
1088
476
276
952
2536
568
2203
1260
2459
1944
538
18
282
502
2359
1672
1282
1126
522
206
1424
736
856
2581
1722
708
92
464
200
2024
2391
1532
1968
286
2102
2272
30
2309
732
2206
690
84
2234
584
2372
484
2293
2423
2132
2466
2251
1032
2200
936
2376
2360
2106
2430
1726
1558
1032
976
2334
732
1192
112
2479
208
2261
566
2534
1582
2345
2486
784
396
2516
944
802
2205
2754
2072
2172
2646
2000
1018
2316
432
1164
2503
462
1978
2186
534
852
2144
422
2498
56
1814
1966
466
128
810
558
1320
32
1998
222
2402
30
2513
130
36
2420
282
2349
2031
1644
2079
1454
760
1652
1918
142
2628
1678
1250
782
2322
2459
1232
854
2197
298
2750
2384
2521
944
598
1026
2177
32
1948
86
2074
1886
1684
1284
90
578
1242
114
1348
2286
2216
1280
234
1616
2447
476
366
2350
362
2505
634
1056
182
768
2522
194
544
2578
1400
140
406
1012
824
2123
2348
1873
152
618
1142
2546
1082
2689
1748
872
2553
910
248
18
656
2110
1330
2361
1554
2112
524
2146
674
1346
1520
74
894
420
1186
654
538
758
2597
324
1975
380
336
2167
2337
660
1008
490
928
2459
874
2484
392
894
2235
1616
2239
532
740
2209
560
738
2489
484
46
2047
894
1254
562
420
814
418
2034
2255
2344
1458
2540
2077
360
1998
182
722
358
766
336
1766
202
2014
650
1082
1060
32
278
2308
362
2108
452
1658
44
126
1490
2083
1856
2069
1470
1666
1310
1730
1476
928
2407
414
180
2271
2562
1738
2234
960
2438
2117
100
316
436
1462
2435
352
1518
484
138
286
1344
1654
254
1340
146
26
1326
150
1903
1460
2564
1520
1862
1798
790
2299
2612
2327
2254
214
2508
2535
38
2056
2248
300
2287
2346
2655
2057
1906
2139
1756
442
274
1588
1300
236
2543
4
576
1824
2428
1476
2534
2632
1968
2312
274
1132
590
2502
1458
1730
1590
18
328
1767
880
2338
810
1900
1036
2261
2080
1100
1040
178
326
764
230
1164
392
1754
2737
1056
530
108
98
1074
2371
1224
2206
1808
594
2213
954
1974
2657
2182
468
2322
2702
692
2000
2487
748
1480
2592
294
778
198
2268
2544
300
2349
2262
2190
406
2170
1194
1064
678
666
1088
1456
2438
2094
128
220
2329
578
72
1462
308
1967
1592
296
2093
2367
1707
2338
48
2208
94
604
864
540
1692
690
696
378
902
1514
1094
2312
782
2428
984
1618
2431
2215
2235
1074
392
258
624
2230
180
1440
164
572
1086
2170
1702
2416
894
2245
628
2222
2386
116
2440
2496
2212
502
4
882
2534
1890
2215
22
2406
1070
2447
144
34
2244
2378
2490
2476
2331
2480
580
1018
1456
1976
2391
2305
248
2457
2546
116
558
370
2364
1100
1962
388
2234
294
2406
502
2187
1891
1230
2542
1860
1566
852
2435
328
2174
406
2329
2062
2564
368
1284
2716
1966
2277
2206
2242
2262
1396
2622
1582
226
2319
1258
832
2390
2356
1218
2163
382
1976
1308
1992
2501
1580
1562
70
930
2272
2188
2255
1926
50
2448
2258
1698
280
2400
596
1854
2898
136
1680
360
10
2360
542
860
1282
2455
2536
1992
192
668
2169
2378
2683
162
2415
474
1310
1110
2315
2315
230
512
2351
2152
2290
296
2434
642
630
252
1728
2448
2290
564
2045
1732
2358
2836
288
2038
1700
1064
1246
470
2291
1202
2010
1626
1144
1374
942
1672
144
1142
264
42
818
2239
144
292
1901
526
1192
260
800
396
2142
2411
334
430
1506
1480
374
2476
2493
1562
792
330
2421
2232
1636
942
284
274
660
1382
1028
2084
228
620
1026
2268
1805
2545
1826
412
1028
1644
104
2226
1088
148
2382
346
842
2326
2631
2196
140
2426
2182
200
2265
1917
1656
2054
134
2740
1400
90
2068
76
2076
1030
118
2479
1508
1878
1560
2190
324
2430
2464
400
596
1895
1376
1478
340
2100
598
2143
1320
1728
70
230
244
658
44
1104
1662
576
586
812
628
2210
2157
1392
312
1566
1640
2218
1012
2488
1218
1402
2465
2448
2411
58
2286
2563
2246
1813
1987
206
1674
312
1858
96
1288
114
548
890
1574
1160
2295
746
390
996
420
1288
826
2255
318
2384
126
984
2118
1450
1616
506
2120
2178
444
1694
32
738
2338
2006
2148
2444
338
1498
1768
2129
2173
486
84
1907
2639
2567
560
1810
384
2200
3078
288
1324
2626
1782
2253
1830
1020
3368
498
1822
2474
1014
2573
2224
56
2306
68
518
1368
2340
2610
920
514
2513
2496
2210
892
1436
1160
790
2507
268
1004
2316
298
2279
1152
28
1856
2167
2176
2359
1278
2526
1895
708
182
1470
1412
1784
2180
334
442
1716
1955
1712
1240
1947
1946
10
622
1172
1266
446
282
934
2403
122
2522
2244
1675
572
1224
1638
1686
1994
1828
2384
2130
2111
1154
2225
92
378
476
492
2384
52
258
1770
2603
1562
916
1592
1958
1372
1102
726
1226
1892
668
1782
644
1810
1412
2185
510
2649
2167
2334
592
598
1084
2148
456
94
1148
2113
2536
1282
2194
1814
510
2244
1132
2616
208
48
1086
1966
1346
502
2432
2440
2369
600
2605
2366
1254
2222
2374
2504
2683
1822
2227
2069
520
1722
720
2554
2270
346
1322
2004
524
2104
2306
1988
790
1356
2501
2176
1906
38
4
94
34
1566
688
620
1690
92
1406
718
2129
2306
1154
1624
2440
2539
1104
954
2098
478
854
658
1708
888
84
1234
416
1268
2282
2121
2370
2212
1196
2020
258
1160
2022
1902
566
666
2026
1308
326
86
2388
138
2322
830
146
2244
1090
1462
698
622
2603
2087
2282
2266
1362
1244
1284
1912
1843
28
1132
246
1952
1966
1338
2077
2189
1596
800
534
2034
1994
704
1558
1610
1102
2119
2404
1732
620
2163
2309
704
866
1116
408
2242
294
1310
1965
350
1230
1502
1852
882
2236
2309
474
192
330
1228
1694
2461
1022
2063
560
2161
2376
496
882
2714
2600
288
720
2589
2172
2308
1782
1722
200
1364
808
1872
1708
2605
28
32
1970
1704
1356
1022
206
2751
2088
1328
1378
1562
1762
194
1676
786
1660
308
1038
2312
294
700
92
2304
88
2359
336
2343
8
1066
622
880
456
574
2044
166
26
2033
2318
2332
1694
1907
1124
1938
2478
376
812
990
2245
2130
2653
334
2450
1278
860
1518
1304
2629
1306
1620
1894
1502
2177
1062
1760
842
1616
1884
2309
2528
424
50
2514
1676
326
398
98
430
1440
876
1534
2700
1820
432
718
298
176
2254
914
288
2167
1466
1394
1622
1472
2316
1436
2232
1864
1532
46
596
2336
172
132
622
466
1661
926
14
242
2131
1340
238
962
144
28
1907
2284
462
620
2512
412
966
1360
1316
2089
208
2645
1542
922
1338
2576
1921
2505
1966
1520
2169
570
2206
2475
2686
428
1510
1408
2264
520
1870
1160
2406
792
1186
2209
1868
2058
146
2396
2344
1024
1226
1284
2024
1150
438
2184
424
516
2460
2753
2084
2025
338
440
832
2478
2104
346
1140
452
2149
2184
2641
856
820
2702
3553
1742
688
890
522
2218
430
2146
2077
8
2562
136
2489
2566
1859
2191
1982
1088
2236
3536
870
2427
1018
1508
2122
2356
2016
192
76
2406
1004
414
224
1909
450
2530
30
442
1006
2316
230
1358
2593
114
1226
164
164
114
2311
2290
952
2006
1995
2408
2400
1893
2108
2591
918
186
272
860
2604
1552
2574
1142
2186
2244
800
1376
2672
624
730
1686
2444
1280
250
2309
2275
2470
2450
2038
2268
822
1296
1724
1496
2100
720
1432
164
2625
296
1712
2288
972
1860
2498
272
1598
2182
206
474
2022
2330
118
1264
2433
1812
402
1660
364
1274
2236
32
2451
234
704
2224
1949
2234
2015
1504
470
760
1018
740
190
1508
2196
1956
796
2676
2094
198
2342
266
618
376
1588
1748
1854
776
2104
2138
2016
68
194
1790
2068
1852
1820
796
2681
530
1162
1820
1558
104
1824
1618
184
322
2363
1966
372
174
1470
1460
1196
286
2456
244
326
2157
1184
2150
4
2231
2273
1284
2350
2615
2335
240
48
1094
2021
1188
934
2271
2562
2306
2336
292
2189
2776
2368
2074
360
2501
128
1130
2136
1924
1868
98
826
514
1476
2162
534
650
2624
1404
36
138
2151
304
2261
466
1815
766
44
1022
428
924
616
404
2044
268
466
1499
108
2268
2384
918
2238
1122
2429
1300
602
904
2548
2341
2328
1684
922
2474
1792
1090
1586
2306
2038
2525
542
1138
2237
138
682
2014
2338
2014
134
420
1742
16
2114
256
1850
242
2094
414
994
2312
1966
2392
140
2716
1082
1626
1084
810
2159
942
432
1670
276
56
2430
2530
1284
2254
2437
1036
200
2737
2256
2325
2329
306
444
2591
128
492
766
2386
724
1192
1972
2085
668
164
2101
2423
1796
2136
1848
1158
40
2424
962
2264
946
1849
2489
960
384
1918
1316
1984
2406
1082
258
1140
1182
2372
2107
294
730
330
1126
1564
2120
1218
2234
2118
2550
2220
2109
822
2329
1374
2671
1905
608
452
2247
606
820
20
336
38
2427
532
870
2338
2014
2294
32
1250
16
454
2572
424
2428
1374
504
2132
370
1152
1766
78
2532
550
2440
850
2838
1878
1600
560
1638
254
1934
190
2459
976
1254
2032
2360
550
1794
768
72
1538
2610
2219
2074
606
1762
2464
2654
804
914
348
2178
2426
46
570
2629
2247
2222
430
2164
346
1827
2626
2601
114
1190
1622
1074
2419
2232
136
206
24
1168
1368
2530
1907
822
2680
78
1568
2158
1146
468
1596
2386
2173
1863
2228
2187
2274
2320
2507
770
616
1912
812
166
1921
80
2292
508
1460
2470
1120
1340
1170
1997
444
1434
344
810
142
80
254
2270
528
1576
156
1604
532
1222
1262
246
2702
2476
2448
2203
1842
1702
2275
726
1304
1472
146
168
1138
2475
386
2316
38
2358
630
996
452
1980
2372
1118
2284
1866
32
1606
452
1438
1392
626
350
1794
1986
252
2292
2118
1444
236
462
840
1542
406
954
2099
1790
2488
1432
1048
696
24
20
1184
1210
972
2182
2349
1586
2108
2553
752
2485
180
2090
332
382
900
1022
2199
2129
1438
2363
290
2337
2304
2355
2220
136
1759
2107
1494
1986
2559
1842
2210
76
918
2517
588
900
2513
10
312
2568
384
2288
2176
1760
2351
568
522
46
2006
728
2151
1374
1110
2026
2297
1982
1038
858
66
1908
1546
874
1084
1996
624
2526
2162
1074
1514
2218
84
164
1118
1390
1178
1905
2232
502
2218
58
2404
1362
422
2444
1354
1610
50
2061
1588
2184
904
2508
1026
454
2441
562
2036
504
538
746
912
1412
1442
628
2226
280
576
892
2501
2367
316
516
792
728
452
1336
2504
1356
2517
2386
110
1914
2285
1056
946
2296
2531
1060
714
1166
1468
294
150
2530
2057
2232
1098
2425
516
852
2339
1282
1844
2371
912
506
1922
54
84
1636
2032
1440
2572
1964
66
2395
558
952
216
1806
224
1860
2377
764
1997
666
2399
1776
306
2428
2233
2235
2304
2409
1416
2323
2230
2201
2196
1632
436
180
1818
1488
1916
1932
2124
1880
250
2374
1980
1934
2049
318
1448
2226
2459
872
52
1636
46
2473
520
2110
2575
1460
1090
360
2383
870
82
134
424
900
2445
898
58
952
2042
1508
500
2039
2304
1032
410
1444
2106
1937
686
76
662
2444
804
316
148
2196
1192
320
2160
2401
1152
1951
1434
2024
2715
304
484
752
886
684
2657
1768
1938
2348
898
902
136
2262
2184
440
2401
958
372
1956
2425
1236
2259
472
1793
1246
850
286
1372
170
228
1106
2324
42
2222
974
2676
822
636
528
688
154
1872
2155
1102
2478
1390
2343
2075
518
2107
564
1268
18
1698
188
974
224
702
2191
76
2376
64
2296
586
526
2165
2022
1074
172
1490
674
882
46
1714
1684
780
220
2476
2061
1426
240
1764
2146
146
2044
824
922
46
2292
2411
1636
2670
1412
2436
2395
1372
2214
1514
2368
156
1884
230
2112
526
2223
918
316
1006
1965
268
860
2259
2484
236
652
18
1384
2179
1466
694
2164
132
2239
920
116
2395
2387
2472
1216
1186
1240
824
1982
1224
2711
918
2392
930
422
420
860
1262
2300
2084
208
1624
676
2542
108
1160
2294
94
390
2355
1816
1843
560
638
1690
2020
132
1567
2224
828
876
924
1644
856
676
2034
2318
1570
1806
2267
1078
522
330
154
2038
522
752
918
2614
430
932
30
2574
1492
2599
1798
1072
40
2315
2501
2046
120
2640
1654
20
620
1868
2297
2474
748
1698
108
138
92
918
1448
458
1022
2294
462
1308
902
916
420
126
670
90
2307
26
2306
182
2386
1144
1674
1328
2469
936
2247
2388
2586
2679
1526
1546
948
1614
2332
2359
1827
2382
1028
1903
2088
424
1906
2157
1564
2757
1596
2401
2617
2338
2286
2581
684
2028
694
2654
2575
416
916
1460
2082
1943
2192
740
8
934
1986
1358
872
1158
110
1394
2464
228
720
962
206
2202
1228
1350
290
2459
1014
452
110
1320
274
2436
2595
1808
312
1558
548
1392
74
2117
2333
1462
768
2272
404
2247
598
272
1384
2350
2174
84
1178
2719
1943
362
24
1928
782
440
196
2757
2815
2151
2145
2169
148
2183
1642
2376
52
224
1962
924
874
2407
2683
182
2042
710
2016
1965
2309
1382
2488
1150
1608
2227
2358
2236
1130
146
1144
330
1012
2212
1442
2357
1316
706
608
2281
80
2160
2468
1018
800
688
290
602
552
32
644
822
196
644
2115
2014
130
442
862
1350
1238
328
1552
144
28
708
1804
164
46
212
2244
938
2082
1988
1112
330
2180
2364
2288
450
156
102
666
1142
484
314
1308
2616
2203
332
2444
2067
264
324
2350
156
1798
2072
2718
2417
2114
1914
2094
1466
68
2127
1060
2690
2345
250
1054
2255
350
1366
1362
8
1054
1074
2332
1020
2464
278
1442
722
2488
50
242
2524
1440
332
132
1864
1842
2242
1676
2191
2198
42
208
2530
2308
804
2567
2186
110
1542
2480
2082
2160
538
16
2325
1248
2673
2630
2224
12
2037
1038
1802
1258
1696
64
1798
1260
2194
2442
2228
1402
534
2176
2204
290
366
1814
430
2384
1568
2136
220
1978
1984
584
1992
646
2625
1268
50
400
1310
1850
988
1092
2645
2230
250
1048
140
1434
894
2423
2404
2507
2161
556
2496
596
454
1256
512
128
1272
2287
254
1982
742
948
2493
98
1815
1198
922
2149
660
802
198
2298
1308
2522
2328
1885
254
2198
860
2648
8
1298
700
2326
2110
2029
1024
2151
2100
2100
856
2231
328
1934
2666
2573
1230
298
2319
2260
742
374
1444
1114
576
1132
2486
642
1842
2310
1674
1152
1078
2614
216
2382
2196
958
1050
622
22
446
2284
492
290
2349
2262
2322
826
1656
534
720
900
1854
54
2486
2192
208
2210
2206
2124
2010
2512
1780
2044
148
2281
2258
62
2066
1656
2345
142
662
1960
1650
2022
976
2233
2532
140
1462
2077
2162
1560
2512
590
2226
854
16
1906
412
1952
136
446
514
1292
86
2348
2218
412
418
460
266
1134
880
1440
680
1234
1860
804
66
2015
2282
1641
2451
962
1244
764
616
2324
2293
854
1462
2088
2066
1094
2212
2681
32
8
2354
406
1888
942
776
900
1540
1598
584
962
2424
1464
272
2455
2106
2410
376
1952
1570
2408
214
352
1654
884
2138
1320
926
742
1178
2630
1958
268
200
1290
1685
2554
264
2345
2084
1556
108
650
2616
134
2295
1092
196
1808
188
1760
1444
366
918
738
372
2282
2302
2320
1941
690
2333
234
2166
278
904
410
2286
1108
734
2186
972
156
190
50
2434
958
2730
2334
302
2592
244
1916
212
2523
2538
230
404
238
176
1562
2274
668
2017
94
1250
2458
420
2494
516
1852
408
610
408
732
2184
1934
274
696
1116
834
120
488
784
2443
2256
18
2327
2228
392
2442
2196
2347
188
2202
2654
556
2038
1454
1828
2428
720
1538
1350
2397
1832
1012
1272
1190
2331
1698
2258
2004
706
2147
2354
1946
368
194
160
1410
2098
258
2286
2671
204
754
1200
1803
572
768
2003
1919
1288
690
1316
1820
2192
2068
2429
2370
52
1256
2099
1550
1062
1628
1782
762
1574
1298
148
1752
48
1210
2852
866
520
364
2379
262
606
1030
2414
1622
2006
12
1494
2706
432
2026
1610
232
1866
618
460
730
1761
1070
1350
764
90
908
208
2292
1414
540
2240
2601
2466
1100
2125
1128
1940
2226
184
730
2243
2304
2176
892
416
1899
664
2258
628
704
1294
2294
586
78
2454
2700
1132
2174
2652
488
2006
2639
2324
1038
168
2274
1166
164
70
1638
978
732
940
2708
1664
656
2240
1438
1598
2144
336
1178
2121
434
2317
1154
2403
1248
1492
720
134
696
2368
2168
1690
1586
102
86
2496
706
220
1762
1986
1892
14
646
1772
1957
714
2225
2287
902
712
1056
1466
2648
2220
840
2206
64
2208
2583
358
2532
1124
970
442
1382
650
674
1622
2342
148
2590
1808
2426
2534
956
220
916
346
1092
1984
1080
1152
1566
2355
2555
862
2429
800
600
2499
524
1222
2483
324
2178
32
958
892
166
786
1676
1892
1126
836
1740
1088
324
1566
2470
590
1914
1638
698
2463
2333
2445
2234
898
1476
168
2544
1098
2094
1344
2277
2570
1246
2589
230
1450
48
864
814
724
386
886
250
1999
2367
710
250
2308
44
354
730
2598
1306
2144
2150
2506
1142
528
2272
2571
106
2373
2076
590
208
170
2154
2273
1348
732
2262
810
16
2496
1332
330
322
1180
264
2365
2000
130
2272
914
140
52
2167
1216
1214
22
2748
182
1262
2344
1048
1656
1112
1386
2263
2
326
420
390
472
2426
2531
1176
1666
986
1740
1800
290
2266
2050
2460
1971
2490
1082
2240
2087
2478
1916
1736
1480
1342
240
1930
1314
656
1809
716
2112
1332
140
984
704
1296
2184
2613
1642
1280
2376
2411
650
1178
72
780
932
904
1945
1342
2600
284
412
2054
38
2280
2313
2389
1216
180
808
918
50
1913
894
1182
2510
1794
2045
1470
2788
590
2465
2255
268
1270
1164
1216
316
822
28
2128
2241
2485
2084
2561
2018
2189
2164
1332
1936
502
1864
2514
2136
558
2217
108
2077
1046
246
1008
1812
2118
1316
106
2162
68
2677
1488
2410
2790
2447
1738
758
1952
128
1792
18
2369
742
166
1830
2300
262
2273
558
1162
1860
1586
512
2214
908
1745
442
2515
2187
2053
1212
1714
2136
838
2306
2082
4
832
1542
2033
2008
78
798
422
2161
336
50
2090
2352
950
210
406
494
812
1312
2476
2048
1680
2366
1050
562
2566
176
862
2319
1368
2183
2428
964
128
1934
1804
2225
1434
1194
1138
546
496
2551
2052
192
1592
1667
2151
916
2480
294
1970
154
58
1088
200
1746
2029
6
1924
2027
1066
2413
668
194
2328
1566
202
746
680
1038
2476
254
2834
2134
2172
1204
2432
1596
1112
1268
776
960
2142
2257
2411
2381
1606
2216
534
1278
1542
2094
1520
364
2256
630
96
144
1622
2432
674
2123
1230
2100
1740
536
2447
1026
1028
1892
1226
2650
914
2309
2047
714
358
2156
1618
2096
2128
1378
2475
498
1782
250
302
1080
1252
2561
2441
442
2570
1348
376
712
1982
2156
1742
1524
1965
1632
304
1771
832
2062
894
1938
300
964
916
1644
644
1618
788
2345
292
1376
978
520
930
382
414
382
1348
1538
2254
226
2389
1578
58
868
1809
1132
796
1616
1706
2605
2635
2618
998
1338
32
1618
624
624
1292
1330
2629
2392
2166
1773
58
280
2414
246
686
1323
2439
506
1154
1654
882
2094
700
940
30
464
1768
866
1404
2545
2594
1172
2619
194
1040
1274
2136
24
2145
282
948
298
230
84
2267
2671
1442
66
1870
2507
2262
316
2414
1544
16
158
2570
1992
1688
2147
966
2596
2528
352
646
586
148
1942
2302
2395
1456
294
654
2224
396
1318
538
254
2332
786
1720
2150
1806
440
904
440
334
1456
2981
1790
2324
2063
2030
1866
2524
2244
386
396
2303
2789
716
166
606
34
2583
2333
1038
768
34
2204
1296
1008
874
2122
1296
2285
214
2198
1156
2588
2450
1984
1092
962
1206
2448
2145
2648
486
72
572
652
2251
378
1072
960
2473
754
794
2177
162
1544
526
2438
420
702
2299
1888
1896
2092
1396
372
186
1488
2342
1140
1020
304
110
314
1820
1895
1032
2798
968
192
968
2598
2221
2490
644
2132
1562
2150
644
498
2466
812
610
1704
768
1276
1034
958
14
1588
538
242
188
310
2446
1704
1182
1070
2195
1196
2680
976
2252
108
810
1256
2641
2298
310
2346
1136
2578
410
1864
2037
8
780
424
2262
1382
1486
2275
206
482
1934
8
1802
322
352
2572
1666
1888
240
2522
716
1288
1698
1972
620
2248
1128
2603
264
2754
2219
1834
2607
1638
2418
1844
1330
834
2159
332
532
694
2481
272
334
430
1994
2289
94
840
1381
1064
166
2338
558
2423
144
966
2438
2454
2337
1828
400
324
1378
2042
554
368
1460
2643
1532
2074
1486
2681
2078
2509
396
2196
176
756
1862
470
2431
1728
2832
2381
658
48
1034
940
2121
1016
74
2036
42
2120
2523
2349
2395
1202
2083
654
2304
1256
1784
974
1276
314
556
2299
2322
150
2167
2190
496
598
486
1936
376
2567
1382
2346
906
172
2628
2402
204
694
1306
536
824
1554
1804
1794
1636
876
2326
748
648
2525
842
1706
2568
2311
14
2025
264
2499
134
2578
1126
54
2057
2186
1336
1760
1270
2531
2735
936
1512
2311
2170
16
2042
142
268
2129
1772
826
636
360
770
2276
70
446
512
1722
610
2155
2688
2410
1950
2275
2316
1076
738
1178
1986
1318
406
1056
1582
1110
1166
2240
958
24
1886
1651
2014
1816
1722
2083
278
2604
2100
1342
2223
498
204
244
1126
2214
2545
2279
1368
474
944
286
778
658
1328
2637
2010
272
186
750
1238
154
1734
2250
2330
2126
2504
2174
808
874
514
1957
2308
2022
424
2260
2938
2169
2654
1294
2320
74
2347
2189
1693
506
292
120
594
2445
2484
1978
1432
1186
1586
196
920
2176
640
342
2246
306
2241
2333
1410
2036
2660
1956
448
2496
420
2274
2310
2299
2314
540
2021
1890
2575
1810
644
1498
2016
2212
2207
954
736
1938
1034
956
2253
2659
2123
2534
2449
1024
2142
2479
960
1316
1196
2416
984
1252
2138
2119
512
2152
842
598
2380
1966
104
2076
622
1680
584
1492
2317
670
2522
2491
374
2314
926
1828
2239
1144
2102
678
300
2178
194
2470
2428
1906
2175
534
38
1050
1674
1544
2288
176
242
1859
152
1370
1572
144
2304
934
682
162
436
1110
2100
2447
2152
2375
1386
2210
1329
1836
502
2032
74
460
330
170
328
1414
1890
238
580
362
230
2449
1250
2467
270
2056
1270
1948
346
128
1700
180
1835
564
2322
2189
26
2299
1982
2090
1426
510
2336
2190
2300
1384
638
1612
1174
2121
898
164
2297
2623
444
2288
510
2295
684
434
2564
368
1206
2010
446
1558
144
1800
2007
544
1264
236
456
548
2191
1709
382
2576
1956
424
582
1274
984
2381
316
2152
2095
1276
2161
1044
1228
666
1969
754
230
1606
1580
866
2204
386
976
358
2287
1984
144
2125
880
1955
196
2051
2415
70
2478
2404
2261
392
2921
366
2267
2458
2149
1004
2054
260
2508
2499
2274
2273
106
1854
2682
1408
1626
1724
2042
2462
1608
222
76
784
720
416
328
1158
146
1952
1814
1254
340
1909
2263
1012
2196
1550
2381
350
1384
390
186
2344
2219
632
100
2130
1374
2032
2046
1026
2285
604
1994
252
2494
28
1538
2561
2545
2041
1418
2257
2730
938
8
60
1966
2120
2591
2317
2468
1652
1778
1190
2146
1196
2192
648
2398
2258
756
596
700
84
2352
836
2116
2351
2152
36
1334
1088
2510
1000
810
2740
2388
1732
2351
2467
786
504
444
2221
1912
236
1958
1831
2525
410
620
508
1640
2045
1504
1224
2000
984
1256
1662
1801
864
2567
2317
1918
2068
2355
1752
2294
2302
976
1458
1718
60
800
2551
388
2006
174
22
1048
140
1322
2613
2283
1486
604
1202
2118
1024
24
2120
430
398
1500
2492
1972
2330
2373
150
1900
286
196
1262
1480
658
688
1834
1396
1194
124
1852
1024
690
1146
572
1870
2153
2310
2597
2276
16
1802
1384
1002
470
2649
2579
2346
2191
2052
2456
1320
2313
1708
2081
1960
1401
352
1466
2220
556
1722
12
1580
1748
1638
2899
206
1450
2070
1052
1356
72
196
2400
2340
1012
2252
1538
762
722
1868
1422
1398
640
1920
1568
388
2047
2142
2374
1708
2206
2198
2358
182
80
1272
1366
2313
2365
464
132
416
1180
710
1086
1252
1490
1912
810
1598
2585
380
914
238
2176
560
2403
326
2417
292
1888
652
2434
1960
2100
2376
336
1106
80
1084
868
330
2200
2579
406
1820
390
1168
2518
2383
2185
2460
2279
2579
2581
740
1650
1975
2399
972
1842
580
2210
118
2349
1926
2105
1048
2202
584
126
308
326
2596
1780
1178
1264
2385
2150
2420
170
218
1496
1606
380
2132
694
2434
850
8
928
2152
1678
2601
138
2102
2289
1528
2213
1390
2006
1042
606
1150
1036
1202
2552
382
494
502
1572
438
2478
16
1736
2153
1318
1278
512
2261
2568
1162
2082
2059
156
2562
32
568
1782
1292
848
312
2452
2564
422
2630
166
2240
554
608
586
740
2478
334
2528
1534
2413
1490
1396
2192
266
2051
494
2484
660
902
2268
2157
1938
2122
708
1598
1098
2832
1970
1314
234
2395
282
2899
280
2004
2343
700
2112
1920
578
96
126
1138
2283
788
2567
2198
2270
2098
2469
1122
422
2296
1142
2662
2545
2286
1712
64
400
18
1900
2525
1850
874
1624
2044
1400
2076
334
1903
924
202
366
2132
2103
584
810
2130
2076
900
2104
1326
1669
1562
1654
740
1510
188
792
2068
1032
940
2130
2396
990
1344
1602
626
220
2345
836
2193
1052
362
30
1574
2375
1558
872
288
1170
1736
1144
712
2142
190
698
2295
404
1524
2290
2088
2233
2155
504
1208
1862
530
1682
1940
156
624
2113
1390
596
1446
1725
2540
1342
696
926
2277
492
340
2559
2200
2409
898
1923
664
1242
522
1868
870
1506
50
750
106
2134
2450
1266
2143
606
1416
536
1024
678
1648
2374
602
2331
72
966
1966
186
2106
2352
1850
2046
1210
1928
886
1964
2314
1754
2094
26
1030
232
748
1144
120
2401
86
1965
1974
888
1198
2563
802
826
900
328
1918
750
2454
152
2002
1989
454
2565
468
2512
1036
2442
2321
608
2829
608
1979
354
260
1134
516
948
956
642
2156
358
1396
2131
1548
2368
1442
2458
1200
1232
2212
2189
930
904
2386
2370
736
172
778
162
1128
1330
302
2090
444
1787
1186
1988
2554
2734
388
2110
308
52
1648
1186
2236
2167
2491
930
1952
648
256
2105
1152
2338
1164
1088
1048
2626
130
1264
2048
2099
296
140
2365
592
2425
1656
2075
2023
252
1666
2712
468
2435
442
2247
1298
2388
1792
2398
1812
2476
110
34
292
346
2005
1142
2477
2546
188
2246
1648
1910
2408
2346
560
2344
2072
990
318
490
276
1014
318
1428
1270
2086
2236
374
1604
326
1190
1614
1999
2483
2566
2028
2664
512
116
108
852
1572
2491
2392
1640
1294
6
478
2949
474
2354
918
714
1066
2021
1901
1550
572
876
2552
2588
1809
1192
1180
1560
56
2220
654
338
902
1344
2200
1372
138
926
980
2766
90
1726
2650
136
638
1897
386
892
304
2293
764
648
502
242
200
410
960
2546
1598
1747
126
2114
1648
1048
1400
54
1250
384
2245
2134
1654
750
1670
872
2210
1130
1348
2519
2210
1268
2588
2416
918
1648
2508
796
2148
2372
4902
522
230
2302
1398
22
2214
1532
1158
1226
2178
2026
680
1022
634
324
388
338
1826
2587
472
2362
2056
2695
1748
1520
2479
504
1116
2195
94
774
2592
232
430
786
2222
1350
2129
580
1162
2144
264
218
1938
1034
1734
1986
436
628
236
610
40
2408
50
1853
294
22
1730
2292
2009
2715
710
1346
2518
1880
1426
206
1058
1294
760
300
2113
452
1312
752
1398
1016
1710
702
1140
1388
1248
2513
1064
422
1849
1716
122
72
1647
2221
1438
1812
428
1662
1952
1058
1635
2192
2143
96
498
2057
84
286
2553
1222
190
2595
2519
2206
2273
2239
2369
632
276
2522
1426
410
194
1176
1420
1378
1918
2280
260
2695
2091
18
290
2150
2188
358
232
632
1979
2106
1938
1626
1610
2501
124
1744
2207
278
1984
2161
1920
888
1244
50
158
2178
348
2150
788
1936
1832
762
1876
1736
600
50
784
724
232
2524
2065
2257
2687
1124
1878
792
220
1886
510
1915
2070
928
2019
2172
2322
1134
2678
418
652
572
2172
2588
2181
1200
732
2427
198
130
2421
2261
2517
312
2664
2723
2703
130
1338
56
2025
476
582
620
1244
2094
146
1598
956
2151
138
2142
1758
1798
2492
1436
162
580
1064
2468
2070
1966
766
2042
1762
2236
1708
2103
852
1910
906
660
2440
2275
2454
428
458
1588
818
2862
716
50
1252
396
1698
2175
2568
1158
2273
2134
2122
1558
270
998
288
2181
2549
984
2551
2160
1470
2215
1150
352
2234
138
1762
1944
1148
1777
2307
2717
328
1154
624
1412
762
1866
64
1490
578
1150
2647
1892
2391
2240
2271
1150
2723
320
284
398
2416
2797
10
1024
1310
1472
2418
2064
450
1808
784
2392
1464
1850
1392
1328
1228
1574
44
2292
856
500
276
2001
1172
2246
2188
294
782
2329
1226
672
2376
2361
1358
926
2467
2243
1594
2348
2123
138
802
2096
784
2368
1666
1460
2071
1869
1524
272
1281
1256
700
1110
174
2415
320
56
124
386
1786
1989
940
2358
2046
2095
1654
2073
538
1698
66
1174
212
394
1232
1006
1810
332
1296
2159
2395
1666
442
2341
2262
2262
1824
1056
1826
1651
2220
1937
1702
1646
1210
1032
1152
2240
2557
2373
2029
1322
164
6
2191
2163
388
2670
736
2202
896
592
2217
1562
1532
1168
310
2665
236
1530
1988
414
696
772
42
2134
322
40
1850
896
2214
248
20
102
1082
2421
912
1875
766
2431
164
2116
944
2571
288
556
2501
1050
902
1190
2434
2415
556
712
1889
2136
2242
1522
2244
312
1458
2623
2670
928
2053
490
724
2457
1508
1212
282
2709
1660
938
840
2343
1960
2128
1694
2473
2301
2310
386
2200
1056
2036
332
2430
1184
2099
1012
1114
2599
1342
1958
1796
420
2686
1200
1448
2248
1572
52
1982
728
950
2194
566
2552
2388
744
1348
1802
412
2136
152
2360
2058
174
2331
2443
38
928
142
1356
2552
2202
2077
2139
1202
1248
158
226
1946
426
1526
2551
2506
2129
302
276
2466
2028
546
130
2156
2658
352
392
2106
214
2011
2087
1256
2128
678
2187
2042
730
2338
654
786
262
2564
1656
2411
312
826
2593
2280
2582
2021
1288
1792
800
1964
2312
2334
698
344
2033
96
2036
1022
2210
28
66
834
1180
2008
404
2104
2456
160
1958
1698
48
2252
2006
2468
318
846
1200
2545
1644
1008
2265
2022
120
644
2267
2489
2320
226
2256
1048
258
162
1586
116
790
594
2
2358
1714
2286
2373
1975
2202
24
2106
148
28
334
820
2419
1072
2582
48
1220
2023
992
2368
2070
1074
1490
2489
1070
114
394
1000
248
2359
2013
1412
1804
2398
2165
1488
1932
1708
650
126
1804
618
20
516
1154
416
2140
1076
2113
1200
824
2405
2040
2602
1334
1818
1944
904
70
594
578
388
2596
94
2106
1526
1772
1992
1920
1768
600
1248
1484
1920
696
1890
1512
2498
2191
2223
426
110
2403
914
1806
1858
638
1368
568
334
2114
2080
198
2074
1956
2361
728
1186
186
2459
1322
2306
1178
256
1876
148
318
1952
756
586
2312
1965
2075
2232
44
2520
62
1396
1010
800
280
830
962
2139
940
2435
474
2379
2310
260
1626
1955
1234
1356
2072
1160
22
866
780
742
