800
1086
392
1728
570
2080
1256
1022
1358
2140
2450
2497
304
864
1166
902
2571
1002
2317
308
316
2463
1290
72
532
2308
562
1360
1162
314
806
2022
246
474
232
1100
1857
2124
1270
220
2054
994
1226
2298
1344
2102
300
2394
94
1296
2460
474
1298
2757
602
904
2670
738
2223
436
2338
2545
760
2307
2236
792
1856
2046
2449
1954
1902
1194
2609
2603
1294
1846
1488
710
2582
1118
14
1130
924
1102
130
1675
1408
1970
1830
1632
2317
2245
1967
244
2623
2294
1004
2324
440
954
2014
1840
2136
1412
2094
2366
2106
1924
2121
1078
398
1160
1622
560
590
1128
1512
1328
2254
2294
1002
2155
2233
152
530
30
1908
1204
2433
1078
2158
580
1132
772
2328
2019
964
252
1730
774
482
220
1174
406
2523
2206
2084
300
2174
2474
2402
2684
2741
2040
2375
1948
1590
1576
2229
1508
2302
2240
2494
2456
954
1182
486
18
2024
2069
876
1933
1614
430
186
1680
2594
1026
468
2445
158
534
482
298
2552
434
2424
2205
2001
2030
912
54
1446
1052
2296
2186
276
1492
2447
1102
2076
632
2325
2017
2461
2591
1928
44
2482
982
2280
2265
584
1848
208
2522
1014
2
2634
2370
2222
2634
2168
2273
94
716
522
1914
784
1140
998
600
960
540
2055
120
2425
492
158
1208
440
2220
2328
2296
66
1410
368
1462
60
406
1348
2404
1214
2246
264
42
256
1874
2358
948
714
2659
2370
2108
346
1320
216
1568
502
546
1906
2546
1206
554
1866
820
130
664
2482
870
2198
1082
1900
1803
578
2014
2158
396
1586
1760
2337
2174
1852
180
2024
162
602
1820
1290
964
1226
2684
452
408
1360
2514
488
2692
1034
2220
1736
214
2344
572
256
2012
2494
20
1026
1909
344
180
2677
866
1036
1736
1254
1814
2462
1162
1666
106
244
422
2356
2402
1936
28
2354
2104
1669
2192
1298
970
2956
512
2110
2506
2019
2195
2312
944
1356
624
712
1759
1536
1038
2231
102
1766
530
2546
2217
1232
2717
1962
2532
2260
2461
2013
748
1542
96
808
2207
2092
802
1158
2524
678
1933
594
1444
2730
22
2111
98
1334
2400
102
298
2319
2378
1944
90
60
108
1954
882
2294
292
796
2093
2254
20
2279
2469
122
274
970
2076
248
528
1118
966
2144
368
1060
1512
2597
1262
580
1728
2515
1957
2667
584
306
160
618
2799
1772
516
2084
2307
980
2378
276
1288
906
28
2000
2154
2513
762
998
1660
194
206
2565
1710
1977
2918
1875
2700
2385
296
2373
1894
1160
1710
310
616
338
666
668
524
2499
2175
2265
888
2396
482
2219
276
2293
366
1874
930
512
46
2250
1114
856
910
230
1964
2077
2534
1014
2174
1882
2175
2609
2271
2010
152
130
212
2445
1600
1933
58
2918
1450
1502
598
1850
542
2100
1396
2663
590
1580
184
716
1980
2300
542
2674
2142
578
2658
2303
1338
2164
2223
2254
52
574
374
2600
356
976
556
368
356
1498
2296
6
54
680
82
2515
1802
266
440
248
216
992
2250
2405
168
1878
1740
2124
188
1166
418
2181
1945
1136
2084
764
2522
1196
454
2355
2097
2565
2357
1992
26
522
1728
784
1780
1450
2056
250
2059
292
3103
466
2659
2218
242
1008
462
344
1230
1784
2124
20
790
1878
2457
2312
636
1818
1254
466
2114
2339
1634
776
1860
2417
6
1992
1986
1596
814
1166
26
2146
2444
2172
1929
256
360
306
1995
912
1122
2572
1682
2322
1256
954
1680
458
2258
1372
1816
54
1930
1863
2183
2034
358
1853
1890
418
2288
2464
2383
2464
1858
526
624
610
2282
2202
558
2158
1694
374
1098
1756
2838
592
1144
2152
1690
2264
2352
2082
1320
2490
546
2222
1244
1308
428
2088
738
1994
906
166
2077
756
764
1958
812
2509
1670
118
552
1552
2141
120
2559
2258
2016
2720
298
622
1652
464
2301
2500
1292
1112
2074
1402
2021
350
2135
2351
1796
1248
6
1904
2216
1562
364
1786
170
758
2028
2364
2216
372
206
396
1294
76
832
578
854
1306
2026
2492
824
890
1959
2347
218
1600
696
2150
390
2170
70
2266
230
2708
710
714
942
400
2455
2547
1096
586
682
344
132
1606
2058
2232
422
2226
2064
2730
732
1164
186
150
2524
470
2625
1842
788
518
938
384
466
1034
2130
2447
1634
2610
982
2569
1633
2301
2724
342
966
2423
238
1440
1416
32
2632
920
2156
920
2529
446
1094
1626
1925
846
2529
2700
1282
2102
1344
146
530
1028
1822
2193
692
1706
458
2252
10
2079
2504
1736
180
1360
412
2244
934
1944
2534
2178
1458
2183
6
2210
2541
414
756
646
812
1250
804
1678
2156
2099
2754
2891
2280
180
1066
900
1162
410
2252
172
622
332
1798
2207
520
920
2211
848
732
1945
152
774
1706
1078
398
1264
2299
2504
844
532
1960
2078
2019
1996
1687
2169
290
2654
364
994
1124
1590
518
880
2360
2138
1058
336
282
114
2554
1708
1140
1712
260
1926
2375
104
1364
1076
2138
2388
2238
2036
1230
2356
2354
984
1821
158
2604
230
360
1000
176
508
2560
170
1392
2026
2767
840
352
2012
866
2586
158
278
2052
364
636
2589
696
42
2182
1398
1170
1412
1576
120
2198
386
898
1062
2409
2151
772
1142
1764
386
1486
1336
1776
1798
36
2081
2397
1803
638
350
1036
2495
730
898
2362
600
1931
1881
2082
802
60
2450
1666
136
2182
446
2397
2010
174
1574
2392
2256
1548
656
2726
426
460
2524
1700
2437
2236
2618
368
190
228
2365
2462
2161
2284
1046
1374
594
168
264
430
610
2292
14
86
1992
1558
266
52
2285
1652
2516
2744
2287
2124
2145
546
2016
2437
1821
1064
2144
2110
1302
2647
590
2566
468
1242
550
2680
1474
2402
862
466
514
1186
1686
1450
1870
104
236
2017
2595
22
314
494
238
2287
2230
2333
2703
488
2165
1814
238
2000
366
66
2392
124
910
1720
2216
2243
2716
1178
1286
968
2096
1028
2078
1190
2036
1682
2429
794
198
2224
2132
1764
2225
642
1234
658
116
1542
1080
722
1662
1258
2306
76
1578
478
564
596
598
320
672
1118
2516
22
1408
956
2477
84
2124
1372
2305
220
1152
1758
784
982
1888
194
32
1172
1622
2244
2114
968
2412
2709
2197
464
298
2739
2082
1916
36
2032
2164
2540
1056
526
1104
26
170
1500
946
1806
1568
2048
1650
138
800
1412
522
294
1428
1826
1663
2122
2185
1496
238
2154
1844
1976
124
794
420
8
2400
1514
1432
784
1650
432
2135
652
430
2156
1564
1500
804
344
1856
2491
2304
1508
446
744
2492
852
692
2180
496
2334
1570
2172
426
1676
534
2301
1366
172
1714
2343
1568
1060
830
2449
148
6
2128
1826
2246
1992
906
506
520
2528
194
1434
284
1962
1192
2649
2664
2110
1356
426
2330
2116
1928
398
902
938
2050
228
2166
2036
744
2510
2670
2480
176
408
1912
2091
2210
2545
512
2280
1180
694
2078
244
70
634
1354
2775
952
2410
2489
938
1164
1842
364
2231
2356
2182
2605
122
2298
2074
258
188
2381
1334
90
368
448
2788
216
2367
2058
106
1658
2152
2334
1016
1586
574
2295
2098
2123
1384
528
2011
2596
1060
610
2451
1042
26
2020
2607
2476
2594
2201
338
2203
2101
2370
428
2380
2568
440
1550
2200
2352
2107
922
2513
2286
1868
2195
2294
2656
446
1826
2334
914
2571
2122
148
2364
2130
2182
1046
322
1654
1090
838
1514
30
214
690
1678
2613
922
2288
834
1872
1698
198
2107
2213
808
368
124
2387
76
852
2355
636
446
2175
1568
1708
2171
974
598
1585
446
198
2462
2291
1378
362
1022
262
868
1072
2296
592
2040
2280
2284
1484
2360
1270
402
2256
2394
1298
282
2333
2348
354
670
1086
2004
230
1454
2158
1110
2350
2453
2232
652
1704
2626
1086
2366
2370
1158
1024
372
2392
524
2200
2540
1110
1878
2142
1074
264
290
988
2436
1500
22
2269
2350
2292
880
404
904
808
1493
74
1004
1355
652
810
126
2478
1098
406
1934
590
808
86
100
590
2471
718
556
508
1444
264
2082
618
1360
132
1416
1872
2410
322
452
1994
816
1650
28
2139
2636
208
2358
292
2318
4
1256
770
1955
560
1904
2166
2481
394
2295
394
1656
2541
494
156
26
542
858
2360
234
1060
516
2128
1468
2631
2430
404
354
2462
1782
2261
1720
2201
144
2178
360
726
1980
302
2074
2001
720
2421
2044
588
402
474
226
532
1056
1670
1660
212
2030
2234
1302
1124
1926
2094
882
2222
578
2083
1690
2076
982
2260
466
2085
482
2307
2087
844
1074
988
736
722
372
2331
114
1126
1128
398
378
786
80
2351
884
556
546
356
782
862
810
2384
318
2345
1244
2112
472
2464
356
2307
2726
914
1182
28
554
1979
1988
1184
2208
294
772
1252
392
2319
2045
378
1384
270
860
2488
1284
2281
148
1980
602
1342
292
2178
608
2051
350
894
326
30
250
14
524
2135
1236
1452
1302
614
2463
2251
2124
2016
1566
1769
1638
130
570
2164
68
652
2150
2299
2303
1368
440
2270
1372
72
338
246
2052
1398
686
586
78
2302
1686
42
1066
526
692
2408
576
1310
2258
1258
942
2180
1882
2401
310
2469
990
1544
2052
702
550
2036
2458
666
1280
370
2699
1472
996
922
1774
58
2237
892
2529
2501
954
436
1770
2392
1132
1016
1842
318
1388
970
814
496
2095
2126
758
532
206
772
302
2001
2567
2283
904
1442
2538
528
1766
2170
1700
1434
2263
790
1632
1938
1304
110
630
314
1823
614
384
2347
1014
2233
2223
1012
1760
2330
94
2110
1980
2437
896
2410
22
494
2099
2382
1624
138
1424
514
1238
1062
1764
630
2373
852
1758
816
720
132
374
2331
2374
198
2339
2467
1130
2344
736
256
2631
1252
2266
2011
828
308
2404
1164
740
240
576
2210
220
1460
1212
1630
900
604
2622
614
2617
2511
46
1050
2527
2401
236
2244
2479
798
1348
2470
130
2200
432
1834
1000
2046
2205
2235
2060
556
1584
1394
1550
2145
2576
2532
1436
2174
1714
2286
1434
2367
2452
526
894
936
458
30
1650
462
466
2141
1484
20
2177
2535
178
2550
2194
1989
1188
1952
1818
1992
12
704
2256
1834
566
816
150
1144
332
794
230
1326
48
2036
814
278
2415
434
1810
4
1060
626
2116
220
82
1166
1250
1492
670
54
1390
30
588
2486
1130
632
1824
2003
348
864
2430
882
740
1908
1230
126
3574
1486
2470
770
24
2238
1386
696
1454
140
1654
2752
1268
248
2056
2703
444
1926
2553
2901
1955
1904
256
2508
1346
2232
220
2277
1130
2259
764
1242
2472
1824
1810
1412
456
1868
6
354
1050
2130
2398
862
2730
2405
2096
1484
658
2173
20
2272
656
212
2115
248
2373
2170
296
2107
1480
1716
2286
318
1274
406
2108
948
562
2228
1480
2473
736
1964
1686
2402
1344
668
642
1250
2003
1064
2105
2647
580
1198
928
2202
1360
328
92
2104
376
2354
2640
830
450
2494
2428
180
252
692
1124
2597
1966
2192
808
2396
1318
1120
2610
312
1700
124
704
630
2528
2564
2152
2455
2075
774
332
1839
836
2264
3384
110
360
1608
28
602
590
682
632
1034
134
1890
448
696
2269
2
1184
448
1571
836
1468
2253
844
2091
1056
2160
2498
1786
2275
2226
44
1140
676
1210
2100
362
2441
1094
578
156
2130
1474
998
3032
2296
264
1898
34
1386
1998
158
2600
2348
2464
388
838
1286
1906
620
1078
538
1832
280
1306
122
664
344
466
30
448
542
2067
2376
1460
2414
998
566
62
414
2070
674
1278
1928
1704
918
32
114
72
2340
2317
1234
228
624
128
1705
1058
2627
2322
270
1408
2207
1446
732
1290
1626
338
78
2060
1480
1586
636
1352
2389
2815
2099
2218
980
1780
2512
1016
14
2900
588
2233
2638
2059
250
1774
1918
2090
30
1367
1634
196
2233
734
28
502
2310
2054
2393
2429
1318
394
1844
1968
104
970
1238
612
36
2492
2682
2346
2642
408
1642
1514
2670
660
1632
1866
300
336
782
210
1716
2349
908
998
2038
702
706
2208
1610
272
96
1790
792
2299
140
156
650
1062
914
1957
2345
1864
2345
2090
1076
104
2413
632
1018
2419
2276
1918
2138
142
262
2256
1342
2108
2498
2278
2513
2438
548
20
1426
1696
144
2358
2937
1990
2030
562
2606
2138
1974
374
1832
2392
1432
1348
1402
1360
1826
700
1008
2115
2626
1242
1892
2051
314
256
1208
1644
1200
1506
2213
620
2144
680
2234
1216
2324
374
1552
1534
2636
2382
2126
1764
2087
1112
850
436
2075
10
616
2209
1968
588
462
1166
2280
2284
912
2114
2313
2461
124
2592
1682
1498
1804
358
508
1986
1216
858
1204
2191
2270
2250
110
2070
2996
1118
634
2204
2336
1328
2028
962
1008
2004
2271
2226
2285
1232
2365
596
894
1996
2361
1242
1438
680
584
128
2294
1692
2072
144
556
2256
2063
638
1356
2528
2509
2370
2366
612
2146
486
1900
1220
1228
2328
20
2368
218
2088
2271
1972
578
2100
2234
2007
2462
2206
2662
142
2052
324
1162
166
1282
2282
450
2480
2383
1274
1310
2233
352
24
1684
352
2640
456
2159
1218
1960
2254
2668
60
82
596
2411
2389
2420
986
2140
1224
2473
2101
1374
16
2484
1828
834
386
262
774
2553
1188
200
2598
550
1586
896
1138
1202
464
2101
1054
1979
1116
988
1630
726
448
2270
216
2492
1436
970
982
984
1936
1508
2346
2429
1370
1586
2054
2161
1134
456
790
1798
404
1374
882
2052
1630
714
192
2353
2201
88
2350
2206
1434
1824
2314
1918
1788
2185
86
434
2364
104
632
202
602
132
978
1654
2302
958
940
348
2228
878
1685
1348
2316
2512
186
200
1996
216
456
172
254
1961
1738
406
2718
2405
2138
2259
2420
114
504
2099
82
1584
2080
1650
1632
2246
2492
2204
1846
540
2023
2446
1760
1030
1344
2499
296
1544
2257
398
2451
1746
1034
1933
314
558
2418
2117
2454
2203
2224
2578
2570
646
2398
1344
838
960
88
2397
2260
416
1418
2034
2530
858
532
2135
1890
272
1184
1060
264
1378
1663
164
648
2119
880
402
824
490
22
756
346
2278
2350
406
638
528
1386
286
524
1212
2321
590
2033
2261
2164
2141
2453
1168
1246
1644
2437
388
1200
436
1514
2138
2203
1262
2200
2252
2168
658
1508
2402
2031
702
1524
186
2388
246
1666
2097
408
1114
2581
2439
2569
2108
2233
2484
2408
622
1808
2413
650
324
852
644
2557
1822
1614
268
1472
1010
842
806
2470
452
168
1058
1961
230
1714
2417
2254
2596
38
2168
40
1358
2793
254
1248
1646
2345
1464
2404
160
1100
1784
26
2008
6
2251
2216
770
1390
1156
942
1460
1750
486
618
1104
2489
2062
1044
2821
184
12
2295
2
2670
2202
842
626
2341
96
808
406
1506
162
324
1722
1610
2193
2110
2089
1216
30
2218
234
268
536
1548
510
2380
2096
84
50
2108
328
662
434
246
208
2209
2256
186
2296
2414
1282
1895
128
838
1780
2168
1458
1318
228
324
270
2491
276
1046
316
976
802
2593
2450
758
212
1398
1869
2737
266
912
1878
2302
1690
2038
1148
604
586
656
566
2557
384
22
360
414
994
1394
306
696
804
2063
274
910
2097
2881
2246
1168
2125
42
812
2296
2161
520
2435
550
170
50
1266
464
548
358
1204
554
352
2383
3078
904
1708
1600
476
912
2171
390
1778
1802
2203
458
1464
110
1878
2378
918
1536
40
812
2391
458
526
542
104
2120
562
1512
612
1052
1986
84
2174
1300
2367
1668
500
42
1574
2296
238
3074
796
750
296
2268
260
2613
856
512
2451
2254
1456
792
2614
2060
1036
556
1746
938
1816
2350
2391
1364
2212
1380
2722
326
814
1716
732
690
1104
608
1885
226
1654
2517
324
942
1680
570
278
2486
1052
2200
188
2366
898
450
814
10
2038
2058
254
1524
2310
892
814
68
1228
1872
414
2232
2192
1628
2082
540
856
2219
2389
854
1226
2614
254
478
658
2178
548
1906
1354
2603
504
2666
1952
2098
2325
932
320
1158
2417
2282
628
2304
866
82
2338
130
42
250
262
124
1825
30
1072
2500
1076
1164
2197
2080
1002
264
840
510
2069
1478
1426
2085
2364
1414
2532
2609
2302
1068
2320
40
2286
2432
1300
2364
2373
2182
2300
82
188
2058
86
86
536
1572
418
504
186
2348
2378
1698
420
290
252
1614
2204
366
182
26
2240
1862
72
2240
2284
1240
2051
966
1624
608
1869
1132
2348
2201
2647
1388
2357
1530
2263
286
430
268
308
772
228
274
192
2196
468
258
2139
1180
2606
966
2090
1948
2343
1376
2574
1172
2146
2097
2216
1993
1280
706
2092
2432
642
752
2664
2260
50
2470
1550
2354
2269
2099
1102
686
2435
1644
496
16
1036
2251
2387
2078
2327
674
2431
524
2490
338
2570
502
2118
2312
54
1532
2354
1090
46
2524
1758
274
2398
146
2648
978
142
1030
332
14
238
114
2066
2517
2249
446
870
2590
2222
2608
2043
502
1236
670
746
2209
368
1620
2403
2623
550
626
2580
322
2608
142
1724
378
2676
1430
2044
1588
2399
240
2327
378
132
2225
2464
2142
2073
474
2548
1250
2095
1410
824
210
874
2340
2080
2420
2213
2248
2147
1930
874
2549
1232
2487
2322
260
370
1624
1078
574
2173
1970
2117
664
348
776
522
1570
834
1212
650
248
2564
2053
2454
1994
86
88
450
182
646
1558
122
812
80
1220
302
886
104
2020
132
400
98
690
1952
2620
2402
1200
368
2116
10
2584
1987
1920
614
660
930
1184
1983
2511
1794
1568
932
766
1118
622
76
668
154
2176
366
2414
1578
1802
2576
852
1880
706
2416
360
2398
1300
2026
1927
644
38
188
2723
694
2495
2107
1408
1022
278
1594
568
288
2236
2442
1722
84
928
790
1094
952
280
1134
1028
2240
2010
976
2060
70
2234
222
1958
1226
404
1666
2558
520
2256
2561
448
554
86
1640
1196
2118
2356
2612
1978
2765
168
2804
1907
2334
2353
540
1867
2363
1886
2039
1234
1202
2000
892
250
1776
456
380
62
46
162
1510
2276
256
1498
2262
856
2208
116
538
736
2137
1974
2330
2403
1460
1866
502
2133
2486
1880
1760
1088
2660
2565
1126
1300
2600
522
2396
2422
474
2006
1042
474
444
514
2594
2376
2510
2307
2447
494
2170
740
2201
2684
1302
1036
318
616
1932
618
364
682
630
714
1534
2465
2409
146
2486
650
396
2507
2182
416
1162
182
1126
1516
238
2674
996
2412
310
332
1126
512
2338
1424
2642
2152
626
166
1882
1234
1330
2332
170
562
408
336
570
2514
1889
1246
1830
2303
1048
228
938
2724
1668
1350
1472
1208
2283
1474
1834
1196
706
2428
256
2042
76
2272
712
2726
1162
508
784
2430
470
1871
2026
88
2346
602
234
2072
1878
1824
1292
984
2004
234
2611
2461
2446
1302
228
1020
854
1480
230
666
2384
1364
2175
3020
40
1256
2181
2163
798
1844
2116
170
74
114
2413
788
1058
2110
278
122
2519
332
2338
1046
1528
918
322
2562
2720
2019
2371
2098
1526
220
72
2037
1580
1934
1930
408
198
306
2018
734
1116
2091
1220
178
1082
2370
198
2533
34
2472
1330
646
188
2129
1698
1440
2284
372
106
1684
652
2284
2219
2237
1118
1270
842
1626
218
2130
1634
1128
62
2144
930
1070
1130
476
2258
232
2329
1204
1986
504
2292
484
258
62
50
690
300
1090
2414
130
2117
928
960
1042
1797
132
1248
1214
1042
2064
2374
22
472
1320
686
2371
2152
1722
912
2533
2488
778
1978
1490
436
112
2462
2274
614
2152
2327
842
16
130
46
1904
2199
464
578
224
2013
114
1082
696
34
1764
2571
2037
128
2569
2213
1142
646
514
978
2062
1364
712
26
1432
860
2298
526
2698
1966
1028
288
38
2448
2452
2448
308
1286
2203
652
2162
2460
1804
484
98
372
1518
168
530
382
1546
2245
552
1058
250
24
2301
2386
456
2604
1967
1916
344
746
490
2614
2693
1286
316
2586
2112
1603
1162
2407
1566
44
1924
1338
2227
534
1348
2283
2302
2629
2476
2284
706
1998
2480
422
530
1010
2562
70
2198
1994
902
30
718
2250
1002
2422
792
1598
1708
1452
2280
2573
700
2188
2226
100
880
2178
2210
1358
394
1022
636
484
1881
1644
1060
1502
644
716
810
2446
846
2186
2372
734
2411
1966
2182
2406
1032
2460
2469
1144
2564
2421
2700
24
2381
190
2031
2050
488
2480
270
2388
10
2231
1362
526
838
640
1718
982
1945
1236
2174
1446
2378
1108
1875
1416
194
514
524
2588
1698
328
2318
2156
782
2134
902
1268
908
1894
2078
602
792
1240
588
2287
1981
750
920
708
232
230
2292
124
1440
1226
2152
2214
826
1932
1342
458
1374
594
204
196
564
1288
2601
1898
160
266
1818
1891
2196
850
1909
2443
1632
484
790
176
1236
968
2077
2531
1942
676
2547
1937
1562
2068
724
1390
314
2169
1420
588
2124
866
2172
54
2121
2242
1800
2025
302
751
1878
862
2664
2535
230
278
2380
1078
2610
240
526
2674
490
1172
1122
1076
2009
1690
86
2476
2072
1916
1246
2068
1320
192
454
2411
2370
1887
2091
1178
2232
258
2469
1818
1810
52
218
736
1629
828
2346
434
2563
36
330
1654
32
90
1020
1260
206
2058
354
2080
904
994
638
1816
898
666
12
552
978
826
108
1636
284
618
574
2644
1944
2678
2258
2050
58
218
1888
1066
2213
2466
1668
2608
2443
428
822
1942
1688
2045
968
2230
2061
1900
1294
1252
342
2331
1890
1538
1174
2497
94
1702
854
1692
622
2352
1380
1642
2211
2426
380
2308
2088
1018
1082
1014
414
1040
494
2407
534
88
218
2102
1338
522
768
296
696
254
10
1886
2594
808
454
1762
1576
268
2337
1920
2052
2247
1846
638
96
1972
532
806
138
356
532
974
2180
2119
446
38
2375
1552
220
1832
2000
1975
1696
544
1920
498
2208
1332
2744
688
1136
2312
454
2375
1822
404
542
2584
1541
462
92
484
120
60
186
726
1862
758
1852
12
156
122
2744
1720
2075
498
2004
1510
1592
2029
1452
210
1558
2292
1600
520
1282
702
1038
1736
2113
2435
2233
2339
302
52
84
270
1980
2672
1884
2046
452
1851
1604
2130
522
318
878
72
148
104
878
742
228
2133
2236
902
2461
1042
240
2372
2660
2118
912
736
2088
2412
294
1838
1555
842
1908
2103
1166
392
136
70
872
2458
2314
1476
1856
2520
2554
1942
1096
1860
886
2457
1918
388
262
2160
62
1942
2040
1786
1216
1935
162
1494
2088
1300
2281
2220
2140
294
872
1552
2472
1138
50
1210
2717
242
2305
2376
3375
102
664
932
2096
30
2343
818
180
2098
1006
356
514
2612
574
178
1446
2116
2174
2426
2022
836
2183
236
1646
1582
46
1382
1068
1130
430
770
90
1190
860
2154
982
2419
672
2296
492
1118
522
440
1250
2475
172
1659
2299
1776
2006
88
1352
468
2524
1753
242
138
342
472
1120
2032
2441
402
2291
1711
2272
864
276
1763
2558
1364
2645
1252
276
624
1804
1460
2534
28
938
1064
1358
978
644
2492
1971
2282
2300
822
1514
866
10
1172
2152
2222
208
1050
2286
1925
2635
652
2294
666
492
2159
2490
1268
2170
1168
2213
986
686
790
1864
464
2304
2062
848
2104
1988
604
2111
1310
752
1098
2738
660
2092
16
168
1522
946
226
2430
1554
2430
962
1512
1498
330
1044
1420
570
2163
886
1240
654
2458
856
724
1714
462
66
2207
1560
1894
20
2135
2109
496
2413
2491
1756
648
26
2392
2506
1234
1234
2265
228
76
366
872
2257
822
368
446
724
462
1624
544
2180
622
2410
798
2348
552
470
138
940
2117
2567
304
1462
2444
1896
1544
1020
2088
178
2221
2205
2471
1754
474
64
1870
2348
244
2275
968
2487
2297
1334
1952
918
410
2260
1156
788
212
1608
558
1650
500
68
1494
2202
2891
4
246
2151
2073
268
370
2242
2188
176
428
224
2265
2047
1944
2355
2059
2632
1845
2518
1348
80
1904
914
2066
2186
700
2474
2392
498
2202
510
622
1438
2374
2346
2606
210
1664
2462
404
1584
2559
402
1306
514
2093
78
292
1338
402
1166
1612
534
714
2218
1738
1054
440
2015
2382
2168
30
1084
2607
1957
644
1072
1604
1834
1650
2200
2105
266
1930
308
1304
2274
2084
1426
696
2608
1877
1861
84
2124
2016
954
1346
2323
1062
2511
2101
664
430
2327
2335
2106
1764
1632
1316
2301
102
2604
250
1320
1740
1316
8
274
2014
1304
2668
1496
1134
280
2287
562
2436
284
1274
2607
68
2429
4
280
1400
1234
192
2614
2216
716
916
1953
1798
304
2285
740
1746
166
2090
634
1793
1148
2436
1246
1248
550
1298
328
214
270
2106
700
896
2341
1064
334
2662
212
2296
2082
752
1560
20
174
2133
2486
1604
1270
1148
2324
2107
1806
678
1662
794
600
2606
418
354
456
342
1874
2346
690
1654
226
472
2025
228
2377
1598
2239
1610
226
444
1360
2315
1488
344
1848
1212
32
2471
720
2328
198
2074
1966
94
2227
908
2115
2235
1208
314
600
946
448
2271
2319
2322
830
20
592
606
292
148
770
2592
2695
716
706
2619
926
1516
564
1738
2169
1068
1504
1752
256
2239
2433
372
858
100
1250
1500
2457
140
2610
262
724
1842
640
124
824
2088
990
1232
1338
1220
2147
666
1926
82
1404
2272
2249
1506
2682
2338
362
764
804
1566
1888
2622
1238
2038
2410
132
2483
402
2224
2199
34
68
34
410
754
2536
2548
1724
2451
374
810
758
46
822
792
2570
2535
2017
1154
510
2008
650
114
1554
2243
572
2464
2510
2281
502
814
916
2501
2553
290
2104
416
2396
2253
882
2301
1544
2016
594
2380
708
246
444
2550
2261
116
306
1448
1935
2712
204
860
872
2250
634
404
2408
1930
1906
278
2050
1356
1812
1296
832
1721
2129
1981
192
1472
2028
2476
686
1166
2158
1906
276
2190
2206
2526
1743
2444
2104
396
2486
2190
1560
2611
104
132
2328
314
2286
2242
138
1952
2551
432
2549
1940
2481
1876
214
2356
1766
2004
628
750
204
2048
1362
2169
1188
660
158
244
1835
168
2526
1146
2158
2370
2090
2280
2132
2590
922
2142
2174
302
1240
440
376
1072
970
2211
2174
2474
1432
1108
932
1868
1138
1098
2283
252
512
126
1372
2705
1816
2373
2147
574
1098
2579
2114
78
966
2467
1532
750
576
1859
178
618
930
844
112
816
1702
2058
2585
1010
132
72
1778
1290
2474
2091
1884
2536
2260
1772
300
1854
158
1510
2241
1340
1104
1990
1516
2118
692
486
752
32
206
2213
722
1554
728
1962
2180
314
864
132
2302
1852
2478
220
56
1108
802
1162
888
260
2431
338
2610
292
792
2228
906
1970
1638
1780
576
1698
372
192
2533
1917
1764
766
1558
870
1654
1974
2483
1164
992
1616
2316
412
2
2178
1468
1840
206
2372
2883
1262
68
2083
654
1260
206
430
2791
332
2316
620
2103
418
432
426
406
1788
548
84
312
152
2664
1536
2427
748
2186
682
1919
1120
2338
2225
2516
2241
2040
2315
2297
1084
2366
1751
774
1826
1728
1400
222
2362
56
2034
154
1846
224
96
2389
2531
378
78
2618
2089
2378
362
2563
2365
1678
960
2413
2350
1350
2279
1486
988
1564
342
2023
326
934
712
852
948
1852
562
1730
106
1820
740
2421
2443
134
80
2540
58
2536
2197
2202
756
1506
2299
1606
698
1330
1532
576
1580
2071
1953
3008
2140
1168
1924
1808
606
2081
2440
2347
2204
542
264
2052
268
2252
88
2356
1370
1904
152
2322
478
712
2010
20
1120
246
1502
1346
32
1246
846
2366
1762
852
286
1594
1256
810
298
1294
4
1690
2103
1592
204
1232
704
1174
1889
2514
2172
854
1774
1542
1811
2231
2496
948
1074
1036
1965
2268
2146
740
1898
1172
1482
486
2169
712
2194
2005
12
36
1254
482
824
784
166
758
892
1700
664
674
2294
1056
2031
424
674
2186
340
804
1360
1915
142
1444
320
2601
862
344
2172
1396
946
2216
246
1548
1300
2406
2268
2503
454
1878
478
1350
2207
242
436
402
2574
1266
2014
796
2208
1856
1732
780
2480
2114
146
934
2286
1686
2293
2379
1060
326
2302
1910
266
2341
1938
1754
2198
2372
1684
1147
2288
2016
2443
2362
2503
2356
1924
566
1244
204
544
926
1974
2134
642
1598
2519
32
68
1894
776
140
1845
160
570
2104
192
636
2477
1522
2222
2172
886
80
420
2449
366
80
222
884
774
914
576
1822
2209
2390
2350
1921
202
1202
2210
2523
2032
546
1550
1812
104
2588
2335
122
698
2394
690
2318
512
402
2232
1924
2677
1692
2282
1912
3030
2544
1883
1874
1926
2381
1282
464
76
1993
18
2020
932
658
2377
2016
86
506
334
1420
2350
2458
384
2254
2331
854
2372
598
2135
878
2313
2389
248
2219
2287
2097
2344
2160
1792
2249
808
390
2052
94
1930
2280
358
1002
1658
820
274
2106
2482
2548
940
340
2459
2548
610
358
72
398
2605
1174
672
544
2227
800
1993
174
1628
290
2393
2695
460
696
872
212
70
2520
776
798
146
738
1909
720
1170
484
2035
2344
312
720
1936
238
1174
1144
992
1482
48
110
1654
2551
2199
1266
2329
1038
582
2171
84
1482
1746
1040
2570
2114
2556
288
2199
272
362
530
1646
220
1242
1606
2155
1212
2042
896
810
80
104
138
442
62
1616
2470
1793
2518
1866
2311
2299
754
68
74
158
1828
1676
1842
2131
1667
1012
250
1664
160
646
2506
1648
1524
1294
212
1152
982
630
602
52
2205
516
372
1470
2499
1840
674
608
2234
1422
1382
2524
2379
1992
2385
2409
60
2172
1570
260
1654
550
1954
2479
2330
824
434
236
2511
2278
2025
2544
36
650
1943
2162
2617
94
914
2774
1818
242
836
768
1338
394
2235
2044
1782
1422
2255
2143
1622
2300
506
520
346
186
402
1274
234
2058
408
2206
204
838
158
1254
1694
2060
1950
220
2
1940
1828
1396
2448
758
282
1120
2325
850
516
102
1156
2200
1980
30
2043
2083
2640
622
74
144
2468
264
898
290
72
750
370
1708
592
642
1040
740
2188
1396
1990
2325
2748
2291
4
932
22
370
1618
2527
1250
660
2612
982
2317
560
2177
1676
888
1592
942
388
2063
72
2110
736
2441
2281
2199
1000
168
2245
1818
2478
1362
736
1214
2289
2318
2294
1122
1901
346
2188
1984
2084
2150
2240
2580
2466
490
1814
1446
382
1260
1848
228
2379
868
2285
1416
2388
1748
2290
1188
24
2230
1598
2561
2266
274
1340
1238
1086
1134
1695
2338
1452
648
156
1372
686
570
122
1530
2380
1962
1818
2158
174
2676
962
1696
1992
2338
954
636
338
2285
748
2227
742
388
974
500
52
470
2410
1408
24
36
568
338
906
1128
106
1951
2723
2534
2026
236
870
84
1680
1152
498
1500
850
192
294
596
2613
2451
414
958
2255
184
1906
1886
2194
1592
972
1566
910
1786
2984
212
1692
1356
464
2300
28
844
2563
2201
1328
1116
2242
2404
2426
2679
2142
820
2374
1938
400
1814
1566
650
2154
1616
2354
1350
1554
1550
630
316
1026
1134
132
1162
2115
2064
2155
1278
1884
8
2511
2375
2483
1442
1684
686
1392
1092
2191
186
536
2726
2400
2245
150
2158
110
1398
1054
2411
1150
1420
658
238
2542
2346
2218
1140
2691
24
990
2326
1020
730
1140
492
2313
2371
378
48
428
1952
1660
1958
2086
188
2793
206
2140
2234
500
2088
392
2122
632
2155
1168
776
308
646
1424
2426
1054
2134
140
2126
2598
2222
2346
2870
1264
2173
1980
2159
952
620
2046
1080
54
2456
564
2117
774
2188
2386
456
2091
2567
1918
2148
2342
2183
270
2324
418
2575
1290
288
2202
302
2205
778
1100
434
528
1322
2494
2291
1915
1934
1964
556
2110
1908
2477
2522
1350
2771
380
2517
6
1048
2119
2507
856
2354
176
172
2462
2304
2632
1220
2060
2495
1568
2742
2417
2482
228
2422
530
830
1298
352
1502
1676
1990
1030
192
2377
604
848
874
1670
2354
388
2475
938
1466
348
1747
956
1258
1016
2130
518
2010
1428
1266
670
2363
1967
592
2140
56
1809
1969
2016
1646
692
1466
2487
978
1708
596
1888
1560
1190
1310
432
182
174
2192
742
1072
502
2239
1538
2931
2553
350
2838
2104
274
2370
96
472
1048
966
2100
2241
616
2084
558
2141
2156
1080
964
732
1006
1920
2372
2720
2591
1433
1750
2491
1721
1566
1594
862
1130
344
1554
56
1760
2434
1244
176
1548
870
60
1116
924
116
2082
2096
1748
1466
1734
2467
50
880
2497
2400
2069
2170
30
2054
2113
2178
706
2525
132
2325
1696
64
366
754
1936
1854
306
152
2851
2382
1340
2393
2391
1694
76
428
2098
662
2299
62
288
2140
1576
198
1346
1991
1082
210
2736
1674
2387
540
470
2289
788
156
2904
546
882
1994
128
2290
1358
1386
808
2042
1866
830
382
1068
1430
2349
994
752
980
538
2024
564
74
866
2414
1154
158
2647
102
128
1320
564
2444
1174
2442
1926
690
2044
386
930
638
544
788
956
384
2599
964
354
2113
2284
792
1816
294
2104
2482
1422
2663
262
616
2386
2285
1800
56
1094
2348
1862
1204
1090
1444
2384
2381
1910
1158
616
2006
564
2328
2466
1516
1742
124
246
104
858
1318
2212
180
80
178
2536
168
154
124
2666
2264
2254
462
1082
2659
2049
2253
1930
2439
1618
332
654
392
760
2466
1576
2324
606
116
152
428
2179
60
180
676
2364
2248
2002
126
2368
1178
1392
582
626
2352
376
2437
800
740
1496
1026
1362
2107
1820
1624
1790
1524
858
2110
1764
1880
2500
2132
1106
536
372
2016
2331
1160
1508
1592
2164
854
1220
1072
158
1992
78
1066
1182
1030
172
1174
22
754
618
2218
2250
184
672
278
920
2291
892
88
662
20
52
966
2214
1214
894
828
282
184
398
1640
1204
104
1396
1190
1650
1022
540
1916
2668
1740
2122
656
1374
1670
752
356
1112
2009
868
2482
2228
810
332
470
1056
516
978
1570
1162
2213
1482
2334
1370
448
1660
270
250
2279
2062
2248
1888
2573
470
236
1986
1866
434
208
2091
776
2642
694
644
2257
2325
1494
1832
2347
2089
468
220
2116
2422
2275
2673
2476
1660
70
524
2189
442
576
1388
2006
2699
118
2262
2359
1538
1460
1732
1778
1498
434
2050
206
446
2136
1254
2320
2197
2008
2334
2465
156
1936
456
248
2592
216
166
668
2616
2546
14
90
1762
440
1066
734
2441
2440
1803
536
866
2018
1252
616
1184
1895
540
2280
2918
1338
452
2329
1012
1194
36
2168
1086
2322
440
590
258
1176
656
1340
1994
198
2048
2207
226
482
1246
228
1668
2281
2390
820
2274
1204
2182
1988
1566
2587
1904
198
2323
2195
1210
2215
228
1824
1216
1522
728
904
44
424
2007
196
546
2128
248
2433
482
44
2254
2728
1931
84
150
982
124
2025
2160
194
870
1098
2378
2268
2356
450
2050
2149
312
2499
2350
2244
2418
2068
1056
70
32
2396
290
918
2090
36
2285
1914
1912
2477
178
1648
844
568
2477
2600
1186
1806
2226
560
1510
1664
1958
280
34
