2357
1276
2581
1402
1774
2125
2460
838
1954
2217
8
426
2010
2569
764
184
2280
2421
2086
58
750
2537
860
322
2072
1644
50
2247
1628
2154
2301
2068
1040
558
552
2461
1336
2492
2054
34
2087
618
100
1392
2335
468
10
2620
160
1638
734
2143
1262
2240
606
22
394
2130
322
2583
2294
1066
1840
1704
1432
1668
1270
1468
404
270
1928
306
2430
1690
2283
1552
1164
2174
2301
2094
448
2370
492
336
2117
908
2314
2292
1908
1370
812
2376
1554
156
1056
1424
486
2327
482
186
646
2254
2159
1494
916
2515
684
610
960
462
720
1600
1894
2428
2782
2641
1868
12
580
272
1410
42
1909
2012
2038
1274
2391
38
1306
398
1282
2160
2626
594
2424
1448
1808
2370
1988
898
6
14
1692
2645
2328
638
160
2154
426
438
748
2186
1864
2313
2571
190
2083
184
2082
1214
1264
2471
2481
994
310
2261
792
2058
654
140
638
706
752
2034
780
864
196
78
1859
2354
2478
2204
320
2414
962
688
278
906
804
1876
752
2177
2562
1102
2263
2293
1898
2252
242
832
624
300
302
316
992
2442
948
2113
2351
2333
278
318
2288
2480
310
1780
1976
508
516
1892
22
2332
2118
236
570
1602
982
2542
2354
1644
2083
240
722
972
2196
510
1252
206
2334
308
616
2372
188
2356
466
2468
1118
1166
826
2069
594
58
946
2553
2087
192
1466
2408
994
1318
1124
650
2613
434
360
1804
458
2487
940
2485
1084
466
1881
840
936
2785
1793
2481
2315
1382
990
216
2638
2020
1530
2410
2108
836
800
442
2622
2665
128
206
188
1062
2272
2428
2178
2384
1632
2638
2337
1643
1758
1988
2387
598
258
1598
1570
1946
444
1046
2385
2178
2531
2058
1634
1494
1448
2340
232
1852
2143
2237
1980
2154
692
86
2043
92
422
1054
2259
2386
1620
1520
1750
120
1356
620
1870
2185
218
2148
448
1544
2154
316
1552
2311
2456
2380
558
282
1934
560
874
698
2504
578
1878
2190
756
1134
1232
2686
2266
1970
176
1468
2443
918
1152
2645
112
1912
2226
1048
1412
1372
1886
2497
2177
2010
178
1268
1350
1978
486
2032
356
1688
2266
816
2443
22
1578
2318
512
2334
2282
464
672
2038
194
1048
1977
558
280
1768
156
1940
2341
2103
2282
44
2459
2186
2272
1808
2340
2333
1454
2147
1028
2390
1186
1530
1526
2662
48
2428
1686
112
602
2405
966
2287
184
2812
292
1138
2139
116
946
1048
2498
102
358
2035
2469
2152
370
464
2121
1252
1988
906
660
1286
2450
906
2152
364
328
1450
2619
2314
656
486
650
854
1336
262
1907
1410
184
2248
1818
2146
1260
696
1348
90
2145
858
1612
1306
672
2366
2235
2195
1360
762
88
1126
688
1508
1580
2476
1242
26
28
1634
190
1212
2116
136
1818
1220
1462
2321
1404
1862
628
2593
2220
1946
2230
1632
2492
2602
120
2348
802
254
1560
2119
2267
940
2467
2303
2425
2401
2555
2024
2651
1500
284
766
1994
2071
2111
378
82
1724
2329
1398
216
1588
474
1206
692
488
1836
72
1987
1714
1268
1932
1966
1078
2323
650
1755
2374
2359
2284
2500
1252
1784
544
734
182
364
2090
976
1486
74
532
2054
2002
646
504
1943
660
1166
1940
2040
2301
2030
280
1991
2156
858
1766
2132
2082
2150
1598
1374
1136
776
1624
2523
334
500
2006
18
1306
2335
1194
126
2192
2144
210
2170
214
630
1370
1616
2000
1058
306
384
592
1088
352
1318
960
2223
1420
1666
348
2406
288
1970
1880
1024
1872
2139
2424
2077
336
2128
1002
512
396
798
594
2311
1804
2079
898
284
124
772
2294
60
34
1120
2434
2208
1246
998
2422
140
640
502
1066
632
492
190
2150
2146
2301
6
448
448
72
2289
1386
314
8
742
2393
1766
726
906
494
2554
1278
2245
2615
1044
2356
1128
1768
2421
130
2297
2237
332
2244
2314
686
2752
2408
1688
752
902
1738
582
1814
2559
950
1566
1509
1044
1592
1925
752
34
2250
598
2406
632
1672
632
2206
2416
1152
2306
2623
168
848
854
1856
2203
462
1486
900
538
2513
1006
2520
1528
2372
1346
818
1474
2260
1909
2021
250
46
1266
2426
408
628
1188
1012
2343
184
250
374
350
144
2328
1786
568
1402
1790
1986
748
2176
320
614
1849
636
1056
2243
1616
2322
2689
218
1788
2508
1472
2164
1935
2416
2152
352
2175
1944
2004
2248
1248
2177
1971
830
1244
1386
1530
2449
1536
850
818
1895
2358
2750
1676
848
564
1868
1598
284
668
2122
952
546
1346
2162
1504
2547
2239
2316
1910
104
2356
1236
336
1736
144
380
194
602
886
1368
1062
2158
2100
2498
2237
2110
1738
2114
2599
744
2574
1869
2116
680
2653
224
838
1682
2470
664
2278
2530
486
1032
2597
1454
504
2457
1146
932
132
12
2342
1952
2561
1930
2066
1092
2241
368
1954
1442
184
2154
886
1858
64
278
2509
76
74
1950
2428
1782
1720
328
1580
388
2132
304
194
2516
2500
2292
366
1716
2167
2349
468
1364
748
1694
1871
494
1014
2759
12
604
2206
918
1274
1956
2169
2320
34
2829
244
2
1848
864
36
2651
940
1100
1188
2486
1942
1650
1354
2554
740
406
2498
686
2107
1522
2250
2146
776
2648
2125
274
2473
64
1098
2274
636
1854
1084
784
350
1516
1855
1665
2191
2304
2282
2295
1334
198
500
2188
1028
14
2152
624
312
1890
2380
1884
1912
104
594
260
432
2203
1742
820
2436
646
2334
2372
2260
1188
146
1966
168
2565
904
1578
2002
2223
76
2313
108
2712
358
282
2199
144
970
398
1706
240
112
724
1136
424
134
2106
1786
638
2502
1366
372
40
2128
544
1991
2293
374
716
274
1542
64
966
958
434
396
1374
408
2210
2232
1796
2203
1340
32
192
2341
2225
2142
1156
48
1396
2294
2621
2077
1010
1360
1830
2
388
426
866
2525
790
1990
1480
228
50
752
138
2061
2139
2510
304
1512
2315
846
1280
1380
1340
1486
902
432
484
646
530
836
972
1090
1530
2502
866
2295
404
2151
2434
1452
342
2216
2662
2348
2273
1280
730
1626
1869
2252
2101
2060
1752
360
2028
2523
992
114
116
1728
194
1722
534
1180
1072
102
2534
2254
1368
2452
1338
920
196
2074
1860
124
790
2708
514
2310
444
2145
386
924
1288
1832
450
2425
2109
1484
1214
2244
1816
348
1748
2360
476
228
62
124
1536
2250
1158
188
658
1060
294
690
486
970
206
2002
2411
686
2591
552
2247
1948
452
930
342
386
2513
1952
448
698
140
8
972
580
188
1800
1876
802
2255
2394
122
2505
1802
244
1936
2162
1218
1930
1420
1776
2053
1178
414
2038
2375
690
192
830
704
2418
2224
1020
820
1778
1126
672
62
172
1436
1162
2369
1936
100
2324
3214
2330
1290
2198
1076
1260
162
494
2292
2028
1574
2522
1805
1196
390
2495
2506
1050
464
1478
820
2020
936
1804
2576
52
662
1686
864
1080
2114
2624
362
1778
2496
244
64
1598
110
2392
754
1524
1256
756
1396
2161
1160
2635
2106
642
382
2010
94
368
530
594
2355
428
2549
2044
492
774
2045
1476
384
2523
2326
1910
2462
884
168
426
436
322
1538
2042
2151
8
2819
198
2655
34
1809
1970
1044
1336
1020
2360
220
982
1458
604
1872
1937
2118
2343
772
2282
2596
282
2526
2582
2099
160
1502
470
466
2160
2413
216
2377
22
1314
1322
2451
1436
1832
180
156
2349
586
2132
2398
694
1728
2235
856
282
564
166
2188
2175
1112
1820
1852
2134
2197
606
1038
2163
666
2138
2058
2127
928
14
2080
856
2006
1968
2652
2402
1566
82
1978
1118
692
2248
1612
286
1464
2070
324
686
728
1660
440
440
94
458
2674
940
1332
1212
2394
802
1630
1788
2116
2609
2495
2150
2021
1636
96
230
2553
1844
662
2639
2757
2555
1350
2296
1022
1162
1616
14
258
1742
1126
2404
2294
2279
894
2336
182
1912
796
1708
2374
406
382
2578
1374
122
46
492
978
44
2647
398
2092
232
392
1102
1386
2573
578
2226
1092
2098
2445
1598
2204
632
1398
2124
2822
156
780
1602
854
2266
2411
2366
722
448
1618
1294
870
782
1430
1891
586
1932
542
2547
1006
2574
410
374
832
1682
76
526
1098
2278
2366
1420
2115
966
1274
1286
824
140
252
1890
1895
1798
1552
916
1727
110
372
930
102
688
2133
554
608
142
2216
2449
490
2176
278
2515
736
66
450
1402
954
740
352
212
2172
296
1256
378
2441
986
538
676
1962
1952
2121
1372
2686
2180
340
730
640
1562
2229
2189
12
1510
42
184
1704
2575
2208
2193
1360
264
2464
1652
2062
2285
18
2057
510
1046
958
2567
1444
2155
746
1152
2304
740
2152
2
1932
1422
282
808
2688
2528
208
2218
1983
2402
26
324
2329
2204
920
30
2095
226
2132
1156
2168
14
574
52
314
2679
2417
678
1342
1336
1058
252
1438
248
1914
1284
2364
294
892
496
646
2110
698
2424
2011
444
2450
642
810
2284
2628
1192
2219
728
2426
666
2116
164
2088
148
1975
884
2556
2136
494
1174
192
2419
2364
2538
1994
270
2120
1802
56
1826
1780
1456
1308
2616
2047
2620
1088
2616
172
1986
1945
1354
1594
2685
350
2510
96
2516
2622
886
1116
82
2040
1430
2440
2264
2671
1030
550
976
2010
684
2172
156
2291
2238
1746
1138
2209
252
2261
1622
1296
372
1810
654
2719
1120
2240
2474
938
1594
966
262
728
1854
16
330
1814
676
2574
2671
2313
104
1534
812
1436
196
440
2366
2217
2069
2509
1894
826
844
2036
2602
934
340
1468
1862
1916
1012
1126
2374
2462
2345
1828
1977
2378
358
2177
2226
2592
774
2259
1866
320
2270
1556
1408
368
894
210
1456
618
302
2114
1684
1258
2228
2445
614
424
2368
90
1462
1160
700
1916
102
2518
2530
2168
2094
166
2267
2913
1250
1070
96
972
574
1502
680
2336
1226
592
174
240
246
2232
1082
874
1902
2042
2429
540
876
304
498
2383
2063
1134
1597
628
1154
2198
934
392
610
1074
332
516
2096
2112
2216
314
1772
1906
1904
2014
2195
1816
1500
600
2601
1056
138
2421
2698
1028
2396
252
2501
70
1888
2148
780
396
1348
978
2410
990
2446
2139
2431
50
1394
1390
1166
2095
2051
1076
328
514
1944
718
1284
58
1014
710
56
762
40
1596
66
2055
304
2066
130
612
2180
426
1460
1678
2079
1346
2520
2401
2196
892
1070
1602
1882
1596
2030
710
86
24
1290
1488
1848
2446
1294
296
506
2459
338
1838
2036
944
1985
658
1370
1898
988
536
452
1164
2039
2287
1076
2033
2320
2378
1832
1358
2400
830
1076
2044
1538
202
1644
638
492
518
1442
214
1808
662
2263
2465
162
2294
212
1908
2522
284
384
328
1915
1936
350
2371
2474
2214
1678
610
2493
2044
1424
1396
1494
1997
56
896
2424
2097
1987
2706
2333
1384
1264
718
64
458
2097
2292
2140
546
992
2134
68
1084
1488
526
534
1706
12
2538
1962
2152
122
1394
842
124
2274
1610
674
2295
44
146
2307
2543
1154
2638
304
1296
2257
2286
1262
622
114
84
538
2650
498
660
452
1180
2706
46
416
2579
1144
1234
2244
252
2308
1966
710
2469
702
544
1546
356
2449
2073
2489
186
1806
994
2295
402
2507
394
2217
500
2116
1132
726
104
2106
178
1824
246
2102
720
902
2294
2138
104
76
2157
2593
788
480
612
2651
1430
1516
924
2481
8
2360
270
1951
1146
2436
818
192
832
2508
298
1360
1266
306
1810
2243
134
836
2389
1821
2362
1548
2660
4
336
2298
812
796
342
1541
2161
2512
182
1222
1098
1240
2553
2033
898
1198
1728
2192
2421
334
1560
2352
1911
1204
684
2226
1538
2350
744
1922
1696
2126
2096
340
2008
1851
1496
1222
2121
528
742
1812
1206
2644
1770
2607
240
336
1320
2022
2407
22
2494
70
802
2174
1242
2324
380
584
2293
2143
2205
2183
2383
922
2338
2566
2396
956
1406
1268
1038
1974
1894
30
848
2555
2548
2467
604
1724
1294
1232
1694
2347
2031
2556
2293
2269
2234
998
2755
178
2617
1706
2699
692
2026
1662
516
1552
890
2207
2288
418
1102
872
1822
2085
922
1600
984
1784
2121
1542
2362
2364
2398
26
2273
2422
736
234
2290
124
764
2141
600
374
182
1378
792
2226
116
238
2180
2064
2208
646
962
2266
60
1790
2480
2323
436
1096
2510
494
2545
2308
1185
1873
618
2689
2308
1378
2327
804
1982
2313
682
2269
594
1536
1004
888
456
1194
2342
2401
8
1948
1034
2363
1932
226
80
1768
1138
1910
1938
310
2036
1973
2198
2204
44
1156
740
2703
2369
2507
70
2479
852
378
1106
2288
562
1190
1426
454
2408
2652
1981
156
2544
356
472
2156
370
714
980
2272
1953
570
62
1996
2006
168
2497
706
1548
2198
2108
1116
2236
484
668
2288
418
470
434
54
1310
1376
1174
1929
2592
178
506
1214
2269
992
870
808
1174
1983
408
2506
2248
1452
86
2060
904
2248
668
74
240
858
116
2222
2150
1832
70
1996
14
2362
2533
1082
2280
160
2712
560
404
518
68
166
338
2360
2714
586
2619
750
2286
1342
14
2356
1771
552
230
674
2220
2398
778
1320
1962
2225
494
456
2478
174
2318
666
2708
1396
1926
2641
2231
1302
1034
722
2558
220
906
2309
880
946
174
2423
1322
1734
354
48
464
2164
254
538
838
1954
1811
94
2051
1992
2646
2321
1396
764
2426
38
1112
788
48
40
434
2575
810
2165
90
2006
2287
2092
300
352
470
2302
1828
1170
1212
1867
2338
2230
1112
2568
216
8
2289
1676
1894
1330
1312
878
2038
1118
2323
468
2641
2132
1761
316
100
2616
1268
1236
1028
168
808
2388
2098
2271
502
398
1006
202
228
2302
2304
904
266
1804
2620
864
416
2472
914
142
366
700
978
210
234
186
1844
734
314
434
340
1170
1626
180
366
208
1872
308
2463
1866
2225
1044
702
164
2117
328
1808
2223
552
188
1536
1162
1154
2266
1234
2252
2730
2154
2555
2020
2496
1214
816
1692
2384
2621
2202
326
2225
126
1038
2723
428
1855
84
2010
2115
1712
2608
896
2316
2431
2480
1452
192
2676
210
1820
2124
2050
1468
1530
2443
2129
914
464
748
1680
2216
2312
2122
2114
2540
1158
1370
562
2196
2170
522
532
2717
4
732
2072
1436
2232
1792
1010
558
1494
1558
2021
2625
604
1160
2562
64
2268
2298
2379
2750
1992
676
1728
2444
2076
2551
34
2299
2018
2458
40
1086
558
1360
978
2132
236
2639
828
2014
828
1876
222
2362
564
228
412
1931
1642
2246
1498
2140
742
48
446
1302
968
2238
2014
2561
948
126
2333
1158
1000
1506
2465
356
2281
2038
1572
2325
2496
462
1432
432
230
1900
1886
650
96
2485
2405
462
2271
316
94
1500
144
94
2476
974
1964
772
158
390
84
2218
384
2467
464
1446
1064
2434
2614
904
24
648
778
478
2538
1000
570
2324
430
1874
2206
2244
238
2547
1076
2169
1230
1322
464
432
526
1494
1846
188
2184
360
500
182
2067
2452
46
2591
220
2646
1646
2484
2535
1828
60
798
2455
274
1984
316
782
2251
1929
2473
1902
616
2135
2134
104
600
822
164
188
762
2274
938
1758
2340
470
2281
818
614
110
872
2555
248
2190
1418
6
2408
168
2695
2878
2365
1966
126
2143
238
2025
2442
614
518
1414
442
1982
2292
2216
364
2198
2299
6
20
624
404
2225
2710
454
1212
1870
1504
2381
684
1182
1494
1796
2285
2119
1916
102
1342
280
346
18
328
58
1406
556
2576
2330
238
756
1594
814
1758
892
2205
2220
398
368
1993
128
1118
1766
1180
1832
870
2018
1734
414
2446
1556
1438
2193
2269
978
1020
596
856
1226
1604
2408
2670
2178
1839
1668
242
288
964
2140
230
1238
96
310
264
1110
240
776
174
2636
656
2381
1328
2493
2276
478
1530
878
1962
106
338
2318
2671
2098
1010
2522
950
972
218
2534
1294
826
1072
638
1696
2046
264
2044
98
2578
2164
1220
1344
1740
608
974
2185
158
240
1478
2078
2645
56
1999
888
1240
752
2300
2210
1868
266
564
1036
1788
490
2875
1788
1038
1896
166
1996
520
2216
1442
974
1572
428
102
96
2130
12
788
414
218
1092
226
206
2791
1988
662
1226
78
2232
1360
1684
2449
2298
1932
448
1038
1644
2403
1102
622
430
736
2448
2149
242
2113
722
914
2760
50
4
1378
564
996
1866
2442
132
656
2417
2350
1947
440
2481
2525
2112
1871
2492
1460
1362
608
430
946
2624
2081
674
358
1622
2391
2550
938
936
1566
12
2330
1798
2265
2795
50
456
1360
8
1876
2616
2592
734
2312
826
1778
2214
1324
2663
90
2586
162
1904
1678
338
2603
1734
404
1080
2393
2540
1236
2238
1924
242
2440
1536
1226
110
1868
2177
1174
1350
2246
1902
1978
2274
178
2606
1854
766
2283
2275
2404
1172
2410
274
2481
2192
2340
1840
1332
2034
2318
1924
314
1954
1850
2494
2190
2093
1044
796
2274
578
1026
1968
1662
2365
246
846
2245
2092
2289
294
1624
2418
2225
702
2356
2616
528
1122
2557
354
2676
1666
2313
2686
332
1952
810
276
2036
2689
2204
1322
1288
2913
400
1448
1148
1812
1996
370
24
2104
2226
104
2306
2359
2115
228
2221
918
1018
224
2152
756
618
2661
902
1366
1086
1652
380
38
510
2491
2153
1262
2366
1874
238
2755
1900
2012
448
924
164
1668
850
2355
2225
2142
930
532
2363
994
1130
188
282
310
124
320
1258
2174
638
1102
1412
2072
1132
446
2519
6
2420
140
2641
946
2454
2351
1088
2026
2340
1470
506
826
1865
1720
868
1226
14
448
660
2290
504
482
2134
510
494
1744
118
728
442
348
2040
518
32
2427
2252
434
2566
1052
1600
2490
228
170
2218
2073
1808
414
542
1840
134
614
2353
1846
2140
2418
1044
2385
1180
2352
2182
522
1548
2490
922
2424
1050
1258
1822
2194
464
1878
1920
2380
1218
2280
746
1988
2353
2450
68
356
16
1798
1544
2478
2513
2615
2154
2182
134
2120
1498
218
456
386
778
1918
490
976
232
4
1006
66
2563
2240
2166
342
1168
576
2252
1834
2431
502
2481
338
480
2297
2295
2254
1152
182
90
566
164
860
564
868
1742
1904
760
348
122
2565
2041
584
1118
1258
1901
248
104
2172
1813
1636
2372
762
420
1818
1496
368
1050
1466
2445
1106
722
1706
782
1612
1754
252
2009
1933
1386
382
430
1124
282
1964
510
2134
674
822
1182
2128
288
166
1024
2295
24
2436
174
370
1262
2626
944
2730
2428
1128
1780
1496
810
28
2280
686
2518
198
302
758
286
1554
2215
858
336
2353
2016
782
2356
2578
2276
872
2068
10
990
456
2481
2493
178
2388
1200
2109
890
356
2476
2506
1284
214
1284
2349
1062
1898
404
266
96
2181
352
2497
1971
1186
1166
404
1793
564
2431
1899
152
1790
2510
620
632
2286
1038
1084
40
78
84
2290
1200
988
730
1574
2576
1110
506
480
594
1958
2412
1622
722
2310
2614
1997
806
390
2476
2092
2421
1004
218
64
86
802
1888
64
2422
2443
2386
218
120
144
2100
1030
956
2032
712
220
2117
2485
2136
1192
320
1486
1946
1270
2273
2177
114
44
2304
212
226
692
2567
930
184
2580
1098
2149
282
466
2169
4
1358
2175
2278
2078
146
684
698
1990
786
1801
2557
1536
438
2427
1322
350
1538
958
1496
1952
1972
280
2014
2320
862
830
224
2026
2302
1396
2247
206
510
286
1968
710
2429
198
1158
2221
46
1956
1222
2151
2355
698
2053
1886
1036
2266
2480
2743
1478
296
772
1970
776
2383
1220
1702
2128
2341
2566
1850
2126
446
2257
2289
1534
922
46
282
1418
1843
870
2139
2248
880
638
402
640
2364
154
1002
2280
616
376
246
2420
812
646
1014
1090
552
2061
940
672
412
200
802
674
2125
2666
84
272
1178
1162
254
2025
2384
62
1194
1150
1220
828
44
30
1560
150
320
1968
150
2140
1712
138
2991
1528
2050
164
326
2321
2396
1960
180
2551
2178
2502
578
2323
2490
24
2246
1996
1890
206
1584
1514
1232
1314
2443
1346
2369
460
1670
130
242
118
1935
200
680
2326
80
316
2663
198
2278
2115
2136
726
690
742
1044
604
1846
212
140
862
2580
1518
2388
2421
344
326
2304
1999
2442
122
2305
36
708
450
112
2237
2450
2015
1348
1354
884
6
1936
2134
2608
832
1882
70
2278
2148
262
2193
2252
1164
562
1118
118
606
1088
244
110
510
624
2128
1656
1176
2020
1536
2480
450
840
1294
2505
196
1894
2453
2006
280
2214
278
412
1569
1720
894
592
200
2392
912
1864
2473
1296
2325
2222
152
2546
2099
2694
2069
1084
998
1076
114
1198
2795
626
268
2473
2386
2603
2521
2478
2884
1628
192
2199
2148
1584
2102
1552
1564
730
22
574
1730
1896
740
998
2301
2614
2348
1482
840
714
2605
320
1018
2091
818
1296
2164
478
110
828
2291
2297
1058
362
270
588
964
2157
398
438
1186
794
110
462
842
1374
1318
170
208
908
348
2378
1166
1210
2321
366
2435
1924
1670
2034
940
1192
178
422
2587
1456
124
274
302
864
2558
280
792
286
38
1328
810
2293
1152
516
1298
2204
2256
2366
496
816
298
2025
190
2647
2664
1114
1426
6
1474
1186
1842
1104
2112
1941
2350
180
1212
364
1692
48
192
470
432
1695
2538
428
2308
2326
926
1230
2108
622
2346
786
2584
2045
2072
2830
62
2378
1326
2065
1708
1354
2196
456
2145
2314
2381
990
1664
2210
148
1514
2375
1158
2000
716
2410
898
2201
2322
2666
274
2024
2026
2103
2329
1906
1726
258
2514
1992
2210
548
2230
754
2153
2237
768
2481
1218
2326
2349
2311
2278
250
874
536
2107
2256
2186
1988
2123
204
770
2174
6
698
500
2225
260
2070
1406
712
2064
1855
1008
324
970
2275
2390
122
2465
582
1220
1618
2232
714
2345
1084
602
1463
902
274
994
556
2300
1626
2339
2286
1678
1694
608
758
1064
840
2142
2122
88
2073
2428
2618
2338
2030
166
1472
2660
2558
1068
488
3631
134
2625
2118
756
1280
2253
990
2457
314
2035
1288
1068
988
2210
1082
2145
256
674
2094
2813
960
238
1392
2498
756
1670
1018
2102
94
2391
476
2212
1024
1976
1334
128
692
1744
290
1682
502
730
2332
1036
890
2226
1956
662
378
952
744
444
1098
1496
1494
1228
2340
1860
2320
2358
342
1426
410
2308
2277
948
546
24
2091
934
1314
2031
2273
1844
2211
962
54
2133
1036
2320
2074
418
946
306
1923
2051
1696
2605
612
888
1859
1236
2686
770
818
2264
410
2647
1318
1884
1750
1702
744
2004
258
1540
2482
1646
892
622
1676
2252
300
298
116
772
322
42
1154
2162
2407
2
112
1784
1350
344
562
2326
1776
2430
1092
2006
1966
1995
2109
158
398
1346
1716
1462
2307
2090
664
596
2531
2644
6
2046
2365
2292
2218
696
1967
2166
282
2482
598
2078
50
1562
502
1522
2407
876
2032
292
1700
1724
652
1504
578
1448
62
2161
1624
2204
1900
1598
1704
586
2050
1842
2202
380
472
1416
152
2918
2278
1314
444
1302
2071
264
142
82
886
620
340
1364
1966
62
2720
2073
1510
1512
1530
1947
846
1616
654
2374
312
2042
1150
1944
2440
800
2036
834
930
2521
1896
210
1520
1110
470
2593
2834
2647
1434
320
2
492
2072
2251
210
948
148
1144
114
2563
1806
1228
308
1174
1432
1116
58
2351
210
2491
2743
746
496
1910
350
266
600
1964
2364
2198
2179
1818
880
2073
2282
2334
878
2106
4
1442
816
548
482
634
2256
866
74
280
100
292
1368
1260
2032
464
2103
2679
424
1140
1344
778
2280
2429
1236
186
194
2168
698
2201
1018
2150
1012
1110
2154
2104
2579
258
2217
2204
2016
2046
1736
1150
2082
452
62
172
1172
750
2120
2344
1714
2016
688
816
1944
338
2209
2263
1126
590
370
2481
478
1028
222
1262
946
610
912
2016
346
234
2081
250
1780
2
912
2268
2207
122
444
62
1957
1512
2340
1162
2118
200
478
956
2425
14
886
546
1676
1480
1688
2217
2207
850
2366
2345
2128
2176
2163
618
442
2288
1196
1508
596
814
406
448
1104
830
1822
1540
562
1748
70
1122
2226
502
598
2449
2702
2241
190
1462
1870
446
884
2387
380
2378
1508
2271
1426
1714
2192
2319
2439
602
2247
432
2447
888
2462
1650
116
316
822
54
98
166
2359
28
482
1915
174
2283
1504
2253
2102
2204
1634
2392
2252
2026
622
2208
1152
2000
50
1780
2398
44
208
1080
2244
222
622
2091
732
320
334
2388
1032
1118
2565
1988
532
2228
1366
2760
392
2687
304
2721
182
1546
2222
2034
364
198
1831
664
2652
1818
2122
1380
462
482
1316
314
2378
466
432
60
1912
770
1412
2236
892
2111
312
2472
2400
1144
444
1392
2321
2142
610
116
1390
1330
1916
1756
266
44
2550
692
580
154
580
22
1062
310
160
2098
2115
812
730
1458
1268
74
2233
174
168
578
1614
774
2216
38
2259
360
1882
1918
308
2192
2004
1110
2045
2606
1940
1814
2470
2229
224
1356
2430
1112
2422
590
2799
2214
234
128
1410
600
458
1780
2542
2210
1114
1820
990
2100
2001
1022
1920
2194
94
2162
2580
2661
2646
2326
246
2353
182
378
122
512
794
2525
506
2167
1310
20
2637
2140
442
1408
818
20
1474
276
206
1838
18
2020
2054
2396
510
2192
2080
194
974
2285
2361
268
2098
218
2507
482
2253
2481
1778
2213
1056
98
1158
748
2458
476
1894
1488
448
422
2238
2446
276
2076
1090
954
1836
212
2455
720
1188
1078
2262
2341
138
2232
2396
292
1989
1128
276
1250
968
2422
2187
630
618
2406
2055
2055
2182
2484
1410
124
930
1164
504
1056
992
2148
508
2290
1074
426
180
2343
1306
468
684
2060
1770
2345
1528
2000
820
290
404
1742
48
2240
532
2361
1326
200
620
1546
242
2155
2528
152
2525
2518
490
2378
2475
1600
2315
138
1935
16
2574
2349
340
1756
2664
392
286
818
2259
1366
1506
808
1680
1662
330
2450
886
2181
2381
2126
2132
2253
1400
82
4546
212
406
1901
2355
1314
768
1620
2228
2251
2204
2756
722
1032
290
1886
2283
2302
1480
1654
2220
368
716
1774
622
2797
924
808
2160
2252
858
1980
826
1038
2310
1970
1252
502
1918
1810
1288
2037
1982
1908
2047
486
158
3066
2442
2298
1928
702
1588
1883
984
850
2233
2073
2518
718
906
62
1268
1738
548
288
2265
334
1778
284
2337
2142
982
672
1678
2328
2294
2233
644
1018
46
2211
16
2671
2348
562
494
1288
258
2547
286
2315
1038
1218
520
608
724
752
2119
762
1112
1522
2337
100
1270
2304
524
232
498
2731
2272
1108
1176
236
2392
792
2132
2486
792
528
804
2437
316
34
1410
1460
150
544
542
1304
144
2279
306
1254
838
1898
174
1032
386
256
2731
1236
1358
1446
2267
2182
2491
820
846
342
460
2071
880
1940
1346
246
1324
122
238
2496
404
308
312
506
332
2205
590
2436
1180
2328
2212
1834
1154
2356
1688
2160
858
1050
594
1178
576
518
638
1310
748
840
250
2345
576
92
674
20
2131
2214
452
2297
2294
2163
1426
2242
2176
654
2490
1788
2639
2530
1734
1350
976
616
1708
1520
462
2285
12
2446
2397
1860
810
2028
1044
812
1744
46
2124
536
540
700
256
222
2391
444
1260
1332
590
226
664
2337
72
1420
710
1538
792
1688
1842
662
542
506
316
2175
218
2573
2405
2331
2524
374
2486
2334
516
320
2246
2406
66
552
1598
2057
2256
246
1778
2600
158
936
2238
2168
2058
142
2221
2436
2386
2282
994
538
1272
2273
2114
1839
1968
1916
1746
104
616
2215
26
494
72
1488
1848
578
732
236
1158
2007
2182
2580
1709
1997
618
2527
320
550
852
2304
400
566
838
2377
112
678
1744
2346
2216
6
1992
1862
204
2512
410
1244
2396
2363
896
106
2201
2222
854
2108
504
2355
2352
1960
796
1210
454
736
1414
2163
2758
1564
2583
1244
2222
72
2569
2043
644
26
2484
336
2150
1634
656
1666
1902
2635
1348
1400
1250
2310
710
1152
1010
1144
586
1987
1142
1206
156
50
76
2387
2476
656
2293
2160
1008
472
2272
1747
292
2221
912
2291
1810
2184
1676
2436
1124
1594
1903
1038
540
2365
686
458
2641
2504
2398
1068
42
618
1840
1660
2410
2360
586
358
180
882
2184
1844
2132
1653
2212
866
2080
2218
2106
508
2358
2645
1962
1002
2536
2297
842
1370
322
1284
1552
2440
2300
1128
1616
54
2370
2520
1702
2530
1946
172
2487
270
684
432
2707
1940
712
134
852
364
1256
1654
2412
1758
2074
2268
568
1070
1272
2112
1917
76
2033
778
1730
1652
1026
2012
624
1430
178
1486
44
746
2047
2280
2216
1906
470
2478
1666
2235
1244
528
2243
304
1808
28
1066
2098
2200
2072
2289
164
56
530
594
2279
330
214
2438
2455
1472
486
72
2294
1058
2213
1094
1572
1976
428
2476
1740
2422
412
44
2428
1952
370
358
1174
1006
2524
1497
112
1767
2403
1588
2036
2070
2042
2256
370
2002
1458
2385
368
2
1512
1800
1058
1298
690
766
2080
334
52
2148
548
666
842
1030
996
2590
58
2317
1066
94
666
2104
66
666
646
108
1164
2205
2366
162
1955
2339
1646
1928
184
2000
2439
528
2147
238
1358
1810
80
2257
2608
914
2184
42
2100
1726
2347
1216
2003
1094
2271
2094
1988
16
2322
2464
2253
2284
2486
892
194
2457
1920
1428
622
470
876
1909
2113
2061
2123
1764
1500
608
518
2255
280
1002
2052
1982
122
274
2104
2751
724
2226
1434
1964
1008
950
1824
652
1662
480
2444
1322
1959
2238
704
2665
400
1466
166
2029
8
134
1190
850
306
530
2255
2251
894
4
1500
692
1874
2252
1496
1888
698
226
2115
1820
100
40
1962
288
312
1458
2272
1330
1402
1170
328
2013
522
728
688
1888
1404
2220
1676
2159
2432
1466
1448
284
2259
1244
580
2078
432
1850
892
1000
2354
1278
276
488
2220
160
972
282
2585
788
1588
2117
2437
864
952
2145
2525
1760
2563
1080
1038
2432
2338
888
1816
72
994
2477
1216
834
1114
368
2184
2022
646
2268
2513
1794
1498
2717
2410
926
522
2646
2584
970
1336
2293
540
574
1802
1110
2117
566
728
562
2242
724
236
208
94
724
2781
2577
508
1530
1978
140
1964
2307
904
2374
784
1915
590
2292
758
264
1849
664
1961
1992
274
1454
2524
1870
980
2451
842
2516
430
1156
1648
1930
2753
2032
278
2357
416
902
2288
894
2010
2082
418
884
768
1586
950
676
2516
1278
1526
1912
2328
230
2192
1348
2491
2187
2584
286
402
2219
1496
1710
228
1206
656
536
414
228
1152
480
360
646
1126
2356
694
282
1420
878
250
2106
2541
2376
2172
1704
1236
2256
618
2116
1622
1056
1920
1270
390
324
2193
2104
2047
552
2542
942
2406
320
534
2493
742
576
2515
2129
3236
1736
518
982
262
322
1806
1518
384
644
2561
2399
1452
2292
194
1062
408
1502
428
1270
666
2527
268
1220
1146
2504
626
34
2452
1292
718
1126
2652
1874
586
2209
184
2453
176
256
2738
2108
442
126
2344
726
2420
434
1218
1470
88
114
1192
254
2204
2140
3518
1396
1706
2368
2303
1370
2152
2411
944
904
494
278
374
712
2379
20
2041
1886
2054
356
808
774
150
2401
2074
512
218
2298
956
1222
252
2633
1448
1070
2568
418
876
342
286
1130
1132
764
1656
590
68
728
476
358
2040
84
2818
2398
2557
1184
152
2433
1058
272
2206
1624
134
1972
1096
354
640
368
108
2190
2463
2184
2352
1522
2341
1974
1004
260
2514
2204
1726
2543
2424
1728
758
1444
1812
938
700
38
716
2473
22
1722
2058
258
1894
84
2254
1974
1276
1926
1528
804
2343
2433
462
132
1324
196
2307
2154
366
714
1816
820
2468
2226
2268
2077
2026
2190
1937
2576
2296
2232
2092
328
806
2091
512
1943
354
100
652
344
1418
2383
1832
2375
2559
1192
2466
164
828
2022
2233
932
812
280
2335
2574
1658
1955
2520
2406
1662
1804
402
2500
1544
446
2019
770
1396
2131
980
2414
2412
1084
1936
950
856
1970
2402
2190
2192
2729
2774
538
636
178
2589
1880
902
2474
276
1962
1036
2744
986
2086
2023
2002
1348
2144
1158
766
2589
1054
98
1961
2346
2074
2251
174
2466
2130
280
2286
2166
322
628
2465
1628
620
78
1114
16
258
1582
372
2344
1768
948
1513
1784
1772
850
54
1414
2386
694
1839
2056
508
2547
216
2031
636
1788
1012
298
2228
258
448
2190
1940
1784
1370
680
250
2744
72
1856
16
232
1552
180
638
208
2437
320
1208
746
462
1876
1414
1476
2383
1206
2462
16
1876
1979
152
928
200
258
2652
1262
2220
1020
164
2165
1860
2276
952
2516
2492
1986
1906
2566
1514
874
310
2331
1062
2102
1040
1164
2376
768
2071
1536
2216
1852
420
1587
964
4
2333
958
934
2523
1092
2470
220
2276
544
848
2713
1002
1164
2373
572
326
1084
610
744
2160
2252
1300
746
2599
2117
770
652
336
784
2365
40
1898
794
198
144
1174
744
204
362
2359
300
1430
2309
2097
1954
814
324
1370
206
502
642
2377
560
220
2692
2750
2306
896
604
1807
164
1338
840
2257
2045
280
1910
2386
1450
692
2169
2526
1964
2302
2734
2460
2651
2130
2723
520
1378
2589
2388
216
466
404
272
2326
628
1068
80
2443
2097
2525
650
240
2254
84
382
74
2065
674
160
190
250
758
492
1670
2124
104
266
88
524
328
742
516
1564
206
588
488
514
146
358
938
2145
62
1340
520
1030
812
2198
526
384
2297
980
1358
286
1390
1086
2225
82
1296
1374
656
1702
372
418
2261
2231
2349
2295
1590
2521
2154
1230
782
2490
58
2382
956
2483
2112
1314
822
1918
872
972
2129
2176
838
2262
756
946
266
1948
1997
1634
1818
580
2348
1828
248
920
1136
216
1997
2462
2191
2573
2168
1823
884
1698
2506
2138
2116
2556
28
968
1154
2204
2088
126
794
766
2520
2311
2594
2130
2499
412
1842
2
1826
2319
1320
708
238
2358
1975
258
1338
1062
250
2397
2012
892
2376
960
1839
2368
406
1710
1952
100
2056
768
1954
1925
1156
2261
1224
476
2043
296
2201
940
2720
878
1216
1596
2395
1214
16
2640
2423
1470
2272
724
246
2047
1914
2270
720
2540
1917
916
2286
112
966
2101
1254
1434
2389
1012
2135
2243
114
1566
406
530
1750
646
2117
2466
558
2430
720
1162
450
2547
936
310
1484
1456
1784
2500
2101
1778
782
446
1963
108
2569
632
2338
1364
1798
2445
2294
338
94
738
1758
100
524
2141
1316
624
296
1104
2295
928
862
930
1998
2184
1674
2304
2282
2292
1118
1078
2674
64
2516
574
1950
238
1780
2444
822
2025
118
634
102
738
1872
1118
1230
1312
2290
1322
274
2094
1212
1218
2327
200
2414
656
3062
1951
1308
414
2712
1726
1426
420
850
2473
1240
2433
2155
976
2342
180
2452
240
2746
28
2079
2209
1350
224
1380
626
384
1740
2640
74
598
770
1104
1142
12
728
516
