2013
212
1380
2053
428
2136
1896
2344
2271
488
1890
1064
1518
2580
274
2005
2410
2491
278
1959
1176
694
376
1402
1264
852
2163
226
878
1426
1848
1226
2424
2238
1282
2324
810
298
2284
2061
1716
404
1844
1970
104
1614
300
2199
1186
1320
586
2199
2285
670
608
1160
2651
738
2462
742
1370
1748
1190
644
2335
798
1498
2163
132
1388
2120
2214
1202
2092
474
2334
1908
982
2460
636
114
2582
1230
2029
1790
346
2432
2229
2354
936
2356
648
828
2451
1284
2124
10
2355
916
38
966
852
1552
446
2640
2432
2043
922
2128
602
362
2418
1770
746
868
1392
372
1462
218
588
2346
2661
878
2071
902
2127
2436
2241
342
2265
1058
1288
2108
2276
1558
2338
1976
610
2573
1716
2454
1412
1947
2030
992
2074
2354
1958
1783
594
1186
2428
2530
404
1968
2077
800
494
444
742
2541
1292
58
32
2464
2473
640
2192
2014
912
1084
534
2363
1664
42
2688
1274
722
562
1288
1996
1478
2146
1800
514
1364
2171
2444
470
1276
188
232
2400
362
1210
110
370
246
66
200
2523
1400
1346
2337
886
150
2074
2199
20
1116
2409
2578
114
58
42
2584
2442
2292
744
2348
1548
1366
612
2262
938
544
1384
1008
764
1572
628
1566
262
1196
454
1558
150
1528
2238
506
1202
118
256
2238
2067
1630
38
1402
2291
858
1108
2332
2132
414
458
2326
1050
2104
1122
550
174
156
1563
1092
2047
70
406
2042
456
674
654
2631
1502
292
2433
908
496
2102
466
2389
2390
332
3513
1152
196
28
1152
512
264
516
988
1264
2010
420
2100
878
2015
554
368
2394
214
24
2430
1032
2313
374
1452
1148
2607
2532
1334
1598
262
578
84
1711
292
1760
468
1260
848
1274
1240
2316
1002
254
562
2264
2564
966
942
964
332
404
2231
1054
2040
1732
2289
2374
218
2066
598
82
2228
1718
172
2388
2320
352
434
510
1906
902
1442
528
2112
230
1008
2001
788
462
2643
822
2430
1266
296
270
704
2470
162
1322
420
312
908
1584
1844
2273
642
1428
754
2472
256
2396
1148
2576
2599
702
860
2144
436
2366
104
1858
818
746
2036
2294
402
2305
2081
1948
2518
184
1140
1668
2060
994
700
610
336
132
1068
268
648
2020
2629
1630
610
1900
1716
882
1226
2347
224
2154
234
656
1394
2119
30
2351
2352
1618
2651
2262
2174
768
1336
82
226
106
1672
2666
1290
618
1198
2351
1288
42
600
2256
1720
36
1384
684
1917
1864
2338
1572
1548
1672
2643
2220
2733
1828
1004
2408
508
650
210
286
434
80
426
326
776
2365
1016
546
2234
634
900
786
684
2158
1956
2015
2310
320
410
776
634
2180
2146
2407
1644
324
2339
2433
142
792
2857
2541
540
370
1834
98
1988
2652
1943
1652
1112
816
1942
2414
356
746
2104
1696
2321
316
1684
1458
298
848
1946
1120
752
1740
1772
1460
192
2321
1778
2240
580
536
2738
1048
2
1172
2266
2326
1817
706
304
176
2201
950
982
590
2475
846
334
2671
1054
2406
1368
128
2126
2191
2426
2118
1396
1244
2251
2207
306
342
1460
866
1815
1194
1884
2578
1789
1711
1406
148
578
1284
2334
2571
2244
2752
2180
1000
2345
2124
424
2598
1224
2614
2316
1914
356
944
778
772
1080
410
1284
702
1644
2094
2154
2307
38
2194
1848
2205
1612
2564
596
2082
2413
544
758
2414
2097
2509
1010
326
1952
2338
422
1720
400
380
2488
2024
1212
440
536
2209
286
996
202
1936
1000
2032
2158
2188
1164
334
2191
504
44
456
2360
1218
2284
476
1810
2276
532
768
774
2361
1520
834
1266
216
2093
1038
2427
2411
2117
2580
292
1086
910
2256
2438
2114
624
2547
1388
1748
362
872
2094
2064
522
1970
880
1210
318
738
28
2354
1366
1340
1360
2200
118
1408
252
2018
2481
238
1280
1294
2181
2182
2346
170
1106
2122
2542
1038
2000
696
124
2661
444
252
1370
322
2141
378
1146
2369
2569
2377
1814
370
1434
166
1526
290
138
2331
502
1956
1522
612
2174
58
1442
302
2088
1172
374
40
2364
28
2620
2340
1852
2048
538
392
94
1078
2493
888
404
2208
330
224
92
714
2208
2188
2184
178
114
1036
476
838
2376
2503
1376
2656
1366
2288
2011
408
102
536
44
2582
150
370
946
2284
1416
1380
804
1841
544
2202
168
1464
1905
1864
108
2046
72
2344
310
1814
1452
764
2178
2146
1086
208
1722
316
648
574
1286
990
2433
848
2300
886
2252
2603
556
14
274
1856
2111
2279
280
2398
958
2521
96
826
2263
2467
2325
1970
794
2268
938
2060
1430
2329
90
256
1844
1526
640
198
2295
2665
2384
1416
582
286
268
486
566
1822
1198
2067
1300
2552
1925
4
1999
2391
1218
392
604
1780
2236
522
1980
172
1254
2368
516
356
1418
558
1300
646
244
2279
1859
764
382
2018
2103
2425
2579
40
230
494
2251
2611
1786
1244
438
236
900
1536
94
2448
2326
1130
2120
1122
862
1464
2033
2205
524
2168
130
130
52
1904
54
588
1844
782
14
2418
968
2358
1172
2531
2549
512
2315
2552
654
952
882
2262
2643
848
2040
1348
838
318
2034
2272
2030
2228
1508
480
656
1976
94
2535
2452
308
1947
2322
106
616
446
1028
2384
2162
520
1512
2268
752
1262
2382
2256
756
598
846
828
76
1752
2190
40
2465
2702
2403
448
990
2162
468
1885
2459
2690
454
2494
1052
1394
2080
216
1044
1956
2505
1006
2664
2424
2146
1600
2626
542
2106
2377
114
2246
144
556
74
284
2706
744
682
852
2289
496
432
2313
1124
1104
1246
60
1631
2358
1742
266
808
414
2208
2173
968
2337
2391
2491
2696
2091
922
1994
2374
434
328
2354
2114
1698
2587
2368
316
170
1975
2072
1462
378
1116
1522
2278
750
862
630
1922
480
1843
2292
1392
1950
184
2104
642
1530
2509
286
468
2102
1190
2112
264
1224
2240
1302
2546
786
1222
78
562
2473
540
578
1110
196
502
544
2244
520
1416
2124
540
2252
1216
1890
2323
1916
650
2652
120
1808
2370
184
1456
102
2059
2346
504
1588
2352
2511
218
1704
66
2400
534
546
674
504
872
472
922
1242
88
2474
1842
114
2420
952
2501
460
2505
208
1220
2346
270
1304
1160
2527
780
2152
320
2187
2118
1474
1306
1274
1220
2451
634
2350
34
2459
2219
2475
1216
1254
474
2446
1742
62
2222
414
1046
1660
872
1776
1688
2004
2573
2332
340
492
2303
2658
2298
2183
2590
184
1522
1686
208
392
592
2144
2342
1794
196
1680
92
2303
1833
2099
2412
732
1048
890
2042
592
2435
2212
552
2308
1749
2362
2468
2354
2326
1366
2581
1208
2040
2533
1662
1696
1666
718
836
2068
2478
164
164
982
2034
336
258
2754
2250
1530
432
2283
1264
784
2315
20
2250
208
1824
326
1940
1640
2278
1056
2062
118
2025
2665
2346
1898
2619
2111
738
1414
1798
774
1704
534
38
2273
2683
680
1180
1422
660
1334
2416
2381
2518
234
2396
2445
2036
552
560
304
2376
438
2087
2126
1144
1028
156
658
404
384
2306
1983
2319
1808
1562
110
2517
268
842
1402
2197
2211
136
1524
2034
2296
2373
1906
2618
1812
554
30
248
2182
556
418
128
666
2085
16
1104
30
236
946
58
1974
154
558
1766
2254
2182
164
190
862
1238
262
334
2245
2080
2193
1981
1626
1038
190
2263
2363
2193
548
2201
1612
156
2410
2414
2131
320
1418
1696
2257
2377
2489
1498
1838
350
110
2197
146
2181
62
2505
846
146
1350
2352
1320
1210
176
42
254
402
2416
592
836
708
338
1172
2367
2512
1972
2058
1494
2505
418
1648
882
2440
2329
2557
988
2157
558
456
2633
2124
794
1874
20
2217
12
332
972
492
1494
1786
270
482
270
2314
142
2301
916
2582
2020
374
506
492
1996
2442
454
408
2151
2158
2474
26
1132
966
2319
834
2584
2208
130
2317
1048
600
1334
2538
2386
2237
924
42
2444
570
650
2
2078
524
820
290
2432
1166
640
14
160
1748
1962
1018
902
1804
544
2302
1052
1030
2115
100
380
2261
538
590
986
486
224
412
2214
1918
720
160
254
1300
1688
2326
2129
2363
1098
2434
1646
2160
874
2252
16
750
970
984
632
1480
2080
328
574
856
746
708
2194
2030
192
458
418
2340
2126
1980
154
214
1224
1268
1998
176
938
2273
2182
2149
1416
1450
2139
2296
568
2167
1432
2670
1110
1772
2238
434
2309
1865
730
2446
876
586
2671
684
484
2567
824
1900
2230
228
606
350
2489
2481
2095
1654
1248
2208
2495
960
904
2176
1216
1993
2343
1456
2656
1488
2308
2584
304
1360
666
1949
2200
684
2238
230
2483
374
1856
698
2234
628
2093
10
380
2649
2112
380
2461
1752
242
1038
1829
410
2132
2302
48
1592
76
1376
2029
2372
726
296
2531
2040
348
34
1540
80
2074
1946
2574
268
2286
1970
1636
844
2259
404
896
2407
2140
2342
2561
550
2539
322
2165
1842
1798
426
988
1808
966
2158
436
1846
2232
2424
1893
2172
844
1564
2612
2220
960
284
334
300
2631
614
6
640
452
2175
1583
472
2689
822
1430
929
1920
1252
520
2114
760
2219
376
2030
1678
1500
1050
170
1972
2213
1765
958
2620
2356
2230
846
458
64
2482
328
1954
1362
2542
1368
1837
238
604
2332
946
254
2353
2006
498
2146
1372
2426
658
432
2040
2184
1106
2298
222
1586
1834
1088
2315
1316
1064
2616
594
1762
1784
3066
2200
1490
2550
2426
1024
2384
1088
2118
804
1830
230
2565
698
2379
910
628
502
1046
1148
396
2590
1526
2314
2656
200
200
1108
2329
2254
1770
1446
1046
2435
1252
1110
860
130
2326
824
210
704
492
224
878
2125
2493
1946
262
1522
2146
2520
2120
1480
2068
184
1772
1102
732
2214
336
1594
3119
1062
138
2284
614
1342
48
1544
286
754
2420
780
2486
560
894
2556
2419
1943
2439
2006
950
486
814
324
950
2403
140
494
1364
2657
1338
92
2101
1018
2390
432
2170
1816
78
1242
2370
2581
1072
164
1298
1014
1718
2118
1178
512
1262
408
718
1010
1488
2347
1800
628
1850
2487
136
2310
36
2480
2221
2270
1778
328
106
1968
2909
34
66
842
1166
36
1002
248
164
508
1827
2521
1842
254
740
796
1594
2620
1030
1074
2018
574
2313
1082
1766
282
790
406
926
1970
614
530
450
808
2374
606
2212
264
280
1563
672
1050
2232
744
544
2396
136
962
430
2457
114
80
1200
2312
2382
2423
156
1372
2388
1661
2398
1318
1832
460
494
1791
2062
2438
438
2446
1074
1156
1188
806
206
1900
2363
974
406
558
1292
1374
78
2392
468
2414
234
812
742
1736
174
2421
1378
1940
2263
2444
2200
1921
2240
2109
2048
2527
2067
1642
148
878
336
2112
288
2454
2390
104
2182
1886
874
1682
1014
2023
1812
1800
1392
1066
388
1408
924
2278
2639
440
1430
1188
2229
2177
2082
2046
2224
2637
2252
330
2231
1838
2300
1042
2706
160
44
224
1096
348
1414
2000
2536
884
234
1537
834
1334
2122
1296
1656
2362
2481
956
1812
598
2047
2368
754
358
2568
564
288
234
1798
1398
2464
176
792
2294
212
2640
1604
1929
2473
550
768
426
880
836
1834
186
2522
2144
2089
426
442
26
1106
1906
546
2379
470
1558
952
1582
2540
892
2615
2119
1032
708
356
2429
2321
1332
380
2168
1126
1078
2103
246
2069
46
2465
1270
50
992
148
2155
1136
2322
312
1998
2064
1326
52
1650
326
1944
272
2076
820
2261
454
1608
2338
2541
174
1928
2038
958
2410
2541
72
2270
1061
1356
946
2141
1360
232
1880
822
356
1976
1846
878
560
882
918
438
2260
716
2352
972
2042
550
96
1168
778
738
710
534
1612
354
2132
1366
770
414
1122
2006
2316
424
614
2011
1842
366
610
598
2283
1612
2449
234
1524
2293
54
174
722
2795
2436
2215
608
1140
2139
236
166
1868
60
594
1608
2341
2619
632
1118
600
904
800
2164
1943
526
874
566
2232
2677
2405
122
710
2672
2105
698
556
960
2440
1214
1546
180
1580
306
348
982
938
1122
350
2581
2172
1921
488
1910
474
2347
262
796
5870
668
1596
2154
726
2310
2488
154
1880
1478
328
468
2240
102
2383
1180
1444
218
620
390
2429
336
1978
2357
482
2208
368
946
2530
2317
2502
1012
1620
1426
1234
1618
1542
1684
1864
1360
2577
280
2447
216
2253
604
592
1790
180
1700
2000
2598
2288
932
2532
402
2096
1760
2574
1950
1762
992
2438
282
214
1126
1322
558
1990
1496
1236
1788
230
2546
1768
2542
2284
2021
2336
2239
1744
954
2121
1907
558
1770
1512
1614
84
2309
1214
2435
1058
1518
620
1584
710
1768
380
2189
2357
2113
574
1272
1742
1073
748
962
1350
2139
2428
186
428
530
420
658
2514
2345
2405
396
116
1874
480
630
2650
604
1378
656
746
142
348
94
158
1194
1356
2274
2307
2629
2331
18
2277
218
2294
1302
738
2224
2279
234
1370
150
2573
1798
1240
1760
1106
272
1804
1756
904
2130
48
950
1296
1852
1078
922
944
1458
696
1040
216
474
842
1984
994
758
1895
90
2148
2091
204
2523
1532
98
2341
114
1476
2365
1478
1212
1986
2206
2657
140
254
1862
2384
108
2074
780
478
364
1226
1306
1802
688
2526
1024
1080
698
26
44
1972
1058
104
486
860
852
2020
1424
816
2273
2541
2111
2197
2116
638
2398
2229
1250
2151
1668
1968
50
1604
6
1480
2509
2376
182
1172
1396
2385
2173
2213
2090
732
166
868
94
872
2023
2422
620
1578
660
548
2552
2357
1252
780
866
2316
2513
396
2254
974
2491
2223
1578
236
448
2570
1526
2519
90
1158
304
1946
1192
2310
2284
2656
2241
2425
884
2062
2186
1778
1102
2138
454
1082
214
2438
276
220
1378
2278
2210
1842
178
1446
1490
10
1710
690
410
2305
142
1338
910
2016
622
2068
1756
100
1620
112
2138
1316
2262
2709
1338
2698
2606
2026
666
404
1982
1534
2454
2358
984
618
1080
1878
2471
1578
578
1698
770
114
1940
2012
2189
1466
2214
704
710
1272
1816
2540
2075
746
2120
2378
1230
1250
2030
638
2448
662
1556
2436
2341
1989
2138
2294
1366
816
260
2155
2288
2035
606
828
2532
612
22
538
2505
1244
2616
434
2245
2149
1566
1688
1882
2666
652
704
2093
2253
1278
1686
1164
2416
1354
522
1646
20
364
248
330
32
2268
208
1078
326
386
612
2513
2025
2432
2205
786
1068
876
2260
2480
816
1112
2343
1128
1170
300
250
1972
518
668
1266
2399
212
812
2030
2593
1522
2314
2490
220
1446
84
580
2493
2453
2177
144
1837
2494
2265
2245
2555
886
2225
266
470
100
174
598
2949
2218
356
2658
112
1002
486
1002
892
164
348
262
2017
2425
2574
1364
760
482
2095
1788
398
2309
2438
2572
756
710
2385
2211
750
2330
16
1090
2448
1110
2540
722
42
2013
1913
2440
2299
1416
4
1868
2328
1596
1388
1474
170
628
1292
2508
2446
622
492
2188
2631
316
1506
2427
1216
1100
694
1346
322
498
2234
1500
372
2229
2292
1574
334
714
2250
2306
776
1102
1894
2521
402
2545
282
2076
1962
270
2208
2336
2210
1422
1300
2120
298
1352
2286
2275
4
474
2405
2416
1616
1426
1482
1828
1674
1576
2672
1116
1574
610
310
1010
724
58
2630
2289
134
50
2117
20
804
1528
528
2638
1452
1630
2670
1474
362
958
1798
418
2254
1284
486
2493
2360
848
482
2663
2348
1790
1036
400
1200
2353
2588
182
2101
2291
2106
2267
2614
1896
704
2581
1950
1944
2045
2264
1858
2607
2265
1144
2435
1658
2070
874
2360
2430
2188
2374
292
1388
2656
2042
1808
2264
2054
1458
6
440
142
278
2363
916
1672
968
2150
2044
1180
822
2322
2022
2489
2264
2670
286
1940
1638
86
1536
1973
830
1818
1862
620
2122
50
2327
32
2252
2391
2146
2094
2335
1392
2552
458
2164
2472
1540
2200
2338
2323
410
2129
486
1646
100
1356
1072
2191
488
200
1388
2110
126
168
14
2160
164
80
2130
1128
2330
1905
2063
2300
886
346
2619
1739
54
2233
1306
1262
2439
2058
2393
6
74
430
62
2404
1730
2181
1134
2202
2312
1392
1204
620
2662
560
228
1488
2519
1414
2055
810
2381
2304
1582
994
800
566
1154
74
18
2386
2628
566
1262
1852
2132
2324
2272
2625
430
2539
64
2076
234
2154
738
2196
2016
34
2257
2423
2100
1816
2159
290
272
2700
486
582
86
590
1080
818
192
832
1354
1598
2110
676
1966
2456
1716
1838
8
2176
824
2274
1310
406
442
2698
492
450
2233
722
694
410
132
684
2252
2233
2210
1962
2384
986
1904
578
1868
1524
2304
1482
358
752
304
2378
1476
988
1244
1288
2556
1522
2392
800
216
272
1880
2456
38
2465
508
1048
418
1882
598
36
206
876
1634
246
2357
1370
2026
462
1831
298
442
998
1064
1814
964
264
2308
2142
64
546
1444
506
2461
2268
880
2273
1408
806
1822
2718
1764
676
2188
1328
16
1206
12
1966
2110
2613
2261
2374
2238
2147
374
884
224
48
60
1434
2097
2290
2319
1564
2295
2371
2019
2273
2499
546
830
870
2258
302
2386
954
938
248
2143
788
732
526
2326
2249
1734
454
142
762
2515
2184
168
2008
1058
20
1402
1302
1196
180
40
508
204
376
82
1530
470
2347
774
1346
2154
98
1656
2033
2476
2449
412
2365
1142
1330
2461
1688
1998
1352
252
1993
2526
524
734
2169
2010
2763
2643
2121
1394
1906
2176
708
968
2408
440
1934
274
2660
626
2475
62
1676
1968
830
756
494
2007
2613
54
1872
810
742
2005
2292
562
2491
2398
1868
1154
646
2388
1048
242
290
2335
164
1644
2282
1244
2508
1600
2306
2682
656
220
1632
2703
282
2217
216
38
506
1242
824
1026
2542
1586
746
1678
2429
2239
2512
474
2072
80
1302
2584
620
264
294
1785
346
1536
2964
2575
2006
1496
1502
838
1544
2066
2408
32
2281
978
618
890
938
1830
1054
2164
1939
514
640
2197
6
2624
456
2128
2484
2210
2513
2381
720
2078
1589
1887
2566
1194
1924
1790
1192
2248
346
780
1578
76
2028
1194
2119
404
306
2069
2035
2117
2012
200
2655
2369
1564
2306
684
1308
2111
196
48
2629
1458
1822
684
170
1030
710
1064
660
1152
10
254
522
466
2119
692
1316
716
2035
1054
466
122
78
2378
864
1860
1948
982
1258
344
1506
1726
208
1865
1604
2292
742
2007
2455
448
374
2277
2332
1524
1452
1372
2561
2170
2238
2938
2153
344
1282
948
1324
1954
2594
1292
1168
1368
2274
120
2340
1250
1772
2513
108
26
2483
1698
2157
2080
2129
1440
2398
2178
1060
2128
742
2153
84
1756
2068
178
1162
1880
1562
1824
206
2676
26
1674
1936
848
1234
2185
2120
1340
342
1732
830
1014
1622
1322
332
2656
668
1302
204
2208
200
590
152
2
766
2462
2488
1320
868
1740
1943
310
114
1084
2193
2452
668
1522
2334
828
1954
1480
86
1204
494
2348
2138
796
1078
782
762
2661
1880
590
2230
1244
2187
1852
1664
356
24
2202
672
936
554
940
776
558
1528
2605
564
106
1916
2509
2468
2239
2580
58
1184
1594
162
2520
968
2397
2362
1909
2668
38
218
2286
106
1464
1098
2490
2451
2262
976
1986
462
2450
706
1440
392
102
2228
1180
2044
1072
2282
546
608
866
2252
1404
2006
414
1981
1864
1070
1883
2274
2419
2436
640
1004
604
2406
1886
672
446
772
2672
2303
2343
1912
1986
236
1616
2357
2679
2161
344
1350
296
220
588
1498
528
932
304
876
566
1004
558
2022
2567
2361
370
1616
1658
310
2579
1260
326
34
2274
2384
1050
1538
2254
532
2002
698
2308
2398
350
2166
1092
498
464
276
108
30
306
2456
2093
930
690
598
732
2227
2277
976
1890
588
972
2555
94
1200
498
882
932
2066
40
336
2340
2139
2338
150
518
2416
2096
1872
52
2190
1834
834
272
344
1562
2423
2366
1046
944
2229
2289
540
276
1958
2474
26
3060
588
878
2044
356
1892
2529
2640
2336
1040
206
826
440
500
2144
1338
2308
1874
596
2218
724
1398
792
2466
1000
466
2116
874
2172
902
2173
2545
540
92
2122
660
2132
304
2230
2371
2128
134
1322
200
1016
236
650
68
1814
2276
2573
300
2382
2450
90
1242
222
2076
1082
40
2238
194
2067
784
652
1064
1380
494
1596
2352
634
2069
18
20
594
120
1938
2086
204
1574
746
2455
2313
2103
1906
110
184
1254
458
1060
1018
1875
1850
2483
2477
2270
2336
2207
1436
806
82
960
2172
1714
1666
2235
144
1996
1600
1086
1730
1730
1796
2345
1488
1008
1557
402
1488
1756
610
490
1132
2363
632
1496
2340
162
2409
40
2574
1730
1940
1654
40
1184
544
1898
2384
2310
1846
146
1898
2294
958
1628
2102
2614
348
772
2291
1342
1620
412
2573
2339
344
2187
2292
1154
376
372
594
1420
130
1640
418
314
1024
1624
750
274
1120
1150
656
2421
358
2100
806
1358
2614
724
274
2248
52
1066
246
462
2569
1672
2535
2223
452
2204
612
1562
2273
918
2174
710
474
1378
1844
1934
1936
2323
596
332
2459
2173
1921
2204
2327
2318
2144
2193
2440
2132
76
2515
2240
2281
2460
302
352
68
1176
1694
934
1142
3317
276
2492
264
2495
48
2312
748
858
2331
2332
2525
314
872
102
128
1406
1987
1806
2572
2393
2236
1592
870
1444
482
1814
1608
738
2468
352
468
2531
2324
1862
1973
800
840
2061
1672
880
146
1060
2126
698
566
2157
2474
1056
888
404
1562
1929
424
1934
1252
1770
408
582
126
2013
798
2323
110
2785
280
1965
2330
2381
442
782
2340
2206
1334
430
1168
1846
2026
2318
300
690
228
2506
1880
406
532
1452
2343
216
2572
278
2372
1378
1226
1284
2470
22
408
2178
1830
2076
2556
2054
1931
420
2216
388
150
888
804
1284
690
968
2078
2354
998
2402
584
1590
784
1880
952
216
196
662
2405
1821
2250
2368
1846
1490
954
2308
2718
252
1588
1264
1094
1690
2495
160
1922
1180
434
1863
124
2099
714
24
1270
660
180
662
996
2116
1624
2462
794
2462
1558
1996
2380
902
754
1624
164
1572
1704
1324
906
906
1636
1910
352
2097
1280
2378
2204
1794
1726
1248
1742
2027
614
2073
2083
2041
2499
30
1676
1612
2524
498
190
632
1102
898
968
2433
1924
2154
306
2273
2271
42
1588
2279
210
2307
2416
1548
2141
530
1596
148
2039
760
2482
1046
1640
2291
56
2008
724
2122
2284
2062
446
2095
82
486
368
1706
6
2220
2400
138
1592
24
90
2216
1380
558
72
604
2124
1206
786
108
878
1184
2329
264
2419
180
88
2306
2037
2694
310
2118
544
2557
2038
1260
2126
1923
2133
2230
712
60
666
168
2259
300
2012
2045
10
1894
552
2258
1664
998
426
344
544
1316
174
1716
2193
2288
412
86
16
2188
268
2239
1006
1906
1250
2325
2660
1680
1024
852
2102
1782
350
1030
2300
810
80
2620
1152
128
2084
2395
406
1844
2457
1274
96
304
2087
212
458
336
2478
770
2333
578
1494
74
2465
540
2080
2382
1946
2097
1676
2232
864
1154
348
2466
738
22
344
412
2267
728
1394
2208
2143
908
2451
116
796
1176
2273
4
544
1968
386
688
500
2154
1256
2377
2598
1646
2128
1807
2431
210
1050
2325
164
1966
2546
888
2477
78
620
2394
86
366
1206
2588
2532
1958
62
754
2155
2308
88
834
1906
2023
980
524
1022
580
368
2445
1080
234
1080
68
248
1512
2434
614
948
508
440
1420
184
2446
778
2445
1420
738
1370
1920
2590
1815
1472
2674
760
14
234
2034
1784
2310
100
870
2288
1676
3300
734
1883
1966
2194
388
1624
1218
632
1572
200
590
8
52
1552
1084
1871
1804
2409
98
2562
856
2333
1594
2742
34
2118
2050
218
1148
1084
218
144
238
2160
34
2654
210
2267
712
522
1218
256
1938
44
728
1168
708
246
1520
64
900
1902
2433
1308
2281
2567
2590
142
1398
348
188
2207
1178
10
908
752
1696
754
828
2178
2142
870
904
2315
2172
2284
1390
856
1050
2244
1258
1936
2082
2001
2263
314
1230
2157
1750
316
442
650
2376
2072
174
546
1234
826
528
850
404
1908
108
1636
2663
60
934
2360
1030
1176
96
1468
2384
530
744
260
2052
1110
2120
548
704
778
696
146
482
1988
1194
1757
2306
2562
1116
1994
292
52
2360
100
170
2601
2462
918
2540
2644
2740
1576
2300
66
122
2545
1610
1806
1462
1944
1262
840
2166
972
962
2238
2472
1172
1594
104
852
1086
2020
1392
110
1452
1562
638
2570
848
282
2026
2395
1080
2079
1114
1690
2216
232
2011
1248
246
194
668
1606
1600
1116
2232
1732
2619
68
866
62
2308
578
1262
2701
1264
2252
216
58
2357
478
1008
374
22
418
994
178
834
1072
2331
1338
1756
1488
642
2229
2124
1094
2716
2398
2306
56
1206
238
514
2012
2133
2477
1368
224
2054
2140
2225
30
2224
2185
592
2271
610
1832
2357
658
2018
888
6
426
1705
744
210
96
660
972
1020
512
368
2193
676
2098
930
656
2593
1372
174
122
2445
1248
2552
2168
810
1104
366
676
2072
2056
518
330
1958
734
1686
1414
200
148
430
154
546
126
1736
340
936
828
1062
1448
2063
2287
2007
2584
804
2359
772
2412
1450
230
1392
616
2396
618
1720
2274
966
34
588
2263
2174
38
2444
1708
568
2166
1016
24
1991
1002
136
2
1298
690
442
1224
738
934
184
2476
344
2380
2100
482
2488
1641
210
1550
100
1072
2348
2226
2495
816
2644
962
1962
2290
2369
572
96
1168
2389
2385
1467
2578
2044
1084
2508
1880
30
446
2204
662
2170
1210
2403
1700
1913
2036
184
1710
306
302
1803
2154
66
2366
474
1796
306
108
52
2166
922
1989
1826
1032
2201
68
2548
192
1888
2239
1174
194
1935
448
278
1648
1308
198
1684
2559
1990
2066
308
124
2316
522
2186
2524
1516
2490
2209
100
166
2137
1998
1398
492
2082
2088
208
562
1316
618
2025
108
2570
2510
1372
1074
656
1144
1098
578
616
156
556
224
2019
2258
2461
1374
2460
2174
292
482
2492
1512
1306
228
290
1998
1609
570
1858
2573
2238
26
1644
336
1704
700
712
1582
1879
2148
1906
1908
528
2164
200
2331
912
2076
226
2401
648
58
80
2255
2264
1198
1132
2328
1619
2071
2024
320
130
1866
2060
2284
1722
138
752
70
2231
1260
1280
78
858
1488
1476
1352
2170
1926
2079
332
328
1674
2706
136
776
2186
1984
1300
1206
1780
1168
1668
864
656
138
2386
2028
1148
540
438
2329
1854
2179
1134
2205
130
2182
1330
2368
546
672
1964
98
2576
2437
2196
2336
2667
1144
280
2023
466
1580
416
154
2155
1388
1038
2061
88
112
1708
498
2202
422
1530
510
2279
80
594
2371
1554
2351
1430
2204
2646
2630
1580
2361
854
2430
1460
788
592
528
470
324
2678
188
132
1076
224
834
2216
1138
2619
152
202
1608
464
1758
560
2243
2055
566
1120
1774
524
1867
2462
1548
1430
1950
2758
1116
1747
2244
2424
576
1010
2539
1006
2145
390
788
1995
262
780
2593
2238
1688
1204
2502
2120
2374
1146
1604
2338
84
172
2466
2501
2247
34
2384
2348
1528
1566
1304
918
22
1480
2415
2473
2112
2267
2279
1496
2214
884
1196
2294
2088
2611
976
1592
1888
488
1948
362
1722
810
1506
2397
510
2304
1872
2512
1494
1784
1410
688
2370
554
2234
1334
870
1946
1312
2342
2104
2008
2447
2104
490
2492
2421
1642
258
38
726
82
122
216
310
2041
986
1192
1800
2216
556
2431
2417
1156
1662
434
1842
2379
732
1262
1274
1378
2369
1981
2223
94
174
2247
2052
1254
1070
1544
2389
1472
278
1924
1708
1040
508
742
518
2484
1472
828
1967
1520
2338
1712
1484
580
30
1284
1506
2479
216
2667
2693
624
1538
756
2626
2167
1733
1278
556
1060
1735
716
2114
2325
2505
2317
254
1086
1110
242
1678
2317
52
1184
1186
2330
826
2549
34
764
2439
738
2264
994
418
934
1138
2077
1056
1072
64
208
1766
926
2320
264
920
2008
792
916
12
2406
226
2242
2567
588
1142
818
286
2332
2541
254
1150
1644
382
126
1282
1632
2399
560
760
1920
1674
2129
1916
68
2512
2147
918
86
258
2386
970
1120
2733
210
2570
1596
2381
638
200
644
2180
2195
934
1430
2561
752
1300
470
2321
1482
1956
684
1624
2220
2501
692
324
2090
2138
2612
908
556
2387
2212
508
1867
560
558
2647
342
2444
1950
1544
1950
2282
1848
1112
1832
2478
2299
1532
2153
688
1288
2573
30
100
2088
1132
386
1520
840
2534
1846
984
2496
818
2053
2300
2073
36
572
782
604
2215
792
678
2121
2066
1440
44
920
1856
646
928
152
1958
2347
274
1472
778
798
582
1917
2310
462
2467
1352
2019
906
634
430
424
1076
496
1162
2180
2394
94
992
1094
2510
2050
2235
2015
84
292
24
836
1490
2286
1879
2217
2235
2114
2188
2520
1816
930
2401
520
2417
1610
866
828
252
1966
1646
2101
2132
2494
2103
2482
2106
2203
774
2070
2258
1563
1142
1134
2634
2094
1396
1960
66
2308
2241
1214
452
1380
156
2164
2523
434
630
334
1206
516
2378
1810
488
8
1026
840
2612
2483
158
1364
922
1887
2529
562
1712
948
728
1224
1094
780
848
1852
242
1428
80
788
634
752
2071
2183
1816
2397
2220
2449
1646
794
36
1204
306
2018
1314
2448
2256
2049
2622
2311
202
1260
1190
460
2253
398
246
1817
1744
88
928
416
808
56
272
178
2599
168
448
64
1074
2132
76
2082
1802
2386
54
1260
422
1100
2330
2112
1054
2354
2092
1986
2154
1538
2727
1068
1562
2573
1819
2069
2053
1972
1492
2297
2383
846
2013
802
438
186
178
382
986
1096
2544
2346
1288
1306
1544
122
1928
264
2401
872
2390
1652
2412
1352
2299
1370
426
1584
1190
1062
66
1903
2122
1186
2745
758
390
1836
1468
190
1954
2232
2234
1862
2646
798
1628
1540
714
2634
1968
440
322
2350
88
1102
2314
1066
2256
76
354
66
688
2122
60
2489
2076
2384
1958
416
990
2046
2015
438
2210
2275
996
204
2138
1062
2604
2424
228
1556
1172
1102
2280
1418
2518
1818
374
1876
1086
14
296
1510
2456
1026
38
2112
1678
2616
180
1926
742
2397
632
88
446
2146
618
446
2067
628
628
386
278
2508
1020
134
906
968
74
146
2796
1108
2550
1098
1346
1102
2564
120
1378
1180
226
1270
1198
652
1530
148
2634
2236
1608
158
36
1186
852
14
1672
358
802
192
812
1694
2697
968
1408
428
272
1921
524
488
2178
982
10
2000
2749
74
1822
1012
2541
990
724
1506
2673
2333
806
306
1106
474
164
1018
1670
104
448
218
1568
2389
2457
1372
2279
1486
572
2270
1164
2023
2498
424
600
94
2598
1014
2246
456
1372
2259
2533
212
558
2132
1346
638
2574
488
1208
1692
2403
2382
388
1404
1576
634
304
1172
2439
1640
1932
776
878
2623
1494
972
2139
2046
2112
2353
782
2244
4
68
446
2237
1236
662
148
2124
1238
2420
784
2484
290
2042
1394
2299
2118
3066
2106
624
1320
2417
2123
512
2304
410
1358
16
2708
2549
2665
632
2605
754
954
2503
82
1020
492
1038
1662
1899
148
474
2417
2186
2894
2360
176
2470
2153
1792
2104
538
2246
2247
1869
1982
632
538
2618
706
972
554
1692
2641
1084
984
1370
1947
898
1798
432
2636
940
2179
2487
450
232
504
1744
2166
872
2590
1664
2048
2520
2096
806
870
286
1192
548
2108
466
1841
1046
274
1288
1670
2100
1142
1286
1454
156
2293
2450
798
1252
2338
16
408
902
2380
1562
980
1838
544
2165
2196
72
2395
666
776
396
212
738
930
1360
44
1806
94
2142
644
1726
80
32
2367
2161
2805
912
1180
2328
1080
806
1288
1970
1358
2421
212
462
2109
2237
288
558
536
1710
1580
2206
708
2413
2706
1310
130
454
2070
136
360
2
1908
788
642
618
2247
2200
1716
550
1036
360
804
2140
2468
598
2374
1172
626
630
1606
184
904
2507
150
2144
2080
316
600
976
442
972
686
320
2156
1746
1985
1668
1626
2257
256
2418
1198
666
1995
696
1126
2287
924
2316
326
1572
1844
322
454
128
2078
368
76
1068
1352
1970
2132
534
870
2210
356
2317
238
872
230
2427
1584
658
1812
1790
136
1226
2463
620
1650
534
2223
2118
1993
1939
1938
1420
1126
2364
2198
716
150
2017
1242
2219
1432
606
2334
72
1874
192
466
2512
2554
2188
688
108
1276
18
1924
2027
902
1340
108
738
2607
112
216
900
2051
2125
2359
840
1120
502
1028
2642
302
2325
2345
276
136
452
536
2113
2508
1752
216
910
540
2590
982
128
2184
90
16
2215
602
1256
1552
2519
2574
666
430
1988
700
2302
1746
2042
1358
1582
440
586
2316
1504
46
1102
906
2152
460
1991
1520
564
760
672
8
2134
338
1018
352
2291
534
1106
206
398
2214
2569
2692
2281
2060
636
256
116
284
2201
690
778
2226
284
200
1116
232
526
1968
2440
466
952
1610
1876
1038
1276
452
2461
2159
298
2166
524
196
2175
1608
582
14
2101
1022
2660
24
1260
1118
1324
204
766
294
992
872
584
1378
2577
2056
2372
828
6
946
660
8
396
574
1674
678
1398
190
206
1636
1092
1942
1766
1650
2008
788
522
152
2514
390
240
376
764
2068
1440
1860
186
2036
1266
2706
2288
1686
2141
2281
1882
1770
2133
2635
2326
1596
2529
1926
2320
48
1428
2351
954
256
2533
1074
162
218
728
2437
644
2240
860
1584
1580
642
2109
560
222
2322
1382
1918
2459
1862
1833
1700
74
1430
2624
254
2134
1420
1980
1915
58
2218
2525
594
1984
2412
614
124
2236
192
1040
2393
1348
2554
2250
208
2129
1858
1240
200
776
1170
1706
172
2067
1590
382
514
232
2430
2040
522
388
1034
1961
498
1828
1402
2047
1360
1282
2215
294
1300
1546
204
1796
2513
1790
2201
460
1234
112
778
1905
784
98
256
16
2156
754
1628
850
916
524
1852
2164
96
1262
436
1904
144
1604
2042
832
348
2556
1530
776
460
48
1156
1966
2426
2051
218
2441
746
122
220
2249
1156
542
124
1536
440
894
92
900
1937
2423
420
2197
946
1888
1662
1222
1210
588
464
6
1912
102
1312
1290
2440
2020
494
308
522
1890
772
2489
830
1342
2100
694
1138
2239
2288
2667
10
3148
2317
1182
1484
2192
618
1626
218
724
516
434
1911
8
2848
1972
8
2615
1376
1965
464
2107
1030
478
1326
638
1900
318
2535
1254
150
2304
2331
2436
338
102
506
1948
78
330
1452
2507
120
910
940
1704
722
2298
1074
158
1140
2081
2420
476
468
2149
358
2315
636
186
2221
2372
392
1706
2057
1898
410
2030
2291
2044
4
612
52
1840
1132
570
1280
1424
1528
610
2794
768
242
734
2912
2161
2364
1549
966
1524
2424
766
2220
346
1812
1912
982
1890
394
1334
2640
2126
926
2534
376
1084
550
2190
2321
898
2405
2066
1600
2142
188
724
104
1953
406
2484
2222
