1306
1820
2683
82
2087
908
942
1866
2413
304
2113
1288
66
2
906
2386
1312
240
252
804
1988
1772
1234
1949
1992
2363
2010
1910
422
482
1667
126
2008
1324
602
1238
2531
850
516
166
2576
1990
2062
678
372
1856
290
2252
1844
2317
2061
1924
1964
2261
2202
4
2346
486
1750
1372
1458
2341
800
1644
1844
2393
2425
1372
1918
1376
1816
388
2592
1354
2385
2161
666
1298
766
728
1022
4
1294
36
2583
1302
520
2247
2407
772
2279
232
550
1272
2550
1298
234
2391
556
780
730
2674
1652
2449
2382
2056
114
858
1262
2222
1110
2355
1288
1320
2106
888
604
2035
502
44
678
194
1274
2422
2065
1412
1422
40
1726
422
2348
2149
224
2530
556
148
216
2229
2489
1432
136
2216
2541
222
1058
2710
2476
578
2336
488
2472
388
1616
2577
112
2266
1124
1452
2426
2050
1298
2036
96
2084
1894
638
2169
2070
1056
2083
406
560
492
1979
1054
2578
928
1510
1366
416
2483
1902
2052
2422
536
206
2488
2522
250
148
382
2394
2275
242
2319
1638
42
1640
176
848
2461
456
508
650
490
196
378
1502
880
2114
2064
2221
374
120
2366
2268
1602
764
2269
948
1288
222
2016
640
1416
102
1960
1562
166
1922
164
2221
104
2394
2210
2322
2068
658
1690
1294
354
652
102
1284
1222
1736
2269
310
68
458
1104
1046
1272
172
1242
208
130
1272
310
1546
814
498
142
1536
852
2462
642
280
2475
832
1398
1236
2214
2158
600
1578
852
880
1332
2390
874
1462
1194
1244
2321
128
2288
1134
1869
950
2172
712
1502
1903
1672
2248
228
2248
1608
460
1268
90
352
2086
88
2179
1528
562
1072
2297
1172
846
2475
884
2422
2160
1108
1922
682
126
1146
2568
576
2391
354
16
2259
804
1944
1690
74
1550
1884
340
256
558
1863
1792
560
1060
2346
1600
1973
438
2376
1906
804
1566
780
348
114
320
2557
796
160
894
196
2825
584
2068
398
2150
1048
818
722
416
24
1906
344
2493
2410
2417
2520
1642
2352
950
2622
2336
934
1944
1870
2694
650
426
1548
1090
1662
114
566
1614
2267
1404
952
368
2479
1150
2246
1858
1816
1354
1134
630
354
386
164
1390
364
2602
130
2344
286
1178
2152
2555
160
1842
1148
1402
100
188
1172
2103
276
48
98
1889
428
546
2323
2375
1754
1562
234
146
854
750
2402
2144
2724
2488
2295
1016
2143
762
1068
2272
514
2491
436
1946
2490
872
368
218
2210
2310
414
2405
1812
746
1552
614
1118
1030
1010
2124
2100
2218
2744
476
1092
712
1308
1712
990
218
302
2558
1224
950
188
1978
1744
1446
754
2625
2449
2552
2319
82
614
2416
872
2500
196
496
564
430
538
206
556
2011
2251
1312
568
1138
434
606
1050
2657
550
1954
854
72
120
2291
874
762
2426
1554
2327
2312
1066
36
2173
50
2218
384
2064
36
2020
762
2020
2380
2167
682
120
900
2640
136
494
1646
2378
1626
2015
990
2474
2234
12
1444
2402
2412
650
1966
2425
2467
2189
1302
2288
2018
852
1456
624
408
1917
2290
1340
1412
1604
3131
388
892
1564
126
586
2517
212
1495
528
1794
2153
2195
280
2562
2227
148
340
1316
1800
2222
44
2012
1860
736
2501
2310
2318
2248
1878
570
2140
158
2357
540
1884
424
2267
2344
2354
64
922
334
2211
1400
2078
1726
720
1190
2267
124
2
240
2376
2781
2441
2346
1799
2335
1144
1616
230
326
2554
2242
2374
1074
2377
376
1790
2191
1170
568
16
2210
2446
2407
322
186
2294
316
22
254
1314
2426
254
622
828
440
390
506
1142
1874
1906
2278
72
2398
2363
2474
846
2436
152
746
2563
2028
770
32
2285
2165
682
764
998
2306
390
1632
96
2940
666
2227
2270
2135
536
858
2164
954
646
890
2848
424
324
1970
1322
734
218
1340
30
1030
1724
240
2673
442
2108
2356
1472
2241
1268
2412
180
1102
2108
396
2773
54
2258
1816
2558
2129
2123
1924
1000
1632
1863
2512
2159
2291
1986
2070
2011
2250
396
584
2635
1246
1638
2417
998
1186
2376
46
2551
2682
1686
622
2023
604
1921
2018
314
2698
2565
1606
1180
1276
196
2561
530
2419
1940
2382
2158
1126
2110
44
952
176
2012
2303
1430
2078
272
1430
2097
490
1570
58
320
68
2664
1894
1966
340
294
1961
1570
748
2370
2082
1640
2946
2430
2614
262
2172
38
666
986
1512
1438
404
2486
2066
124
1972
804
2563
38
2260
370
2304
244
730
860
54
206
2964
1963
866
1454
1922
1062
2304
28
1190
942
2419
620
1909
1004
2170
1820
1234
296
2552
2385
2029
522
1098
2179
1308
2020
34
1996
1660
684
1830
2426
2252
2361
260
1112
594
2596
578
2183
632
550
318
1782
828
2400
1700
1532
1538
1790
2586
1726
2304
2384
1298
1392
2247
2037
1030
14
352
802
1590
1988
1482
1208
718
2655
536
278
1686
2482
1974
1842
2120
2574
174
2215
2979
1820
802
2094
2245
1134
1908
2488
1704
1248
1931
1342
1704
2098
216
892
928
550
2460
1112
696
896
854
2028
1198
74
1896
1310
2359
874
1877
2449
2488
418
1675
658
1784
678
2917
376
286
2033
2048
2190
1532
2254
688
1753
742
700
556
44
2255
522
1118
1321
1126
40
1174
2579
2330
1750
6
712
1134
410
1901
2598
1260
1778
696
2452
2536
556
1752
340
2608
592
254
2349
1092
2229
140
242
2190
2578
2354
2932
2109
1248
1254
2214
312
1300
1958
2242
978
2680
2144
2072
888
1344
98
308
2081
910
100
1370
1098
2448
368
2236
804
1640
2767
722
122
572
30
2541
712
2591
2625
2418
2126
2220
492
1012
134
2216
1438
2182
712
20
1228
1514
1370
2046
2528
2704
492
1621
2167
2169
742
2511
2234
2136
4
2143
486
1374
2356
254
972
158
2320
32
1594
1342
1972
1278
652
2015
752
2235
128
76
1048
2210
216
254
2486
1895
1140
176
1633
2464
194
1406
990
172
696
632
1948
2514
2332
2354
2355
1126
472
1883
2284
504
2400
1986
2193
1676
538
2091
2033
252
2160
68
1294
696
996
1346
1042
1098
142
2155
2324
574
386
158
564
224
2416
146
1358
1496
2396
1470
676
2352
2138
2560
2051
340
915
2289
1592
238
1192
1572
2002
1352
752
744
1250
990
344
792
2667
2116
1324
340
618
1678
1118
976
2038
1290
484
2400
718
962
2207
144
760
652
902
6
2396
422
2628
1978
2534
438
2467
2488
632
578
2305
250
2112
1244
680
2390
1960
314
2170
370
2696
1506
1964
2354
1615
1942
538
2111
2671
2606
608
426
1496
132
178
1506
1622
988
166
1540
500
284
476
2746
638
318
1536
1312
644
610
1206
250
652
1438
2261
336
2412
176
1936
1278
1608
2202
2118
1730
2377
1994
410
1112
1627
1880
624
812
318
2285
312
554
1602
2592
1752
652
1983
1851
2558
2237
940
2018
420
2467
232
2086
2335
208
2297
2096
1056
32
2277
130
3589
202
2207
1664
522
2
2435
2088
168
622
2345
458
490
2260
136
96
2085
1795
2227
2045
258
1190
384
1194
2223
612
2181
604
2166
2652
816
1118
1954
652
1809
1664
1358
176
66
188
1010
1472
2368
188
2541
74
298
1404
410
30
1328
626
168
222
60
266
2192
2426
2564
2616
2155
2278
80
1436
1510
2189
2430
388
1556
1012
1288
2386
586
748
1004
1774
2206
1642
140
1540
2221
2419
990
1500
526
2345
1172
974
2054
1240
1054
240
2119
1200
542
1322
2175
2142
2280
1718
2240
172
1770
2144
1194
432
2003
1560
2746
826
1682
964
1873
2379
1604
2432
988
1886
2407
222
702
2471
1720
42
200
14
2318
1902
2653
2491
1650
2212
422
594
580
1767
1412
2380
1648
2184
1992
2509
2626
1993
4
1164
800
1256
1910
2320
256
1680
630
2523
2408
154
2425
242
2431
368
2325
2602
500
2128
424
2370
440
2196
340
816
390
1160
258
2176
1955
66
2008
1604
2450
2720
2236
2456
1600
1370
358
132
1954
2442
2452
2568
2382
1888
1754
1076
1554
1058
890
470
970
600
1602
48
2563
2306
176
1136
338
2433
2507
752
2612
2286
538
208
112
130
1824
1068
1242
230
2527
1298
2373
256
574
364
626
100
2139
2041
1592
1911
2316
782
1422
2240
996
1552
1804
188
796
2074
1024
2214
2425
1874
1518
396
250
448
2185
194
1516
1258
1384
2170
506
1328
2999
504
12
596
2170
392
450
818
2324
2184
142
1840
1340
2516
2286
2294
2021
1928
1168
2599
316
2472
20
2079
1830
1876
424
2389
506
970
688
938
1056
30
76
988
2599
532
2148
2177
2244
68
2546
656
480
2448
972
2436
796
2610
180
212
998
414
2075
1794
216
504
112
2351
564
996
2283
2140
1980
600
74
272
2302
2378
894
2151
2022
2547
2059
1142
1066
490
1818
644
132
2254
2347
2341
740
2414
1044
1981
142
384
288
1266
494
324
1842
2288
1050
1342
2014
2445
1901
2359
602
942
1774
2664
1712
2125
2296
2097
1078
1358
2167
2142
796
1028
344
1492
2168
222
570
80
1454
324
2135
150
508
2108
1620
2142
1476
2323
366
1978
250
24
422
352
1754
2797
1136
272
2319
78
1056
2290
1833
2303
22
784
386
1356
1973
118
1070
324
412
382
470
260
2367
408
974
1816
1444
1164
2423
2022
1638
2004
316
122
1498
318
2484
56
1516
208
1728
762
2101
134
370
2320
1432
1684
996
1725
838
660
1326
2421
1054
2332
1370
532
1270
1806
1144
240
2537
2066
26
2521
546
40
456
1826
1112
2324
450
970
1732
120
484
2359
718
2662
1932
714
2500
1324
448
90
462
460
2092
2036
2404
1754
2146
1528
540
2195
1984
634
1750
2112
478
712
2504
2316
2110
2316
870
2159
900
846
226
8
128
2399
716
1518
1630
1036
1776
1803
2336
592
2772
1972
2046
2248
248
2038
52
2378
1338
1910
2120
2132
1190
370
2429
702
2147
880
618
428
758
2197
306
1152
1110
396
2144
154
2038
2306
2364
2664
232
306
1734
90
2157
2787
20
192
2540
2047
2326
568
2214
62
178
104
2001
564
2296
2146
48
102
2318
762
2290
2516
2054
356
598
52
1959
2236
588
2488
1590
1296
2380
2209
1887
1554
2403
1002
4
2215
1686
2193
956
1758
812
990
2576
1974
2721
1911
1386
180
2193
142
1774
1924
1758
1872
2506
1528
220
2472
212
1828
2357
234
1696
2175
396
2044
342
912
1851
760
1174
354
2328
1150
2830
2188
2105
1270
1456
842
2410
884
1478
2465
1995
1524
1038
260
1320
2236
1954
1480
482
874
2116
670
2501
1124
452
26
2216
474
2235
1770
1348
1783
694
850
2210
1270
2058
1154
1566
568
68
1386
892
2115
2287
2346
312
358
2628
2232
1192
1002
2368
140
856
2540
998
2036
140
2292
2129
1408
128
2069
258
1580
2512
2240
1832
510
238
1340
530
1658
1236
90
2429
576
2402
744
240
930
1457
2058
2517
88
2462
728
154
2193
1996
2422
106
762
2289
40
1953
2434
2417
2273
2151
2445
406
592
1988
160
942
1916
456
662
230
2428
1904
2082
1046
1794
198
2292
2043
1070
2168
2367
12
1046
364
2133
1512
2182
714
152
226
2436
2351
296
2091
1410
1884
2279
236
2304
234
2349
1784
2331
1996
2250
812
268
2021
2126
2184
2101
1626
2541
1326
844
986
2099
726
2323
1900
506
372
2435
2507
780
1272
2143
1200
316
900
450
1964
2356
2512
1490
2553
452
2156
1900
1516
708
2463
2640
2572
556
128
2426
2031
2614
448
2441
1878
1102
438
858
2099
1492
368
930
940
1654
1416
1706
2573
722
836
1542
2292
1784
1320
2362
2144
1790
856
542
372
874
586
152
644
552
2008
490
22
924
2154
2138
1714
834
2027
1308
1262
2041
2482
2108
116
386
2084
2130
376
658
158
1858
2664
852
1510
2523
1178
822
2279
156
820
1128
108
2308
2610
2224
382
2257
336
2168
780
946
2238
2529
2305
2556
904
370
1942
724
2193
1672
2088
200
274
284
1378
160
1878
1408
700
2429
312
2311
496
550
1926
2210
1358
2680
1646
122
1942
1126
8
848
2409
914
2689
2414
746
2227
2472
1826
1890
1878
1372
412
1816
1810
2339
534
2001
1382
182
1492
1740
896
1558
644
1030
1692
362
2376
1108
960
164
2268
386
1928
1998
190
1786
114
1330
812
2758
164
88
2365
266
130
1060
1136
2508
1294
726
2522
436
2594
1284
2258
334
44
386
2420
302
496
520
2164
2365
2334
108
2284
116
2242
1580
2244
2648
484
2196
2213
776
286
2323
720
332
1878
254
978
2719
2396
1784
2499
1476
2746
1116
414
1274
2452
12
1812
2300
512
114
1738
592
1662
1358
518
1518
2143
2198
1620
2142
2154
2545
346
1532
1396
1554
564
1128
2384
1944
2214
1798
680
2
1276
2158
2255
1850
1900
628
2350
2405
616
2449
94
146
398
2121
1983
2130
1408
54
374
2268
100
740
786
2389
2136
1238
1242
2459
2320
350
1048
2443
2249
2113
1959
430
316
2066
2286
2240
468
2205
64
292
2072
2139
1773
58
600
2308
2495
2538
2328
1878
2221
38
2345
434
2308
1774
878
312
60
964
1889
1304
1586
2436
1793
146
2570
2402
412
1834
2165
1733
564
1918
2242
2293
2489
818
402
236
22
2642
2042
634
1694
2237
1154
2404
1932
2376
1488
1712
526
1100
2518
478
1662
2338
2518
2108
460
2270
136
342
918
316
2828
1276
642
2510
676
1312
2451
1962
162
928
2410
2546
2240
2028
2152
614
1108
766
2502
2294
2589
2259
1960
1540
2203
2022
2513
1318
114
54
260
2331
558
1959
2049
784
2144
730
792
2335
1188
1344
26
106
2010
408
1530
1048
1964
368
2392
868
1396
368
728
2327
1432
648
2340
2666
2239
1350
288
2493
82
1751
2552
2362
2131
810
562
1318
1402
628
2198
2218
1322
90
1920
1714
868
176
94
1702
2060
490
2404
1984
2424
2073
1841
2548
548
2353
732
2570
2000
1388
894
2690
2533
122
2278
882
94
738
680
1324
2296
1036
2328
2032
22
1800
2616
2253
2088
410
1722
22
2062
1598
1909
2613
1932
732
2545
246
1002
870
58
1088
662
98
2319
2248
2160
440
1715
2076
1154
2318
2077
1692
624
1482
1686
1775
304
2959
2166
1282
1614
1848
2191
1578
2289
1320
678
182
2418
650
72
160
1956
900
78
552
786
228
2050
2330
1194
776
678
1022
1486
314
2500
2274
2742
28
798
2261
872
1976
2068
306
528
1432
1448
1944
1872
672
466
464
628
2526
642
404
52
314
404
1282
2377
2132
580
1098
334
1918
1949
546
948
774
322
582
294
522
672
2767
2352
110
2550
2548
2304
2292
2124
728
2128
2428
614
2492
568
44
208
80
2158
660
2111
2585
2002
2164
2074
2372
776
2588
968
26
1586
498
176
2679
834
30
290
1056
2058
410
534
2378
2417
2022
484
2385
2508
42
1052
54
1054
2372
1916
1747
2391
2334
2173
1995
1084
1512
1178
2280
1869
300
284
862
1312
1988
2210
2534
602
2049
654
1080
2363
1050
544
1673
2725
578
1022
722
2153
718
2464
1120
1686
2465
2372
2492
2041
2468
290
430
552
2273
1750
576
1528
254
2066
1578
1558
1748
828
770
658
2059
2300
2421
200
814
2306
334
2369
668
1084
100
2563
158
498
2225
58
2445
2274
102
2126
570
688
1798
2305
2643
1266
870
540
626
830
1222
72
1712
1374
10
236
402
1726
1126
756
2210
486
1236
1997
290
1266
2339
2255
420
704
1510
1612
1466
32
1090
2370
1835
752
2012
180
2158
574
400
2185
922
2220
984
158
882
26
446
1590
118
908
2572
1444
282
2759
632
1412
30
632
2215
2068
1150
2689
466
2516
1190
1790
1876
2216
750
2522
2506
70
1922
1298
8
2637
192
2246
468
1574
1014
2168
2292
1444
1412
28
2215
258
674
1770
1922
402
258
1796
86
2304
2317
2168
942
2368
2776
2313
1290
2537
542
1356
988
1632
2317
2215
546
1026
1845
500
184
2124
1056
556
2508
772
2397
2495
2571
580
282
990
2288
1770
1264
2255
2314
1852
2139
1280
1962
1994
2253
1626
1912
320
316
1928
2196
1064
1388
2555
2314
444
8
414
2327
1458
1274
342
864
2620
1212
1186
444
270
1950
716
2118
2108
70
160
2470
1668
576
2300
1270
260
2139
2428
584
2083
1690
200
46
348
344
2545
1706
838
674
2313
1490
1884
2009
1622
1888
868
928
2042
772
796
620
460
330
2345
2270
2475
1030
2016
124
2682
1138
1524
2044
2712
2332
1918
1914
460
2045
308
2516
1596
1166
1894
24
1254
114
1997
566
2108
450
1852
538
2264
2521
968
248
362
1142
2356
2414
464
212
2461
668
776
2422
2327
1376
2503
2534
1428
2305
2455
986
2356
574
2164
1386
242
2288
1452
2066
1368
2829
436
1088
1336
1858
262
46
830
2538
1598
2236
1384
2409
2450
398
980
842
158
1482
1098
2490
940
1572
1042
720
2479
1350
2419
538
2466
666
2503
1940
344
2418
1618
1524
1016
222
606
1896
1548
1136
732
192
2595
2103
1446
220
2186
130
2557
2314
1996
924
2748
552
2622
1850
2651
1967
460
2484
842
800
812
2413
2561
1102
90
2581
162
2215
696
34
660
74
2257
2029
1774
2445
930
302
2274
2291
2162
1132
270
218
548
66
86
404
252
34
1656
1536
1788
852
1394
2028
1594
1426
804
1406
1570
2115
1176
1689
1326
2673
2194
1186
498
654
1680
198
814
2257
2190
2364
2278
2527
2076
1852
1028
20
850
110
442
1428
662
1848
796
1588
422
458
1556
2226
486
1422
2169
2266
572
1452
916
402
2420
1832
362
726
1924
2597
2015
1869
2015
2020
1068
1990
1584
2516
958
980
1506
514
432
1876
1650
2358
1852
560
818
2088
2574
580
124
768
2748
1650
2776
240
764
818
2185
98
2497
1945
2005
192
186
2330
1112
454
886
650
2481
1739
1098
1930
2527
1370
2098
2041
1082
1304
84
430
126
10
30
224
954
1048
2570
1312
286
1862
2136
2542
652
2265
2115
2335
2415
1242
256
1218
2386
744
666
798
2219
1602
1984
1810
648
304
1906
900
2174
2173
216
2127
852
656
1849
1194
804
2347
756
924
2199
388
2347
2475
1570
976
706
1826
2200
70
2173
2477
1578
2004
886
820
2286
1873
18
106
2320
402
2620
1624
608
142
2430
2359
1110
2394
2639
1044
832
2717
1362
1214
1466
1350
2234
2735
1706
2358
974
1046
608
1554
1722
1008
294
2268
472
2002
292
2274
2627
518
1178
750
2574
1050
2256
698
914
2522
2148
774
2246
2550
910
1988
2550
2210
2301
2331
934
1767
1174
1884
1924
534
2442
50
794
1144
1372
992
2065
438
2587
1112
862
1182
102
1377
2341
698
900
1718
588
2194
888
1176
1416
2537
1446
2177
2299
2470
280
424
2308
1002
24
976
2241
448
862
544
2114
2939
660
1172
2256
1886
718
570
1088
2550
624
424
1002
1194
418
1026
2427
1566
2477
956
2331
20
2267
2495
942
2280
2271
2481
516
260
1126
1550
1975
2534
324
1030
2484
2569
88
174
872
2624
1474
1722
2176
886
2060
554
1604
2085
252
2206
442
668
638
2352
362
2462
1414
1396
602
1640
2036
44
514
18
1276
2321
2279
390
2138
1994
1746
1634
1484
1192
206
1504
2130
2270
2647
1438
1032
36
2237
2347
1202
2365
2390
606
1130
362
386
2047
68
50
1080
984
420
2308
1990
2174
1988
912
2171
1748
40
1374
2062
1762
2295
122
164
2141
1158
1446
2182
1697
2360
1965
2
434
1042
880
1052
1458
2285
2416
566
2239
908
1188
1502
1809
1472
980
1054
2236
108
2192
2459
1086
1981
2018
852
2117
744
988
1422
2272
490
282
2104
2390
2092
2124
112
2165
1218
960
30
1500
308
2182
296
2185
238
788
2345
2203
212
480
2350
2290
2172
2059
2446
1676
2031
182
666
968
118
62
2300
2500
26
2314
2138
838
214
892
2343
1220
2297
860
842
236
2030
2250
76
944
1026
2308
928
2228
2216
1776
130
950
2381
144
738
552
6
2451
660
712
28
2509
1356
1494
936
2064
270
2574
2267
2098
318
140
1998
900
2136
2454
664
1794
82
876
268
1862
1300
1828
64
1757
2411
2030
2246
2144
1800
1412
242
614
836
1256
1154
718
100
100
114
2404
1284
584
848
2437
958
980
1985
64
1070
1790
2044
2090
262
768
2376
1250
2230
730
2001
1064
1934
1702
448
2231
2067
2668
2329
708
2675
1306
2246
612
1800
2200
2539
2270
1320
2570
806
1354
846
1196
1238
522
956
20
412
496
802
1182
354
1378
804
2486
2538
966
2504
1724
2200
1494
820
2221
752
2396
2247
116
1386
1094
2647
836
718
692
228
134
632
104
112
840
1808
2117
2338
436
2206
1788
750
1530
1330
136
868
734
2266
2571
2538
1800
820
1352
2416
1082
2327
1260
1018
1841
1540
2240
2250
1594
2229
2353
258
2397
572
1324
172
2485
2255
44
782
2135
144
2564
2144
556
2393
336
2259
2440
644
2564
2159
1873
2546
668
814
474
2536
1786
1980
662
2283
932
1250
2067
1444
1520
300
1536
2386
1955
330
308
140
2238
2365
328
2230
164
998
1196
2678
1310
1600
2017
286
198
58
950
2015
180
2098
108
2576
2118
340
744
2272
474
2392
2555
994
2190
2365
1522
274
1162
2340
1338
1004
510
280
1446
752
1998
2405
2041
1104
788
1586
1350
2154
2130
1762
222
1504
1664
154
66
1810
380
1224
940
306
40
1898
1442
148
700
2127
764
74
1352
1496
1728
354
640
2100
1542
790
2431
264
766
1360
1432
792
1202
340
1108
100
240
2459
48
44
440
1524
538
1142
24
1984
768
190
1616
2148
2311
1506
1048
2134
1248
2430
1962
2413
500
2650
150
2122
48
634
2205
1796
2285
1512
974
316
1562
2049
2017
2520
2633
1190
2385
2088
826
122
878
552
772
1074
2585
1910
1268
352
1920
904
1344
1466
238
2083
532
2087
266
2360
2210
2350
2056
1771
1954
724
72
204
1382
1120
890
2264
2355
736
1931
2356
1830
2222
908
2151
2277
2507
2028
2249
1586
2379
1270
1290
202
2016
2186
2086
2011
1156
592
1830
148
2485
654
122
352
2499
2564
726
2225
1562
2407
2207
2144
1940
2518
364
2080
2097
2453
1114
1304
2099
548
2698
414
1868
782
2378
324
1270
1184
738
732
2357
2348
100
158
2114
2616
2330
294
214
1464
2080
1584
1388
1788
1686
352
26
2496
3035
590
2500
1701
2178
1380
1416
2064
210
1892
806
1004
356
232
2654
748
184
742
688
94
1132
2312
2358
2151
1340
2194
2330
1186
2054
1306
1828
2249
1054
2400
2290
1818
2135
716
1852
810
1318
1784
542
2360
1168
438
376
2300
30
474
1044
2051
2210
850
2440
430
1492
1940
1100
38
2642
1704
408
1998
2524
436
2446
304
1664
2263
18
2196
530
2894
338
2447
1266
1158
1352
294
12
2207
2245
880
1214
2331
1434
2489
2572
2512
1637
274
14
542
1164
1482
662
740
2434
312
2472
238
588
1308
776
1728
2568
394
232
2420
34
1924
2423
700
554
1690
930
2202
422
872
444
1308
432
654
2236
52
2491
1900
748
96
1376
2002
454
206
610
106
2017
2454
92
2299
1332
444
2471
1362
62
1138
1122
292
1230
2595
2148
490
58
1895
1282
1072
912
2149
660
2144
32
2243
2027
2402
2110
936
2282
254
18
828
620
242
774
1212
450
1394
1662
482
252
2281
802
1382
64
2097
442
790
2316
1388
2313
536
1090
746
1382
1896
1302
1978
1794
1966
1520
2171
1914
770
2312
36
254
2421
2323
310
2560
376
1476
504
794
1460
578
618
1424
458
86
2319
1902
160
1931
2032
732
1688
2422
1930
1126
658
1428
2239
1654
2432
1406
2589
1130
16
264
514
884
798
2022
1490
1158
1520
200
634
1866
34
10
6
1068
1214
2088
424
332
792
1012
2251
2034
706
2215
1072
1982
1945
376
58
2382
992
18
2431
714
1634
294
586
282
1708
1728
608
2505
2508
912
952
2011
2465
592
2239
156
2246
376
100
470
822
1252
1914
738
242
1997
2339
1935
996
532
2112
2360
536
2118
2180
1650
332
1854
2659
2007
902
112
254
2370
240
1682
390
1024
2327
2332
104
2012
2331
1524
1196
1574
1806
2344
2085
1708
2803
1916
2141
2617
2399
2160
996
1816
2292
2176
2198
174
844
2261
2454
1584
1863
2239
2021
648
2016
1250
1314
972
1961
2216
1286
136
2456
638
1924
2217
2299
336
1404
2446
2224
286
2422
1044
1308
2280
128
688
430
1046
536
2903
118
1010
1418
2523
1204
1518
2280
2541
1706
1006
470
312
1648
1968
2226
608
414
534
1024
2058
46
524
2654
1004
2319
1274
144
1178
2538
32
2300
2379
2217
2082
1548
2319
44
578
568
1250
322
2184
2284
2284
1737
2417
796
668
194
466
2453
1762
2164
2002
2584
572
8
436
1666
914
378
2327
1116
242
406
186
2312
794
1976
2186
848
254
2324
1298
2579
150
854
1954
2340
1074
484
144
1920
286
448
376
194
226
2352
1874
2261
2155
2220
78
2659
1693
124
2462
184
378
1306
2269
1370
2630
1424
1196
370
1732
432
2314
2120
2232
322
1000
2295
1742
1830
778
832
2724
2139
2052
2509
350
1632
2471
466
1460
2354
2675
1756
2676
1214
842
276
16
162
138
2234
1368
628
1348
1707
2361
548
2932
2482
2295
1300
278
2279
260
810
2595
2367
1810
2322
2514
1524
2786
628
816
1438
2088
2715
1704
208
304
1974
942
2572
1732
2691
1162
98
2035
74
2077
262
2086
1897
2508
2574
492
216
2412
1620
352
2513
1987
54
434
1836
2371
2533
352
2347
214
456
1166
14
2238
240
354
1176
778
2350
2287
1328
306
2205
722
2260
254
2278
1104
1978
110
2322
2495
262
1852
2592
1554
2020
2339
880
1108
192
32
204
1004
1600
6
386
904
2006
132
1552
1506
1004
1926
1772
914
390
58
2129
1458
2548
384
578
1736
168
2272
1020
1136
2156
2494
2677
2388
1608
2174
910
1184
2161
420
2499
2572
1440
1692
2153
2171
2188
2068
892
1364
1320
2489
576
788
2222
2052
2022
1976
496
1924
2584
2379
2309
642
360
418
366
1985
2706
396
140
50
922
2084
156
1730
1914
1130
418
2463
2351
1200
258
360
782
244
2587
2289
952
662
566
958
2216
626
1722
2600
720
2231
1386
1856
1408
2524
312
2180
830
2136
166
1298
1006
2121
2682
100
1226
2060
484
2315
878
176
68
2111
800
212
1724
2300
240
2390
1524
152
1480
104
2292
266
2178
376
922
2042
116
1582
344
992
290
186
752
1310
138
1885
2166
636
140
2679
2245
16
2235
1773
2014
2290
2129
522
2485
238
482
2325
2334
704
2248
674
2388
2357
516
62
932
1892
1308
1100
858
1918
2048
2200
328
2396
816
2505
126
2523
1236
52
2219
2494
1644
768
1398
2110
258
338
2378
2524
18
506
2611
618
1628
1048
1176
2262
260
1182
602
2415
1058
1374
362
2529
1696
1448
302
466
354
1154
2373
1200
1914
2564
2312
1314
2484
1468
644
1418
2474
340
856
420
2631
344
622
604
2703
1820
2417
1170
16
1762
640
216
360
924
844
1502
1242
1694
2422
1048
2752
1508
1586
2158
1880
776
78
490
912
954
1562
1262
1940
736
1740
308
2563
1324
1012
472
2156
2002
318
922
2513
882
1990
1166
602
700
464
302
438
1486
528
2160
1810
2018
304
580
2649
2354
2824
2447
1534
2315
470
324
1710
1664
2484
226
464
2090
2284
636
2398
2207
1234
258
106
2079
336
1052
1928
1520
238
2270
1100
2252
304
1262
606
282
1154
2466
224
884
318
1204
196
352
1498
966
990
2328
1764
2369
1370
2415
892
2594
30
2082
1962
1738
100
436
1680
2642
632
20
532
808
186
138
1200
210
2230
2302
114
78
2441
1150
386
596
426
1364
928
2331
2421
2516
118
760
1770
1532
2062
1078
1078
1388
2563
166
2362
20
1660
1725
788
1980
786
190
2331
1973
2423
800
712
322
76
2275
560
374
738
454
208
1919
2360
2087
2338
2427
2123
154
836
570
2618
2135
566
1138
2089
2340
2542
230
1630
2297
1236
2052
678
262
2704
784
754
1382
2195
628
2466
2651
1128
1258
842
2344
1752
66
2324
1414
2068
2166
792
728
266
2351
1096
544
1478
2445
22
2100
942
1812
2556
816
562
2400
2498
2543
492
1941
666
528
2486
1384
94
2358
2088
1920
766
1478
48
2542
2388
2156
2120
296
474
2341
1984
1110
2261
1948
1528
868
1336
568
24
1983
2667
1338
1134
2959
52
1720
1956
562
2322
2391
1146
2086
2555
2344
2183
1780
2011
2265
1917
1722
2312
2476
2309
48
318
2484
420
654
2670
2067
1764
1972
938
52
2145
872
2127
240
952
1864
2318
408
592
1873
1616
294
2372
2622
1688
956
1106
662
782
192
2644
1870
2358
2277
2453
2140
380
1732
2710
2148
2196
1965
2625
462
936
1434
120
406
606
206
586
2022
1462
316
2348
162
226
3142
1888
2620
778
732
202
2376
786
810
1620
580
900
2165
2253
2184
396
270
1430
420
2579
534
200
1856
1416
2225
846
2239
1746
1482
620
416
296
14
1436
1324
758
2373
1933
2868
2478
786
402
658
776
2257
1962
806
140
502
1414
2470
2340
98
996
2113
458
2397
380
2354
224
2336
154
504
1338
2087
2799
1878
2506
2257
2680
2086
672
890
32
952
2298
586
2353
26
1174
176
212
490
2184
1262
262
2299
2120
1810
790
1420
886
990
1860
14
844
216
1298
488
1204
1126
72
2261
2214
790
380
2219
1454
718
540
172
1877
902
1892
920
674
2010
2349
2196
770
552
1446
2571
462
2321
2081
2021
2208
2255
490
502
2054
50
138
686
1056
90
1796
2224
1398
1592
1612
404
2446
2286
1963
108
2353
2447
1278
812
692
1400
2050
1176
448
2510
2572
942
2680
2145
2244
1096
216
1148
924
2404
1636
530
2046
1973
2318
1830
2531
600
2366
2095
282
22
2025
1486
176
1056
502
26
938
1560
292
2367
848
2124
166
46
2490
806
120
1148
2352
1948
1978
130
2023
550
1786
618
2551
2314
1040
960
2054
2480
1148
804
1746
1146
2669
2584
286
1424
2130
1148
1616
1606
720
1982
846
1616
2467
2415
1782
2372
1500
378
1534
812
2228
1838
2269
2024
2074
4
1804
1586
2025
1498
2
1382
1216
1160
2699
2248
800
1546
272
90
490
1944
2220
214
2190
218
176
2220
2123
2229
1952
2463
102
684
508
2606
2200
1002
412
794
2785
14
262
2420
1174
2416
1246
2082
2350
858
2451
1074
2111
38
914
342
726
840
2102
2615
410
2103
2366
396
1762
2227
626
156
2168
1666
1350
2581
1410
1722
66
384
858
2016
232
2334
2459
922
1096
78
1348
60
2066
530
2082
244
2128
2246
2104
2190
1979
1048
1342
1308
70
2255
1366
214
80
2390
828
952
2205
196
498
480
100
1422
648
2132
1800
1964
130
610
2066
1548
1986
340
1472
2313
1190
584
1388
1954
2308
2484
2542
492
54
2278
2498
1807
2335
2090
1430
818
1826
1276
2610
2186
1356
2058
2664
892
82
1382
2150
2363
2198
2150
2026
48
1542
1154
2241
1338
40
402
44
798
2370
2444
148
198
610
258
2602
2165
396
840
44
2622
2237
2028
1036
604
2324
1989
220
748
358
1890
1648
290
694
944
954
526
2233
2505
256
2264
470
1887
2473
282
2230
1660
1594
780
2224
1792
2183
510
720
2104
798
2218
388
614
848
2472
2293
1970
698
172
1776
98
556
56
896
1842
496
2127
546
362
428
1500
776
410
250
2028
1968
478
526
926
962
2904
944
1838
258
790
1778
2465
236
2175
672
1971
916
546
2202
1800
1504
600
1976
2179
474
2580
2208
404
880
1748
2330
724
1570
1262
1648
1468
2272
560
672
1080
1350
2279
1632
2382
1950
2792
1248
2533
2584
98
2350
192
270
504
1600
496
1722
1272
692
2459
2460
1704
1718
822
1288
40
2023
2739
1514
1796
1074
142
1032
1981
2239
1674
2043
214
2363
2438
2514
1870
1764
1090
46
2178
1720
1610
842
136
1490
90
2252
2658
1860
2336
1166
76
2571
508
2208
2368
1758
1806
916
2274
1002
22
6
1274
506
1018
802
1937
2375
1004
2293
346
1160
2053
474
210
1902
1310
1380
1372
2072
2209
2132
2348
600
2017
546
230
1402
2348
2354
424
2269
280
2649
1372
1858
2045
808
310
2180
976
1666
488
368
926
1072
2581
2490
1924
1040
1232
444
2374
2061
2021
2254
1628
968
1502
588
1826
1272
2535
2092
582
2593
1836
176
2458
2253
840
2032
66
404
958
1308
1720
1480
2409
2556
2519
488
930
226
2157
2177
2426
2291
1558
350
2485
2212
2493
904
1982
576
2216
1862
2602
1530
1518
410
150
138
294
110
1640
460
2485
964
2017
1060
206
2071
630
2191
2236
2327
2370
442
2535
448
82
2230
2170
456
72
2246
2613
816
1354
950
1564
292
284
8
2
2686
356
2125
548
138
238
2437
66
2389
1768
2537
30
260
2372
664
994
832
2448
2371
2104
850
2276
972
1442
2278
1072
2365
2000
2400
1996
206
1484
824
528
1256
1196
204
1674
2460
780
722
418
316
1070
190
310
2184
2312
2525
696
2338
2076
2403
258
1466
1904
1334
790
2238
596
2292
1222
532
1876
92
1756
2229
2184
660
1540
1582
1458
2665
170
12
330
1508
134
1192
1432
24
1658
2179
684
2298
586
690
1632
1980
72
1012
680
278
906
2002
2504
916
230
2472
1110
2444
2534
226
478
522
788
310
1218
1942
2676
832
1948
2392
2115
1704
2470
832
288
1308
1490
48
706
1116
2189
1326
1310
410
2312
2474
2784
400
544
2305
574
362
624
2145
1794
576
1386
2488
2133
992
578
1888
2280
2052
236
2066
1066
402
2149
106
160
440
856
598
1518
866
1380
1434
132
2539
206
2606
2150
1861
1692
56
72
136
1750
932
2344
1798
1132
2264
810
2210
1100
794
472
2180
510
892
64
2434
1276
608
416
790
2344
2312
2359
2134
330
720
2286
2300
242
2081
1939
876
2278
2283
2499
2154
2032
1258
58
1610
2535
2396
76
2029
1372
244
212
2286
1230
2343
1560
2256
1854
690
428
1040
1136
2052
1940
2278
2271
2382
678
1300
2170
2714
2076
756
1928
2297
644
2400
2640
196
1310
2650
2100
1338
2330
1304
10
2300
1807
866
74
2308
1810
698
1988
2257
400
2210
2158
2242
2190
480
142
2556
634
1851
1006
1811
1482
592
2597
2658
1746
1400
2337
1512
1282
18
1816
2320
2005
440
2615
2529
162
2493
1300
2404
2440
2247
1858
1574
962
2587
266
1256
32
2291
2266
56
390
1734
1168
2068
382
638
1638
686
2365
1070
2275
540
2199
644
1886
612
2278
2600
286
1988
682
322
2665
2123
1866
42
2658
1436
2038
2208
234
88
1963
1920
900
2109
264
1838
1900
1214
2138
1346
2659
100
2221
1710
392
2478
1876
896
384
2443
116
776
2373
2175
850
656
236
2400
1370
116
56
2594
1520
2589
2318
210
2212
16
1584
2617
202
2282
2382
1756
2218
1640
636
2056
558
1068
370
2331
902
2103
2266
2046
228
182
596
22
2302
302
938
1380
54
12
1568
534
1094
2261
2624
1985
1538
2535
1700
2468
370
2440
568
2938
1776
1250
80
420
1436
1900
658
2167
2632
476
2137
886
1894
2206
1482
530
26
706
2351
328
386
384
706
2384
2069
172
2527
380
886
380
1100
2213
2579
2052
412
514
