2523
2337
2459
2532
2167
1895
982
1404
936
2490
1592
2536
18
2733
2489
2427
2053
322
854
2290
70
1388
30
1966
688
2582
2706
1930
1394
1084
2591
1134
334
206
2311
210
2291
2208
2309
1470
484
2171
278
64
1666
1910
212
2082
1114
352
26
108
140
1914
1390
1044
1482
2382
2221
2600
2140
2054
1802
2189
644
18
412
210
440
1610
2282
2276
1164
406
2028
414
2714
198
748
2208
1008
2338
1943
1825
228
296
616
858
596
890
2508
2197
468
1754
432
1772
538
598
1618
854
354
2388
1222
386
746
20
776
2523
2342
908
1988
524
1444
702
490
876
1020
1002
410
1950
1480
510
1120
114
1050
1754
1538
1832
1008
390
14
272
2582
182
824
96
918
1114
2228
2571
2054
1902
1860
1566
56
2258
1364
2134
2092
992
430
2650
1725
2241
1890
1332
2158
2226
2555
2081
2158
2177
908
496
2562
906
266
66
1560
2293
710
1034
1708
534
80
2222
792
1276
2364
1902
2230
220
22
632
1030
200
1044
284
606
134
160
2349
290
2100
552
166
238
808
2755
1864
648
1982
656
844
2170
1742
548
2552
1889
266
610
486
548
2163
2541
598
54
856
2382
258
1528
2569
1152
630
1342
2125
2463
1550
2150
248
436
918
2140
1798
410
902
780
766
72
1054
234
884
186
386
2016
614
2334
1758
538
1805
2349
1432
114
252
1869
14
1885
708
970
2439
962
1144
1786
2001
92
2376
1318
492
2331
338
2154
1560
412
2128
2447
2282
12
596
2347
210
888
1496
790
672
2198
2196
2258
2750
2441
1582
1002
498
924
2710
2147
1122
1454
868
24
454
312
1568
672
562
2152
1739
2199
2112
2664
928
890
692
2180
370
2359
700
206
2336
538
654
332
878
1160
2398
498
116
1360
614
1660
476
220
370
2355
330
2437
650
2239
2574
1162
2246
1650
1926
284
2066
690
1424
2132
398
2143
508
2017
260
346
2244
1932
2424
548
2111
236
1590
1214
1502
2687
784
1546
2012
492
782
2020
1572
64
2314
2697
28
2262
848
2510
598
346
502
2399
804
388
1952
2455
2191
1972
2142
1788
2592
1850
2540
1769
126
28
2133
888
1538
604
2640
2485
2000
1636
478
2437
2347
2423
3014
2488
156
2094
2322
2478
992
2385
238
202
806
132
2543
2434
2196
640
2034
452
2092
1602
2047
2300
2296
2325
498
300
1616
662
2327
2040
628
2585
468
880
2452
1216
2383
344
646
526
2190
718
1234
224
136
258
1868
1746
1266
828
2224
1779
1452
624
64
632
1622
2614
1702
2252
342
1484
34
1570
2146
1022
1384
2013
1726
2324
1568
2142
1196
2241
322
2446
2230
2163
206
2020
1792
352
2168
102
960
2177
78
1256
626
1986
816
594
1360
1948
1492
1110
2240
2272
530
1998
1330
882
964
358
632
550
1248
850
2134
1224
1556
88
210
502
1058
1098
478
2440
1564
642
2140
198
2570
1522
198
1929
1522
1194
886
2047
2415
2182
502
14
1576
1088
880
968
2799
724
956
2160
264
2164
2020
2488
66
1866
710
2475
700
502
2445
2516
2104
1442
2176
1926
1760
116
1462
1134
50
1472
2607
2052
2046
462
1126
762
2234
834
262
1708
276
220
504
218
536
2206
1072
92
756
568
2468
2134
1536
482
266
2335
384
2013
34
558
30
260
936
1440
2070
2044
2066
1931
2208
94
2090
2352
2407
94
522
986
1528
536
1258
190
540
1000
152
2364
772
690
2507
2134
2100
944
2162
1298
1534
2375
1282
304
2238
2037
168
1750
2596
16
646
1994
2471
2035
1126
2112
1506
1678
918
2480
178
2074
468
2546
2382
1448
1528
2505
2385
1560
980
2452
2168
1646
388
2364
880
2114
218
2460
336
2412
120
798
2698
338
2361
2513
166
148
1612
2302
864
2175
2464
430
148
412
1730
490
2603
556
2186
806
2085
714
1874
902
798
2431
2214
154
2158
1224
104
526
2204
500
2327
350
2532
1476
1242
1152
1550
354
1262
2295
2509
1046
2506
2629
1240
1857
546
1708
1432
718
2222
2463
34
2347
218
450
232
2074
416
528
638
2278
1204
760
322
530
2130
772
2017
1586
1403
2241
1872
848
1246
2057
1424
2120
2210
2389
1928
2461
2547
488
284
2117
1984
782
1008
2360
536
2308
160
2342
2594
2396
930
1842
1020
90
2716
1806
2527
1906
248
1738
1038
212
2045
1114
1856
1534
664
1198
1726
2280
296
726
1048
248
998
738
2150
1984
1720
850
408
2138
1036
2088
1542
1659
922
990
1340
12
1300
2404
1920
1420
308
2613
1330
1698
306
1610
1864
544
2173
2709
850
1454
1518
1578
1964
1004
188
2326
2233
554
160
1212
2304
1388
960
248
28
2798
2275
368
1376
2163
2374
334
1184
754
32
1178
2108
944
1350
822
304
2161
2157
548
1968
2579
1534
472
2439
1026
1482
1798
64
1865
2219
50
2403
768
1276
744
1960
452
2160
1932
1232
2249
2221
1058
96
922
120
1024
796
106
600
734
2192
2625
2257
2463
954
370
298
2387
354
788
338
1080
472
1648
2466
38
24
1144
2686
858
186
2519
2316
1104
820
626
36
538
716
276
2154
2430
1734
2384
1244
2670
906
2295
2396
1180
682
560
496
2320
84
2012
664
1244
1156
150
1872
2454
508
1964
708
1924
2402
2328
412
1684
2468
348
1673
228
564
418
1851
34
1526
2346
2359
1294
2162
750
2410
438
1032
2560
926
2403
962
24
2596
980
562
510
246
6
2323
272
528
1894
2252
1312
1598
1202
498
492
190
636
1522
2530
554
2082
1288
2737
606
2387
16
18
1810
2132
2591
906
2614
74
6
1186
828
486
166
2383
1938
1994
2320
1240
212
1906
26
1284
142
2130
654
1210
2343
228
16
974
1044
2046
944
1238
1906
1040
224
240
2034
812
2384
2375
714
1965
1538
1186
1644
1660
436
936
1030
588
414
582
356
846
1578
970
2203
2057
64
1398
2255
28
1340
1270
1300
1538
6
4
1851
2518
2180
2147
492
142
938
1202
2115
156
112
2500
1002
604
2254
1878
2473
856
212
152
784
1710
1556
84
838
886
1262
812
1939
2194
1160
2097
930
1282
1222
2232
2632
2464
158
1058
2433
1658
12
468
802
420
640
2283
2327
340
1274
224
2096
2004
904
2450
1548
2211
1056
1732
322
2705
2576
1356
1210
2254
1836
2466
172
1160
2282
1270
1634
2608
1266
410
2121
1668
1360
162
550
612
2383
500
1640
2011
2141
726
2215
944
2361
2202
894
394
2370
2317
44
2077
2484
706
266
302
472
1150
2276
484
1580
164
1320
1925
1056
1472
2128
2108
1250
2498
2350
730
1918
430
1476
1526
264
2228
510
1334
1438
1554
1202
198
2382
2736
200
2278
2197
1364
70
2260
1496
792
1478
2572
2054
1432
2087
2434
1423
2048
56
1188
454
1979
2363
1056
120
1986
790
724
2194
1232
2118
1164
1400
1824
1802
60
2416
1800
1004
88
920
886
14
436
200
1016
1986
16
1296
1006
220
1382
910
2330
1038
394
1130
2368
520
2521
1162
1982
1156
2623
1456
2125
52
328
158
2212
1498
228
298
2300
2505
2677
2377
1452
258
2197
6
1624
160
2128
70
138
2558
986
460
2475
1298
390
406
2278
362
1927
504
442
1442
2287
1250
258
2108
2277
2565
2166
62
276
2650
1795
136
2002
1256
282
176
434
1200
1770
2220
2145
2245
1152
2207
1108
214
274
124
2670
394
1416
880
1218
2118
1960
768
2345
1834
368
264
1266
302
1754
1618
680
1420
2253
1314
610
2153
126
1180
2037
274
2033
238
1458
2394
870
1616
2176
938
2460
380
554
1690
2054
508
2073
2140
2217
108
2127
158
678
2472
944
2150
84
1084
224
2541
2335
1040
2522
1092
2355
1110
180
114
1110
2355
806
498
2640
550
2026
220
1362
194
2155
274
410
58
310
2156
2566
2266
1254
1170
1942
2487
1552
2378
1820
1052
576
1726
1962
618
742
1432
2798
1570
2467
2371
1302
2111
632
478
2110
2380
894
2333
2292
2365
282
2294
762
2205
2000
1126
1954
2440
960
922
906
930
76
254
1544
1460
786
958
330
2211
1778
2507
2593
1108
248
122
256
54
2036
1248
958
1184
1190
1152
2558
652
2164
1935
454
2579
1594
1316
1520
2025
668
2241
2076
1542
1478
2361
1612
110
426
118
2403
978
58
916
2298
2470
784
418
450
660
1917
1210
1526
1048
2234
1940
1028
476
1464
1820
2323
802
1280
292
1204
2363
2238
2032
200
542
1082
2386
2031
2147
2282
2158
1911
2449
812
2298
570
1126
34
2532
1016
2035
2210
422
290
1956
976
2266
2364
2497
528
960
842
1921
2650
2158
1642
760
2088
2582
2287
1126
2226
4
234
2390
698
2229
2438
932
378
596
924
2062
2207
304
772
260
2362
240
10
116
642
2386
1536
1396
710
1128
1988
1742
1304
424
274
2392
276
566
638
244
484
2065
2384
1224
700
1522
262
58
796
270
2178
68
264
94
2257
788
234
822
760
1194
2086
1044
2285
74
2541
124
442
456
1252
2366
614
1832
1916
210
2332
178
508
2218
1534
2421
258
1170
2221
584
2442
1602
2339
276
948
2525
400
2348
582
696
286
1976
516
140
280
340
76
420
2344
1688
2224
680
390
1792
306
644
2332
2640
2367
406
1636
1506
1140
1682
124
572
314
222
1908
172
384
2563
748
188
1056
2231
840
2148
1490
1536
272
1936
1166
1515
1946
344
330
2558
2224
798
172
406
436
1126
270
2046
1308
48
612
460
1826
2294
834
152
2032
902
1702
2474
436
2335
652
1516
1931
778
1564
1958
1002
640
466
824
1678
64
272
2300
2026
1034
1684
1350
2439
464
1896
1374
898
366
252
2524
1740
410
1578
1602
166
488
1404
1344
2339
1692
330
1322
2298
2247
1084
1864
20
90
228
326
694
824
126
882
1993
132
2214
780
374
24
1102
2713
2537
2958
886
2246
1736
40
244
706
1720
316
2115
2448
2221
622
100
2829
230
360
72
2217
150
2487
2206
1068
788
380
2082
2099
1490
1450
12
2666
2073
1744
58
2749
908
1060
552
1538
2384
2547
698
2187
1296
1326
972
1130
64
74
436
2148
1988
2488
1644
540
742
2516
1624
86
24
2510
1300
934
2134
914
1956
252
434
1144
2371
2161
2472
702
900
2609
760
1418
1014
2341
96
2319
1844
1868
1956
1990
174
2286
1150
2161
2255
2287
1924
2356
402
2313
856
68
342
1388
294
2098
130
692
802
90
2252
1428
1684
350
2234
76
706
1992
2209
2252
32
678
806
2597
2078
2418
2725
2382
1366
24
1208
1960
112
1672
518
2073
2653
2307
262
2134
1114
2369
256
2271
396
1684
1260
2380
2373
1440
1162
950
2358
2004
304
1708
246
1146
2308
1498
2230
1576
560
724
410
2501
952
1062
2469
2355
1368
1857
68
580
2299
2222
112
94
1964
1050
136
2592
174
1406
96
2594
2328
572
1864
1022
2565
60
1440
2524
978
868
1850
1712
2182
1788
742
438
558
644
2302
752
2173
142
1859
924
382
2440
1530
2558
2228
532
2994
2070
2451
2136
2287
248
496
2267
848
970
1326
1100
662
8
2448
1959
144
2026
150
806
1774
2098
1244
362
1762
1516
2271
464
2097
1124
764
1294
1862
2543
1012
1760
996
848
662
2230
2402
716
106
2629
1072
1040
728
2143
266
30
2102
1314
100
2409
2065
628
1062
1398
2044
1140
624
734
2199
2209
814
1032
364
1116
2277
186
912
2696
328
2340
632
200
868
930
2315
1944
458
1438
448
1294
880
2300
754
1692
2055
110
358
2396
1777
2395
214
2280
686
2400
2137
544
6
3103
1985
582
2180
1910
462
524
1212
370
2086
26
442
1284
922
2090
1466
1658
2302
1088
636
2420
404
730
542
2655
2090
2198
2211
88
1510
34
2521
888
2356
2542
2322
2310
1136
1580
700
404
2444
14
1028
1810
792
670
2158
2022
588
300
882
918
560
676
210
1402
2426
224
2262
2476
2308
266
2114
246
886
284
452
734
1406
114
426
1948
1130
2092
1624
2497
2109
2225
2446
2274
2284
222
392
2494
1510
2445
524
1856
988
1310
1012
448
2431
2373
1012
2036
166
698
2158
848
2318
352
1568
980
6
206
678
66
540
2024
652
366
2101
2341
1748
2311
184
338
788
2213
2259
746
2503
1922
2214
2030
1704
1288
2332
2405
1986
2137
1652
1800
2471
2522
1839
706
172
2116
2166
1166
2304
2387
964
1196
2137
2324
332
2451
656
1212
2505
2016
2578
2378
486
990
332
688
2000
2104
280
1516
2430
1196
1480
2246
1947
1472
1354
2342
1268
370
1993
1758
560
2410
2624
2443
1234
2357
480
2350
868
1770
1704
498
242
2446
716
2003
426
2405
520
2485
2367
2827
2507
2189
1300
1608
890
1078
136
170
192
2512
186
2503
922
2277
158
272
2449
2160
2086
2402
274
16
196
2829
1174
1889
2536
2539
2140
1545
246
426
244
2553
222
1914
476
2627
256
758
2032
298
2220
974
616
34
2343
2331
1118
2180
1712
2578
2293
518
2022
2607
2345
340
200
2388
1402
1462
2312
2297
1180
1610
2113
1990
1398
1246
1893
616
1332
1460
1308
202
2294
1642
1086
1534
50
2350
1720
2286
1824
1869
1128
2314
2408
2055
2496
584
2095
2876
752
188
972
1074
898
1562
742
1432
2311
2064
44
1742
2336
196
1270
1038
1532
748
1952
2320
842
1876
124
78
2995
1092
1470
2339
512
2140
504
1490
2075
2130
2701
1682
1332
590
1954
2044
2628
2501
1294
626
156
592
2313
1002
730
340
1900
1534
296
190
254
2132
2476
1888
562
2308
1592
1716
1952
524
2198
2222
320
552
1738
2094
1130
802
232
760
1224
2223
190
2396
2118
834
2104
694
1232
2129
1164
2359
2231
1060
2034
2870
990
2207
1982
1926
1334
1678
946
2428
420
2381
1936
314
1838
192
288
1266
82
2263
1538
1312
2127
1000
1804
2362
136
748
300
2102
1024
1216
194
230
2573
2336
630
2550
2457
1380
332
56
2342
818
2073
776
1054
2575
2175
1818
2429
2429
2648
260
1758
2322
138
2242
1458
402
528
722
514
2154
2266
2458
2002
2192
1860
884
890
2123
1168
2613
2020
858
2476
404
452
2195
154
1364
176
684
400
22
520
2173
2119
2151
776
634
2335
1634
1856
1044
1898
2378
2027
1174
2317
2086
2274
1036
134
1708
2064
4
2242
60
692
326
1884
2296
1362
660
1558
1198
504
2443
466
1072
946
332
1584
338
2082
2264
2250
2367
2484
2461
80
2171
958
1836
308
630
2231
1388
1310
986
484
2052
2591
336
742
2046
622
2359
1932
2110
1266
2589
366
658
2265
2028
1032
2555
2200
2533
1926
426
214
2133
202
2259
916
1160
486
458
782
748
620
2562
2326
2513
2586
1292
682
1250
1168
1812
1158
2013
1198
2217
1098
462
394
620
2495
72
1779
1882
178
572
390
2599
2525
812
2274
2452
1546
1966
2201
1710
1040
1782
2062
70
1959
2172
1162
2070
1692
2228
2287
2535
1560
2252
748
2116
118
1758
2594
338
1786
836
306
2258
176
1526
438
520
794
64
134
272
994
1054
820
960
434
226
434
184
84
374
2417
1204
1490
2392
150
1348
178
2120
2257
2195
326
224
430
64
2100
420
458
2215
104
1833
1712
798
1482
1694
1266
1720
1824
364
506
684
1722
2435
2
1008
2314
1324
2288
556
1658
2001
900
870
2641
534
2287
2031
2436
1981
998
546
2342
2269
2374
14
2500
1368
972
1891
2236
2424
286
1214
1612
214
684
1692
2701
186
1088
56
1088
1990
2388
1052
1274
2496
1262
2607
1602
342
1778
2058
104
1984
1278
562
60
1254
2186
2178
1296
364
2568
2226
1568
2209
1296
2482
816
2941
1414
1272
2319
528
2260
1930
66
2479
1400
2315
2946
596
2482
2170
786
2037
84
1618
2382
2066
2121
2334
430
1947
900
104
400
130
54
790
654
1622
18
2256
2005
186
1102
496
112
314
950
2375
2619
326
1698
106
2580
2231
1989
1314
2288
152
2308
132
660
470
2701
544
2160
106
1470
2527
2586
252
1656
2066
62
188
2253
2378
266
278
1118
1598
512
76
2
552
2060
372
2142
2517
1652
2489
2010
2502
1258
1350
2191
478
1830
2465
624
2262
1742
2740
2458
2160
590
1298
14
2000
834
236
2072
2609
2704
220
812
1966
2702
1060
1190
2230
26
1787
790
794
714
670
344
1352
1828
1776
1620
610
1931
2482
2269
1778
1906
1022
976
1010
1953
2396
1809
114
868
10
42
200
90
306
2082
2347
1498
2520
2577
1194
2207
1520
2197
1962
2320
2405
1650
2149
2338
2096
1204
2079
2009
1740
162
2451
1754
626
960
2574
2442
2207
1938
300
902
884
596
1214
78
2640
1408
2104
1940
1616
666
1652
156
490
62
2548
286
2473
2388
62
1038
2798
54
846
2313
2394
786
2222
784
138
2487
1716
1472
644
1380
2230
358
2576
2107
2361
412
1488
774
1720
1519
1900
798
2495
2751
904
2397
2267
1602
1184
2319
204
426
1778
916
1360
1300
712
498
2270
328
2526
2257
80
2572
2430
2581
430
456
2446
2362
2750
1368
282
814
1784
594
1026
1282
1976
1184
2204
828
638
2515
764
1468
2357
1134
2345
2245
2714
2662
2441
2166
1256
786
1958
168
2346
776
66
132
454
896
114
352
1820
216
1852
2655
2169
2254
1360
1226
298
2069
2397
1260
90
344
234
2455
2157
358
690
56
76
2540
190
2133
348
1865
1760
1912
128
1965
1336
786
108
1300
2476
2146
1998
2235
328
136
634
594
996
2032
1172
2229
1980
488
1208
26
2128
336
1136
2062
1288
2092
916
500
312
2264
708
2219
584
102
1140
726
2354
2248
1034
2189
370
332
2202
664
2600
1404
1990
1842
2585
2404
2036
2089
170
1218
1666
22
2278
568
2172
1704
694
1700
2040
558
512
50
268
672
30
2499
1464
500
292
940
1292
254
2048
66
350
322
1380
212
1466
2200
224
816
236
764
1650
2300
2271
194
2303
966
2387
102
1270
966
2468
368
1848
1921
1372
1470
2460
286
1778
1030
770
438
52
2288
650
2282
502
466
1975
2314
1544
1716
646
2093
2640
2036
350
14
358
2199
2697
1614
608
2232
1256
2219
310
732
714
2552
208
2116
1628
412
596
480
2219
2810
2091
2746
172
694
200
902
1280
38
2540
830
2368
50
460
950
1292
468
230
116
2474
2178
646
1354
1336
2523
44
2350
2319
976
6
330
1150
726
1554
922
2036
594
2072
504
858
12
616
2318
2642
2018
1610
1848
2056
120
2023
126
570
2144
2835
1106
1120
1520
1891
1982
602
1162
758
2382
1618
2404
1494
1374
788
2208
138
52
2064
2
1352
172
1765
484
1596
2573
1060
2302
2130
2403
2
110
1950
328
1790
872
2834
2490
1136
2390
1334
1066
1910
1950
2710
348
582
2548
1364
96
2606
1250
44
826
326
1680
1989
724
508
2329
342
224
688
36
656
2617
44
2193
862
2524
36
740
2082
1664
720
2458
1168
2264
186
886
2066
2733
1222
768
2223
1364
1964
2258
2504
600
96
1182
152
1446
2053
1881
2231
940
634
310
422
130
1766
2745
1639
2186
662
156
402
370
2034
1334
1208
436
1288
2414
670
2407
1294
2
2103
226
2582
42
2315
1008
58
418
434
2088
1644
814
2357
652
2009
2182
370
2279
704
1844
40
170
1915
2167
1030
1978
2086
2063
600
2108
900
1996
2284
668
124
632
2573
1154
1280
2217
1250
206
414
1658
544
22
1038
62
2280
1558
442
2249
1174
2747
618
1858
2085
1094
2609
726
2110
2333
1992
726
906
2337
266
2333
50
576
444
1180
220
2019
2112
674
1336
2277
1118
398
26
408
2049
2566
894
2473
128
1194
2438
768
2517
1242
2538
122
618
2533
804
28
994
1288
56
960
814
3653
1036
2484
148
472
1626
208
1078
4
2642
778
1178
2421
1556
2248
232
898
38
1320
190
940
142
130
128
206
360
1538
424
174
492
1144
878
58
1962
1024
1348
1510
956
2156
670
182
2554
524
1162
514
702
2653
2425
148
12
1332
138
280
112
2628
1158
6
2447
1940
2292
2470
2121
2435
1144
2092
1894
6
1762
2182
2489
2186
28
1947
2315
532
1314
1222
2162
318
2633
990
2372
978
870
1542
1454
310
2282
596
2304
2318
2334
852
1900
1994
2312
1514
1999
148
2381
1316
64
1124
2122
2219
366
1886
1344
806
1164
2146
2420
1060
172
2479
2242
2230
368
810
1436
606
188
560
2233
182
470
2367
1028
980
738
1974
2393
2594
1376
2239
674
966
2134
610
2193
1094
2602
1328
1924
338
2573
570
1206
1388
1246
216
2519
2666
354
844
2034
1050
1342
1828
192
1880
2522
350
2385
594
2326
1452
870
1128
2409
1871
2518
84
2198
490
2588
1050
2548
106
546
1796
4
2045
808
1318
1766
2431
1840
408
2391
2030
2096
1668
1256
1330
272
2198
62
422
376
1082
1618
216
2381
358
2222
2686
2270
574
866
482
1004
1592
344
2608
704
2254
66
1260
160
2347
2564
328
680
1252
430
2515
1771
2258
2560
2623
2340
732
406
2148
1502
564
2206
2132
1468
1484
1932
1254
2556
312
1934
916
110
232
2598
1278
182
414
1308
600
1608
2350
2167
952
2422
464
2329
1986
212
2431
796
1514
2052
2271
2315
1028
48
1144
18
1772
82
2015
744
492
2348
1742
1210
1168
118
1090
2304
2214
2619
2237
252
236
616
2125
2086
2465
68
2170
122
1448
50
948
2430
80
226
854
1312
670
2169
2046
950
2228
1868
930
1198
946
2094
40
246
2619
782
720
10
2216
2093
1138
596
1926
36
866
118
2686
358
72
2632
2376
166
64
2161
1056
338
570
2360
2449
1212
2133
54
1698
206
2683
2262
1202
782
346
2292
2158
244
586
1986
2327
2275
556
3109
136
1580
238
58
766
1826
1902
868
2224
2182
2239
34
60
258
2348
30
2520
832
1921
270
1024
2282
280
1170
2322
2426
592
1268
248
1622
172
1584
110
2159
290
464
1758
2420
296
866
2020
2253
1802
1916
2570
1220
2395
816
1788
2282
62
2297
414
464
1800
1928
510
2512
2329
1154
788
202
2382
862
1640
2399
2112
394
1044
658
1268
476
1050
1142
2396
1790
842
1282
2452
1404
474
2284
2277
218
2527
2303
642
2453
1882
1078
2507
30
1952
1959
386
366
856
64
2062
2411
820
756
244
370
2170
1878
182
1418
576
2364
702
76
2307
2515
1800
1790
1510
2374
878
2479
972
1310
668
246
2027
2006
1536
52
2029
400
656
742
1704
916
2321
2431
1074
1548
1264
1072
578
2394
1464
220
880
210
1832
2701
1884
1934
430
2507
704
1420
1374
542
1708
1002
4
830
2376
16
710
1356
1696
2440
1910
1704
2244
2392
1849
246
924
504
2368
592
602
818
146
2112
784
1764
2286
2050
2221
414
2101
1740
826
12
2434
1758
1534
2059
542
2430
218
2567
252
646
1290
1966
192
1810
2249
2090
2470
228
2194
1184
636
2486
1860
1436
1634
180
2154
340
832
280
1732
2437
2646
2485
2362
1872
2347
1118
558
2515
1904
320
2248
2331
2242
2270
1646
2457
46
920
264
540
1706
2132
2473
1312
2639
178
146
270
32
282
788
170
690
2450
1722
6
674
2641
1156
2160
1218
1100
2174
1162
1308
458
2367
150
896
2487
116
1006
2366
110
1728
994
216
2360
2556
986
2128
1148
280
802
2193
970
58
2449
836
1028
2311
2206
1582
354
1714
422
14
686
1094
1364
2451
1132
1794
1030
828
1476
588
584
604
964
1070
384
2358
2375
758
1462
490
2047
454
2747
2342
2069
2506
2646
58
2067
2335
1652
58
1932
2313
976
1380
984
2346
2610
1870
2319
656
1484
234
266
1024
988
96
1538
1066
2066
1288
664
2275
946
302
16
142
1872
2178
2336
1460
2125
740
454
92
1432
966
1710
194
62
746
128
1136
2387
2386
944
2561
2025
1444
2220
1914
790
926
2385
1655
754
2187
2495
270
2185
838
1542
18
2098
1026
2320
124
538
2287
1336
62
2478
1342
1901
920
644
1150
280
2448
2244
368
2341
824
188
830
2744
1504
6
2489
2478
310
2826
2403
2367
418
1912
1868
594
608
2282
2315
1944
502
1932
746
2216
476
1044
212
2408
654
1088
130
214
1032
388
932
70
2345
528
94
32
2103
224
708
2503
1648
2015
676
790
46
1472
2649
2028
562
82
2245
268
2199
324
152
804
1726
1318
1995
2016
2202
1937
2631
2508
1352
908
56
32
20
582
2251
2247
540
1820
1942
1512
1336
2497
1858
1450
1034
2504
838
1640
18
1384
1072
1566
292
174
2162
306
926
2104
530
2136
1264
1100
1622
2142
2611
790
2
2705
2115
280
908
164
1562
414
998
614
2519
2508
1484
340
936
64
54
1158
2166
892
764
2342
1718
2152
1188
500
250
2341
2636
4
2600
2530
2196
1746
790
358
1768
520
2266
2754
1082
1720
2276
1981
1710
2648
254
680
1690
2628
2586
1288
2232
642
244
1182
1923
374
2681
1770
606
310
644
1016
42
1700
2360
2250
422
746
600
560
2275
784
2448
844
2070
28
564
1084
1068
2607
2264
2547
1164
2463
2230
230
286
1825
2349
486
1186
1458
568
1776
1864
2156
184
2107
162
636
1494
2521
2089
2389
1860
1236
36
730
1366
2392
2323
244
2673
190
394
104
2019
8
2557
1920
1066
1952
664
14
2524
688
288
2558
1775
1828
2164
2405
206
1050
1330
576
910
1920
2663
974
2284
812
522
2004
2267
2212
2666
2205
1584
2572
742
78
2592
2444
2365
1006
1074
530
696
2556
2175
2445
2192
402
2552
2178
20
256
2389
10
912
1414
720
1526
1966
2362
1672
1860
2255
1980
760
1486
1496
1644
1734
406
2065
968
116
2137
60
1376
2375
2215
654
2061
1194
342
2008
1704
3196
144
1536
1440
2072
66
1546
1690
1172
2170
1178
1868
1392
134
2278
1348
2286
1132
760
940
2309
2166
2446
2421
206
1232
658
1826
1760
2170
1550
280
2316
1580
52
1883
2312
2094
1364
1056
1500
2105
2250
922
2298
766
138
640
1770
706
2343
2030
2063
786
1578
1040
896
366
48
324
132
92
64
120
736
2375
2247
2479
2054
2070
556
192
2271
62
796
1380
110
2622
2498
1276
2296
906
164
1822
848
464
1979
564
1982
36
2474
2051
22
1656
1094
2361
2785
2473
2119
2422
702
224
450
472
284
2156
1712
112
682
822
826
2184
560
1350
62
2298
884
2145
1624
2411
532
2254
522
2513
1018
974
1006
60
946
1630
592
298
444
250
2141
1620
2278
182
160
2679
2234
44
324
1370
2421
302
2084
454
1993
294
188
2660
1948
794
40
2387
2160
1514
2402
296
1676
2396
906
1624
958
292
682
2105
2128
56
1510
1646
556
2188
2799
1332
174
2444
896
1764
62
626
1946
410
2171
820
544
1204
1701
252
1732
1738
758
1992
1706
1014
2317
164
280
386
1646
472
1368
290
2258
1200
1012
2601
1696
522
944
654
1456
2126
1380
756
2133
374
756
358
1328
106
2344
170
312
1228
266
1668
982
2367
558
134
2349
2134
314
2233
1610
1250
164
1088
1546
2744
22
2463
674
246
628
2280
2066
288
2387
472
1772
1328
2653
2696
70
16
1450
740
1918
10
666
1745
2115
2157
2072
928
1854
262
1791
2146
988
1508
500
2641
120
958
1366
2749
244
2294
2287
650
2282
976
1582
1944
2248
2474
2556
1288
4
490
1862
1012
168
324
474
184
236
2374
1230
2371
646
2082
2488
800
1140
862
250
1078
352
896
1616
1432
706
2003
532
2557
1024
2194
2566
158
2353
2445
1915
1226
2164
1084
1086
182
484
2476
410
1214
1068
124
1900
1402
1538
2584
472
2192
1848
1610
1924
630
2329
1392
2160
2272
2052
820
1761
2112
54
2488
656
2044
2198
2175
286
694
2086
2351
712
80
634
896
2815
234
2150
910
332
2306
2502
1658
2609
320
456
1590
2133
2573
2216
2224
1054
1598
2466
2043
2045
2622
1424
30
2306
8
2300
2433
2026
192
826
272
1404
1656
2222
2114
2309
1494
2038
170
1846
444
1226
564
2293
1306
160
2609
1626
1296
2061
1582
306
374
1802
112
208
2584
364
346
36
2411
1984
26
1844
506
1232
1120
768
1012
2181
2464
2096
440
238
2428
1114
484
256
70
1580
1122
666
2364
48
228
342
266
1216
2417
666
148
766
2362
2097
192
200
236
1510
1184
1340
246
408
2674
224
1814
1937
1292
2454
2254
2675
1168
126
180
416
1354
1264
980
2309
1400
2563
2472
806
490
1062
650
1174
320
2832
52
1726
1938
146
2388
1220
2411
2484
1052
698
1620
2038
1292
1280
258
1098
782
1878
830
1040
1284
110
2622
1631
2219
1688
272
1182
2436
2017
668
1094
1164
1072
448
2669
370
2385
1308
2522
1598
2521
960
2397
1676
2306
392
334
1142
626
620
94
2134
444
538
2694
2354
770
2234
1864
300
418
50
1946
1292
1244
2232
1418
1270
428
486
2490
384
2046
2238
2100
2340
672
738
992
506
294
1966
2377
2405
954
2285
362
2425
4
2173
766
2547
252
800
602
716
1178
322
264
574
756
522
1200
250
2193
230
368
1062
2739
144
326
1008
290
1997
1998
848
694
1162
1118
2050
2395
28
350
2164
526
2521
160
1008
1878
818
2326
730
638
1428
368
2541
918
1308
2550
2109
158
2126
2172
350
1386
918
826
2813
2160
730
2104
1608
2347
2061
2168
504
1919
588
1264
298
334
1492
1997
438
1184
1760
490
518
786
918
1212
64
1880
2110
2611
2328
2343
100
1702
2190
2473
2569
2423
294
196
1142
1983
910
698
2467
1798
2067
1688
2185
2440
896
684
2467
240
2432
1777
1264
1811
1052
1863
256
2444
1968
2389
164
352
780
2441
2040
114
2374
2314
1230
2046
892
2495
936
2660
2255
1614
1256
2128
2049
992
2369
994
286
660
90
62
2294
2312
2540
142
2176
2082
892
2138
1440
2267
378
1386
2300
1834
868
2275
340
2355
206
1018
1710
1204
978
2481
2378
414
2223
1620
1516
212
2577
432
842
1987
2512
2233
670
1142
310
446
2008
1384
2111
778
2026
2117
312
2432
632
762
626
2704
2398
622
1156
42
696
2119
720
2205
292
390
336
1674
2217
1664
2397
266
916
2122
1608
1418
134
2105
1850
1940
2010
1130
2278
16
1905
1710
2112
2315
82
2439
254
2596
2540
754
742
392
708
1666
780
1408
804
414
2569
860
262
122
1638
630
594
526
932
668
10
1172
468
384
2130
356
392
2336
2205
2099
276
426
1507
548
316
46
1102
356
2076
1746
1030
854
2680
166
828
2556
2060
1510
2377
802
958
2420
540
2069
2325
2472
16
1624
1710
1692
1770
794
2312
2233
528
2230
90
10
378
2203
60
1374
1672
1310
2099
1432
2188
1058
2046
2524
486
246
20
386
2455
2153
102
2473
50
2383
1452
386
2390
552
2361
2453
2156
2196
2451
2341
812
540
2320
4520
2448
302
622
1750
532
944
2252
2744
1110
360
2245
2520
2372
2413
752
2324
2007
2156
2281
232
2516
850
820
2367
2417
366
874
1378
420
2222
866
692
2013
2667
1816
1947
2365
1576
1730
74
462
674
1296
2325
2052
2155
922
1158
52
2411
2452
1952
2180
30
1980
2221
2113
2470
2204
948
680
1222
1924
264
286
346
470
2
2577
2185
426
2721
1707
2331
842
338
566
308
844
2363
624
2390
1712
56
718
350
1274
1524
868
1128
1644
2575
2286
48
352
90
2513
312
2034
2278
484
630
2280
2530
420
494
318
98
1114
1750
452
2122
2673
124
2171
1350
290
2342
2069
1332
1056
2245
212
1812
940
2164
2478
2108
452
532
2362
2088
84
2086
122
1042
200
740
514
166
1624
1576
2622
180
2006
2538
1192
2452
1288
1818
708
2506
2189
2436
170
56
1874
1562
662
894
2713
1470
1752
2056
940
652
956
2567
1404
572
2375
526
122
92
38
2477
226
2312
1386
1512
1214
2216
2408
2839
246
868
888
120
2393
252
544
716
320
556
2918
794
1552
40
350
1004
2572
678
564
2580
2179
498
678
1959
2194
2074
1058
2282
2284
1614
2038
2056
920
2318
1978
2070
2208
974
596
1172
290
820
792
2084
1884
1124
1600
2120
606
2602
728
54
1811
2167
2082
172
1666
736
1908
50
1644
912
2088
1958
1970
2038
1620
24
2573
1234
828
2309
904
514
1928
1966
232
1412
194
2512
114
510
8
1066
54
2247
950
140
2492
380
852
1270
2649
402
654
698
2329
302
170
604
2390
1648
2057
1340
1987
1834
1814
1888
2456
434
1516
1686
992
82
556
2228
1018
1110
2083
2
2868
2070
2504
774
2613
2598
2443
2078
576
822
280
204
412
1708
1724
2198
26
1218
2645
316
1148
1803
1404
328
2070
2432
2137
314
1472
1920
2308
1334
490
1028
2307
10
2358
288
290
798
754
1326
2120
1238
2175
1823
2113
1614
34
2459
2483
2404
958
1928
792
2376
2163
2663
794
508
1412
1946
254
2074
1572
2555
2512
248
1150
2601
536
372
1164
2528
1656
2238
2509
1558
810
2478
1164
458
2157
314
2565
696
626
2574
300
36
2159
2117
696
358
1568
1752
2554
72
1596
424
422
2612
448
1150
296
342
1322
1466
1490
1540
2305
986
690
1912
478
292
1262
724
2124
2214
528
596
394
2273
2085
444
1118
2225
2336
348
744
1206
2583
2370
2380
1686
2275
2368
2273
2594
1704
1846
1837
1820
1694
2534
2636
70
2144
1070
602
12
1178
2272
2186
2194
1798
2440
908
1130
2219
2363
1828
1058
56
882
2044
16
108
696
500
316
2336
1438
388
194
674
1696
588
1554
1889
2541
2431
2629
1002
448
270
1587
1120
240
2135
2557
564
1976
1336
1832
1742
2287
66
818
318
712
750
124
2204
506
494
126
2674
304
288
2445
1408
938
2458
2153
1768
300
250
1430
386
368
718
2218
2067
736
1716
524
1498
508
374
14
144
2192
2108
198
2552
106
2575
282
2339
2094
690
1983
1754
546
480
352
1904
354
2363
822
2210
1896
532
2330
1104
2088
386
1935
912
1250
2117
2598
24
188
1176
470
590
1994
384
2114
2572
2123
422
1070
806
352
992
1340
2439
740
1322
574
1008
104
298
1216
1610
1374
1936
1768
618
2457
2297
2534
124
2469
2504
2420
980
2594
818
1594
274
2480
628
2352
1124
782
3075
128
2353
2207
1032
416
412
2317
460
562
2217
864
1036
2569
388
2376
142
568
2490
1030
2569
406
2262
1981
2214
1394
1872
2050
2374
2353
2124
2206
1406
2176
1324
2645
2374
1578
524
766
754
2180
2300
240
1819
1792
2368
2515
844
280
2078
2399
818
1434
992
384
2266
826
1882
430
1890
2296
932
660
1646
212
454
540
2434
122
572
1862
2454
404
1258
1692
2159
232
2122
2423
864
650
228
40
1586
612
1046
1444
2523
764
1284
1066
2245
756
2006
2645
1546
578
2260
624
588
1240
2133
832
1446
684
2108
32
666
478
2990
998
2370
1624
250
632
324
2005
766
2072
2677
334
894
1260
14
384
154
1082
2055
2074
2303
2229
2550
2144
1824
352
1186
1516
612
540
1422
2129
256
166
2668
2343
2520
270
2059
1536
38
1182
1750
1494
758
1504
944
1640
510
2054
2022
1895
2004
224
1864
2178
1550
890
146
1947
2057
2419
150
304
2235
44
42
590
450
1670
38
30
1376
110
368
2054
2013
2459
882
892
2528
276
1538
1264
1146
56
220
2617
56
2326
900
876
216
1446
2182
2422
906
980
2266
948
1908
696
2261
1804
686
200
2586
