66
1202
1292
2354
174
2373
1296
326
2283
2142
2529
236
1854
2200
44
756
550
2254
2317
1634
2146
2100
2260
928
1965
1698
1304
190
2283
854
696
768
540
1226
2488
2601
1979
2845
322
1996
2472
476
948
2647
68
1096
2316
2144
2017
1346
2097
1804
1926
2501
2426
2205
2232
486
2164
22
188
1078
1832
480
174
2261
828
330
3316
2272
2054
1488
356
1508
2414
2035
258
2463
174
766
1712
1967
1969
1384
1186
808
1972
300
2365
78
2370
2304
2383
2348
106
1328
276
1394
764
1186
1308
2625
2394
1888
2166
1938
674
2284
1038
1830
2527
412
2718
604
2133
1596
2579
140
616
756
1760
258
2184
1864
700
1212
432
104
2293
378
40
1324
2074
770
2008
338
2489
1148
1068
2159
1622
1816
1548
348
286
2284
2182
2351
378
756
2319
2222
996
1933
2112
1634
856
84
558
56
2214
428
2438
1216
178
260
1256
2232
2291
1546
174
2451
2201
2758
1426
2339
2607
870
336
354
2423
2643
1668
1663
830
2476
2152
1234
348
732
1124
1582
1606
2673
72
708
1302
602
1170
268
2583
1732
726
1624
86
372
1316
1930
46
52
2205
2274
1538
2098
2529
1676
1334
310
326
1420
292
342
44
758
110
2246
2309
1232
892
2231
1664
1130
2229
2189
2090
268
386
1160
2158
2601
2341
2203
2520
1038
1844
678
1906
622
2236
306
1678
2336
2444
2460
2300
2427
2186
156
2688
1194
74
480
2285
2284
2214
2160
278
306
102
512
2917
1100
22
2353
1048
1838
522
710
1592
950
2246
2688
136
390
762
2303
558
2595
1208
1730
936
460
808
1366
1066
108
2326
148
2238
1198
2316
358
406
404
2126
2247
2177
1066
566
84
2607
2129
366
206
74
1590
2301
2733
766
1962
1380
708
480
2191
650
962
82
1958
46
1194
2306
194
2378
2068
1970
1082
572
692
1258
1104
944
108
334
1934
2327
820
2224
2357
2364
1272
340
658
2550
1810
1954
208
832
1948
2320
2378
2389
40
1426
1030
276
2095
658
914
530
1908
108
720
2152
780
1656
566
1450
1506
314
532
4
2221
994
1856
630
1876
652
2476
374
2596
2217
2218
116
2296
956
2230
1270
2446
2602
2173
2394
2642
182
406
1162
596
2090
704
112
2500
700
1554
2351
628
332
226
2526
2226
1988
2430
1172
88
1178
2265
306
1462
2755
744
1312
1928
1272
238
300
2276
1398
2008
1984
1326
880
1010
1138
2218
2580
2163
468
2406
688
2150
650
308
136
6
1246
1152
20
1192
2716
2258
438
722
1088
2435
426
2550
510
508
374
1266
2601
2073
248
754
1882
2656
1186
1722
2171
444
1496
4
568
1526
56
2123
1368
1076
2397
2382
2424
30
2238
2367
1766
678
2507
656
228
542
254
1988
2050
62
2639
1850
1126
2
34
932
1865
1806
1252
172
770
1040
1080
176
1844
4
2436
1754
604
2756
2340
2120
1148
208
494
2384
912
484
1300
2546
1438
2038
2327
1052
1476
1556
1138
2000
838
1586
114
482
1228
1708
2489
946
1496
1424
2484
814
300
2144
2312
2445
2580
1130
26
1636
548
118
116
2580
72
570
1632
1948
624
942
2430
1344
16
2141
350
2354
318
328
202
1370
2035
1372
2
2594
64
2006
1152
296
1948
126
2207
2583
268
360
684
668
1074
1990
448
434
2405
2290
2084
130
2282
624
2586
2546
256
1678
2429
1698
486
1068
2673
670
1448
1226
878
2442
766
342
1332
1944
660
2074
252
510
650
524
2289
2525
1298
838
2287
2391
2082
2418
1857
2278
2060
2731
914
2244
1524
646
1688
400
1950
412
2201
1590
1294
1098
2452
2465
1404
1676
2560
212
244
2632
1298
688
2254
76
1064
86
138
634
146
342
794
2354
2173
968
1998
2220
2448
2291
2467
1804
612
56
314
1046
2000
1912
1530
1745
1718
2111
2084
2080
2125
742
2668
2476
1074
1942
1694
2064
488
2337
222
170
1032
1124
120
2521
1688
2499
2328
1106
28
310
738
2220
2145
1582
64
1814
2081
1948
700
2482
78
1850
2446
50
1330
2006
44
2092
2452
874
544
630
2158
1842
2356
684
1162
2036
306
2204
2426
1962
156
2560
2068
510
324
2584
1286
2450
2334
1926
2282
496
366
458
2303
562
1202
1832
2131
662
2122
2158
88
904
190
1276
2363
934
2200
2112
2006
1234
124
2064
2656
2324
66
2216
1340
2022
2004
1628
1990
402
1491
2171
874
1744
470
1944
1420
164
936
2151
2176
1130
2660
538
550
2450
28
184
448
2282
2375
2436
1320
1478
2239
1278
938
402
2494
638
1961
2061
470
958
2224
1588
2501
2265
1054
568
262
1168
2425
1880
1278
1040
608
892
2191
2721
264
1076
2456
2511
724
246
1930
914
1558
632
288
726
2236
2301
2316
2118
1070
86
2594
56
488
230
2229
1006
2286
36
1592
2436
548
1262
472
2446
1756
2305
746
1618
2231
744
2210
984
1308
792
904
92
1580
2000
462
82
704
708
890
842
1628
2230
1656
2467
394
308
2382
412
2214
418
2174
1824
142
2755
402
1848
372
992
2182
2099
324
1018
2342
1590
840
2024
104
190
44
1564
1949
2320
412
304
2039
2516
1082
420
150
128
1230
1144
1150
304
182
862
982
1716
588
2573
2433
32
1927
548
172
2236
1692
1134
2414
1318
1552
2101
1240
222
2213
2360
514
1386
608
2176
272
2422
232
1414
1020
2106
834
2133
2634
226
1872
2556
1200
2547
1504
1236
2346
514
590
1530
2224
702
196
334
1718
330
502
2106
276
2355
2474
1092
2298
152
300
714
2333
2154
228
2113
1374
186
878
1050
1993
1420
2041
2229
168
2692
2598
292
1056
1190
752
1629
2277
2514
632
282
778
2316
2269
1076
14
2522
1126
1106
518
1152
1004
1060
1956
1884
260
2069
420
602
2534
2106
1927
2281
848
1502
1222
2134
1362
680
414
1796
1722
504
234
404
2003
2231
1334
576
1178
852
110
2322
378
2551
1150
2782
1416
1674
680
2348
2178
2232
266
322
576
624
2108
2119
1086
1678
2258
656
60
1871
2242
596
1618
196
836
1172
1964
10
2490
2011
1068
964
2038
506
2346
1252
2513
740
1560
2336
588
1905
2106
1266
350
1802
2000
1142
216
2006
256
2278
1854
1176
2061
2601
2347
428
2291
382
2478
2577
1784
2176
2112
2181
2287
616
2640
26
214
2638
2257
1514
2335
196
2606
1122
90
1306
2412
1944
1510
2207
72
2207
96
2026
1850
2576
32
1022
2186
214
2350
730
198
2194
2166
292
34
618
1010
1789
2493
500
2160
246
2113
156
2188
1894
1604
906
1652
1136
490
2254
1548
2193
2706
592
1314
506
2435
694
340
1630
1886
2354
784
1472
1862
2052
1386
2482
2040
20
2574
58
2224
72
2503
56
1514
964
2409
1372
174
2819
1142
100
2545
690
2723
2336
2360
2410
386
1154
476
2739
604
2403
958
1506
268
1893
2178
2127
558
238
452
2418
580
1664
2204
1940
948
146
484
1198
1030
1426
1588
2729
246
786
772
2181
426
1202
2566
2330
1318
2211
1909
2474
668
2221
1068
34
2344
1350
1364
846
976
618
386
402
2553
514
2621
826
30
708
2314
156
432
1022
1586
984
2672
726
1278
524
2775
2068
464
1994
2423
878
1600
2461
2459
14
1196
1830
132
2452
1600
1542
404
492
2490
1745
510
1634
1739
2473
2254
1032
1694
972
2229
2252
2094
2141
2500
2159
2443
2032
1720
1588
606
1884
1714
1168
2142
2261
770
2231
546
622
2209
2106
478
2332
2329
2362
1993
692
2130
2142
690
876
2519
1842
618
160
78
1274
380
1957
48
2146
2342
1801
76
2420
1450
34
2211
598
1836
2511
2259
30
66
1698
240
942
2356
2214
1746
2209
126
538
2057
2441
2222
2309
1958
1697
2609
2039
1292
2627
322
102
840
1744
2796
190
2212
1958
2302
634
1416
2
1764
1755
2218
1923
2257
1006
2158
1928
34
1826
2170
174
740
2669
2334
1588
2602
2042
2175
1932
1428
2408
2313
2076
832
186
716
1927
42
280
754
2202
1032
814
2279
30
708
2044
90
1288
1994
286
2
948
686
96
1620
704
1468
1473
212
562
674
1434
190
770
1533
172
2462
18
1692
242
968
984
708
1086
2348
1566
2363
2117
228
2078
1470
2487
1508
270
2404
584
2548
2158
400
2350
690
2291
1502
2525
2520
2006
2346
430
374
1022
2214
94
2956
706
368
320
1046
122
1912
162
2928
2169
2178
626
948
1460
144
1168
576
2211
482
702
438
1506
122
2460
340
2514
350
188
1316
2206
2066
2367
912
170
2222
2463
820
1198
1944
1376
2399
1736
2318
672
2097
1580
1430
538
882
1248
736
2142
998
2332
30
2169
1100
2291
242
2367
16
444
2317
26
628
1082
2486
160
604
264
1608
590
1090
642
18
2163
868
242
1214
2402
1386
1104
1930
1664
346
472
2465
1054
538
2280
178
2209
1758
1624
2497
1826
1334
2009
1882
2316
2662
126
2455
584
296
1984
670
2288
186
2023
760
292
592
814
234
1786
1202
1002
494
304
50
204
2595
1322
798
702
2429
798
794
142
1268
176
1358
30
2167
2421
2384
2531
2519
2506
1642
290
2322
1456
1296
1406
1600
480
432
2279
1832
770
1532
2152
2534
2348
2166
1166
2540
1836
1666
178
1915
1850
380
626
732
992
502
2572
394
2211
786
2160
1158
2491
1284
1723
484
334
950
2472
504
2158
1971
2520
446
764
612
430
1072
2408
676
2016
56
1976
306
984
2163
1074
816
1900
2250
1354
2192
1562
884
1080
1478
1070
1618
2583
2059
958
2074
316
2385
2270
2099
654
1728
2075
2260
2699
1616
370
1768
1382
1606
1078
2170
2644
1318
368
2434
2383
644
2647
2416
1204
1216
2379
2270
6
2174
1162
1268
2001
1698
682
1656
1888
794
2699
2673
952
2172
932
548
2177
1098
480
282
2074
1366
604
2527
630
922
724
240
872
1640
1660
2313
650
78
2700
826
996
1802
2166
2671
210
2396
1688
1550
26
374
128
1926
58
2264
1544
1766
1136
1130
422
848
290
2663
2052
1899
2491
704
1436
454
1921
2281
2295
1162
1440
2590
1748
46
412
316
2307
1884
328
2228
530
442
1728
322
2019
116
606
878
1262
1056
2347
824
514
1404
2082
122
1038
2031
28
2338
2006
44
798
2293
572
1380
718
174
2562
2635
426
2245
286
2160
742
834
740
1600
2345
2536
566
1992
274
230
684
596
1282
1598
2304
1386
1140
190
1206
272
2569
1778
672
2608
1870
2406
370
500
1462
980
1502
1858
826
1650
2383
624
1074
1928
1528
2299
760
1736
2
1158
426
2482
2432
1082
1802
2368
782
2428
1390
884
410
2616
1126
1380
1586
366
1342
2612
2066
2472
2302
306
414
918
38
2471
2114
396
20
56
1724
1256
678
1720
2498
2158
908
2455
1958
2128
618
288
150
2406
1320
100
1816
1190
544
266
702
96
2037
544
2391
2100
2563
946
1990
334
2529
352
2307
1874
2188
878
2814
248
22
2544
2024
1946
2215
1622
324
2405
294
2370
156
1654
1300
776
1018
1897
2162
518
416
518
2269
2396
854
2300
752
400
2010
2079
66
2036
924
558
1672
1710
526
2243
1238
2476
2461
2347
2358
210
782
2119
738
242
364
2247
30
558
490
1374
2423
1808
1884
2256
524
452
182
156
2341
1562
210
342
18
2388
38
2615
1328
2416
1960
776
1950
596
498
348
1756
1332
1610
710
2312
2408
62
1594
610
1508
2313
660
378
2608
540
1230
1096
1957
1072
792
32
2308
1746
522
2310
48
684
516
1180
118
2270
1866
678
1652
2099
2036
476
60
582
1184
2100
1254
18
1438
410
700
1052
2304
1536
1384
440
2076
2042
2253
374
1958
288
66
112
2190
1366
982
376
2601
2345
2200
1388
2574
2489
1952
1420
2398
1058
1922
2213
1338
2132
1082
98
1244
2090
1728
540
860
184
2403
48
2534
2168
2041
892
2161
2516
2226
912
2786
560
1788
158
104
354
2481
1056
174
2529
1614
2070
946
2168
2512
1496
2333
2629
148
66
1812
1352
346
932
2176
1132
2471
2095
1614
2522
2258
1882
1130
520
758
2174
114
730
2098
1899
458
2054
1791
1779
2345
1368
1058
784
1054
2534
1915
1296
1368
2076
2163
2856
2018
48
452
2251
2262
2289
1746
2486
742
1464
2277
1062
178
496
1412
130
202
320
2517
730
1414
2555
444
2539
2464
2063
2201
678
1252
2165
2264
1552
1442
2034
2047
2539
2022
2501
2501
884
706
682
2690
1950
2235
1502
728
128
1140
760
2567
2124
44
1194
2276
1062
1980
2396
2292
1951
2547
642
2100
70
1152
2056
50
2454
2073
2448
1232
1302
2152
1284
2084
2462
2297
396
408
1898
1978
464
2530
520
2164
2284
506
396
2524
582
750
1070
2234
2330
780
1132
410
2243
1374
152
2561
1880
2391
518
2446
1172
1396
1252
2166
32
1054
1138
1194
648
2535
154
4
648
2618
2720
2236
1172
1428
62
1446
2024
482
628
1490
1206
834
2180
1530
2063
2002
2462
1985
2057
468
2477
834
2306
38
336
736
1156
404
700
116
806
1384
2666
238
478
1296
2146
1926
2382
1630
2282
310
854
882
226
228
396
1762
982
1872
1441
2278
632
348
256
428
1718
306
2147
2720
2892
818
2283
798
2040
828
914
62
196
486
2369
124
2753
262
1804
2324
1934
1026
642
1090
70
942
1020
2588
650
378
914
1202
2205
1180
2424
1727
676
1772
1336
94
1932
376
2113
2070
1084
2113
1198
162
48
2508
2133
2483
1824
2150
1596
2486
308
624
750
1698
2482
1930
1330
192
2388
140
200
614
2287
2466
1290
2494
1500
2064
2516
2198
716
2110
718
928
1386
2096
1128
2417
922
658
1490
2492
2298
406
1094
14
14
278
2159
2594
418
2843
2062
2320
2691
366
678
1562
2845
1622
1668
1578
278
742
782
52
1884
898
2408
214
242
1582
1212
144
2219
274
2740
2296
2585
1974
2562
2281
102
708
2376
1120
1793
1845
1734
1252
72
1112
1512
1124
478
412
2836
460
108
2196
164
2196
1981
704
2645
1128
228
2314
964
2172
1632
2279
554
1986
792
1170
1764
218
2450
2497
756
986
1978
316
1954
2294
408
2397
2539
2276
2391
2025
204
2428
608
2578
1520
1366
390
674
292
2421
40
3110
600
636
994
1768
2029
576
2585
1432
136
2404
2475
2074
266
2043
814
748
2402
2524
1615
68
1066
1626
2394
2174
1000
2529
2444
986
30
904
820
276
2331
918
2391
136
2401
26
1538
1592
1408
754
348
1758
1958
2261
2045
126
844
2139
1396
2424
2227
120
1963
20
1526
450
1448
528
692
2323
340
2760
762
2224
20
362
2766
2338
1266
1536
696
906
494
1210
2913
152
1278
2343
524
1904
1128
382
1890
2325
1570
2219
1412
946
1570
1116
192
1922
2928
2068
1150
1900
2343
662
212
518
820
2311
2088
1804
1288
2114
2217
1178
2053
116
418
1028
2612
396
142
2173
946
94
2436
1628
2012
326
430
246
2118
2531
910
944
2172
2729
2831
606
1338
850
2137
1526
2206
2418
1126
2362
2550
2365
2312
1376
2307
1584
1607
454
46
1948
2267
2369
890
1044
362
2362
2124
2452
1740
442
908
2352
2174
2441
260
2407
708
2316
1550
2027
2206
2182
2523
2484
2315
2333
340
458
970
578
2137
368
724
70
1848
2321
60
1370
2006
2044
1648
2108
1494
1644
2252
2492
2474
58
2156
2145
704
526
2415
2030
308
118
958
2064
2028
2071
2022
870
44
2287
2476
1002
1948
646
1342
2589
422
448
268
2042
882
1268
630
2192
1486
2162
2368
2303
230
456
184
1322
680
2315
2663
2235
1204
1962
4
1932
2063
1220
2415
2258
2181
2541
1208
286
1786
1792
416
2134
2537
540
1914
464
2582
2301
2334
450
354
1894
1128
416
1360
1969
2338
1254
810
1844
2172
2374
1902
2436
684
74
1528
2149
1348
2234
2267
2539
1636
358
2687
876
2030
780
1428
636
338
776
1252
46
2587
2325
390
2668
464
298
208
262
1126
226
192
476
2471
1070
1260
2339
2374
2450
338
48
634
568
450
1694
2263
634
434
2146
2453
1674
174
876
2645
544
862
2327
878
1488
1274
2104
2043
2032
2248
2184
620
48
498
1802
2052
1754
892
2661
2355
1754
1272
790
98
1054
2281
1434
894
546
1302
2366
42
2203
162
240
692
896
2274
494
116
2389
1973
182
2151
1744
82
626
2310
1188
144
260
2192
1370
1090
2595
152
770
420
1916
2389
332
426
2184
30
1340
1440
378
1538
2485
2411
2613
120
2406
2662
270
422
2405
230
298
806
1682
2182
2169
140
2232
1276
126
792
234
1386
2579
2181
1814
750
1254
738
414
1887
392
2192
2367
2030
1866
1158
1906
18
642
2402
2258
1891
2238
1276
2069
1975
2109
1778
890
2640
1968
1844
222
2343
1362
2273
634
2755
430
326
2010
2368
944
1978
526
662
2682
1256
544
1610
660
1494
2515
148
1739
2446
770
950
986
1072
1326
1949
1944
604
2426
1992
526
748
1484
364
426
784
2220
180
2155
894
592
1136
514
562
2025
382
2220
2618
2350
2154
1296
532
2222
2134
2371
560
2246
42
2378
314
1778
322
746
1977
684
2633
1865
2
1830
130
2336
2052
736
700
340
2537
1062
2298
2238
20
74
60
504
2408
2016
330
2337
520
178
470
1122
1336
2180
2249
148
112
214
2122
152
1174
2526
732
1742
2472
1606
2742
436
2213
262
1034
2333
1106
1784
1468
2712
396
1989
2349
2174
1974
2121
2550
1016
448
734
2123
652
174
1124
322
68
6
890
452
2572
2175
198
64
248
786
122
900
2256
1630
2257
254
2109
432
158
1866
850
302
2069
1496
2242
1806
290
2559
2
1868
2469
1912
1941
1334
2297
1582
2674
226
2096
2716
1804
2357
2459
1628
2500
416
2228
1202
1346
954
848
664
740
1942
1042
50
2546
164
364
2169
2154
514
1286
58
2428
2273
936
2263
2271
1810
576
1178
292
1686
1222
2164
1270
2196
450
1198
2251
1945
614
1052
32
24
620
598
26
2752
822
522
2368
1030
1688
930
2464
1128
76
1704
2581
484
678
1154
520
2056
564
1324
124
522
506
2034
1088
188
1920
1518
414
1996
1162
2500
1158
802
2274
154
2340
844
1996
12
1496
2297
2245
796
1809
72
2215
2343
2182
2124
8
2353
2487
1314
1320
2190
272
2416
20
146
422
2362
1192
2450
1992
366
114
2209
1024
86
240
898
1056
2356
1992
2398
362
1921
26
30
638
1324
2302
92
718
526
314
2075
2080
340
2314
2257
82
454
1300
2464
1776
2416
356
168
1846
2076
928
2249
1975
2220
920
2306
954
624
2434
1650
34
1634
1562
520
2870
2334
184
458
2549
94
2062
2055
904
586
2528
2632
1298
2321
804
2370
476
308
812
2990
2325
1048
2314
2574
368
2133
578
2340
2076
2484
168
1556
1324
178
1664
1490
2278
2598
1534
782
230
360
2168
2431
520
504
1584
348
236
282
1352
652
2580
2154
662
164
2498
2254
2211
956
2433
854
1820
1882
2356
198
2784
1254
1076
1632
2228
2258
2280
2410
278
506
2223
132
1906
510
942
364
204
1082
20
1046
500
886
2619
132
1964
22
610
1716
2651
40
448
1052
56
10
36
962
548
2164
2352
2310
2741
2731
1368
838
1856
154
226
2580
2423
1912
2685
572
1836
2420
958
1893
2464
638
718
816
1274
2304
2228
330
162
1482
1272
1944
1739
2046
2400
2218
2223
2202
2089
1132
378
8
616
214
2056
1858
1820
534
2326
1630
1200
488
2283
2336
1050
1632
140
112
1128
1346
2457
2208
2182
1414
1320
202
732
1292
440
2380
2300
576
2225
1358
2404
348
498
110
168
2092
162
876
360
1414
1438
1482
508
2170
310
1164
2225
906
616
1812
606
2111
10
1364
2196
36
2225
2042
824
2274
1990
1230
656
878
696
750
1983
1472
436
2043
1022
2424
1364
1598
2034
2548
386
1990
1890
1300
514
2323
2412
784
2103
1690
218
514
1034
1716
1462
2006
2013
1094
1206
232
4
2181
2363
634
920
6
236
1882
280
2775
2409
448
974
262
1062
948
1528
1843
196
2040
2476
922
512
320
1028
2499
2375
386
1012
172
1486
2046
2474
2322
64
1914
96
1670
2473
302
652
208
1758
2398
1461
2037
1370
346
2195
2131
750
72
2413
2022
946
1126
1168
766
1078
568
386
2477
388
1384
2432
1800
2027
2478
850
1737
2444
2278
1618
1790
2020
1836
1210
840
1166
2295
830
1190
1340
2451
2192
1650
1885
2525
216
1192
1962
226
2112
1134
750
892
2204
650
16
1638
2236
2224
2590
1214
846
788
268
2428
1832
2308
2271
1098
1892
2291
2589
530
1146
114
560
2435
2110
1392
2240
1112
662
2410
2617
108
2356
896
1644
2256
2523
1749
1754
1014
1782
2388
610
1210
446
2418
424
1452
126
468
1963
2176
1004
1376
2095
540
2673
1870
510
2121
2505
468
1078
1606
2292
2426
776
1732
2126
1162
2581
2517
2361
1734
1716
2124
462
2395
1764
1080
376
2146
2086
2042
2283
1900
474
1152
400
548
856
2440
1018
500
1060
1190
226
2625
16
364
2128
204
2307
1088
84
1064
1306
2194
2152
2121
2380
2678
2353
258
1941
2211
2144
2570
1104
1542
2386
2410
2291
2114
2350
1676
1904
1803
108
164
2160
1864
2545
902
2220
138
710
2607
592
836
2191
1214
2114
2667
1276
886
1380
2946
1761
1096
2200
420
2282
2314
676
1234
1066
138
2070
1886
2433
2230
1922
1092
2298
374
1220
718
1708
2657
2216
1793
992
1348
1456
2348
2449
2017
2035
2182
1970
2048
1984
1114
2313
1858
772
672
2455
180
386
1146
2233
2191
2332
1214
2014
780
846
2372
2597
252
1488
442
634
576
2018
2731
440
2323
686
2284
1724
2917
2113
704
220
1700
804
1180
2381
2225
656
1132
2354
1770
192
1206
1920
2458
2531
2829
670
2343
202
1370
2293
700
826
2065
2
2060
1078
948
1294
2340
276
2215
2561
476
1088
2322
2056
404
748
2317
1402
922
1774
1698
2323
1841
1356
68
1524
58
688
2299
2022
1981
140
2428
1144
424
2176
842
970
742
680
2244
576
1938
2344
744
1386
384
114
148
322
2306
1056
1901
2014
2502
826
1880
1978
984
2276
1722
2714
2308
2457
132
2195
1060
1150
2177
2117
2265
152
370
1664
1306
2384
772
1084
2532
2064
1198
1156
696
712
2525
1818
2137
1880
572
1118
178
1890
472
2226
500
728
1959
2656
1080
2281
1256
912
2604
170
1588
734
812
1886
2684
2774
472
2150
1928
2405
1958
858
2068
2267
218
468
40
768
2073
92
192
2222
2409
2417
1834
1850
2332
2160
298
454
2486
192
1406
1000
614
2273
2756
100
648
998
1558
1572
2385
2618
738
1410
2162
900
1260
486
1204
1260
1422
254
1884
1260
668
550
2020
532
888
1482
680
34
2948
1068
1102
2033
120
1997
126
932
880
2593
1756
224
2001
2667
2641
738
2336
2352
1524
2160
1923
968
240
878
2383
44
364
1198
1996
2515
2327
200
100
602
2264
2284
1668
12
518
2059
2062
1798
2334
352
2500
1180
1881
384
570
2002
784
642
1934
2164
1823
62
114
1622
2594
326
2448
418
2045
710
292
1170
366
2495
1614
2260
1440
1082
2111
444
2508
1442
78
578
1980
2560
2415
418
2046
2333
2196
2104
2402
2477
2356
268
2506
2550
2268
1798
2405
348
1290
2362
58
2350
2117
2266
2042
1662
1954
672
2460
2375
1728
304
2240
316
342
1532
1286
2005
2324
1016
438
1796
2106
1468
726
418
2450
1050
2060
2304
2158
92
694
2110
2323
856
1898
2472
1975
2212
1916
2251
2592
2310
2378
2224
590
1298
682
1236
632
850
296
2341
764
646
1364
84
1888
1292
2105
2320
2275
2493
2549
630
1938
2072
2214
2280
1042
578
44
1729
1718
332
2623
1218
2391
2433
1340
2426
442
2267
2320
654
54
1130
2162
1272
990
2533
1710
1792
2436
1366
750
2403
1708
1900
1624
2383
2265
608
2878
1040
1837
546
2046
434
146
2072
366
1590
1784
100
2190
1924
920
2632
884
742
24
216
1414
2485
578
1482
778
2277
2328
784
2224
2573
44
2571
2338
2354
2646
1430
2421
2304
2317
2310
1888
2661
1732
520
1026
1184
2460
2464
1914
634
258
1460
830
944
2291
2132
328
2308
1166
316
2034
1276
2136
1430
246
208
1228
2267
762
2403
2587
1522
528
2301
2110
2278
390
2505
1378
12
1494
2267
2032
1656
552
42
32
956
918
1994
298
8
592
1702
2284
2048
286
202
2264
428
606
298
350
1180
1008
512
246
1002
680
216
774
1256
2137
686
196
654
1764
2670
444
2523
2590
1849
1200
204
2533
962
2598
2422
866
1446
1172
810
974
2607
96
1036
2125
2219
86
2512
1892
2361
2370
2127
2510
2185
876
2607
2132
1993
832
2412
52
2388
2300
1118
194
438
334
2293
714
1728
480
450
490
2065
986
2217
1550
404
1088
1626
538
2387
94
2384
1048
1304
204
820
2860
1020
2002
746
2022
72
2526
246
1248
210
1500
500
940
1670
816
1178
2256
1876
330
2764
2040
812
2414
56
2420
2368
1804
2283
2431
2085
1908
626
642
1636
140
2048
1116
122
86
746
1074
2121
610
592
928
1032
1424
2329
2600
238
2159
506
1952
34
328
92
2014
2549
634
156
1963
732
1022
1916
2597
852
756
2256
246
570
1805
28
2276
1054
1600
588
2741
2289
1048
1757
2185
1899
1985
858
1872
2377
2540
2337
1182
2602
2047
590
1752
1914
1914
1602
1196
2619
858
2575
1956
680
2167
2452
1964
2156
362
2107
830
2604
470
490
394
32
2015
602
214
2353
476
1720
898
1578
160
826
882
1040
426
414
586
588
708
2367
2162
1200
2106
2254
372
2515
980
1260
552
2304
2087
1920
2335
2264
582
2363
792
2349
964
2252
1634
1568
804
58
114
2092
2305
510
1868
1746
664
2175
336
1896
160
842
1014
2711
2177
264
326
2536
2337
1020
1470
2025
2124
2395
2376
2070
2563
1834
1100
916
1642
2470
2161
2471
1628
38
2479
160
2210
810
106
1074
2269
1884
220
62
886
2015
1406
48
58
2175
1843
1292
856
2177
358
1502
2240
1296
230
1909
2610
2048
334
612
2049
152
1928
1929
984
2216
338
2272
76
1842
2141
1476
2282
2459
1294
2243
2471
2428
2164
876
16
140
1342
1324
120
1912
2232
1528
644
730
724
776
2078
2363
854
1394
776
2034
1748
220
188
2518
648
262
1860
2313
1058
2364
860
604
2528
384
292
2095
2431
872
2342
326
1462
1608
300
2233
116
466
514
1046
366
1184
432
2357
2403
494
686
2597
2102
1536
218
2202
1902
258
934
258
296
346
2480
688
2120
2381
100
2181
820
2136
152
732
274
1895
1502
2248
546
2017
1944
1720
2549
2792
2295
324
2367
632
726
2715
2255
128
718
2224
416
1686
2476
2036
1574
124
494
2588
942
2230
514
1578
98
330
2134
2205
422
714
914
700
64
2284
886
398
420
1222
954
824
714
1840
2686
16
2347
2326
2258
112
2281
1212
2400
474
166
456
2477
2452
2056
52
2553
2619
1783
666
746
246
1016
2742
252
1959
1958
1904
432
156
850
42
246
1804
2348
880
2041
786
2581
636
902
1516
788
872
996
2043
1326
152
1954
2306
618
2311
318
1820
1830
2366
852
2758
244
2223
458
2115
2200
510
1020
476
2092
2017
302
2632
2207
418
2224
2668
2188
398
2224
2165
2837
2340
358
1837
1608
782
2306
2247
2131
2408
2871
2562
302
2241
2550
934
1356
858
1030
330
646
212
2
410
2327
2492
1064
1686
2647
2108
716
100
1850
2504
778
2225
2285
2374
2752
662
2451
1122
752
2490
1952
1623
36
554
2152
1090
1090
914
112
1464
2377
76
2433
358
52
2456
2076
128
176
2761
770
2578
1172
1698
2556
2359
2324
890
708
1666
2473
2458
2078
586
132
2380
466
1134
898
2377
2232
62
2092
2488
132
1034
1863
482
2085
248
2534
856
1032
2266
2393
2287
2069
2102
1144
1803
2263
2268
1406
2083
580
2409
2024
1108
1910
346
2159
30
2347
966
1979
2730
2629
2025
2077
2514
1670
198
1866
1544
2260
2070
620
1206
474
2041
2146
2322
476
2172
2084
1208
2412
1736
542
56
2198
1110
2312
30
722
676
2439
816
1734
818
670
406
16
632
2340
2138
2106
1564
320
2095
2258
2220
282
2644
282
2593
372
534
248
1904
548
250
510
816
2227
100
1608
718
1426
356
1730
86
2088
2353
2135
2070
612
1446
1546
1482
1532
2591
1510
1198
2044
234
1224
950
1564
72
2224
1728
212
1922
1146
884
1522
1498
2492
988
390
2604
24
2687
414
5514
2337
554
42
1292
542
70
746
2290
80
2554
1800
32
1158
1954
2379
8
362
2258
700
1010
92
786
1832
2449
1930
522
968
2291
2035
1854
1918
1996
2447
2390
546
2405
2186
1794
1924
816
372
26
726
2216
2162
2560
146
728
134
16
310
2238
2373
1768
1198
2282
516
2208
190
826
2741
2542
2063
2322
2144
2123
688
146
1078
1676
1412
1522
1930
2467
1278
1976
184
2592
550
934
2038
2234
1146
2128
28
1428
246
594
1548
304
866
36
680
290
1654
654
66
122
1708
2138
2368
2108
2118
1192
1054
260
48
176
608
192
2342
184
2003
1953
2013
2535
176
1546
2350
2299
2571
1000
322
948
994
2366
2105
1146
434
2466
944
2029
2270
954
20
1370
2275
2125
2049
2289
150
34
1084
530
1673
2027
822
2476
2234
56
156
344
62
540
542
1978
1086
530
1392
278
1854
730
2382
680
1238
1909
942
2521
386
1272
1094
420
590
908
1582
744
200
194
304
750
136
592
506
2353
1764
226
778
660
1828
2328
544
1040
2219
84
538
2138
2323
2687
56
1196
196
2472
1270
1948
1472
1899
628
1334
910
1630
166
2172
216
2522
602
2484
280
166
960
66
1240
2701
2343
1106
2347
804
2326
1258
1928
2267
2586
632
852
1204
1738
2502
242
2032
2245
1733
406
1862
306
856
974
962
948
2254
394
2275
2245
498
662
828
1294
1020
282
1066
660
1116
1844
752
2033
2092
2265
2366
950
410
528
1124
2345
1254
656
2095
542
6
786
480
124
830
1402
1028
66
1700
1432
888
1360
744
1950
2043
2310
1944
1296
976
2294
2169
978
2146
310
1184
1720
714
1234
2112
2552
1300
2076
848
546
338
614
208
2241
2467
828
1851
288
1600
896
284
294
2033
2628
2506
170
854
2259
1967
2677
2601
1024
2298
2167
2178
2218
2485
790
256
1162
584
470
340
1988
136
528
2310
300
714
2366
2427
1792
608
2722
4
452
8
2504
1488
426
864
2217
282
2221
1032
266
822
2070
2555
1082
566
1452
2573
692
466
208
2022
938
26
162
714
308
2506
1418
240
2478
482
2113
1926
1386
794
2216
954
1688
400
2435
2397
1656
492
786
1822
2177
2271
1340
390
1050
2149
1244
1418
946
228
1310
484
1196
232
1366
2060
200
914
2
2292
1716
2438
1054
2064
1170
1588
154
1808
638
2281
1548
244
1032
2570
2260
2200
758
740
2188
1286
2380
390
1594
1300
2000
2577
298
1962
1436
2787
2252
94
238
2310
2375
2039
1114
1110
1967
2469
1746
2044
2610
308
710
2028
916
2318
1232
1502
1636
876
422
2153
1852
2332
362
2260
2110
824
944
1044
2269
1824
1728
1620
1130
2624
126
2155
20
1932
1944
1046
3065
2673
290
2731
400
870
2346
504
1873
2164
2427
2010
1898
468
124
2380
2164
2310
38
2270
1736
132
864
2511
1470
888
140
2146
382
2131
2395
208
982
886
1294
358
346
1048
2269
810
2592
344
2182
2096
2626
1574
2004
464
990
2397
2065
1750
312
262
1668
2478
2753
256
1054
1866
726
2203
554
1398
2239
2563
384
2025
624
1756
498
2435
626
2316
394
12
1956
972
302
992
1472
1710
2514
2384
574
1600
1686
2115
312
50
1222
1266
284
324
2284
524
2305
1654
1556
2293
1838
2307
1464
2511
434
82
2161
1800
90
378
920
2648
470
2279
1100
2219
1916
1112
2100
266
316
870
1184
1512
472
2083
258
1460
460
274
1200
336
2283
2194
2514
2678
108
1336
2138
2014
1746
1188
1466
2748
1336
2431
200
2255
620
2023
1198
2450
722
904
1510
1964
2460
234
1932
1644
1232
1496
66
1438
1016
2180
2125
104
2031
2254
984
1885
712
186
732
236
94
2612
222
452
940
458
2477
2321
2727
2236
2049
438
2500
2632
120
1554
2039
1752
528
2024
1516
254
1672
2562
1292
2346
1106
1566
2244
2634
1598
2420
580
480
1224
1122
1720
168
250
298
2394
8
688
754
2071
864
1510
88
1984
2239
1934
1370
1094
158
1938
998
1044
1901
752
2670
986
2363
478
1999
2647
66
580
1754
748
2617
2504
196
520
2134
860
1180
1738
2098
2555
72
298
600
54
452
350
492
918
2320
892
2108
1298
152
2180
90
1546
174
1988
878
2361
922
960
2545
2192
970
22
914
12
2128
1066
2262
658
1856
928
268
210
358
1108
2512
2414
562
1724
2436
1386
778
426
718
1972
1856
390
2058
560
2224
2338
2530
2180
2352
2613
2225
1236
186
392
2232
838
72
2399
194
2214
2450
2375
508
2284
292
2192
1378
1000
2255
366
432
380
114
2257
1684
2172
2143
662
2317
2410
2093
2454
1108
428
2277
1102
518
2720
374
42
1882
2345
1937
858
32
142
746
2106
250
1250
710
146
1738
562
1216
2296
708
2590
866
1570
2461
2340
808
1518
2498
1548
2346
2486
2685
2154
2336
2453
2471
2548
282
1644
2349
548
2152
2402
474
422
1414
2150
1356
2161
1500
2224
2143
2080
1286
2052
2542
1452
2178
1452
300
2182
924
268
696
68
780
1572
1328
166
2422
550
800
220
1888
604
292
2375
828
110
2321
1034
1724
402
944
1790
898
1418
788
1186
48
2559
878
1326
1328
1074
2165
1272
1476
1716
2231
2122
2054
1946
2112
280
1212
2422
2634
1846
336
1156
2055
2486
2644
2028
272
1052
2
710
1402
1922
414
836
2421
1166
2623
120
942
1378
1038
666
2342
2082
284
1022
1132
1953
990
824
1158
2232
212
926
936
2267
1808
1556
204
2018
516
708
1844
596
476
2913
2435
460
2118
1858
1666
2205
112
1958
130
1368
714
380
1798
2006
2491
2180
362
2094
2522
1254
1508
2424
268
310
312
202
2215
284
2680
624
428
606
1172
850
2052
256
2537
86
2626
2389
2365
2200
2397
1968
1010
2219
640
1539
6
1388
2394
708
2332
330
2633
2374
2057
2253
2244
668
2328
866
2177
1920
2094
2480
968
1674
380
842
1578
2299
18
1304
2081
688
2514
154
172
766
2065
1276
134
2298
2606
2435
344
2426
2440
2199
118
218
174
2788
2074
1254
98
1971
362
2061
1662
742
522
196
2228
8
988
108
96
518
1886
168
306
1552
2337
1096
1490
286
588
2408
2202
2135
1054
608
580
2308
464
238
1132
220
2452
2568
2738
802
1930
1917
1690
2480
2731
2158
386
480
2510
774
1154
1118
2224
1910
2450
2330
2059
2732
220
2706
2341
900
6
116
796
688
2512
922
1885
2378
2028
1592
58
2596
2074
1328
160
210
1156
2103
2006
1364
2217
778
1078
1260
1626
718
2355
2099
82
1252
2286
1632
30
2319
794
754
2261
610
628
2359
2545
2487
1422
706
526
176
218
2271
2376
1834
2161
844
1794
1518
74
652
2711
2192
806
2247
1010
1504
1178
2323
1346
430
1252
1810
518
1216
2289
26
662
1028
1570
1020
1644
2497
1895
1508
2181
240
1170
268
670
294
1676
6
2316
492
2092
2165
2482
644
740
922
408
2117
2278
866
2347
1052
