1965
2147
2242
2100
2168
178
2288
1860
2025
22
1176
1438
1186
276
2362
738
190
28
1388
2627
984
622
2126
396
244
1454
1794
1952
1618
2236
1702
1862
490
1126
1070
1758
2389
2638
434
2754
2437
1388
2227
1418
328
2336
810
2455
16
340
1484
768
762
1971
16
2428
2156
44
74
544
1144
496
2457
630
2490
1844
162
978
2314
470
1516
2522
830
898
2283
536
2004
308
346
690
2013
1744
1578
1158
2122
1838
2492
1876
2376
2147
2007
220
2293
198
2090
1934
110
2309
1226
2575
1336
1964
2222
1628
2070
2001
418
998
2249
336
404
2337
2512
120
2406
580
710
2497
2024
2431
1528
180
222
402
768
1770
2124
2181
784
1014
1812
2200
170
2332
818
210
2392
1814
2134
1188
2146
90
210
438
2663
440
1475
862
2388
1556
2696
2091
202
1206
140
804
340
2063
2295
1004
418
518
1106
382
1098
2330
1792
2198
848
2479
954
12
2299
970
2270
2446
2500
1388
122
2141
1975
2561
66
1822
382
2442
20
122
2289
1726
2255
1224
2152
1378
1763
150
2166
1919
884
1898
2456
216
1572
484
342
1124
2372
2106
1282
198
464
124
418
2504
2491
362
1754
170
1961
1380
2198
1428
2106
696
1810
1662
540
542
292
2141
2593
2175
2197
336
90
350
2
306
1656
164
1876
1860
38
350
796
1158
2104
820
240
746
448
1864
132
2205
464
1894
1546
2010
554
2305
2252
2510
2581
1626
192
2631
2151
2347
1742
2522
2645
466
1088
2376
316
604
142
2312
48
856
1446
2764
2610
2113
2566
136
852
502
2600
1180
784
1174
342
572
260
1534
1394
2003
2720
350
2448
1306
2612
570
430
2217
234
1720
2601
924
812
1412
2514
1583
236
496
1634
2463
2150
1272
2030
2601
1720
2096
2327
1002
2291
2285
388
1724
442
1532
2062
1332
1192
532
1366
1626
306
1714
2010
156
670
2247
896
2272
148
1202
1750
2138
2083
278
2567
172
2165
2060
1720
2232
2253
1158
1590
2320
290
2133
2068
128
2188
20
2100
2392
532
292
718
118
954
494
2524
2040
1572
2040
422
2165
988
376
2523
1024
392
2557
874
2266
2219
806
72
2481
640
2190
466
382
302
1952
240
1016
706
1460
518
1972
1076
2571
974
2222
488
1392
2010
226
1138
702
568
412
188
1940
98
2042
2054
826
2762
714
1996
1442
1396
2542
2474
740
2492
516
460
590
1458
1076
1446
1544
1306
156
912
2231
234
126
598
228
2262
50
2496
978
2098
96
100
178
1680
1410
622
932
1976
2491
2461
1478
160
2189
2409
1572
74
748
2303
2045
2318
400
58
1200
276
1066
1898
2073
2185
2030
1636
764
624
1354
1644
2117
792
886
2283
1616
1096
172
2666
2176
2647
1852
2351
1374
1386
718
1930
482
418
122
536
94
896
316
2278
2028
1038
1166
2397
1821
2165
662
1110
78
1728
964
1390
250
880
1002
1084
2505
224
462
2386
810
940
518
2088
448
2430
2438
746
1464
304
2305
274
1564
620
3063
1088
1812
1380
338
482
2536
340
2085
92
2525
2565
1948
2230
868
2750
2432
120
590
174
1314
2110
374
156
1012
386
2698
2081
2569
2268
1198
1606
270
1896
2674
2250
2219
1354
2640
74
1170
1322
2348
2041
2452
1420
898
2075
1780
1566
718
1458
378
602
2088
872
2038
796
2503
48
1346
1094
330
2474
1806
2100
352
2534
2247
1050
2287
1426
2444
288
2296
678
1700
566
330
680
2232
46
502
1382
2313
366
94
756
1994
1124
2249
630
2351
2090
2020
2216
1760
2008
1664
702
576
394
18
710
516
330
2665
2504
2423
1622
338
134
2016
378
900
2516
2401
1759
900
1538
1106
1156
2540
20
2138
2644
392
1398
1824
2183
2329
1436
640
2521
918
142
2388
2327
128
1336
956
274
2220
2167
1522
2406
1006
2096
1846
2205
238
2790
2118
1792
2326
652
880
300
804
938
1476
2143
2368
1932
2213
1562
828
302
362
2248
1730
1126
1766
452
1362
1486
2260
2132
456
2912
2393
2339
1636
546
322
1802
1948
948
458
1090
222
2270
1272
806
2326
48
2556
1370
578
1970
2274
1967
770
1590
2699
906
2304
796
1128
2072
876
1290
936
630
2593
1104
1396
1828
2297
2440
2226
1636
1396
2212
932
658
1919
1524
2308
438
616
2331
2484
2624
2514
146
1424
116
544
2139
1030
306
1454
2457
2045
496
1052
1310
100
268
1384
2197
2324
572
2367
1082
2029
1924
2037
50
202
2450
2660
2311
2428
1174
2577
2391
2447
2240
2179
872
102
2472
990
442
2427
738
1112
2410
30
70
1132
218
1458
2377
2522
284
114
810
708
2336
1726
2680
604
1598
8
826
152
2058
58
106
1100
940
1006
966
1884
1502
1430
708
424
2112
1294
1998
274
2210
1212
324
1070
2473
2034
518
2116
1058
106
1270
898
90
1278
1006
82
1112
1756
2248
1406
1156
2436
284
1364
2290
714
452
2380
2218
1626
1080
2061
1102
2394
2182
496
2112
2392
778
2478
1664
2508
2483
2130
1038
554
246
730
2397
760
824
2245
1984
2567
2350
2529
126
2571
1529
1937
66
44
840
88
1969
2332
2614
2230
2008
2133
2255
1528
2309
2861
1438
2177
1988
630
2078
1200
2383
1972
2340
382
1994
1050
104
2316
2040
280
2327
564
1912
248
2437
6
106
276
2245
444
498
1362
1134
264
746
2158
18
1990
8
2681
1236
1804
956
2438
162
882
1574
2180
1432
1228
1973
338
2082
2233
462
2153
2588
1088
1696
2136
70
762
360
2179
2006
222
26
2175
2726
734
814
1348
1526
1322
1108
684
2027
700
2332
606
562
2194
1764
2392
392
1244
518
1890
956
2234
550
2192
728
566
2000
2380
428
700
1330
44
1596
800
2123
2415
2563
1642
2039
994
1888
2246
2602
58
1072
886
1895
1418
2265
2215
2011
1628
1876
1810
2509
1855
2195
2254
1468
584
2049
2406
564
1913
1624
2348
2323
2549
366
2032
2615
870
270
1998
1806
74
1028
2329
2632
2227
2650
58
606
38
376
2110
2217
306
326
362
2358
1816
2329
1440
146
2143
2740
218
16
2010
2380
2210
1294
148
58
2274
1004
642
1114
2452
2054
1782
1724
2071
968
866
2232
2295
610
1234
1528
718
86
250
778
758
356
1768
1868
2262
1448
2379
2632
1752
540
1638
704
2664
2458
2368
8
132
2081
2062
1320
1210
1058
2131
292
580
2449
2548
1766
32
1628
70
1789
888
1032
46
2530
2277
2378
2210
2558
492
158
2125
84
2475
2233
4
2214
218
2341
110
786
1738
2401
2586
1819
1010
2366
760
568
470
1084
1142
1656
2148
778
376
626
518
1050
460
1952
806
1782
2198
1781
2490
42
2681
1628
2389
120
152
2308
664
394
2083
146
1574
2219
1156
1738
398
266
2665
268
132
2068
2192
1490
2128
1946
2236
2792
1626
1632
1778
2490
2288
2517
1922
652
1214
1692
2113
196
698
1238
2148
776
338
2418
960
826
1288
1010
1792
2303
2322
1606
2174
1894
630
668
1450
546
202
918
2399
898
2585
50
1714
490
94
1094
1604
142
632
676
1686
1388
524
1596
200
2084
2553
96
1228
470
618
1542
618
556
2565
162
2320
10
2186
1718
208
1414
1814
2263
1724
2062
1808
2712
1312
1841
190
682
2677
40
2201
276
1130
2352
322
2372
56
424
1632
2115
2435
306
1594
1222
2388
830
160
2471
682
902
140
2435
138
634
1576
2070
2266
2081
2232
550
1090
1794
402
1082
640
1112
154
90
376
274
1096
2009
2313
2248
1122
1214
22
2612
952
1060
896
622
1922
18
888
336
2311
1004
2498
2126
2288
210
1788
1194
2789
660
40
2173
64
1776
60
1807
2030
504
2182
1786
1702
2654
182
26
68
402
14
1126
1080
2190
2074
716
330
558
676
820
124
2231
274
2592
1132
680
2012
1176
2237
2181
214
1296
1602
1977
858
506
1360
476
830
2023
1896
956
2601
1714
1958
1402
742
2107
2454
2300
2087
866
370
116
1766
852
2488
2344
832
2146
2376
376
2752
2390
2286
34
2440
890
1706
2582
422
2465
2259
640
894
2098
2140
82
588
1342
1714
874
1836
1546
384
296
578
2333
214
1856
1280
276
1276
2242
2255
600
68
2305
2442
560
1176
518
934
26
1082
640
1392
2363
1004
1696
1174
230
1756
1286
250
700
96
942
568
94
1902
748
208
2024
2447
1688
2671
2124
2007
2391
8
76
632
82
182
2959
540
1689
686
2508
196
364
316
1916
2366
2183
2201
2762
2402
694
408
2250
110
1096
1038
2391
2698
2445
976
1092
518
94
830
2455
220
2015
1130
838
2212
480
8
1330
1202
2477
2551
1470
1100
2367
242
1620
206
988
34
698
2288
686
2118
1992
2190
1728
464
2128
658
2453
362
586
2366
2312
248
908
520
1880
2204
24
1098
616
1173
134
1990
292
1806
1568
1632
2430
2233
72
284
1996
2262
2207
324
2260
2365
2374
1524
552
500
1692
88
412
1300
2396
2477
658
4
1442
162
1762
134
1226
2110
2104
854
958
672
2475
2020
2585
2242
366
220
2399
80
2148
1558
480
2030
2150
792
1348
2496
1888
138
2574
1006
402
540
1583
420
1746
1292
2097
770
902
2490
722
1942
622
392
682
542
1668
2251
610
174
2208
2042
2240
2027
1724
470
2631
950
2294
2275
2173
1710
686
684
2230
2154
462
2183
168
2308
1758
1866
616
1530
2024
1951
880
1142
1628
2131
2497
1168
2367
638
2641
738
596
284
1934
2226
2034
2320
440
2354
2407
2297
892
200
1320
2424
856
2480
2237
70
1214
1706
1990
2190
2236
2487
2155
350
1904
454
200
816
594
86
2060
1008
1602
2046
2528
2687
2182
722
654
278
728
2233
160
2730
1344
206
1412
2199
2409
2204
2485
64
2289
500
2794
1978
586
644
230
2189
500
612
134
568
952
2476
1926
2403
1600
2556
1308
350
1278
2026
1216
2560
1356
710
180
1452
764
88
324
2303
548
56
158
2612
1946
2207
940
2379
2303
1130
2388
456
2696
1736
1546
2453
354
882
1628
372
2064
88
1556
1008
2337
456
1976
238
2412
2387
2370
1202
708
2362
1174
24
2697
2176
864
2143
716
2411
2528
562
676
1938
878
1840
1920
1877
646
2298
664
686
2292
1064
1474
470
1916
2309
474
2415
138
108
2068
4
2014
476
1356
518
538
1669
1254
2110
920
1030
512
486
212
1184
918
1944
2687
2303
1392
2298
1842
1106
378
1004
1917
2142
490
2200
1552
2640
2681
2418
2090
2402
1530
1290
2179
460
916
928
594
1654
230
1356
86
72
66
774
406
402
2299
616
1420
270
1666
1808
2106
134
2372
738
2741
1010
44
286
1112
252
318
684
2366
202
1032
2298
1846
2190
842
2460
2139
784
1334
462
686
600
2430
2215
584
2255
190
2172
198
196
2140
2541
154
164
1530
2335
92
526
484
2255
206
304
986
2113
448
142
2285
784
720
140
1582
2419
358
1560
2116
1292
476
138
2469
1008
860
728
2258
920
2558
1750
2528
746
2086
192
2139
1939
1726
2527
2126
324
1108
1098
1650
514
128
2575
2180
826
1116
1166
200
378
1264
732
2077
2363
1510
1602
2214
2008
280
772
2395
610
530
2430
1070
1464
696
2063
2120
548
6
1694
2153
170
2223
878
662
2365
428
104
1925
2210
514
2530
106
1416
2379
2068
372
2319
246
736
2342
2392
516
2276
846
598
340
920
1814
1258
2663
2503
1885
2226
2556
2070
804
2238
848
284
1756
2291
1650
1941
2101
1034
1562
1816
322
814
588
2292
114
1334
1842
1628
1244
2533
2198
786
1212
1744
784
2379
2456
1566
2096
2026
2102
1545
448
72
264
1859
2102
556
1748
2376
560
1958
1380
160
2062
1474
1490
1706
2452
2089
1800
2167
1102
1630
2068
372
1594
708
778
1838
856
1570
1728
536
1680
2058
1362
1190
2015
2167
2569
2419
838
22
302
346
370
136
1638
334
1000
738
606
2251
2102
258
2495
2117
2552
1670
406
150
390
146
786
960
844
1838
1276
2134
134
470
104
972
1896
762
2060
2145
1084
2032
1584
1188
1362
2320
2030
802
1450
132
2629
266
144
392
92
2015
1606
2302
806
2680
2146
380
1836
916
16
276
762
2671
1442
2383
2442
1600
2585
766
1674
2472
10
10
2613
2426
1760
164
1916
2398
1280
458
1136
968
1840
1172
1338
1236
640
448
1182
1130
2527
2271
410
144
2204
500
1584
28
2123
1778
1528
2399
1400
2112
2358
1028
2046
758
1324
1860
1560
1974
332
202
620
2198
154
954
1322
278
194
476
1750
1914
1712
2226
1086
724
68
1756
1268
384
710
2362
300
2420
2105
1082
1852
4
2108
2372
2022
2658
2670
1054
2022
2070
744
2573
1652
20
1886
1620
78
1694
422
2434
146
1408
852
1668
2449
40
1976
1046
390
1890
1330
214
2698
1108
1094
1752
300
2428
1116
596
480
2414
306
642
2259
1300
694
2114
234
1252
510
1862
994
334
2486
426
2836
2480
1833
2549
1180
268
1228
2501
2507
1058
82
2254
1340
2043
1866
2279
978
586
2608
2662
1078
700
2333
1480
2701
2101
736
600
2499
1032
772
2199
1694
556
316
2151
884
2434
498
1881
724
894
2107
2700
2141
2293
1232
54
932
2253
1740
346
1178
1914
588
84
2225
2215
288
2632
1520
2612
2575
498
960
958
1770
1742
602
2234
1859
500
434
234
354
888
2047
1152
202
68
2084
2075
166
2134
2398
2000
780
314
2620
528
646
1140
1836
904
2531
2449
2150
2276
2555
594
880
2044
736
2168
2182
2492
1826
2486
2323
2539
232
1198
1566
638
1650
2250
754
2340
276
584
326
1130
1956
236
1938
1934
774
298
1048
1088
2114
2069
468
1606
2346
2337
94
744
2146
140
1402
86
2045
1792
570
202
2390
114
80
1914
2255
810
418
428
1162
18
2385
856
1482
912
1158
2000
2698
2158
1154
296
316
2585
2475
1192
282
876
2770
178
2341
960
284
92
954
362
1790
2186
418
2291
1578
992
726
1208
194
1896
460
118
1840
526
658
1908
1196
2536
2475
1476
770
1186
230
116
706
876
2368
112
504
860
1796
1592
2600
1576
572
870
92
1402
2579
1146
2586
2120
1008
308
630
2196
2482
2467
1038
12
544
820
1030
2335
2497
2212
1896
320
332
2441
2159
2263
278
2307
2166
1520
54
1256
1270
2369
768
190
432
1794
998
610
2209
224
1344
2316
2188
1382
1190
330
780
602
580
910
2092
1740
1582
130
456
216
2110
2530
366
1224
538
2228
2401
2490
1380
376
2224
384
1372
1790
1366
2554
2400
2609
1026
658
2417
1246
140
82
2362
1610
1586
1514
2085
1925
562
1314
1630
176
508
336
1050
2238
2478
1870
2614
758
148
1900
1506
72
1182
1498
1550
920
2136
434
1852
2528
464
1704
154
1908
2528
446
2493
132
208
1436
2254
16
1210
1780
498
2218
1586
108
224
260
382
2363
1344
1474
2173
434
452
2122
2496
142
534
2405
334
1290
1666
1570
2375
24
696
384
88
800
2043
212
2524
334
712
858
1500
682
1172
1190
1588
402
1724
2107
100
620
978
1850
920
2239
222
554
1138
1668
394
668
692
344
2301
798
706
1538
2456
132
1668
546
150
1246
2082
2171
2370
852
1850
702
26
2161
26
2546
1352
1620
2162
2004
870
170
1202
2252
1595
1452
78
1776
842
476
1460
2610
1600
2102
2201
2512
722
514
740
408
766
422
94
1989
2188
2205
236
2462
60
2408
1388
610
1024
592
1954
1702
1506
596
1910
650
332
1970
570
2755
2044
468
434
1428
90
2348
1520
2158
446
1420
1704
1636
2206
2042
282
734
1074
524
198
2135
2155
300
1524
2425
1062
2502
2494
2445
268
336
2428
1550
986
2595
2258
346
1800
2467
1833
360
2491
2046
1544
982
1088
1860
828
834
1789
1424
2336
1612
1702
1438
2112
490
1935
2120
2205
546
2613
2062
266
2130
1941
178
1062
284
2353
714
1184
32
146
8
2506
756
538
1614
2200
402
1754
266
458
1688
1368
2150
2781
114
2504
2106
2508
2848
2156
310
616
2381
2170
2208
1330
2367
2
796
448
624
1628
1448
2323
2167
2258
1214
1090
64
1780
2522
196
956
2290
2113
2227
660
784
1770
1466
2215
392
866
2346
2402
1833
2862
2169
832
2265
168
1708
2234
2757
110
1978
578
2626
2239
1488
1658
612
1896
2347
1320
2251
256
1022
2052
4
204
502
2089
2314
938
336
1794
1534
68
2446
550
2091
1766
698
816
466
816
2215
268
1800
2640
2002
2424
62
2286
10
2348
846
140
1950
670
130
2020
1730
96
2202
2380
340
634
656
1044
2533
794
2392
2149
2167
516
1048
1310
1186
68
2021
2619
226
1426
2373
2320
1959
1216
1252
1268
404
766
2316
296
1756
646
2564
294
2152
992
260
1442
2086
126
2325
1266
360
2035
1646
2128
1754
1342
2304
1016
2483
342
750
2497
1334
880
1586
866
542
2258
264
72
2141
1730
2525
94
1016
2163
2696
444
444
2241
148
794
810
2563
962
2182
2476
1408
1408
326
830
1368
1832
2130
220
272
1228
718
418
2576
2069
2122
2123
2350
1184
568
2033
888
220
750
2181
304
68
1594
1828
1708
1174
510
2536
2522
1788
2137
290
2178
2287
2348
1000
888
1666
2354
1060
2574
986
1674
1474
2701
2104
222
1388
1228
2667
840
428
5796
2026
474
1286
1991
2636
868
16
2092
1740
2019
1833
2238
1182
1812
1734
1716
2197
142
1833
1494
958
2635
636
1050
2483
2638
412
2157
324
2129
974
176
2146
1810
152
464
870
1756
266
118
102
624
526
2096
3358
1981
2197
2171
392
1080
2255
1766
1846
944
1438
1482
1508
2364
2543
1996
2286
2294
18
1924
1402
320
2795
32
2160
952
2120
2029
466
944
2485
1498
1254
90
860
2254
2470
2450
2084
2208
774
304
1038
2506
26
1298
2526
986
1915
2546
2610
2494
440
1836
2178
8
2002
1582
2416
244
2234
1084
240
158
2034
702
2541
226
2170
1556
1997
1858
1302
76
1066
304
138
2694
2229
2082
1350
2692
774
596
2193
200
1010
1636
298
494
1999
570
2296
150
120
1904
458
1792
2221
2900
472
2549
2294
634
664
2248
2105
2606
80
2476
1012
230
40
964
2282
6
2525
2232
1188
438
1985
254
2626
2256
2547
794
2386
2088
362
1865
1078
2038
350
712
238
1896
1854
2085
1484
622
1696
2713
2376
196
2095
636
442
2448
2353
1128
916
254
2295
2683
2036
1042
2470
2388
2030
2138
1234
450
2924
314
1692
2549
254
2666
2585
1910
494
918
994
2102
1642
2654
2325
360
354
126
1420
1882
2381
2083
252
460
2277
528
30
516
1656
2445
2504
284
2703
2308
24
508
2448
542
1360
1474
2378
2353
436
1838
1084
216
1769
3966
986
852
42
2538
1594
346
1610
1368
1872
2208
426
820
1168
2224
1222
2612
1090
1620
1598
1144
242
1292
968
2391
1136
950
2482
2340
384
1880
1178
2346
1534
306
1000
92
2389
2030
1806
626
232
422
158
2182
1362
1712
1378
1770
698
2042
2544
1876
720
1326
2870
1496
306
134
1342
2139
272
2129
2089
1144
356
926
228
1526
1770
1322
1388
356
1692
2622
698
2306
776
432
216
1776
2463
2459
2217
2376
296
2538
1562
2134
1286
284
2338
2170
730
2412
1344
2504
2295
842
846
348
1898
258
190
1060
2519
2145
2603
2279
670
2290
504
146
676
622
302
1594
1436
1946
1264
2270
688
1288
1658
558
2486
1050
1140
2280
76
2263
1060
630
1872
754
260
16
1112
1146
1679
854
1536
888
1446
654
1338
1970
1588
1300
920
2118
2159
1324
2331
1144
2042
1892
2235
2332
2610
2176
598
318
2013
2405
816
640
420
1230
2080
1440
2570
2011
2115
2487
1836
1804
450
1832
906
2590
1040
1684
2412
2422
672
412
230
2346
300
396
1516
58
2392
190
2394
1302
1178
2680
652
518
1931
2577
14
920
2105
2152
2339
464
2234
558
876
1792
2033
2287
716
654
922
640
202
2459
1898
2222
2261
2080
14
1866
788
1416
510
2246
830
2092
1816
2405
2413
2132
948
2627
658
2127
408
1648
220
1442
2155
2539
2173
814
198
2340
1847
2672
1924
2158
990
24
2474
1036
698
1458
2411
252
2051
2708
1010
120
2539
1968
1148
2129
142
914
1668
246
1840
774
2146
2001
2420
804
30
734
1142
774
494
78
2234
156
1661
582
512
702
2076
2097
324
626
2118
988
1660
2070
2003
1198
238
2098
410
2470
586
416
156
334
2264
452
1992
2571
34
2356
2299
1736
1710
2186
2174
1538
2373
2324
2177
486
2523
2344
884
2341
268
2162
2208
1528
438
2014
2626
2024
1856
2167
2608
1562
158
466
1254
2310
856
1846
546
450
188
742
2232
2819
624
1992
1730
276
1416
2661
2373
2417
2254
2659
550
1588
1502
8
862
64
2215
226
2140
2533
508
766
910
314
2152
2307
2534
400
2563
1464
2501
2242
2068
1634
2118
1662
212
886
52
2207
622
1398
1952
1878
2318
1264
2218
2953
2388
1520
1628
1922
1372
1588
1922
26
14
2343
524
1228
2514
1176
958
214
2214
68
560
164
2014
2443
2140
156
1848
762
972
2081
22
1970
528
2178
1594
36
312
442
520
424
408
1784
2016
2309
2221
704
218
624
2502
284
1654
1440
1664
2275
322
1908
120
852
2303
1716
1943
408
1034
1923
680
2392
1302
2103
12
722
2287
1498
1016
2388
2214
170
408
892
1676
2119
2054
1042
1748
806
556
2537
2284
798
82
1828
36
248
2
1518
2508
1148
2154
1454
1758
1724
176
750
1778
2453
2300
1002
554
2331
52
558
936
1813
2105
1008
1070
2302
1100
728
2674
322
806
700
1942
1862
2269
1214
844
1098
2301
324
148
644
100
2184
2321
438
2257
586
528
606
150
2215
2131
1210
2351
560
954
2264
686
2437
2122
278
1318
2045
242
1192
306
2301
496
2012
2166
1595
2510
2107
2483
1412
2734
286
1788
114
262
790
2276
852
1150
2076
1032
282
2424
1520
2276
66
2199
52
1344
882
74
690
1022
2214
2534
614
690
458
1934
2056
2
578
594
2043
702
188
1838
126
1530
504
1090
2774
2208
1632
2420
662
2646
886
2009
1866
1078
1050
2482
582
2317
362
2115
1222
1338
512
922
2437
718
462
260
2222
2157
1092
1034
280
2561
810
526
10
240
52
500
1854
408
196
2104
128
2389
622
1600
1496
132
514
72
1760
1534
434
298
574
646
124
2104
514
132
1586
2460
2584
744
1558
330
544
1978
114
664
1550
2251
1188
2028
2291
2575
286
466
1584
328
2168
2108
946
2130
1957
2541
2589
2511
398
186
368
288
636
2522
580
958
1596
1186
456
1366
2373
6
1164
164
2325
340
82
220
2573
2429
56
2191
1560
2447
1454
1842
2500
2334
2517
2464
268
1014
2613
2605
2407
1084
1224
130
1048
1945
984
22
684
866
1276
464
4
2153
2731
1438
2178
826
2169
2404
2220
2210
2444
1890
1434
676
234
1672
1600
870
2178
132
944
1898
1618
1666
1554
496
2626
2189
2320
2066
2448
562
1154
22
38
2274
2170
424
2055
352
886
1622
2042
1500
2435
202
1890
1118
2706
242
934
1176
1026
2378
1640
2272
598
882
238
660
2468
684
368
1646
224
2290
66
1116
2118
2575
1020
1942
2162
2163
2448
1234
2106
2263
676
2434
2483
1270
2173
670
1582
2531
2133
1538
2179
184
666
980
734
514
464
2294
2
1875
1676
436
12
844
606
350
284
428
314
164
1288
608
60
442
1882
1304
152
1458
158
1244
910
94
1758
1628
564
2692
2719
14
2450
1468
272
1919
1164
836
164
2786
1996
1042
498
1664
586
1268
234
2406
1872
2371
198
1342
1340
2617
1196
2404
1984
2007
1829
2071
1722
1918
572
376
1214
248
530
1665
1066
462
1958
222
260
2152
2040
2487
2162
2164
1336
1762
470
400
2201
588
580
2274
60
2021
196
1936
2220
58
592
2662
812
2335
2493
558
256
632
2292
2160
1142
1490
2400
1912
1548
1162
2364
1080
1050
380
754
2399
714
1494
1050
2232
724
2661
1702
1792
2378
830
1950
1154
1404
346
2293
2247
2040
1538
1548
978
1346
506
2602
690
1390
1002
2247
2260
2385
644
2242
1514
1098
834
900
1725
716
2239
796
1358
2244
1410
2718
722
1897
2094
174
2547
536
1954
2283
2008
1144
1160
1604
1538
228
2741
2231
224
482
2349
1462
456
2582
450
454
442
2281
1396
946
34
1550
1210
560
2420
1692
404
844
1348
2507
2369
468
2511
1426
312
584
452
2155
2227
330
2253
2756
2147
1881
146
1024
1124
866
1414
2134
2152
2163
1220
978
1916
2434
866
808
2756
106
500
2276
2548
2386
1736
2596
2463
12
1882
910
816
1666
1882
2282
2317
1070
2698
1902
2545
2570
1354
2179
906
736
2605
2425
1945
1106
408
2183
2632
188
1870
2502
2329
2103
2304
318
2240
2191
772
270
1164
2342
1436
2347
1430
640
2257
2058
1244
1820
1923
2286
414
2333
2198
738
1624
100
2444
1248
238
1260
2047
1969
2261
2563
2168
1974
1408
380
2046
1914
2030
2000
2261
32
388
1850
2039
494
186
2322
2391
2264
622
62
2254
1993
712
2278
698
2514
982
1498
1881
2310
2458
996
4
1646
2139
734
558
354
1940
2009
808
32
466
2441
2212
2241
1946
372
238
2089
1286
868
1862
2099
642
1182
666
1030
244
2284
2319
2554
2387
2204
1806
648
2253
406
2068
1056
2504
328
2304
486
460
2446
1658
1564
2269
2533
2497
2295
540
1384
980
2744
2518
2329
354
2251
2508
1286
1814
414
842
1204
1038
1024
2119
1604
1730
1534
710
574
1150
768
640
1322
298
2331
436
242
1767
710
534
1056
1304
1604
2284
2276
1012
1030
2377
492
1450
2296
1524
1528
2118
494
970
2196
72
1204
896
1090
3062
2179
500
166
1668
1820
136
2326
1168
142
2148
1886
2278
2354
2008
2690
1868
2171
678
628
2467
2076
2474
2158
330
94
2153
920
354
1524
1248
464
2398
144
2448
2269
392
2098
1428
1206
48
454
1242
704
1432
560
1174
2389
2771
572
1871
818
700
342
2316
886
192
218
2092
2230
2455
2124
2290
890
302
854
2208
2611
418
2485
1840
1482
218
840
1524
2100
2012
72
2200
436
378
604
2352
2383
90
2678
664
1384
472
394
150
2191
2010
2304
1612
2064
1026
2541
928
1987
950
1962
718
360
206
828
630
2513
2630
60
680
1116
2682
2152
648
2174
2416
1759
2229
2310
324
962
1714
98
2276
2151
2208
2471
492
878
258
1474
2122
1648
2518
1348
452
1642
2560
1721
2412
1090
1298
530
516
1204
2468
1044
794
2190
832
584
1154
502
2274
2014
220
1040
2320
272
898
740
2644
706
1813
1174
116
1150
1402
2357
1470
1970
284
440
1210
2406
2233
2073
2408
1928
1814
298
664
2932
360
904
204
54
868
2068
284
2186
2250
1776
1284
2119
424
784
1006
1764
2606
2288
118
2683
2307
2282
2338
2182
220
2160
684
2259
68
566
562
2294
774
2420
2337
2053
1680
2318
184
1112
2264
2172
294
986
446
1076
2112
1180
1284
376
1392
1056
534
2628
1986
2140
2142
2352
1044
1196
2314
1246
2276
1044
2272
1661
2437
2048
394
524
2188
1944
726
2126
2838
2102
974
2524
2243
250
60
38
846
2280
1490
1882
2141
372
2476
2253
82
1880
2127
2556
764
2507
1198
768
2708
1714
88
414
2428
2030
948
408
1778
1834
1026
1362
800
584
1324
92
372
494
1038
2686
1788
2114
654
2381
1150
2265
1070
304
200
660
2584
2324
570
82
2417
1738
2282
346
364
2628
2299
2020
2462
2300
2389
1556
664
1282
2088
812
366
1620
2297
2343
1542
1074
1266
2153
870
2086
182
70
2099
974
646
782
282
388
1370
30
8
2004
1440
2074
1758
1516
2033
1502
1246
1216
1044
2349
770
468
980
68
178
2018
1294
2400
2423
2217
1994
2729
1972
2493
1150
1964
1939
2136
986
190
2181
2116
684
1855
1092
2111
1988
1922
1718
2260
1970
2254
2344
68
1738
712
876
134
1572
2303
580
392
786
2248
364
108
1344
2536
2108
2227
2404
2219
550
320
226
820
1972
1238
2376
780
1942
276
1642
1520
2238
2182
2169
1963
152
1760
982
2034
1212
2038
2116
1906
866
734
1218
1376
218
2272
940
1608
2364
2901
214
322
1168
2
158
1456
2335
2320
2152
1918
608
680
1884
2530
244
216
2808
344
692
2641
1826
2266
1078
676
2361
1030
2064
2521
1208
268
2322
1554
1210
2314
706
1520
2468
1792
452
318
1672
1796
148
2011
958
1004
584
2315
382
594
2348
2311
2020
2592
420
1652
48
2014
1104
2470
2545
202
98
2472
2516
2196
1590
1010
374
2588
504
828
108
1558
1742
210
6
1874
196
2018
2082
1344
1977
1688
1454
1864
1454
758
152
984
2638
84
1844
940
2424
970
2228
590
314
2068
1982
2203
2172
1910
128
126
688
1322
2098
2169
364
538
44
772
1254
1278
180
2116
2133
2346
602
1378
2055
406
2318
1470
470
156
2271
1764
108
1694
2704
726
1668
2505
438
2078
2444
1976
336
2265
1984
1798
110
1430
360
362
602
2595
130
2185
482
248
674
530
2218
1114
2208
1188
1940
738
450
1818
1788
2354
2332
350
1744
740
1312
2210
1014
236
560
1434
2321
2304
226
160
2557
2076
1844
96
156
1598
564
680
440
846
2314
436
332
142
1734
134
22
470
1994
2372
2264
708
852
2470
188
1104
1002
260
246
1602
576
2532
652
144
2037
926
736
2092
2363
462
366
2232
1230
1288
1136
476
2390
544
782
2585
1840
2142
820
810
318
30
2481
214
2262
870
74
1770
1050
1122
2560
430
2226
2006
530
578
2446
1864
1198
2291
610
664
1766
1975
1074
2484
366
1044
2065
2188
2143
246
632
2203
2500
2236
1814
1846
2500
1246
2184
1502
594
1913
910
744
1841
2273
2035
284
456
2110
1466
406
592
1246
690
1554
590
1888
2058
1490
2194
1430
2238
2341
2204
1910
2532
1934
1652
294
448
444
1398
2555
714
1244
2179
688
2438
1298
1274
360
2116
1654
678
1510
474
348
1966
244
1010
2486
942
420
342
1474
2231
364
2111
2279
2417
2008
272
434
2046
2149
1766
480
2248
144
32
1572
632
2206
622
104
1938
82
368
1973
2426
1888
182
2334
1850
620
2177
1524
622
1923
1206
744
2131
978
1952
150
2123
184
1814
688
1976
2518
2156
2556
506
876
976
2646
1108
2514
46
2371
2237
812
150
1172
588
2384
1690
150
196
1386
114
2246
4
3419
2311
2470
1903
2038
432
1871
1940
1760
970
1610
2202
1526
2240
1893
2094
106
1828
2050
1272
1264
998
2452
2462
2189
2421
2176
330
142
22
1570
2301
2364
344
2278
1092
696
2253
2410
1654
980
724
1562
1414
1224
1912
2426
2510
888
1978
2276
2027
2525
1424
1620
10
574
512
1915
2439
2413
2618
2239
1696
884
462
1768
2702
550
234
1076
852
2734
796
2057
1974
2030
2151
2566
2199
2369
3031
2123
2443
750
642
2373
1142
16
2274
44
2030
582
1210
262
714
2224
2245
824
116
2324
1806
1888
710
968
2515
2712
1826
1924
98
102
6
2410
2312
1724
948
746
198
2369
342
1188
1032
2416
656
1854
60
1486
166
2206
2018
78
934
2762
1322
2224
1382
2014
1268
2137
2052
1981
164
2426
340
520
1258
1928
2502
2307
1874
988
16
1664
1366
700
804
3076
1020
1378
1162
860
2085
712
246
2528
860
282
1504
12
114
2320
778
2009
378
36
2054
1618
1362
2406
2329
926
306
214
2527
2267
1590
2375
2257
1476
2185
266
262
1422
2381
1224
308
2228
1682
2142
2145
1919
350
416
882
2047
644
410
644
2538
2501
1228
2590
2613
54
2568
782
296
2174
132
2190
966
826
1866
34
144
2582
498
868
836
684
2082
2298
618
62
2588
1656
192
2119
198
1244
116
686
1144
2489
950
650
252
2329
2074
278
1298
866
472
2352
2125
110
2386
2507
1970
44
1492
1970
2310
2373
1750
886
1940
2440
38
576
2204
1610
2245
192
2058
980
1994
2324
1092
836
24
2346
274
2332
2012
2050
1068
2639
170
2033
2046
2102
2319
60
1310
738
1132
2527
2297
114
2092
46
2596
644
2329
140
452
2188
1902
2583
2298
2270
978
1851
1282
868
836
952
1792
486
2246
440
1366
1704
2474
2214
1884
836
986
218
1812
1842
884
1838
2515
704
1664
462
2249
2487
238
2533
662
2352
1200
204
2347
2302
2110
2288
20
2123
1004
1406
1378
1870
1746
1364
1978
826
1582
2395
606
1570
1652
2399
1866
2109
2161
2399
946
1862
250
344
286
728
406
454
954
2220
904
182
2117
1394
1913
1855
1436
782
342
600
2313
2224
2022
1056
1378
6
202
2316
2408
2070
844
46
794
2462
732
1943
2317
2368
1910
1276
2496
1795
2223
706
882
680
2374
916
756
162
194
550
1094
564
1160
2589
2318
518
1110
2410
1224
1226
792
2420
1956
1434
1124
2039
2361
92
2173
2320
786
1836
2341
372
318
228
1618
338
2126
2460
542
2230
2240
1472
1128
98
2373
1102
2236
2316
118
2241
690
1520
2040
1302
510
480
2457
974
280
780
2355
840
1975
2016
2377
2268
2238
2389
58
52
1146
1820
2042
1788
602
902
1664
1226
2421
90
2608
2078
2272
2116
952
1288
354
1134
2243
2115
2297
1000
240
394
2243
136
428
1348
266
484
2115
106
2345
522
2466
116
1110
1992
2442
2754
1128
574
674
2357
1420
1862
1002
594
2356
1496
200
2288
1998
1062
888
2429
970
1402
2419
2423
1236
846
1967
330
786
1208
2166
2513
504
568
432
204
46
272
558
1936
552
1576
370
474
890
1334
664
1750
2711
1960
2211
670
2262
1857
2309
2737
722
1478
184
334
1240
2136
770
2383
2273
2494
150
2132
2046
2789
2440
1564
2038
6
1648
80
2329
1576
654
1356
1596
790
1470
262
582
464
462
408
2246
1092
548
526
1794
652
1450
1350
1738
736
2271
578
2290
598
2196
2196
1788
2365
2153
1344
2394
2027
2036
348
1848
1994
510
2294
2546
1428
1525
2288
254
2653
1258
2143
2008
402
2686
2624
168
1656
548
152
2458
382
1274
2028
362
664
620
2227
2126
6
2280
262
2333
166
2198
1112
12
658
2544
40
64
930
2568
2244
156
2342
86
76
1208
2416
2188
2649
2070
44
262
260
2185
1960
664
850
146
1772
1550
1012
1838
924
580
578
1202
2477
2344
1916
1528
2414
2349
1756
492
2251
1512
2052
2103
1242
16
2494
2627
2430
2369
2544
1648
56
2602
1354
1754
1056
362
2155
602
1348
2148
2164
128
2267
1134
2129
10
772
656
2046
2573
1098
770
2424
2384
1416
2224
12
448
1502
294
504
316
1848
2161
240
1056
756
210
908
1268
802
378
1562
2299
1762
1192
1058
208
1704
372
532
1442
1976
1036
2129
1318
1995
1512
2600
2210
888
172
384
554
2280
1993
1312
2184
1778
2103
860
1412
1210
1370
542
2206
2404
1176
116
1986
1436
1466
2500
1256
2088
2817
1612
2532
326
930
2021
2223
2054
64
2409
2581
2412
152
1244
1843
2244
236
1983
2175
294
594
1780
664
1644
498
2612
476
2742
2137
432
2372
496
182
2231
1662
788
922
1418
1090
1200
730
2101
1770
2424
2306
1616
504
2608
514
2190
2097
384
654
860
800
1841
2577
1794
280
266
666
124
238
1686
1954
26
728
2044
672
2150
164
766
232
2159
1678
1220
1344
2624
2048
2467
24
1794
2349
2076
208
2218
556
2598
2546
1898
944
742
656
240
1546
1584
2297
2360
2702
800
2265
2434
1058
2412
632
2222
2170
