1186
2438
1004
2395
2093
2307
994
2170
1996
1398
2362
256
772
1212
152
1064
2058
426
552
308
554
70
206
2093
814
1564
594
2164
1216
934
960
1638
1930
72
1126
1434
190
26
1016
2466
1660
1486
556
54
2189
608
2429
172
1148
896
1438
120
2073
900
2399
1896
2316
1562
368
2
574
36
2619
788
1814
482
2371
196
2277
208
2006
122
364
2036
2354
2110
2004
2603
2602
2138
486
2273
516
1398
932
2342
1971
2305
1806
756
388
1790
2118
152
966
1344
2580
2266
736
378
1694
1060
1717
36
2301
1772
2311
880
44
2174
1344
600
1234
1086
278
2162
2739
2355
138
2096
744
2381
46
1332
1688
2112
1020
1166
2338
2344
366
2192
1242
2254
392
2556
332
2683
2222
2174
796
188
1875
1248
2018
1384
410
594
1134
2419
1462
1176
638
2126
1018
640
2411
730
682
1650
2192
2349
1518
2421
482
2360
2156
1836
100
636
252
478
446
1994
878
986
104
1520
442
634
2613
10
1194
1022
2230
1686
332
1536
322
2060
1502
1320
1084
2666
2428
1969
2234
1941
60
1462
816
158
2411
276
2595
2066
1955
60
312
1364
1096
470
442
2322
134
2596
2710
1182
1442
800
182
2448
746
2571
1332
46
1842
1088
2051
742
274
1496
952
472
1264
220
1706
28
2386
478
1528
636
366
1802
2224
1146
2
2203
2259
1696
786
682
630
2279
836
2462
1810
542
1586
682
2528
74
1955
1980
964
1540
1552
2511
156
2254
2411
1438
1570
418
1612
1236
24
772
2354
2302
2146
394
1530
536
2479
2416
240
364
2112
380
696
2081
884
40
682
22
1672
2063
104
292
1964
2476
606
1618
296
622
1786
190
220
1546
2184
1476
116
1218
2150
380
1572
2375
2359
382
400
1746
1412
2257
1198
2066
164
988
1334
2125
702
1046
1316
284
2126
2172
586
210
2395
128
2424
2239
150
2178
934
2762
888
466
380
1234
2036
2154
1634
1654
514
724
642
2066
2057
152
2276
1128
152
980
1972
854
1859
250
118
512
176
2170
428
1424
776
2324
238
998
1938
1738
2469
498
242
1748
386
530
2384
38
426
1066
1969
502
2417
2414
490
2144
2022
532
972
362
1700
2522
590
2223
74
210
628
2572
2354
2653
1016
2192
2193
2271
300
1729
782
174
606
2427
1458
352
2566
2362
1736
1280
2338
546
1719
1392
1788
206
332
1038
2299
992
860
2003
1622
2080
1592
1794
98
532
2460
1130
2351
1804
704
2516
2329
2480
1152
478
2108
1176
512
1102
1840
2290
20
194
2076
2607
466
4
524
1590
684
268
2334
1084
2479
206
1696
252
1612
2398
228
1316
388
420
2528
492
2354
712
2390
492
666
1739
2334
1012
868
2446
1016
736
2315
8
2336
430
1958
1848
942
2174
442
2057
1926
652
1979
2675
1626
1893
1636
1750
434
2389
1202
222
2224
2048
330
2713
2168
2660
2304
394
164
412
108
52
122
2149
1858
2368
2157
2419
772
2389
2478
1400
2665
944
2035
1026
324
2581
788
430
960
1268
934
2231
82
2175
1776
2464
2448
4
2154
1950
1264
1028
1646
352
2288
2347
1256
1374
1956
890
1728
2012
380
576
1606
1524
438
2192
538
2309
2078
564
2038
1824
2354
720
1962
336
2515
2694
2203
2243
1352
1032
1304
1226
1760
2160
240
2092
1010
2457
248
316
2186
218
2344
2530
1142
1206
2135
750
2005
2332
946
2189
2289
1282
10
740
76
2329
756
2444
1156
154
44
1923
788
166
1064
2064
1722
1977
34
1778
2407
88
232
1350
828
1454
2246
312
1993
2682
134
1178
2058
2298
702
300
1530
1976
508
652
1340
2686
640
1472
1564
492
1492
1418
190
126
562
808
296
1104
760
2486
2088
2408
244
710
316
24
956
2518
2372
2277
1030
540
958
1518
1850
2410
62
1212
744
2366
2394
2062
1520
1120
944
1748
154
2180
396
2259
2346
346
1644
2408
1960
2162
1890
444
2091
872
2439
2466
446
522
2587
1889
128
422
2643
152
294
2168
584
2214
1322
1224
2234
566
376
2325
484
2293
1138
1432
1368
2097
678
1859
1298
2411
294
2153
1948
1022
424
2238
1050
2574
408
2606
456
876
18
2006
1626
1166
1496
1186
2038
458
134
1882
216
628
354
2509
1396
2325
272
2102
1124
1042
1074
814
2060
2338
2348
1772
1256
966
772
2373
164
1322
776
2241
2466
60
48
1908
1518
1534
312
1987
2355
1854
416
1604
110
2356
136
750
2777
2099
2515
2297
386
1844
1322
994
874
2313
382
958
2494
1907
1742
562
208
1822
1368
148
136
628
2456
922
2167
296
2252
2422
268
852
2353
2165
2372
712
2521
1056
1306
248
36
2348
1390
1884
206
2068
1100
2513
2614
1310
504
2372
2389
450
136
1588
660
2556
2617
2558
2366
2596
2105
1166
2294
24
46
444
2305
2207
2100
274
194
780
662
432
1234
436
100
910
1158
1977
988
2016
2593
32
2465
2488
2020
1374
2184
2008
1020
4
464
912
2356
2189
2426
1174
1400
1972
86
140
2141
2928
2290
2500
1214
2186
192
2301
2281
204
1048
644
2196
394
12
2158
608
24
958
946
400
2613
1948
2669
558
1853
802
2662
316
1276
2426
1490
788
2634
2028
148
1012
2526
2266
2158
2338
2379
2256
2276
2481
516
440
1606
2495
1402
2224
2366
1110
1498
2311
1414
1168
2071
2536
2158
2318
2289
2456
14
2244
2153
2646
2019
218
1100
2336
1122
2168
2384
2080
28
1758
1186
106
708
1920
1680
1406
2240
2247
2085
174
2180
1446
2569
430
536
648
1154
654
848
890
1532
594
2291
228
2621
2073
550
2021
2040
2079
554
622
608
2562
212
590
650
56
1696
2264
2246
6
2646
2296
2405
2230
1786
2084
2130
678
186
688
158
2445
1906
1124
1556
604
2314
330
2557
2488
1880
1050
1448
640
2550
602
2098
1388
788
780
650
2020
1246
2293
204
1632
2457
2557
964
1701
536
2265
2020
2408
844
288
1632
560
132
2264
1878
1702
2028
2357
2322
2119
1152
2242
440
252
2283
288
1840
1820
1752
2362
450
1254
664
198
1312
1733
1821
316
1706
330
18
2370
1278
2207
2533
984
2494
806
294
94
1004
582
2684
1968
130
2460
2457
704
2425
2034
1924
44
446
2321
808
262
2557
490
668
546
1824
1042
2556
908
2371
236
2481
146
190
2365
1570
384
166
872
234
2234
1008
1604
2554
2210
688
478
686
1700
158
2049
2246
746
928
258
738
1030
1472
2152
1682
378
598
522
316
1824
804
1132
922
1685
2503
946
102
2378
1570
266
2163
374
1384
1626
412
2057
1206
2409
598
2470
2291
1338
2741
1046
1132
130
1180
1460
486
158
50
2260
200
2050
2383
842
1006
982
1872
2241
1888
78
462
292
1040
518
1674
2370
1600
1096
732
1694
1741
2002
2296
72
2181
1212
2445
1464
56
2276
276
1832
1994
620
840
1132
2248
1308
1460
2203
1848
1628
514
40
1008
494
1702
1750
524
2611
854
12
1362
216
752
1302
912
636
1448
1400
2988
1548
1472
2493
1953
2018
2167
784
976
1640
676
332
2081
2431
1896
344
2144
2388
688
2182
2254
908
2326
1780
1070
1410
702
2014
2519
2463
1140
1260
2162
140
1538
458
892
2377
2528
404
1028
778
2660
654
2402
1278
2405
48
2616
2305
254
2090
556
746
938
866
816
1200
1589
2308
228
2137
1975
1364
236
288
650
2081
2388
1370
1302
1122
2028
2329
112
1188
2009
2320
52
2147
2355
2227
2032
2199
1166
188
952
1763
2125
1964
956
1848
2290
320
2273
1120
954
2257
1184
796
544
2501
2518
2332
942
104
980
2384
364
2185
1318
1064
894
50
834
854
2372
1806
2823
2225
16
2490
24
712
2505
862
2069
1266
1552
2380
2248
1224
2086
2304
1772
318
590
908
1190
1544
876
1558
378
1136
906
2297
2247
2244
2430
1877
2470
2098
636
1848
2105
482
2325
1778
222
204
328
186
2531
2267
2324
2568
920
1564
28
312
2134
460
2538
2184
2110
262
1572
2269
704
460
40
402
2095
2340
2017
152
1446
1092
794
1492
2465
102
150
1366
2320
922
1834
2150
2098
2142
2486
2462
180
2112
1442
668
196
2228
2122
16
1202
2399
150
1668
1204
994
178
2653
472
778
362
492
2184
1414
848
1942
636
832
1038
2288
442
2079
1850
1502
658
2172
2199
1410
2185
1374
58
522
934
1518
2276
290
1794
1540
2548
808
50
1968
822
1032
1690
1043
176
2406
2281
172
1796
2206
486
228
2320
1542
156
2623
1420
1597
462
2004
1714
2213
890
168
200
652
1966
22
2419
200
1116
2311
618
2091
2729
108
290
1992
506
876
2345
548
2412
386
898
708
2739
660
302
2311
1578
254
2472
522
2057
2570
114
236
458
2301
2282
664
1464
72
2430
1152
250
1238
322
590
526
1911
1964
1722
2570
110
56
2528
2661
148
1987
2593
1350
1622
2185
412
2010
1090
2014
1450
2208
1280
586
628
60
488
792
758
1162
1454
2134
1514
2121
1982
322
2621
1688
778
16
2123
50
704
192
800
396
1542
1168
2519
2220
2302
1720
448
1036
160
2172
46
770
410
2234
128
2355
620
2353
1888
1976
468
2297
2482
922
2461
190
2104
2182
2334
442
1284
2484
2246
1532
1718
434
394
580
1010
852
2260
486
2119
224
456
1136
1538
900
314
2296
520
2021
2052
698
2213
42
2110
2519
2687
2181
2053
1902
144
314
1222
398
2173
2352
876
1574
1024
1350
1722
990
1216
334
2368
1632
1244
72
418
2140
1506
2567
2396
90
4
2798
1278
290
130
1182
1180
2168
360
2476
1158
2214
1358
2296
1642
2394
766
186
20
2261
364
1966
740
1532
452
1784
138
108
1742
2152
1074
690
2417
2314
1958
2538
1180
1114
912
150
2158
1870
2309
1372
2241
1986
146
610
656
2371
1630
1774
2522
1082
2306
344
2120
2076
1956
100
2590
2193
2143
2405
584
2512
204
2611
1204
1997
854
460
906
2704
200
440
1950
942
188
1958
766
172
2044
784
2354
1608
226
2444
976
1396
2032
2161
2268
104
724
6
2374
2281
1902
242
122
682
2012
2236
2306
2205
2504
228
458
568
930
1842
1022
1168
2596
2120
472
2087
1192
762
528
210
990
252
2010
96
2515
1946
502
98
796
2208
1356
1616
26
2082
1084
878
622
3117
2278
1032
2114
2453
2398
442
228
2549
532
400
848
1768
2163
88
104
2394
882
2604
528
2256
444
1176
1022
848
612
2218
72
2436
2406
2383
908
1792
1894
778
1998
494
1772
1050
2083
2206
2249
1382
414
296
1144
2223
2310
2000
498
2616
2414
684
2419
196
748
2324
2409
494
100
2346
2232
16
2865
2220
2103
1648
1460
2520
878
2351
1300
1318
624
2247
2122
1762
656
2388
28
2170
2470
1922
632
1020
548
2557
1058
1140
404
1004
2595
962
1986
1164
164
862
2253
146
1942
1316
816
306
1746
2510
2280
1820
42
2251
268
1808
2618
1368
2217
580
444
2227
2078
1712
2275
960
206
2341
1874
2153
1936
2629
622
170
248
78
1114
522
1206
156
1616
1188
1704
474
2410
2118
2340
24
2044
252
444
1062
2461
434
1124
1148
2245
744
906
1434
2344
1450
2114
708
332
612
1678
2552
672
446
2303
704
1000
1232
2417
2729
298
1470
1064
388
1090
2538
1366
242
2452
2208
590
2342
674
168
56
726
1770
840
818
238
2439
1044
92
226
2211
2598
2086
2443
720
348
116
1044
2092
2198
2191
2033
1940
1628
2104
2492
98
2452
2604
974
472
552
2242
2172
364
390
2292
1418
2146
1924
1974
1242
1394
1000
2328
4
542
358
2250
2342
18
284
2523
2150
2124
788
840
1958
1068
2740
2575
1256
848
2385
726
1102
338
90
936
1940
1002
466
2230
2297
2307
126
936
720
938
1340
1330
2437
2161
2337
1714
374
56
2438
96
2395
1758
36
88
812
1542
1156
1296
820
1620
418
720
2288
2524
1900
444
416
1070
2187
40
1188
1126
558
2510
2166
2210
214
116
792
1840
2048
542
354
208
1648
188
2445
1534
2082
1633
2485
1600
1708
1346
1882
954
178
2390
1540
2320
1958
2209
842
2389
1644
1950
2056
876
1958
2256
264
1292
2118
270
2602
2248
2724
2579
1894
334
110
1014
2517
852
2067
1676
1978
2174
64
492
1727
1694
1985
1100
2155
1356
778
200
2068
2754
1462
530
2130
984
1116
268
2552
1192
222
1148
928
1760
876
208
1194
2378
2598
2581
20
2670
2149
2313
2492
2113
2195
1684
2005
2505
840
1284
378
464
446
1574
348
448
296
2467
2641
196
402
1802
40
2306
1180
2043
52
2588
1356
2079
1442
816
1056
2092
1958
460
646
404
2546
1952
1980
1292
2078
2308
1930
30
2357
728
690
572
574
300
1488
896
2442
2086
2244
882
2291
20
300
2109
1724
56
848
1964
1138
2427
40
1616
482
2519
1906
748
1458
1446
2561
1652
634
296
2294
2237
316
104
1478
2188
324
262
956
56
1765
1736
1032
2147
2028
504
1232
462
1871
2140
2351
1380
1070
2452
586
1222
1934
2213
238
1338
2118
328
2239
1828
2228
240
776
714
2095
980
1104
2343
1980
1238
1971
674
2440
512
1484
2458
1182
2134
2170
2097
1166
302
104
2534
2041
1874
1682
398
180
82
348
252
2508
1984
1686
358
174
2382
2094
2627
120
2056
1728
186
2271
2172
290
2190
2283
632
868
1072
2594
1258
2382
1074
992
812
798
590
376
1996
2458
2150
894
770
2333
2480
2467
1722
500
1508
2335
2684
244
890
626
1826
2463
2068
898
822
1686
2276
2185
2354
420
160
1894
966
1294
1280
178
2340
1997
908
2193
88
1620
2704
984
650
144
1200
2458
2184
2180
416
1176
1898
1516
1338
2424
1338
794
1438
46
2274
302
806
2303
1154
678
290
2115
1556
2345
986
1959
364
2380
1712
2045
18
1722
2217
1344
1911
1949
1758
1414
2491
1120
348
382
1188
2496
2414
130
1056
2537
2232
2002
1036
2090
2338
1236
966
1242
1308
1492
2182
10
660
2304
42
546
2453
2342
1566
1226
768
226
2531
2187
1984
1817
738
2081
2148
2241
498
2085
334
2146
2090
92
216
796
438
1830
96
916
798
1662
606
264
2279
2265
2744
116
1654
1954
2695
1254
800
642
2490
1777
1350
176
1847
154
1848
542
2318
232
426
130
534
1116
2348
2758
2016
1911
400
1824
670
2690
144
326
2213
710
1024
828
2302
2255
1930
768
2250
2351
2594
1660
2082
2184
882
1808
144
248
1558
64
312
928
1702
2239
2267
1372
1906
1430
1262
2276
236
2087
378
410
304
560
188
982
2548
1008
2452
1288
304
2382
36
2748
2628
2608
2292
1520
2254
1952
2197
2704
2511
2612
2186
1396
160
2064
2150
2266
2550
352
542
522
1618
2154
890
2097
1550
218
1022
1080
2918
16
724
682
878
84
2046
1718
706
1990
278
572
2440
1688
1364
162
2477
1758
2174
474
172
2655
2226
356
2397
1382
88
420
2576
2433
238
1864
2388
1290
1296
2276
2527
1912
204
712
2203
2624
2069
2289
2062
802
564
30
1646
2273
150
2118
1915
2072
2220
1380
404
1098
2237
640
2479
2000
2131
906
1898
2594
1004
432
2533
790
2170
2532
228
516
2024
2571
2345
1330
1088
1148
1762
2144
368
2729
108
1516
1872
1292
1282
2281
2
1200
1002
1983
1048
2534
440
2050
2330
2369
2299
366
140
2100
2289
1670
2711
2178
450
1642
240
2577
2437
2448
476
312
1512
1408
2201
2241
1090
1182
2389
2164
450
78
436
2294
674
2571
296
994
1294
2193
240
1782
2419
1204
160
324
2102
132
288
1182
776
1090
2135
1228
2363
1646
710
1989
78
742
762
3357
2463
490
2525
2176
1846
2413
2579
532
2266
2046
2183
2074
310
2353
362
1986
1008
84
1156
2132
1342
1990
570
188
2379
2168
1242
2137
2305
174
260
130
1955
1438
764
1923
2279
2302
404
1744
688
792
1040
598
2480
252
1418
418
1108
914
174
2166
210
2056
1148
674
1052
216
154
376
1358
2694
1858
1280
930
922
2110
876
2262
2126
2056
302
1290
1680
916
452
1054
1196
2151
546
2497
1706
1376
1698
370
990
2390
670
2464
576
852
1414
2171
152
1700
1146
1570
268
2414
330
1826
644
2404
588
622
2410
2250
1452
1490
1272
2360
108
2243
254
86
2244
2040
162
1684
2200
384
2112
666
818
2025
2075
502
2221
1070
2628
1916
1096
776
828
2376
232
360
174
2266
448
2634
302
1994
2360
1922
592
2710
498
564
566
2400
1669
1804
40
44
2515
1090
2809
2197
2184
1605
2264
1932
2457
2378
2470
2571
930
1806
2066
2502
1194
2362
1476
1244
2281
2297
2136
756
2242
790
964
534
310
2170
2837
386
2562
2458
2444
2144
850
1806
54
2366
1865
556
476
1104
2126
76
1602
2215
1222
2214
278
1454
548
2130
2070
2688
580
1486
316
2230
1949
2050
702
2312
2507
2489
2281
1752
446
440
720
2060
806
588
960
1962
2622
2441
1404
2399
282
2547
102
186
2426
2126
2392
2488
462
2183
522
1636
886
60
1388
430
2295
2827
250
2689
2323
142
190
2162
20
2330
182
2116
2480
1158
2052
1352
2409
1378
1692
2439
2088
1262
2379
1186
594
774
2134
2643
1888
700
180
542
1100
2465
1942
488
2664
860
870
464
12
2161
786
426
392
722
506
1122
2299
1246
2008
434
1388
514
558
574
736
2207
958
726
338
2080
1582
168
2289
1466
2456
960
1958
750
1950
726
1952
2502
62
2500
2213
2040
88
2568
1538
2195
1122
10
810
782
244
1728
1498
464
20
1965
1943
88
1364
822
2249
1384
2297
2422
2490
2214
994
208
2218
1252
936
966
560
1948
2323
600
590
2499
2481
802
222
2206
972
1572
524
2221
2564
1774
2155
808
2206
244
576
976
2646
116
80
380
2046
120
1754
956
1470
1436
2549
2451
1764
1438
1734
1969
1322
814
2200
2024
2065
2106
1164
2264
2405
1650
2479
1966
2214
136
2124
280
2430
2269
1978
2637
1632
710
2522
1834
1970
800
1915
1947
48
1486
682
402
2322
1486
2369
2423
2139
274
2126
2482
532
1707
128
2586
1887
2447
2251
28
2262
48
2728
970
2380
30
1972
724
318
2155
762
1054
232
2470
82
432
676
1312
1988
970
2220
912
350
524
718
2417
2201
464
2310
1806
1148
2496
1732
1074
2210
330
608
2414
2010
1978
1332
2323
758
526
1655
1850
1102
1756
818
254
2642
674
82
1484
4
2214
776
2484
360
1314
696
1670
1014
2339
1830
2755
2638
1812
2155
1354
2466
1742
962
498
2519
2167
1034
958
626
2068
2071
2419
2265
744
1440
2273
432
1148
1776
1060
268
1536
986
532
2334
1944
1332
2521
1929
2117
2200
1086
1626
2564
44
382
2369
1642
2568
956
1374
326
2208
52
3557
2590
22
724
2233
2582
186
256
648
224
2497
1132
1552
2234
2422
630
2502
2103
920
56
2162
2024
1844
1326
2628
412
1772
200
38
2484
2199
4
186
1460
2098
1470
2135
506
1644
82
724
896
2114
248
1398
1572
2014
1360
1446
2156
2256
2155
6
1604
2133
10
1276
1932
1964
316
1392
272
1286
1806
326
2189
2558
356
68
696
802
2120
236
1478
2199
1878
2318
272
824
1952
1986
2333
556
1432
1178
382
610
856
1420
2372
1098
2367
928
2688
406
1572
1884
2140
872
900
1228
1286
2027
498
2311
1542
202
1070
280
984
1742
1074
2089
220
2007
2227
1951
2274
1472
2314
1300
180
18
66
776
2295
1800
2457
178
668
1957
676
1226
232
2605
888
302
1905
384
2136
2096
2363
592
90
1936
2459
1210
304
526
34
94
1406
2451
2481
2604
298
574
372
326
58
2399
214
1760
1920
390
990
2488
660
716
58
1488
464
862
1844
2526
2098
266
1588
1576
194
1600
2440
1616
2036
502
1720
2271
5519
1532
2477
748
90
2123
126
2214
1382
2862
996
2313
642
2109
346
2326
1090
1550
2135
530
94
2254
1964
1566
2388
2288
410
1802
672
888
1288
796
2038
620
1300
2616
670
2359
12
842
1014
402
1914
316
1444
462
2443
1146
120
742
1812
2380
194
2323
1290
2095
1820
354
994
2398
2274
1900
1712
1270
2382
66
2062
1956
2152
976
2059
2571
48
2258
2451
2130
2303
2027
748
2098
1114
1116
1030
2455
914
1138
196
456
266
314
22
1710
2577
2364
1656
1452
276
2277
148
1698
32
386
472
2238
1578
760
2397
2478
1004
2227
2171
2206
2586
1748
1992
572
2418
2492
1358
72
2300
2068
1757
226
2407
2334
224
2572
1084
2124
1378
2037
2056
1084
906
2638
390
1782
770
1180
2413
2653
2214
804
546
1264
896
414
912
1778
2273
1188
1578
2274
2384
860
2212
1424
1680
40
184
1408
1084
66
160
2085
406
810
282
256
2317
1380
294
402
646
192
466
802
2468
2520
2391
1598
676
436
2028
2278
1730
2020
64
2164
420
2239
1836
2272
2537
926
2483
2341
2059
2668
1866
1888
1376
2593
2486
2361
110
2256
432
2303
1951
1820
2399
106
1332
846
164
1784
2088
996
1733
2468
2605
460
2548
1746
1096
852
424
2292
392
332
2351
2032
2396
506
1144
620
460
1654
668
2362
2497
492
2330
2184
544
236
2684
226
1068
1554
136
292
2212
998
2411
288
818
690
176
636
486
2254
606
2144
1460
2068
1994
524
1678
2130
104
2654
1204
1588
354
2332
224
1550
1861
2269
516
1036
744
1462
1232
2320
2537
1836
2320
2153
2247
2040
760
440
870
2367
1957
1352
1316
3037
2174
64
1891
2276
860
790
730
240
252
2358
2631
1844
2210
66
1714
996
280
2243
1478
174
1054
1845
2215
2444
1792
2865
266
20
2567
664
1498
2528
2120
548
1170
734
192
2656
240
2450
204
2671
412
1042
912
738
2348
1324
246
1182
2108
360
2540
336
1862
2109
2152
2459
2598
2236
1504
206
290
2192
168
142
2350
388
218
2108
784
2010
1682
628
1960
754
1232
2583
2244
1080
242
2276
288
2310
1708
396
2227
1268
2009
14
284
400
2348
1620
1254
1650
2178
484
2209
562
658
1118
50
2240
948
954
2
2148
398
1570
2437
672
1973
554
2183
2079
1670
470
1000
1056
136
2040
1040
2265
2459
354
2650
82
92
2785
1788
282
2407
1945
1878
638
1548
2667
2013
1330
2228
176
154
1602
2273
1845
1188
880
170
2241
1686
174
186
376
300
1854
2364
1856
40
994
2247
632
594
680
2663
2220
556
2032
508
596
1092
1144
266
1210
1312
2568
712
3156
4
692
946
390
1704
2112
1672
1704
668
26
188
1766
2014
592
2205
2242
6
1422
2492
1340
2519
598
2175
2566
426
334
238
958
1774
2570
454
442
1586
686
2612
504
1016
2462
934
38
1016
1816
2485
2471
696
570
1352
1272
1791
2109
2213
984
1994
12
2096
1916
1152
180
2582
2364
414
2252
1226
1832
1166
386
1188
736
1046
436
2286
1172
1182
328
2072
570
2472
212
2246
1824
582
2562
2818
1084
2055
296
612
1526
1618
2338
1706
1692
1650
56
574
2052
184
2172
236
556
1058
1172
1350
422
1140
2095
2702
910
1666
682
458
1924
2286
1034
240
2596
1226
1808
750
2344
2156
196
2102
842
210
770
1122
2307
2545
2446
2108
380
780
30
2179
392
2628
164
572
26
668
2318
56
514
1810
1816
18
736
222
220
548
1682
2157
2206
2216
2318
2547
1090
2026
2407
1904
14
2665
2027
1104
424
1430
2162
1809
494
408
30
122
2018
2301
2601
1536
1188
394
1650
2592
2232
896
1938
1628
982
322
2267
210
1266
994
2297
410
154
2556
32
2032
926
2270
428
706
484
2250
1246
1782
2167
2698
2481
670
2244
2479
2124
2531
456
2135
646
2052
2575
174
2479
1130
1122
974
1564
278
314
640
2559
1342
2224
338
1062
1462
276
2166
1748
2278
386
706
1152
1893
1106
1896
442
1462
1588
1004
170
1790
730
246
2710
2178
2344
1334
1728
2134
2154
418
190
2741
62
1342
1786
2395
1308
1204
2260
1805
1964
2421
302
1660
1094
1308
1416
2300
1978
1802
1400
2124
606
2366
2216
2103
2060
1188
2698
2498
2392
1926
644
2244
902
2081
2312
122
780
370
1674
1116
1502
1060
462
264
496
438
1082
102
926
1940
2220
726
1320
2347
190
554
94
1596
888
2313
154
2066
308
2331
82
182
354
1044
822
670
456
2222
74
2108
1402
638
1964
1592
168
798
730
2026
490
282
902
1056
2043
760
830
226
1446
2043
2372
2176
336
154
1912
2665
1634
2422
2462
264
1897
766
74
1758
2657
1160
1892
2328
2084
908
476
172
2098
1518
2076
28
858
2156
1886
1484
2400
2159
2387
302
794
2491
1592
314
1682
1891
12
888
2094
2058
126
626
230
728
226
1652
736
782
312
2262
752
2280
1928
2472
1320
154
2166
2030
2467
406
152
2519
262
2168
2139
2180
2308
848
862
1576
2361
1046
134
510
1996
2435
646
1036
2095
350
1064
2793
436
2225
1858
2137
200
688
1800
1408
1524
644
786
558
30
752
192
2328
792
1668
2278
2439
244
974
2604
1762
102
884
2251
2566
2327
2069
330
2111
2144
342
1414
686
58
776
1940
574
264
1754
2141
2503
2322
178
564
1872
1388
2398
2497
520
492
136
842
510
2061
1078
2621
2084
1922
598
1122
152
592
2304
222
218
1388
222
2552
206
1078
2294
596
808
2083
2324
2223
644
1032
1266
640
354
1682
1980
944
262
650
2282
1050
2369
802
888
2024
2242
154
588
2313
1688
406
2166
768
2356
14
2543
16
2464
400
402
2032
382
2536
1048
2349
1852
1684
1348
2532
2161
1062
460
2712
624
624
1494
2276
2268
1232
2024
322
2504
418
586
2069
228
74
2074
1354
542
1792
20
1940
1937
2702
1616
338
2179
2024
1765
788
1268
752
1122
1364
916
2212
2779
1644
2198
2068
2236
1148
612
1244
1937
2803
1096
186
2224
2471
502
118
1909
564
2213
248
106
902
318
1774
1928
138
632
2128
50
2142
1394
2550
2133
860
2658
878
2331
840
416
314
1532
178
2576
1234
186
2091
1342
2515
2
1744
2282
2616
862
2288
2278
2261
1600
1789
736
1432
1264
396
916
2338
244
1324
2605
1268
2044
362
1766
1848
704
1276
326
332
1748
1996
194
2344
426
840
2182
2297
820
2284
2261
1246
984
1308
518
984
1906
2130
2047
2200
2476
1052
336
242
86
2665
2539
1024
2631
2467
1954
2574
972
1374
908
478
510
1008
414
2310
2444
2099
1288
540
2621
2376
582
884
2512
1746
2262
1881
274
1164
1804
2351
1960
266
332
2396
548
1860
536
856
2095
2276
2337
348
932
112
674
710
662
350
2131
150
1730
2331
2416
716
360
86
936
2098
782
1984
2116
1865
2125
2355
516
1106
2640
2186
184
1942
1092
2087
1626
2294
1396
1650
328
1410
972
8
274
2102
1562
1390
2386
2597
3055
226
1200
1118
322
1236
46
326
470
442
1582
1390
158
2637
2470
654
1604
1534
2119
732
2345
2222
2060
398
368
2224
908
1160
2216
680
2618
2643
1554
2463
2306
2549
962
130
1096
2386
2448
1392
2361
108
1068
758
1142
1180
336
290
1814
852
68
1847
4159
2041
2667
352
2475
1921
2521
1356
50
2007
2184
672
2042
518
1688
2524
2631
16
778
2260
772
2027
148
2578
2677
2203
686
750
2480
2624
2495
2468
690
2104
1802
40
516
90
2543
1508
2650
104
802
2339
1406
428
1234
38
2390
416
2214
158
800
1540
1106
456
408
570
2171
806
2572
2688
1478
328
1911
2008
2378
588
2102
2646
976
2666
2322
652
300
2221
1638
910
1774
1648
2386
876
632
246
2087
660
2246
798
2218
2409
508
1956
2548
640
2286
494
2348
118
516
1064
2450
768
2043
2088
2321
1894
806
124
1618
496
2389
1360
204
1150
520
430
1942
2636
1290
2546
1200
2342
2244
2109
2461
2526
1476
1302
86
1824
1364
90
840
1950
2692
332
2371
1386
1336
2367
156
1130
722
1162
342
452
434
308
2387
934
496
2417
1426
2186
2156
1634
2138
1108
762
1958
2214
254
258
712
1278
1557
2318
2475
2682
126
290
32
916
2498
2229
1664
230
2009
1972
80
1600
270
154
848
2184
2421
1813
124
2222
2431
1548
524
2240
548
756
1092
216
1830
1482
844
1142
400
708
758
2425
62
2047
926
1705
130
590
2051
528
1508
1664
400
2037
2192
2663
82
2494
2500
292
2240
1860
834
1560
2
938
260
2044
1376
1500
42
2596
1302
2297
470
1048
458
2170
30
426
404
470
1948
694
1790
1576
514
210
758
500
210
706
256
1070
1024
12
2472
946
2022
1838
46
2569
2133
154
30
474
744
1298
1712
652
2358
254
808
1252
1938
158
1882
214
2018
1836
2190
1330
2464
2456
1854
2439
2505
1458
1968
160
1300
1024
2270
384
2653
2048
2116
1836
518
342
2345
22
634
692
1868
168
378
2022
1926
1530
1744
1142
448
2406
1672
2544
824
6
2223
1282
20
160
2062
2281
686
644
2371
124
824
796
2548
2430
2985
524
108
460
1432
1714
1288
2676
340
2126
1388
1755
2157
996
2172
2426
2260
1210
2368
2599
2138
2294
614
852
1292
2418
1893
2479
2580
386
2268
432
24
2542
1180
946
404
1076
522
1172
718
1386
2222
802
2050
920
724
2584
648
1776
2324
2168
2629
1022
278
2016
214
130
2532
2563
136
1304
994
890
630
48
2325
2071
2140
2438
1302
1442
2392
2540
738
1168
1792
510
2349
1970
796
2132
190
2217
2282
2481
2280
2353
2584
376
2076
2052
2114
1070
2043
1184
1884
2526
2314
2275
1812
2436
1042
2059
858
1552
1452
378
2056
2126
90
192
2265
866
2353
994
1870
2705
234
110
536
1584
1004
106
22
2572
2180
2282
2116
718
472
100
1288
178
2691
372
1236
838
2211
2147
170
498
1068
2004
1294
2179
2374
66
384
998
2537
1682
1138
1286
216
156
910
752
912
350
424
496
1694
846
2058
924
682
1768
256
2444
1536
172
1459
1348
290
284
284
2110
1378
638
1156
2490
2266
172
464
2451
76
2487
1496
624
1896
1320
2149
2334
2366
2510
186
616
2472
2299
580
1132
1642
1928
2002
2214
2380
2242
90
1918
516
2594
42
1100
2413
2284
2450
500
1992
622
1734
598
634
340
956
2269
1222
2240
1280
2136
724
54
98
2492
1422
2629
2008
2200
1368
1014
620
570
416
1926
386
2427
796
2186
1622
1855
388
2168
902
2428
636
2197
310
246
1462
414
110
24
2319
1200
1742
2176
586
838
962
2260
396
2473
136
1088
2937
1622
1410
2388
1949
2091
16
2334
2515
900
306
728
2376
1928
1260
2128
2442
88
180
916
112
2113
58
2529
616
2023
924
2329
1670
2353
1168
2376
1466
274
2119
1866
888
2256
1088
198
696
2147
666
2245
1094
2579
1342
294
328
2196
190
2216
464
198
804
1994
2320
144
2051
1686
2332
100
2356
2139
708
214
650
1596
604
1386
706
1834
2428
1616
1950
410
208
412
80
412
408
1400
1918
38
1756
196
2193
220
2391
1270
316
714
312
114
1254
2784
2275
758
2537
2213
2533
1464
2387
1008
246
2756
542
1174
2447
294
1312
2313
1884
1280
426
2437
1012
562
2067
1276
184
2027
1412
1270
2079
766
492
1082
1550
1664
1226
2440
2221
2445
2312
284
124
1948
1614
2070
2237
1324
148
452
256
818
2501
658
1208
1150
550
2048
2055
1954
260
652
2789
956
2263
2003
416
916
368
448
2022
2664
1004
1200
112
894
346
744
344
1558
2149
2510
800
1240
232
1560
32
1796
2368
1030
548
188
2275
2336
170
1966
130
532
2443
2304
2569
686
2357
1744
970
980
2217
738
614
2786
2336
2120
690
1270
2586
1744
1961
774
366
2521
474
1244
372
1264
2550
1086
1816
1776
532
2161
1420
1965
822
1494
2098
108
368
458
2330
2100
2310
2547
2381
406
2474
274
2230
262
414
1712
2070
200
2659
1384
1888
2246
998
836
224
2415
304
2012
2370
2688
2383
146
504
138
1280
1809
1030
2225
1842
2525
1884
1438
408
2276
2566
2129
96
360
1874
18
72
606
700
772
658
2401
1810
2045
1906
1056
30
560
2186
344
452
964
2167
852
1758
1832
1614
570
1144
180
1696
1909
1883
2553
2286
1620
2088
2580
1298
978
2326
2629
2259
668
2226
2339
622
850
2448
86
2565
1897
1852
2263
250
1856
2714
1914
150
2403
1929
898
264
1970
590
2330
786
2102
2245
1760
2120
470
134
2441
526
2183
1624
2618
116
1118
422
2184
2489
2682
80
960
2102
2499
630
44
340
220
2236
2379
2232
528
2044
992
510
1016
1922
40
2778
2391
2533
216
1572
1060
258
1960
2414
2495
2318
1300
1586
2353
96
2326
2504
48
2205
1278
370
2266
2359
1010
296
508
112
152
1830
2327
2444
346
2378
2221
1846
2488
812
1000
2328
1240
2375
886
1886
404
2377
1476
2162
168
2054
80
2491
1883
380
42
1056
2008
724
2357
1158
780
1576
2283
1272
408
2567
352
1054
2589
276
2582
1372
1887
1796
1646
1912
1318
1292
2302
2226
1955
328
1138
2347
812
2447
2076
410
348
118
2150
2145
826
532
18
440
220
706
1278
300
1264
2087
1064
1935
2137
1538
1438
2223
420
2180
1940
2192
2248
1142
208
2438
2372
552
330
352
2354
1358
2022
712
2174
166
354
2579
198
2529
152
1912
134
2264
1418
578
1022
150
894
1042
1930
1907
2442
1060
760
4
1264
1728
1244
102
304
2329
2640
1150
2158
290
2172
802
334
716
70
904
1010
118
738
1652
1088
322
2039
820
2155
384
1810
2311
1554
2000
244
2345
2173
1780
2437
2278
2076
2261
608
1524
1997
1018
1484
348
1676
2072
822
632
692
2599
2440
446
2258
30
1586
2088
526
972
538
452
2160
28
2170
514
272
1040
568
642
290
2268
912
1958
1104
944
896
340
742
612
2301
776
1984
2347
2319
540
790
272
2429
1122
690
1592
1932
1400
4
278
518
1926
943
2099
250
2372
1503
1486
1062
1032
2520
1084
2400
2260
2203
2328
2063
2266
524
602
2403
1176
1268
1174
2267
898
1736
2246
654
2130
298
2332
888
2450
2738
2534
546
1238
544
2282
1966
1214
594
1804
996
952
2049
1934
120
186
194
2654
1614
2391
1146
1120
2079
30
1732
1318
178
2546
2028
818
2079
1184
2643
988
2081
1748
322
2061
856
1628
2244
876
724
2550
814
78
2
28
2219
306
502
2498
2117
1226
1406
1748
1766
876
2102
330
198
2094
306
842
256
660
430
1740
402
344
1778
362
2541
1004
1362
2151
46
774
1470
2115
2250
2238
1982
1673
496
720
1314
1230
1616
664
296
936
2471
2453
134
496
1746
670
856
10
2196
2422
2380
340
2586
916
2402
1892
1630
1044
882
602
98
62
1976
222
2172
204
1314
1818
1886
190
2687
1208
1952
692
2188
518
264
1992
1934
2227
2085
2375
1988
2404
2211
1562
2596
2090
1704
1138
1690
162
904
294
2630
558
2259
1632
2403
982
950
2655
2359
1520
770
616
160
508
1262
1772
54
2192
54
286
1536
636
1048
1520
1498
766
798
2255
848
538
1952
30
374
2177
2362
78
2363
620
302
1962
696
34
1132
166
1564
556
2488
2292
530
2400
1298
408
1118
2047
1048
260
2676
2406
1834
350
844
2284
2089
2156
504
1458
816
2264
2436
258
2434
2520
846
2433
1274
1388
1725
1426
1056
78
2498
2406
486
2108
160
2070
142
1724
1795
44
108
2426
1354
2118
1228
444
1864
486
522
286
2032
2636
6
2293
26
2188
1520
2029
604
16
286
2101
66
642
2683
1242
724
396
1414
2060
