526
846
2004
2307
1438
1938
1302
1724
1841
832
2498
2139
1134
1358
1928
2162
2072
2381
196
2378
2308
1034
740
800
954
2374
14
768
1116
790
388
178
774
1260
2254
2124
1776
2199
1856
1584
692
2383
2
2182
116
218
2724
2204
1444
1234
100
2309
2414
2038
494
296
2863
2244
424
680
1048
422
68
1768
1838
2278
4
904
1836
222
546
1646
208
1108
1298
316
580
2576
64
388
2213
498
2147
436
456
2449
724
814
230
1918
2274
1704
398
268
2433
2290
2731
1614
294
1746
392
2272
634
1358
730
350
1590
928
2172
1644
2086
862
1914
648
2068
2486
310
914
1762
2524
2362
2398
436
1254
2471
638
2552
1947
1016
2334
252
2059
2305
2145
2088
1714
2424
1046
332
1608
2149
2511
2017
258
2215
2152
1728
1849
2301
718
294
2410
630
1024
1090
2254
1462
2326
2303
138
896
444
758
1816
696
1702
2156
54
2234
206
2249
1006
696
272
2545
1004
2268
2192
256
1743
906
744
2068
360
640
6
434
682
138
722
2160
2126
2506
2623
2010
972
1865
1510
1618
1090
172
780
1280
410
2292
2235
1967
2373
1864
38
1418
1552
1646
550
396
332
530
400
1302
1992
68
2589
354
516
440
2242
1802
2312
420
936
1908
566
2176
610
526
310
864
1040
2265
1920
2528
1318
1852
274
582
2340
2124
2167
394
1900
576
1939
856
2250
1776
1000
332
56
116
2171
1218
2464
2202
2322
138
1634
8
2030
108
2297
2615
1486
1348
1224
2249
1256
1908
2402
1874
140
796
2544
960
1454
2444
1034
872
996
2544
2273
1796
1378
208
278
1948
1634
980
82
2235
818
998
2772
1987
2406
706
2379
762
102
272
1831
44
1859
2426
2154
1840
2513
1962
598
1104
2
1328
2707
2553
36
1833
462
2569
2013
646
578
328
2270
500
1882
2699
2042
2152
98
1888
2184
2174
2584
2180
1312
2423
2508
1877
1942
1110
832
1848
862
2279
1010
2211
1990
78
1208
2394
1766
1110
2400
478
1126
552
418
60
690
2200
528
1987
1772
2311
2399
1106
2100
700
2414
2110
1404
280
1704
2184
2594
2269
1652
1648
2162
510
2159
60
736
796
2632
872
912
430
104
676
1326
150
1961
2446
198
1108
204
536
184
500
284
584
2329
38
1814
2559
2219
228
970
2492
2440
862
1903
150
1464
2574
1106
2631
1484
480
144
378
946
390
2152
2504
844
430
178
2242
2021
454
2121
2385
898
1378
154
2398
204
410
86
120
2154
36
2244
826
2523
1312
1160
118
672
2520
640
2608
1544
290
290
2345
2580
450
616
136
304
2731
1540
2154
2633
12
2299
2058
1916
2353
1128
670
1982
930
2561
26
2282
952
184
2189
330
2494
1688
1786
544
282
1992
1518
2415
2130
1728
426
498
2320
156
330
268
1490
572
1114
742
1470
2358
2125
1204
600
574
260
1396
2377
1694
788
164
694
1434
410
1044
502
2020
1168
2614
482
1598
2258
2002
2513
1072
762
1524
278
576
2193
108
972
2262
624
548
442
688
2199
788
2700
26
864
2318
1642
1640
2174
174
1762
376
1670
706
2016
2493
2494
2522
1634
2432
302
800
2467
2390
1314
1642
2092
2470
1540
598
136
1979
2616
2485
2020
140
134
524
1004
616
1018
598
1696
2533
1792
2313
924
332
2561
406
1250
770
1738
1728
104
992
1314
208
1715
2648
1148
1828
2414
360
844
1698
1974
510
1462
1332
84
1020
10
638
2294
1848
1608
2381
10
2342
2460
202
2311
2064
330
1938
1368
282
2432
2396
2160
680
982
1550
538
3039
1084
746
768
370
654
2376
28
2317
58
1220
708
438
152
2047
2086
434
24
2558
336
376
946
574
1110
2737
2248
908
1854
698
2140
450
1054
2342
340
1204
1798
526
2370
636
1184
630
338
2551
216
1232
468
812
1022
374
62
2358
766
2040
210
2360
2514
1618
252
2630
1222
2430
2233
2393
2526
1936
2605
278
326
676
108
870
2458
2042
128
458
2090
2357
2002
262
646
2104
1160
1886
192
2488
1596
304
2147
2157
724
1782
40
874
1890
1116
512
716
1997
420
2304
822
942
118
2957
1628
2613
2088
2073
2053
498
2514
1080
2155
238
1004
2283
1922
1206
2243
1846
1870
2104
8
294
108
638
1846
536
392
1682
418
2043
1372
1608
2565
1930
152
556
162
110
228
1342
840
922
296
1786
1979
2211
2216
592
2380
1058
2192
634
2570
1962
920
322
506
1198
1518
2435
752
506
1778
2264
686
1844
16
1900
790
848
1664
2514
116
1790
116
452
318
1987
1905
1534
660
2615
1716
1090
1354
1925
2209
466
2005
2608
2640
106
2571
222
1040
2467
2284
2232
2361
2137
2554
960
212
1512
1128
1723
2206
456
422
206
1808
68
194
1022
408
2533
1600
2260
1138
1388
376
2093
1452
550
602
1548
1018
2470
708
142
1692
444
640
2011
2092
348
2114
688
1322
2321
1122
2472
548
200
2500
2122
1664
2301
476
1982
1380
956
1444
1668
96
318
1672
2455
368
158
958
594
892
1580
2430
744
1940
670
2575
748
952
364
1632
1864
2222
2043
2417
412
946
2120
578
2097
574
356
1824
2244
1820
2040
2323
1911
1668
122
930
220
1946
1156
2445
98
1612
1290
892
216
1106
1360
2171
416
2311
168
306
632
2583
2289
464
368
1977
2070
2242
2222
1112
1274
908
2558
1292
974
422
718
2313
442
2144
1236
100
600
374
502
2414
1406
2172
1975
160
2530
858
1748
2200
450
2443
278
38
1994
2238
1004
326
1158
134
2397
980
640
1961
360
1780
1601
1734
1812
1050
402
1752
706
430
830
2369
2387
2334
1802
458
470
2038
158
2327
684
828
2305
4
24
2234
1786
1526
2174
2455
2526
1738
632
2292
1886
1252
66
2607
870
454
1164
2343
2138
1640
2369
2324
1890
2533
364
2032
724
1378
1692
414
2149
900
844
1589
2161
1876
1718
20
438
2339
2139
2250
1772
1234
1878
1650
1240
1954
48
866
364
2173
2359
440
294
666
1084
1596
268
688
192
1530
26
508
1747
1240
2216
2398
2086
2061
1004
228
1518
1699
1824
2831
322
32
1814
138
1186
286
2252
1716
2086
126
1074
832
2641
2324
648
2402
2663
2254
64
1580
2370
976
300
2144
180
898
2012
1302
2249
2334
522
2444
2228
274
2056
236
22
976
430
1708
1736
1052
1880
2379
2212
762
1808
2496
2419
2004
1038
2385
2193
2482
1256
416
1694
774
2540
2354
892
1912
300
310
526
1424
504
1270
434
138
990
72
1234
102
2478
2475
1700
1938
242
786
2018
2162
1376
2446
2092
448
624
2
2455
1438
1500
2180
646
1522
420
2349
184
1056
226
1046
1464
314
1464
604
30
2834
1180
2405
204
2044
1474
244
952
968
910
2066
520
2140
776
1761
2268
2187
550
2473
386
2528
2243
156
616
458
56
1990
2512
2225
2190
1906
850
682
868
382
2256
1934
2088
710
1120
2471
2023
398
2270
722
318
1098
594
526
38
1358
2307
1086
772
1680
822
62
2108
430
736
1841
1238
128
2491
2152
982
100
48
658
2354
2361
2271
2336
2287
1841
2567
2257
2616
352
2389
562
924
2104
1764
1076
352
2032
2490
1206
1808
30
1881
1138
1094
2345
2572
3165
2002
404
2370
2468
552
2212
770
246
294
2324
578
2188
1982
2411
2125
2204
1148
2327
2084
88
148
464
1480
186
2145
824
474
370
560
2526
142
2428
2529
2527
2164
2035
1936
664
1956
514
2371
664
410
2496
2220
2308
490
2218
540
2037
1414
540
54
2032
2252
1046
842
1442
2008
2443
168
1212
954
152
294
2572
44
2074
2478
860
2441
570
936
904
2799
2386
2293
2403
584
2183
826
1456
2293
330
346
2262
1110
582
934
2342
784
1230
2605
300
1062
2479
2024
758
2392
436
560
1841
2031
2302
562
2216
158
16
1778
302
1334
1704
1492
458
2744
68
1398
2751
928
708
2114
1368
140
1784
2301
1822
358
328
1539
120
2488
1518
1726
1684
2410
2564
380
68
1018
100
2659
518
1242
418
2541
2180
2192
866
1818
546
1064
418
1056
2322
686
828
2558
2120
198
2604
1312
1642
1790
894
56
1152
1226
1114
2201
2274
138
2569
2100
1218
2211
1148
2412
2142
166
2210
178
1112
1560
184
356
2341
710
342
1106
2039
788
2264
656
272
784
2044
1930
138
484
1000
2247
1094
920
1876
2701
100
2213
1404
1312
44
540
2476
1394
2041
1112
180
2186
296
48
1034
578
2319
2644
1160
2479
288
1480
2320
324
1068
48
790
6
2256
420
2202
2018
1906
1957
700
142
2087
586
1102
2412
590
912
1610
2191
2374
2229
724
288
1636
254
560
2370
2338
2406
666
4
568
556
452
1206
214
620
328
2324
576
2366
1666
386
1606
62
238
322
2512
2474
1620
244
1028
34
914
696
1694
1080
644
1704
2243
1967
676
2323
2488
126
408
524
126
494
424
2323
394
2124
2177
2426
732
890
292
2240
2115
2313
872
88
16
2255
1964
642
1706
1989
2387
276
176
2464
156
1926
2300
1840
1634
2658
2452
2138
2449
1090
202
2378
1206
2196
728
656
38
2346
1282
2134
2376
2142
2532
2124
2396
2319
1808
184
230
804
1748
282
1652
2392
740
1478
2153
60
2343
2485
416
2625
2191
138
2568
422
128
2468
2246
2415
2202
1564
2180
1903
2434
2911
1931
2320
388
1302
690
2270
1002
1250
1550
1196
814
1942
380
1806
2113
1374
2099
150
1714
1662
382
202
960
2315
1206
1058
1172
2202
1612
226
1658
668
1704
482
1064
456
2278
2103
2351
772
2028
2549
856
730
350
616
1778
1826
58
158
350
180
2388
2630
72
2680
8
2063
152
2499
2066
1884
26
232
590
2134
410
1464
190
32
316
500
1672
2073
2377
76
2722
2169
1456
2469
2270
904
1945
738
2266
712
2408
1720
68
1996
1510
348
66
1370
2536
2497
850
1376
1888
6
638
406
2439
504
1330
820
2018
136
206
102
1362
2180
320
18
356
2349
1248
784
1775
428
252
1866
1264
1876
1678
2820
1988
1686
910
1490
2231
2155
1998
2498
1622
378
768
2079
94
2528
490
2220
1302
2588
1982
2586
2413
520
1938
394
1318
1902
1024
616
522
376
1754
1388
1806
114
2445
2488
1828
158
2636
2321
2006
1328
268
1566
2641
2310
2090
1372
452
790
952
480
724
1826
304
2367
4
136
668
384
1134
2033
84
2549
2406
716
36
798
1965
1042
2520
2419
140
2278
1830
2600
2481
534
182
1939
1618
1030
526
2412
2508
1724
514
2216
2134
284
864
2131
2430
1828
564
228
2161
1020
2339
2162
2384
1220
2102
324
868
2120
1096
1922
250
2426
926
2342
820
602
2167
812
1946
798
1516
1350
2136
290
1954
2484
40
28
812
2227
1984
2244
2693
2513
1492
2759
694
368
1006
1298
46
2733
2467
2304
66
554
1484
2406
652
1772
2281
910
1608
2146
370
2556
2202
1114
814
1940
262
748
1858
1592
488
308
50
1648
1216
254
1136
1038
2024
808
472
2105
888
572
1254
2673
2180
2280
1975
874
446
660
2278
2381
2366
1839
76
2719
2157
90
412
18
904
1030
2182
2059
460
30
78
626
662
860
524
2701
1656
2228
2467
1044
924
1933
972
1018
2511
2463
2103
950
262
784
2348
2016
1224
1188
1288
1574
96
44
1793
190
2122
2028
2282
1950
2124
2420
964
1272
1899
998
2355
114
2544
1926
1588
172
1692
1976
1176
2355
654
416
1442
412
1932
382
792
2535
992
946
700
1138
2202
2137
430
2022
1976
4
768
260
1326
314
2070
2461
666
858
2317
1812
36
1324
40
130
338
978
1006
608
2649
1116
2273
810
996
1336
1728
2230
284
238
1138
2527
2284
148
2
2357
346
84
1930
624
2585
2598
2623
2220
2230
548
104
2432
1702
1106
16
6
1514
308
2411
1278
878
1342
2387
718
2492
606
386
1124
2298
1844
1810
1570
2420
1440
2493
2486
2495
1090
1078
1296
2078
1164
2276
1416
1282
1378
1886
764
1206
2033
472
2602
1448
258
2007
790
478
2212
2084
2057
380
610
238
2272
1244
324
2415
536
612
158
900
60
218
2208
540
806
1430
2443
1278
424
1490
330
804
1916
2522
58
2291
2122
2271
1720
1724
500
30
2214
714
158
1160
2368
1942
1726
2201
1954
956
2038
1852
294
2140
2166
434
2226
1828
948
2272
792
892
1946
1522
2049
828
704
1104
366
2131
2223
482
2626
624
1874
364
1622
1030
1144
876
486
1454
2046
752
466
512
16
1260
2346
2139
510
194
662
1826
2304
890
2612
770
2108
2555
724
2040
1468
896
2329
1310
1688
1380
1981
2215
1742
1458
1818
2364
388
1092
720
324
1402
2194
2398
2237
798
2199
1114
946
542
546
2126
1959
1820
1080
2490
230
432
1508
1258
2247
1888
2414
1046
2337
2004
2100
734
2487
2104
312
350
1150
2322
1176
508
2131
2102
934
920
1654
1966
170
36
1914
84
52
1396
1182
2551
238
1576
2218
2188
2308
530
1220
790
1894
1376
1276
2391
884
1834
146
2112
1492
836
2554
2187
1318
928
1728
1696
1304
742
1894
2112
2220
2166
2216
108
1478
1070
1144
294
148
994
2455
616
2148
2298
2410
512
1542
2041
1936
1054
182
1628
1764
2380
2588
2523
1404
352
1728
792
724
576
262
1464
170
2137
1768
2834
182
1170
1674
2033
1362
998
372
1790
2350
1136
408
1458
2478
700
82
84
1086
2288
634
894
564
1964
178
990
908
2129
1144
2208
440
1832
276
318
2118
38
2126
360
2012
250
2418
252
2468
346
472
2340
2274
1896
2393
1580
1730
1316
2256
768
54
1048
60
386
2494
288
1464
654
2301
194
2055
2373
38
1316
1094
866
1644
326
1894
2214
498
2100
2364
568
262
560
2121
884
2229
250
1356
1306
1050
2382
2388
164
2295
1902
2416
1020
2132
110
630
1964
670
14
1862
906
1792
172
710
2420
170
2156
1604
2281
2485
1702
314
402
1180
1332
2304
2179
568
720
1612
800
2095
2662
1474
794
866
1967
1130
2333
1400
2414
1594
2230
2483
894
292
400
1236
1791
2308
1340
2177
2062
2668
2646
1428
2247
682
468
498
2
2246
1824
946
368
354
840
666
334
404
2050
1766
1618
2326
2316
2399
2272
2104
512
2632
44
1556
1750
1478
1262
138
2232
2625
2009
456
424
600
1186
408
2196
896
1968
264
2249
2106
1246
2007
2331
2755
1522
794
2518
1558
58
932
2225
2825
1498
2179
64
2
66
1778
2342
678
1820
2226
1492
960
2521
1484
120
2569
2324
2184
2488
2030
1194
204
2639
438
620
2290
1136
318
2032
1950
2520
1834
922
98
306
108
2320
1030
1790
1398
364
564
1114
2338
2086
1436
2402
1944
1666
48
1438
1899
2837
928
1818
1550
14
118
68
1574
68
52
460
134
1704
484
2192
1818
166
990
2237
1992
566
1132
554
2263
272
2061
942
52
2411
16
2594
628
692
1970
2517
1320
1950
1454
2601
1046
2254
2546
1708
774
628
2092
286
2202
742
1634
2265
364
954
2310
2069
1446
1606
2273
874
2182
848
2452
1284
658
158
196
144
1126
1408
292
1022
1904
416
1238
1128
446
2359
2438
2516
2165
2221
2198
808
36
740
582
878
1654
216
2244
2491
1777
158
840
868
770
2503
2124
1564
2418
94
2587
2263
2010
2520
984
2279
1770
2439
2341
870
66
1886
690
2225
2511
1534
2559
348
214
2372
382
1502
2550
2469
272
1813
1744
704
1932
1944
1248
2386
2411
1929
824
566
2243
454
392
478
1602
738
2326
40
2112
2581
116
718
360
1564
580
2212
1500
504
1720
2162
662
2292
2440
322
250
2116
2317
1568
2413
378
1742
818
314
2236
388
2735
360
1176
2059
476
80
2098
2440
2634
440
2606
554
2506
14
432
658
2503
8
196
748
132
1048
1164
914
460
1638
1052
110
640
526
2669
2695
528
2482
816
2675
6
560
306
694
2447
1654
236
1064
746
870
534
878
2619
2601
1368
154
1388
1600
484
718
634
192
2212
816
72
2052
1036
2
1576
2114
2006
1970
1600
2465
1792
1384
1164
644
76
1706
1170
1592
164
232
730
108
578
2060
2449
2155
866
3074
62
2040
2119
2130
2495
1302
1640
1344
2504
1546
1266
44
274
1786
1768
392
14
1400
2564
644
2129
2747
410
2156
2614
2054
2227
290
362
1038
2112
2174
562
512
1969
48
1574
2515
40
718
1100
476
2584
798
2191
54
730
2512
1240
2162
1284
2207
2590
428
526
2543
458
2389
1128
2400
1510
2285
2332
1614
256
24
888
2569
1776
1074
334
2345
694
976
584
586
188
1222
1084
784
12
250
2258
2257
1912
2103
2132
1764
180
2581
2140
1970
2388
1246
2373
698
2457
1940
2362
2290
1392
882
1316
1522
2468
436
840
2592
808
1992
536
82
2509
1226
1278
2176
1576
224
1480
2301
2515
462
2285
122
2202
518
740
2133
2645
2028
1072
2256
1070
2320
2519
1204
650
738
1704
2556
2303
1376
348
456
358
2307
2724
1084
1046
2150
2079
1152
2118
1522
2615
1616
1410
900
224
1380
98
962
2229
1882
2372
2653
2405
856
1478
486
116
1401
2196
2530
2162
1488
2166
2105
2783
1344
2700
1316
2715
2017
2250
622
848
2483
2171
2657
2708
124
1646
1538
164
1436
1170
1360
442
2006
10
1090
62
1808
1658
2403
2291
2318
2073
2038
1216
2576
566
2316
2340
1926
1971
638
202
1991
484
1942
666
372
448
772
1512
580
108
692
308
1346
2661
230
2096
42
1932
1230
280
2449
2524
684
1852
2126
2191
904
2074
1476
46
2607
1100
2269
120
2175
1610
664
1192
1878
1707
1874
138
494
306
1848
362
830
1858
980
2113
1970
1774
516
196
282
840
418
852
647
2262
1646
992
2324
2377
2648
350
1574
296
768
2080
816
106
1390
2172
1538
2471
2372
828
494
2233
1933
1762
282
564
2248
1536
588
2335
2206
1212
546
1186
2336
2496
2225
1778
1916
2136
494
1809
320
2166
506
304
2280
768
2207
2490
1116
2086
528
382
2362
544
174
1144
2352
20
372
2054
986
76
2263
2272
470
978
1230
594
1796
2350
2642
1204
838
1174
1670
2216
1976
408
364
578
798
2412
2170
1360
2221
24
2256
2929
1388
2249
1084
2411
1470
890
24
476
2036
1254
168
2376
2344
840
2684
918
640
42
1970
1662
2018
1168
756
278
764
1170
2126
2313
58
230
404
1994
804
2125
182
1724
606
936
2464
334
152
954
672
2006
64
2674
2667
1590
1678
2108
878
2292
2109
1416
12
1230
2309
1632
2794
1304
2461
460
756
1574
1236
1142
1070
824
576
2588
410
1546
214
2145
806
530
1380
2052
146
172
364
486
2282
324
2382
1896
2588
742
328
2441
750
296
1198
1412
938
488
2344
2506
780
2298
2168
340
2620
1002
262
1804
2102
802
2699
1032
978
2157
2284
2490
2167
1422
858
220
720
86
2184
1506
2267
1484
2320
214
552
952
970
264
2164
300
2673
2581
462
1050
396
2294
2633
2464
1414
492
2435
2298
2416
134
2228
2386
2147
2190
2413
776
626
880
470
876
60
682
982
2095
2512
756
1276
2297
1382
2144
1036
2600
1774
194
1746
334
80
2068
28
1754
238
2531
282
274
2744
474
1140
2271
2390
2604
1046
1938
290
2635
2104
2230
1782
2057
20
198
1018
168
1660
784
580
38
2313
1072
322
1360
630
2210
2367
574
2574
1861
2301
850
2911
2248
848
676
42
944
2128
3386
2216
1882
2015
412
2204
22
2086
1164
2150
288
444
828
2588
738
2517
32
776
2160
1070
776
1911
30
1658
2551
736
1460
1458
2439
704
578
2279
1500
2456
746
674
512
898
1486
2438
1348
2414
1804
1262
2522
1542
822
1530
1606
1586
2062
2455
298
196
868
1208
762
1702
512
968
910
818
370
2309
1256
1166
2605
1924
1358
1176
1546
2488
1690
986
2330
1788
394
876
190
466
932
136
2332
2440
678
404
2297
1664
1756
554
618
2601
2073
1994
1106
2082
216
2133
2360
194
1368
810
1848
196
790
2707
1030
818
64
684
10
254
2167
1034
598
1884
662
1580
1746
2065
2018
242
222
592
814
278
478
1386
1356
330
454
2391
1843
2412
1000
2350
214
368
566
1983
2509
640
2490
1562
690
1304
430
1598
308
1404
242
2553
946
1434
2661
1768
138
872
2132
1960
2232
2556
2163
1266
1130
518
2635
2230
2514
2149
1220
2476
730
318
870
118
1346
606
696
568
1074
684
1118
304
88
2502
1950
638
1552
770
1520
2144
1104
2376
1906
602
936
2145
2650
1856
1256
2615
2232
2052
2060
2508
684
732
1112
664
2098
2168
320
1690
974
586
38
2133
1942
1955
2523
2714
2608
848
688
2113
1724
2388
910
2222
2249
202
2298
2188
94
110
2517
1688
718
84
226
2006
1927
688
2391
1936
670
1288
2296
2241
8
66
1368
994
2529
1184
2419
2090
1522
1406
1272
250
914
2494
2166
2077
1134
2126
1472
1242
2417
2180
468
1468
1228
96
528
258
444
1688
1998
2033
716
1276
154
2200
808
410
2401
1536
696
760
1256
2165
2168
92
130
2398
466
1966
1462
1938
2337
2548
90
446
1436
2272
222
158
1194
94
2677
2105
98
460
404
2265
1722
2068
312
720
1806
1859
470
2530
1804
242
2533
2678
2189
1450
436
404
270
2533
2272
240
718
174
412
2365
2165
220
1472
468
140
32
854
1366
2636
1394
1632
1969
1734
2463
1777
678
398
1064
46
552
130
2572
2372
2221
2559
324
530
2032
486
2024
2270
2003
1905
1564
180
2643
1402
2306
18
58
1594
322
2399
1136
1544
116
1742
1918
782
280
2240
360
2182
2224
2267
1194
970
1824
2190
1404
134
370
1434
1802
386
740
2185
2422
1718
4
2039
2327
250
1424
580
430
2288
384
1816
782
474
386
648
844
1544
1280
1718
866
512
1550
264
582
1656
964
292
2071
2560
2600
1134
2110
796
2096
434
2646
632
496
2318
1960
404
262
226
1920
638
224
2070
2368
1056
1068
2080
2346
2127
58
36
2481
2336
2016
370
180
2388
498
2266
1100
2314
2680
1858
618
1994
90
1606
1964
676
330
1706
2514
2508
762
2312
2100
1134
2089
360
448
2322
246
590
990
1186
1654
234
2642
950
1692
1564
792
2234
1036
806
552
890
2092
2073
1930
720
514
30
952
1266
1981
1838
2257
1752
432
2002
412
2365
878
302
1104
926
236
2419
1820
2080
1644
1884
1624
2692
3195
1982
322
2163
916
208
2027
1238
1744
538
584
568
1590
964
1704
56
8
420
288
36
286
434
508
1616
2410
672
1306
2185
1428
66
1804
1086
1888
2050
76
2441
2033
2202
2079
44
1078
1156
74
2178
2619
422
1883
234
2713
462
2188
2460
1384
1396
2093
260
1534
2216
1436
528
114
2066
100
2106
1723
686
1446
2250
1084
1682
880
1714
1440
2418
448
2458
1438
1638
2380
2065
820
2594
1958
862
320
2388
526
2132
1270
1194
2192
2104
1929
532
2672
374
2293
478
1838
2906
2466
1424
2547
2350
2050
550
2347
2580
2170
1866
2319
1618
1466
574
900
86
1984
2002
1642
2125
1372
1026
1714
1510
442
1326
672
1096
2099
1800
2506
116
2693
336
1684
2150
814
44
310
2240
182
1226
140
940
450
888
102
552
2277
2315
1766
898
1122
2631
868
1266
908
2097
2061
170
1120
1986
1384
2634
1722
842
164
344
320
2219
1086
1841
2504
2312
486
2058
2157
870
606
1382
158
300
2014
2222
58
372
168
616
1142
1948
570
450
2012
2045
2448
508
2684
978
924
152
2129
434
162
2369
1070
834
1968
1906
192
2014
2433
2002
444
1122
2489
94
480
1642
444
48
576
550
802
254
624
2438
2113
104
852
1766
1566
1932
580
1080
510
160
308
1854
2222
2300
2372
1522
956
456
386
1168
630
1104
2227
2556
840
1218
2328
284
700
1424
1124
1006
2142
2185
814
442
1972
2183
362
40
2494
652
2531
2299
1118
144
942
240
2519
780
240
788
678
1616
420
2296
332
2096
2247
2026
2341
2481
640
134
1142
1254
2515
2069
386
2314
2664
916
2525
2352
1506
694
2097
834
458
288
136
1390
2378
2471
1436
1426
2438
358
342
2312
96
174
516
1594
2049
500
1038
2578
670
1944
258
678
958
2229
536
120
1046
314
500
2242
2659
860
1156
1086
448
1956
1898
1848
602
2546
1726
2580
52
700
1636
1492
2456
2445
1970
2305
2175
304
556
1674
1476
2002
706
1952
498
2279
1174
1322
402
166
2076
2064
1122
550
1732
2276
598
2136
2237
1636
1432
1878
1854
1646
310
2085
1442
938
314
564
40
4540
2109
370
1599
2623
1870
2401
1220
2016
2590
1048
224
2029
2513
2428
852
1916
1832
810
696
2698
16
772
1054
300
1178
1326
288
1914
1634
1460
2266
1282
886
1112
156
948
644
2027
520
300
1796
1100
666
2266
2251
2203
2192
718
770
1966
946
2666
1992
2240
886
2236
1464
1746
1930
1438
1708
1538
100
2130
1118
2134
64
1386
730
1216
786
1884
918
2172
2339
544
930
606
58
98
480
476
2371
2411
2446
146
402
360
600
1928
1945
32
1256
2522
2596
2539
2617
194
136
370
2391
2415
138
2366
250
1446
2426
964
908
2134
338
2110
134
20
804
2143
324
1338
1214
10
1789
286
2609
20
116
2502
1230
106
2056
1406
1526
2130
696
640
1382
404
2058
374
74
576
2533
1638
1110
2747
466
1102
790
1658
1212
2245
30
1670
58
366
590
2446
992
2635
904
1010
1988
74
2529
1192
544
826
286
670
1042
2286
1684
2140
950
2275
398
800
2475
2050
2565
150
938
1628
2214
1526
68
2060
1502
1962
2090
2271
320
1728
1944
66
1106
1781
2245
2456
1120
1288
1062
790
718
2388
732
1502
2428
2222
112
1114
2043
1966
1302
2161
926
1584
634
2704
1546
134
2476
1944
1240
170
2448
2339
2062
1845
1820
2406
2454
408
2316
1914
388
826
686
2191
888
1776
204
330
206
1186
1870
2042
980
772
2037
422
1306
2357
2223
328
10
2027
714
298
92
172
2537
2281
250
2204
1130
184
330
2561
2138
2611
494
1050
2004
734
8
184
464
1744
1598
2495
2493
892
2466
78
402
2136
478
1254
18
2218
680
1813
2306
504
2402
78
1158
714
2337
1852
2577
860
338
52
2328
1310
946
684
16
1086
1474
808
708
1002
2185
444
1642
1850
1994
1090
2288
1712
430
2482
1993
2231
2372
790
202
1963
2183
240
1962
2007
488
2288
1752
2368
1510
2075
2211
556
2633
94
2072
2336
1952
332
2554
2309
2392
2339
2282
2131
2180
80
1670
736
420
2144
1358
2176
210
1887
2046
498
2151
1976
2022
408
794
2422
2582
1208
1066
146
1991
602
1310
686
2222
424
2109
320
1733
2028
1652
2463
1520
2059
1154
1840
1961
144
2184
1430
2044
2032
1985
1662
1658
2522
2496
2067
446
882
1474
546
1094
936
200
694
498
476
1168
44
1114
1720
388
394
296
1414
2266
242
2298
1522
1412
732
1604
2227
2110
1060
2582
1980
2460
200
800
234
182
1676
2420
364
2328
238
1749
128
658
2225
2245
2533
258
2426
828
724
100
2116
1192
398
640
108
452
2148
358
1390
450
2701
1740
1440
290
2176
88
2267
2002
756
210
1228
2496
886
2110
2537
2124
1770
2133
826
2416
1826
1234
658
2233
2121
2621
604
2205
2559
1744
2617
2267
226
778
2120
2184
600
1702
726
2254
1142
752
876
2442
2347
2334
784
280
1440
280
868
1833
970
462
584
722
1552
44
98
1838
2498
1382
1890
1716
2109
1376
206
2518
2138
1444
880
1404
468
2255
1740
486
454
2177
2625
232
2828
2084
786
1692
590
414
48
2022
454
2146
2186
2189
1702
2243
600
990
1976
526
2394
2272
2416
2510
2573
2189
622
1234
2194
2049
1488
2271
2384
2295
146
600
646
1928
1072
196
224
2474
574
880
34
2390
1864
2309
450
2127
272
2482
2560
2160
2368
788
148
422
1512
2554
1446
2182
2110
1216
1678
68
2456
2575
2572
882
324
1124
2672
124
2400
638
824
1994
652
2150
1444
2183
1010
416
94
472
116
1550
406
264
736
132
2342
1564
2128
592
2416
1200
2084
1084
1839
1973
934
2598
234
506
1662
2604
1866
470
2528
2008
1959
68
1884
1612
1702
2493
94
670
374
1921
846
706
1736
1338
982
424
2116
372
140
288
2256
2554
1580
2482
932
2008
444
306
442
2691
92
68
2237
2504
232
1774
178
78
1370
2008
710
2634
1726
2405
2072
2420
2868
2110
2415
362
924
466
1998
184
1330
214
664
1394
1070
2351
2280
160
1742
1032
1847
1034
556
478
2098
2394
46
462
1564
1772
2461
288
216
196
1092
2373
902
2062
586
1358
2279
1786
1412
2339
404
538
1878
1240
1534
2049
2526
408
1220
146
446
608
1789
1780
2294
2338
1964
182
2642
324
380
228
2077
2211
396
476
910
2000
304
1332
2592
490
998
2067
158
1074
2427
1820
902
2497
2652
1076
1862
646
866
756
306
2295
616
176
528
1438
324
16
1084
444
2076
2525
3061
2296
2307
1578
2017
36
2154
96
2306
2044
2608
1216
156
1678
496
2218
430
710
522
574
486
1994
1936
1414
2264
2432
6
444
1600
996
2086
1760
28
208
224
498
20
1888
2055
592
252
1546
372
890
2487
2038
328
672
1300
2288
2524
484
1082
154
2634
414
2040
2298
1574
1478
1824
2172
2288
1060
2430
952
1040
2174
1038
518
2454
2167
162
556
1350
2047
656
2100
1070
2511
2240
2020
3077
872
428
890
1086
2279
612
2302
2374
864
2404
108
856
202
1604
2310
1648
2296
774
1424
904
140
2513
2418
974
2668
2122
988
2018
1514
2104
1214
2
354
1994
590
566
718
2361
2100
588
2341
2495
940
2580
1342
2043
220
522
1122
2583
708
2406
2622
696
434
2488
1582
322
2646
2325
252
840
1870
882
452
502
2375
1994
1960
382
2050
822
2175
2496
2055
1710
1140
1206
736
216
2080
2434
2253
2293
1112
766
116
1960
2266
2328
372
460
1150
280
2580
868
1090
788
2584
360
786
502
1122
2178
1574
130
1778
1130
2336
868
2191
938
2914
42
836
1640
1810
2136
2026
1182
1742
2004
1102
1923
256
728
2372
254
1114
2326
600
792
884
2825
2280
2004
1284
2014
1893
2231
346
2380
1404
1166
740
1360
2162
1914
2593
2429
2401
1798
614
468
2368
60
346
1772
1098
726
704
1014
1146
1632
2058
1982
32
534
2
688
2295
48
2769
1400
836
2017
2287
648
154
356
1120
1932
2083
1022
276
2296
312
2672
432
2287
2145
2318
3033
486
676
1466
302
2511
248
2529
1942
2112
1220
2695
2525
1140
296
1674
2360
454
2126
1110
828
1958
1146
2255
2249
438
1404
162
2328
2071
386
610
2471
1546
1164
114
1630
598
2262
222
334
1586
1799
366
622
2428
2111
956
2573
1354
1603
2506
2144
230
536
598
2606
270
2171
834
220
1284
964
800
2234
232
2262
464
2019
1662
70
1700
2155
1956
770
2911
520
2257
910
744
716
1062
1902
2034
1916
1934
2357
2105
910
690
1868
784
2384
2126
1604
2139
1888
1594
1038
2675
2157
526
864
2370
124
2275
760
1472
2215
2183
2386
1600
214
616
172
2048
2411
434
1884
326
1270
1829
2058
1746
506
1652
1056
2084
496
12
1856
1932
340
842
1338
1868
778
1126
672
1832
576
960
2204
1642
1843
764
990
1833
1104
2000
1320
1770
2297
2438
1977
1584
2036
230
2494
318
1340
2733
2277
1702
56
1070
2158
1400
1932
804
1334
2711
1362
1070
96
1754
618
354
1720
2293
2146
2704
2394
1442
2178
766
1402
494
1906
1728
2183
2409
830
2030
2024
152
2185
2162
1538
1508
828
604
1760
2318
88
120
2459
2500
1368
1924
1732
794
344
2183
2526
1350
2226
530
2332
142
1785
2316
1900
2501
1188
1682
2737
592
196
2110
2082
2002
2380
2236
1506
140
364
1174
1656
1178
1222
90
468
1130
1356
406
606
1736
2264
848
2030
2125
1268
1741
338
244
260
300
334
874
72
2380
2618
318
1102
2626
578
2150
1628
732
1838
244
1712
1026
212
1950
160
184
30
1715
1708
2256
1338
2099
2309
492
640
288
646
1446
2519
138
2838
246
2467
2247
2388
230
1964
1166
2602
1952
1386
1834
16
1882
2067
1520
1496
1609
2022
942
2692
2560
1154
34
1294
1896
2366
354
2263
434
2095
2030
1136
2537
1146
1246
2521
2337
2260
2364
2146
162
318
2146
1254
582
2723
2460
2252
2100
654
2502
1666
2389
146
2234
1476
502
2296
1744
2096
372
492
278
188
2390
1982
1288
2123
774
1286
270
2182
1308
718
1030
228
2688
2315
434
1798
1676
1620
560
480
596
908
2205
2449
634
192
426
192
1995
2446
158
26
1840
1540
362
1198
126
690
204
2205
1914
2523
1996
1130
434
830
242
612
2027
2360
2633
2243
2175
226
676
688
778
1498
2400
388
538
2256
2354
1400
134
1352
1628
1030
60
2288
2390
52
2101
1436
2480
2189
1752
128
420
1928
1328
2549
248
2126
1150
894
1632
2175
320
596
2042
200
792
734
2254
2348
100
116
198
2062
268
708
706
996
2183
1606
60
2495
96
2262
2392
2274
448
2216
2058
2087
2537
1036
1322
1092
802
2488
1130
306
2084
2337
2000
1522
1418
2464
2295
228
1500
1599
126
2694
1526
2506
502
354
2208
228
798
1156
228
2054
1538
2574
1824
1538
562
2573
14
2076
1690
600
28
2210
640
1170
2529
1664
2141
24
1416
1750
1566
2423
204
2096
72
2488
1192
2660
1256
506
452
2296
132
630
2589
2068
720
414
328
250
754
912
2134
2211
2173
1560
2162
628
1104
470
2148
2159
2050
2331
748
922
2476
342
330
122
466
644
2552
168
18
822
2244
996
1090
2476
526
700
2336
932
2129
1960
2106
1230
2181
676
320
1850
516
674
2425
188
800
1964
784
2428
2305
1640
104
748
2686
2574
2066
2012
2588
2511
774
2329
2217
2164
688
2072
108
82
530
2553
2197
1320
44
526
2396
2572
2080
2162
2491
2337
1434
2141
284
1990
1888
1790
136
1078
18
2171
836
94
1562
526
1880
2477
584
544
90
2106
48
1830
2463
2482
2008
2439
498
2521
42
2596
1184
624
2494
188
784
2204
624
1650
980
2215
1576
920
2185
662
2472
1502
1711
62
1118
508
1846
466
814
750
968
2256
254
1531
2582
2135
348
1186
500
2346
48
744
168
2238
2178
182
1352
2756
2422
954
498
1859
1940
2145
1976
2341
1844
1592
400
2388
102
2192
136
1208
542
2311
1250
2297
40
1072
1602
532
2229
2374
2210
934
2462
156
2208
410
1806
336
1802
2279
2759
1844
42
592
2113
2278
654
362
358
2441
2092
1102
952
32
492
548
2367
2611
598
60
2046
1756
1878
692
1376
1176
2352
264
1300
2059
1854
2295
2262
1106
2063
2462
988
2456
2303
1086
1204
2580
1248
2327
1500
1576
106
774
1568
474
2239
296
1272
2558
674
1596
910
480
1014
42
1082
288
546
234
410
1764
166
2400
578
1892
2147
246
838
220
1058
928
218
1482
2638
1602
270
468
336
146
2533
2245
2355
1266
2467
248
332
2438
94
714
314
1996
2244
1576
1816
2082
902
572
2290
2069
364
2435
192
1866
2170
944
88
1432
2534
2106
1634
2549
2433
1890
606
1860
1500
758
1588
1144
1430
1020
1552
338
1722
2044
560
2159
630
1294
982
1976
2706
1806
880
1947
1878
2619
1800
902
2381
1888
804
2093
2224
1032
1330
62
1280
1975
364
2670
1370
1958
2002
46
2177
1070
