1324
2399
2340
2338
616
282
1804
2235
142
260
666
1590
1610
884
70
1734
1902
2167
2522
1310
1240
356
2039
148
2402
1416
1074
122
2358
1992
2316
174
712
244
1012
918
134
700
902
2210
504
2034
1176
2545
2467
1939
772
528
2059
480
1310
1416
2692
1286
2365
1160
896
2148
878
804
2260
1692
736
216
2217
472
1953
538
1756
318
172
2374
2104
110
1630
554
2456
1776
1742
2373
1810
1830
2076
2136
674
2548
68
1216
2740
332
2450
2021
2154
452
1158
680
2376
2123
2325
66
864
2606
1508
1362
994
392
2667
100
1266
1200
2449
2258
1378
752
2425
2639
1220
490
718
932
848
654
984
2402
40
1954
900
2197
846
1838
950
1938
52
2451
2343
2282
408
1700
18
1438
774
168
2195
2586
1574
1652
238
690
760
534
1378
1538
780
2468
176
2146
1160
1304
1940
496
372
192
2060
1574
552
2238
1496
2142
2562
148
2182
92
1972
2551
680
1222
2509
664
382
2558
1274
1814
524
418
2106
1102
210
2124
1991
2071
250
2460
2449
2829
360
1872
2489
1878
1228
1977
2390
974
864
362
908
2204
836
730
1872
1670
956
758
848
1124
1896
2160
2280
1696
24
14
2307
6
1032
924
818
384
954
1242
1972
2364
698
848
52
256
40
644
1196
502
120
510
868
1518
548
1720
2046
2671
2058
24
776
414
434
2612
2080
2348
814
1700
1710
84
102
214
458
24
2606
2227
2039
510
2271
2548
2348
1402
2210
2428
502
740
254
878
2130
58
2036
2028
1958
2055
2697
584
28
696
316
64
392
80
1860
1878
2036
1966
934
2442
1290
776
1780
94
2275
672
2162
1884
1650
2128
182
2391
2873
58
2790
380
328
418
2234
120
380
2
722
1200
188
1939
2191
596
2386
988
922
2368
2584
10
214
654
534
82
250
1879
1544
2419
906
422
156
226
874
2406
2606
1542
350
874
1146
2322
2325
2618
302
1652
510
2376
2357
2246
606
2033
840
320
62
558
2265
928
1932
2569
1074
94
396
100
2239
1960
664
636
214
2120
566
1250
286
2430
1996
2679
828
1296
2650
40
2832
478
1278
478
174
22
2296
2622
1238
2698
1048
1768
946
318
2075
1246
400
298
2861
1750
852
2106
2538
2537
1864
98
130
1410
116
2194
1368
2127
2079
2072
1010
882
406
1796
1272
2246
2310
402
1876
1098
524
504
2196
2393
22
516
2460
2237
174
2324
116
816
1915
2027
226
2631
612
1244
146
228
1632
70
2376
1658
2261
2392
346
412
544
402
1664
2231
1200
2264
428
2504
874
474
2213
1962
598
2579
2574
1510
1857
2329
2087
2231
1958
1864
462
676
424
2086
426
2270
210
678
98
1728
172
1684
754
2418
2060
2151
1556
2603
172
966
2343
236
2090
2298
2126
1604
2504
2356
2511
658
96
1860
14
540
2245
2127
882
988
2517
598
2504
12
2187
2478
1182
1841
52
386
1086
1854
2347
424
872
992
886
1136
70
404
1668
322
1658
1850
1917
1560
2074
1370
2152
2310
254
1300
2029
692
1242
1556
1528
1716
2125
808
350
94
206
402
2393
1214
1958
1206
2413
84
256
868
306
1230
2278
940
440
2112
2140
1872
1750
1220
1360
2661
2274
936
2171
1886
296
496
2111
506
1786
2650
1782
2432
876
1396
770
1773
1170
1120
1272
1472
386
184
1236
740
708
1923
1198
518
1881
2351
1708
1366
2244
920
2020
924
864
1152
2346
1688
1945
1104
2253
20
2110
562
2542
2024
358
356
2568
1296
2356
788
114
76
92
758
346
2185
288
2670
2085
324
2302
942
746
2312
1590
2392
1771
768
1584
1566
220
2383
926
2360
2033
890
686
1686
606
2546
470
2784
64
2347
196
2056
2298
1761
2133
2508
678
688
854
946
876
2428
794
1448
2247
50
2607
1845
364
124
104
1192
1884
2658
2848
276
1815
1422
280
2096
2230
1540
1952
1080
1768
758
2204
1074
618
982
2491
1028
2392
908
2560
1066
420
2143
1710
304
602
814
690
1692
866
426
906
46
2335
2040
866
510
1268
1966
2154
1700
46
518
2373
2616
2467
2374
646
824
2264
380
1300
258
2277
426
2048
574
1284
2148
2254
826
2031
1536
1076
2186
1034
2375
1790
1310
480
14
64
88
102
408
2036
1932
2219
2502
266
1626
76
754
138
370
988
2325
1910
1302
2272
2278
1160
818
2434
778
2180
1307
344
1971
148
856
1973
2290
1875
1086
2235
218
732
560
320
372
2067
392
18
1990
1284
1076
1678
622
2304
1484
2592
2059
2484
454
2107
1046
998
1786
210
2603
1068
2371
112
2256
1638
174
800
2154
390
292
1558
62
1358
2750
120
42
838
894
372
210
3637
1964
60
880
482
474
2202
2186
2076
1140
394
194
20
852
2167
1434
1738
2184
408
616
1530
822
2084
242
1300
2323
1082
2120
270
324
2492
2279
232
2076
626
1542
1306
242
2205
966
1846
610
1664
120
2340
2248
862
234
2539
2297
1684
140
2213
1062
2480
2358
1300
2212
1296
446
1870
524
2020
412
1920
2372
2421
2271
2295
756
2468
2004
2241
852
1030
1316
502
2176
2287
826
2194
1742
2361
764
976
784
518
2088
268
1438
2072
1278
1936
2558
2322
2301
974
1564
2297
1304
1769
2091
278
316
2299
2029
2345
388
1766
1480
1554
1620
1146
2314
104
1026
44
1304
1942
2186
632
1592
1520
1931
1738
228
1210
2305
64
1548
2517
2230
2024
2452
58
254
1148
544
478
2380
2184
548
662
492
1934
50
860
1574
778
78
1042
902
2615
2360
406
378
456
198
2098
2086
1032
1646
942
1789
30
2593
532
1102
1654
2483
516
570
252
2535
1566
1861
2112
2298
1134
2646
1781
170
1971
1606
288
466
2393
1760
2028
2642
62
1600
188
1802
882
1342
282
644
1822
2118
472
1872
864
2562
2416
2556
88
810
2384
288
180
1286
780
1772
698
712
2214
2328
44
2460
610
2091
52
2370
844
2607
1589
2177
2399
2332
2322
566
2214
1364
2284
2589
2139
116
2311
654
1608
202
2177
188
1982
226
2398
1298
544
1360
66
1743
180
2027
752
1302
2132
1616
2256
2263
606
1248
544
636
1450
2282
522
2071
92
2401
2182
1352
974
284
984
356
376
1816
508
830
124
1810
2577
2318
406
672
2746
702
1012
456
216
1016
2272
1822
2241
2112
1996
2264
276
2545
1570
280
2228
984
2830
2393
2054
1134
1752
742
434
2076
1138
1368
1784
96
1842
902
2158
2484
2560
2416
2044
530
2122
1884
2017
346
200
46
1592
308
1296
1092
2364
1886
350
2066
2214
2178
2277
2324
1444
1986
1512
2397
1454
1550
2260
2443
36
414
304
208
1958
1300
974
2018
870
1056
1094
374
2340
1642
740
326
1424
2770
2236
2164
308
2136
1908
1772
2194
2287
2146
358
1884
2334
2211
180
568
2586
2644
98
2662
2572
2653
642
64
344
2114
2458
2323
2848
1674
218
1828
1346
2357
600
2152
1352
72
408
2438
2504
2211
284
2368
838
260
286
1878
2702
662
2434
804
696
50
1036
160
2017
1528
2054
614
712
278
814
2422
2451
1986
2470
2621
2078
2640
62
2012
868
58
552
634
1060
214
2295
748
218
202
2094
954
24
886
482
166
2516
36
1838
184
824
1284
270
2176
2755
2205
82
56
2626
1828
2003
446
2171
744
1982
1924
1242
4
1578
118
1478
216
1076
184
2125
320
1931
202
2576
614
2142
362
2238
1134
2145
1062
1360
962
2238
2376
2269
1554
1664
2263
1536
414
256
1832
2311
356
270
6
990
718
546
2059
2071
614
2212
182
2140
2292
170
778
888
2481
470
1184
2088
2230
2244
2010
1972
2174
704
1950
2591
974
2304
2062
2595
384
64
542
710
2372
2203
1610
1692
1926
2572
2170
1208
1264
50
1040
1568
1184
2132
104
2238
600
792
410
2403
2407
424
94
1044
546
714
1779
2204
2625
1470
22
2660
2183
1038
258
1206
8
1458
1696
604
2156
448
1548
2477
2154
142
2776
2436
1868
2604
74
2402
1166
1869
990
1322
1478
148
2571
326
2095
1704
1302
2139
1058
570
2393
778
456
1896
2046
200
416
2196
574
930
2353
2156
2325
2338
2358
1498
970
2244
2503
2201
1711
224
498
342
2234
656
2392
2117
546
1060
1462
590
1138
768
836
376
2535
278
1800
436
2360
2226
2049
1158
1694
216
480
1038
2242
324
472
40
1096
538
2305
598
2501
1294
1298
2186
2417
2282
1536
374
714
2329
2092
2085
114
982
1140
1456
1536
2484
140
1200
168
440
668
2536
12
350
2787
1112
942
2247
2214
1980
1482
786
2222
2370
2637
2637
560
1884
220
868
688
1947
904
392
2006
1532
1806
398
2185
306
156
464
328
2032
6
1114
60
1966
1658
1804
810
2491
1166
314
850
1082
580
2281
2140
1682
1232
172
290
2689
442
2219
80
54
2158
576
2238
2486
2483
98
566
556
502
244
2354
2343
1790
2364
192
564
2311
2187
184
796
1030
1338
976
636
1550
2263
1002
2017
2423
1044
1452
110
2401
758
2136
2574
166
2101
1134
930
1326
832
1889
472
916
2486
470
1154
2178
2548
2236
760
2444
1870
134
1846
540
928
2199
474
1192
564
2587
2074
390
2233
664
1102
1040
1737
2587
2067
218
674
1865
366
1236
1200
1358
982
588
2098
194
1836
1188
2122
924
476
1190
254
1424
846
102
2368
1832
104
104
1330
1654
2184
2253
2314
2036
1388
2114
436
2655
2051
198
202
4
502
1044
2549
2254
630
1382
538
2564
1428
2356
324
2368
588
2345
118
1889
2521
438
1394
956
130
352
1998
1124
216
692
302
2459
1686
1172
560
1570
1218
1828
2170
1388
616
1916
1084
1290
396
1400
776
596
396
586
692
134
2364
896
10
474
670
2365
694
442
278
746
2396
1686
678
1428
1006
1442
864
286
948
1076
798
2295
1759
150
2550
1548
2743
456
982
2018
2347
2072
2505
2526
1454
2267
58
22
1532
70
1086
354
1398
1398
990
170
64
1832
864
808
96
2172
1584
2302
1976
402
2287
1742
1928
2292
2375
728
754
2175
206
2654
914
356
922
586
988
1454
92
1846
1266
2300
2077
108
588
458
2068
108
354
670
2474
2709
1308
836
150
756
2388
2195
880
2034
890
1672
2285
712
1420
32
236
918
700
2497
2619
1926
2532
2121
2346
612
142
438
502
1412
760
384
1152
1242
2526
2144
2184
2483
218
2260
1214
1358
1200
2414
1442
582
228
2051
2233
2494
2364
2022
2521
676
2229
2282
152
110
298
2302
1072
492
920
2176
448
2263
2632
2549
858
206
1950
2014
2260
938
990
2734
1801
1196
1804
534
538
2102
324
1226
484
1050
1746
2453
2478
1254
538
30
1998
2394
2113
534
1696
848
682
2404
1946
1406
1916
1238
2297
624
346
934
2277
2248
1136
2360
2014
286
2458
1878
226
2093
420
1132
1208
2250
2427
968
668
2006
2282
1802
1050
1804
992
286
260
2318
38
1190
1820
1760
20
1218
262
2614
44
362
2179
1664
920
328
2000
2535
2369
1570
406
1234
1536
1018
2590
104
1386
180
654
1086
1250
1666
418
2360
2462
1444
2136
2129
1058
2464
1650
1202
1899
492
2002
2442
912
326
78
1208
2518
754
1158
1956
614
2607
2820
1022
310
338
958
294
878
2497
1978
224
476
2311
298
32
1914
2140
2319
1830
2131
310
566
66
446
290
1596
1934
2393
512
24
2324
754
166
2170
2266
2091
2166
1983
2217
996
276
2260
1412
2581
222
2043
1158
1446
2146
1052
2026
2139
338
1212
926
2251
506
154
812
2505
2076
388
2345
356
178
596
2313
2740
1562
1148
1742
148
1354
2479
728
2219
2206
1468
878
2125
2162
2061
746
290
410
2419
1128
508
1624
1958
900
2309
516
922
294
1068
2288
2418
2543
1386
652
926
2647
78
2289
654
2334
508
976
1726
1478
1482
2245
1995
1760
342
2650
768
2333
1096
2553
76
1448
2219
2201
2236
2264
2298
950
144
1054
2406
2523
2111
304
216
44
140
2371
2527
2337
1622
2593
712
1222
1008
874
1736
2112
1264
1688
726
128
2652
1378
1352
2141
2401
434
2456
2142
2304
1268
332
2004
2330
2291
1150
708
2492
944
2741
2493
766
2284
2453
1746
2116
1218
2562
2239
272
2431
170
1030
456
766
2413
570
2133
24
2207
2076
2271
796
1164
2558
844
1536
2162
428
166
1478
742
430
700
1036
2062
344
2758
1234
2417
2688
160
564
1216
1478
952
2218
2334
2108
638
206
162
214
34
2039
2569
1324
994
736
308
2194
2104
2049
1318
1734
2558
648
2100
2201
1942
1068
846
2489
240
676
1274
2635
2206
826
1880
208
112
820
1442
310
2662
1760
822
680
1326
2411
1864
1250
2296
1838
90
658
842
274
2434
2356
2248
1510
1919
2373
1894
956
826
2074
1570
2412
202
1390
2441
2174
1118
2262
598
306
2697
194
1398
2490
408
1406
2452
2395
2135
2099
1604
642
1460
2104
870
1846
1392
1656
1712
1902
12
2189
266
2236
2167
166
34
1596
2533
2153
2607
2093
996
1136
914
2366
162
2170
2106
662
98
2067
356
1244
2082
570
1967
820
2498
854
80
750
1568
2513
852
316
262
2393
282
944
842
2257
2267
664
1656
278
326
660
2234
2298
2366
170
2775
86
102
1210
2068
2568
2378
2090
2509
2267
1752
1084
430
92
54
2381
800
2524
474
2228
1264
1592
908
208
128
1218
1736
108
1138
1673
126
1642
728
564
336
676
1470
2476
1974
418
210
468
2079
2069
644
2112
2041
2218
154
2502
2610
2338
1012
2581
140
618
1744
1896
2390
2524
2531
1114
4
2234
1302
2418
2488
1976
652
72
136
1732
754
8
154
2226
1846
1868
1030
1940
2501
1480
834
2217
656
2452
1330
2159
2224
2316
808
1894
556
2244
476
2193
1971
564
2505
1120
2405
142
2067
988
540
1536
2450
292
316
2350
594
1292
62
624
1410
2315
292
2082
2376
668
2310
512
730
2231
122
670
896
2484
1028
1454
588
1711
78
2295
884
1925
1194
2210
1964
794
22
868
2141
1410
2166
2052
1418
1770
2021
1598
1392
2553
408
1724
874
2176
930
2400
2336
2087
410
2628
2858
542
2068
770
2375
2300
1330
312
1760
2413
774
2546
2044
1414
654
184
1836
1038
2582
2038
298
2544
2294
2429
2384
738
100
32
1370
410
190
2122
162
930
1140
1514
138
1624
2151
1879
2136
86
2364
2238
84
60
310
350
68
1790
2756
526
1134
2488
1476
1102
2435
2587
240
692
846
2204
2346
382
2602
758
822
2364
770
2608
2474
2142
1968
2607
1306
2598
222
180
1700
1711
802
2662
2423
594
680
12
1020
432
2368
2637
2217
894
1330
2320
1508
2074
854
938
1144
1888
1048
972
1414
168
694
2227
1786
1240
874
2157
1456
2142
1198
2264
2218
416
818
2158
2401
526
636
2643
732
872
656
2648
1552
814
100
154
1182
248
280
480
320
2480
40
1442
876
2223
498
1120
2307
2127
1138
562
1362
122
1935
1854
1694
26
2530
2551
452
4
1422
56
1814
2506
156
868
2554
2118
2484
2118
2124
2564
708
2702
750
2030
404
1252
94
102
2004
2513
2478
1454
2080
2119
612
656
2236
1040
2336
2447
992
896
2404
2293
2336
2092
2355
1120
774
2206
346
2246
2088
282
974
2204
2797
422
1678
1126
290
1096
906
632
1458
600
2058
2463
356
402
1680
1534
2244
750
422
2410
1292
666
2345
2535
1264
1190
618
2612
2244
1206
514
2084
756
2311
1634
2238
2428
1322
1986
1314
124
2109
582
732
366
706
1074
2054
342
2457
1830
1931
1134
2025
2134
2582
2206
904
1876
662
734
2265
1308
1016
1482
554
82
2356
1134
1698
4
2607
330
1268
1152
176
298
2208
834
1128
2132
292
576
198
1440
1266
920
2484
1700
2244
176
1742
1989
2024
2316
2610
676
1666
10
2256
2156
1208
422
202
1482
226
1586
592
1998
2291
2245
890
112
2089
2
2515
1494
824
1494
248
2692
344
2538
1850
2527
1186
2119
2432
1787
1584
2355
2069
2467
342
598
572
1686
448
2790
2044
2372
2271
1066
1304
382
2447
2242
1140
2528
1508
456
36
1352
2010
2456
2202
764
2291
2210
1590
1642
620
422
2619
1698
388
1418
348
6
96
934
2266
812
2375
208
2264
2371
1510
636
1508
406
896
546
1276
250
24
2117
2117
950
2109
2719
2191
2379
1038
330
32
2231
2240
1693
1392
544
2429
2374
2024
2122
2010
2512
1474
202
2054
1688
2461
354
2369
598
2082
752
812
1724
1904
2605
1962
774
500
500
1920
136
398
2490
204
376
1180
42
116
1536
1870
1524
2025
1214
2232
1988
2379
192
2216
662
742
688
1822
124
2234
1428
1580
1146
478
650
702
1768
760
418
1378
468
2437
508
1958
1220
926
260
2218
1938
766
246
2108
152
2442
1572
1990
1338
144
570
2159
410
1982
1090
2103
40
2027
100
2673
176
62
2242
1828
894
2166
776
1854
2056
1064
1168
1748
458
2443
1148
1082
2232
656
1578
2413
1144
28
916
1046
2459
316
728
2236
2232
2400
74
2380
2361
1484
2150
770
2453
1740
510
2375
472
2113
516
214
64
136
1086
2918
2018
2612
2100
772
350
2092
1404
1924
2621
2228
2149
2496
232
2022
720
1568
1006
800
18
2566
1854
2374
1156
2540
2119
432
2043
860
136
2225
404
622
964
860
902
752
864
1846
154
2455
2384
448
1086
656
1764
962
610
448
906
94
108
1404
602
188
2013
636
1252
736
294
476
1849
2224
2482
474
2481
404
2188
1066
2044
866
2382
2403
1012
360
870
1556
2309
1941
554
356
1256
702
2095
1888
1982
684
336
1252
622
1906
524
1304
1866
590
4
2369
1238
2360
330
436
1202
2224
462
1040
2174
2157
490
1352
392
996
56
2127
2137
40
166
426
2484
154
794
650
2330
148
878
684
586
714
2165
452
326
1442
2353
1712
2252
2146
1993
534
434
568
148
324
904
1296
1038
198
2239
1166
1942
2294
890
628
1076
554
500
2197
340
2518
2557
776
2492
1362
2330
2115
244
144
2461
1616
2122
2535
104
2529
2388
454
1346
1474
946
24
322
858
256
1296
2486
1460
1676
892
2609
314
2313
868
640
2259
658
210
368
130
1520
2332
2179
606
622
1968
320
1090
2286
1838
1650
1484
2999
1184
2414
1853
2139
2124
2532
1054
2067
582
124
728
2510
374
1406
1817
2246
2707
1004
1704
2539
1082
2267
2112
2370
320
24
648
2046
172
2060
106
1534
1550
1844
2241
628
1216
2277
1838
1300
994
764
2653
70
1076
2004
518
110
416
248
310
1876
144
506
298
1260
2453
442
174
320
1550
40
1284
428
760
1078
836
1752
970
180
38
1936
536
244
2586
2272
598
1500
2310
760
748
202
2652
1914
104
66
1913
1088
2070
1564
2369
2420
2452
442
1844
1840
1616
2334
2526
1818
616
2427
2500
296
142
2162
264
1568
1492
114
2431
2554
2061
1134
1160
2876
2081
2374
182
1958
526
1242
148
1210
1670
1983
2488
2291
1442
1110
344
498
864
926
2162
1985
368
26
2275
2472
2383
2396
1206
2170
2578
1120
202
2404
1945
1368
2394
282
224
240
692
688
1330
2111
1228
96
806
2114
1336
800
2186
1522
1132
1446
2037
2132
2235
1870
2502
928
2266
28
86
2339
2359
308
2064
1612
524
2384
1164
1736
930
608
2170
2584
1846
2420
106
2405
1061
672
798
2279
1640
2370
2195
714
1274
1042
2390
2290
860
730
2488
2156
2175
390
1894
922
928
2113
436
1760
198
2360
2171
2082
550
2222
320
618
2009
2460
2500
1186
232
1792
2540
1054
258
46
1986
2314
2286
584
1744
1600
2523
302
656
2143
2001
2615
2291
2034
2433
592
1650
1905
2384
2104
476
1775
2554
1342
94
1296
1974
1618
2649
2006
1292
1288
1106
1995
632
2179
1192
1356
50
1436
216
80
2083
192
2401
1936
2016
2582
1788
138
1738
1227
1836
2043
304
1872
400
610
2289
514
2304
2192
2487
1392
1508
2081
318
1462
496
1925
2067
2312
1156
1254
662
1922
2398
2399
694
1040
2376
642
940
2336
786
1400
182
242
272
2147
182
2233
174
406
858
1486
1322
626
2243
2210
2067
2114
1896
624
800
2160
2501
2406
502
702
1824
6
2393
148
1022
964
302
2146
2346
790
2771
686
2088
22
1936
1466
258
1928
424
82
2189
2223
748
2223
366
8
1618
564
2367
1674
1180
2061
1452
858
2379
356
1420
588
1685
2250
2148
1983
2576
2080
100
2528
1462
662
2476
2136
2649
1046
470
84
1146
2050
2186
74
1874
1092
532
496
1734
2435
1456
1832
2225
2380
540
2384
2754
2446
542
2225
544
424
1970
1522
2536
142
2639
2042
220
1920
1384
980
488
44
2016
2892
450
2044
2140
2302
576
1102
2498
2582
82
214
420
1354
562
1836
946
2297
1450
22
2416
450
2270
2530
852
238
802
1004
844
1716
2440
2240
2285
880
1056
1481
1618
2200
160
468
210
244
1632
1120
586
148
1662
2152
2410
2291
2264
362
896
2610
324
2411
416
2482
968
320
2480
338
502
2194
1226
1774
192
2078
806
2717
1892
1148
2521
1352
1400
1880
1274
2270
1976
2635
1962
2460
2217
506
2062
1803
608
1328
1058
1576
2511
2454
1166
2567
112
1686
2160
2616
724
888
818
300
1606
2385
2399
452
622
68
2130
230
910
220
640
370
2497
2053
1182
1902
388
1904
2530
172
1782
142
2132
2101
1054
752
1136
518
314
712
1384
2424
1318
282
1738
560
510
706
2021
2617
1806
612
1262
4
2186
2424
1554
1630
24
1594
2192
1970
214
1554
884
956
1234
554
2579
2362
2044
2069
6
2081
922
962
2498
2199
572
1426
1916
5052
2270
1422
604
1781
2534
546
618
272
2021
474
146
1326
2066
2250
1030
278
148
18
1990
340
600
2497
890
294
402
2221
2277
2287
2180
346
220
1082
64
558
1907
2257
1326
84
1714
2222
146
2037
2558
138
2624
2313
138
632
772
1060
1468
2532
2193
1823
980
2274
722
1162
782
1276
534
2767
1216
2110
718
648
1459
1296
770
596
412
2398
2397
290
20
2003
464
2240
2109
1895
2174
2341
572
268
46
1794
2406
2103
1940
676
732
446
822
272
2277
282
2580
392
2150
168
2264
1028
990
20
1995
352
30
1746
706
902
2748
1518
1919
1300
2073
1012
1132
1843
2572
500
2447
1054
1268
1104
1190
1550
1584
406
812
500
1536
1382
84
1766
2386
1640
2502
32
372
788
2213
1050
2114
12
2588
488
2352
2477
2457
2146
2500
1784
482
24
1568
270
1270
506
1734
1402
1346
1410
912
120
1657
2520
196
142
1554
244
614
1678
2370
1460
2014
2344
612
1110
88
576
608
724
100
194
1816
446
2260
258
752
2362
760
2517
2182
604
1230
1834
554
260
54
1260
566
2428
836
504
524
2327
2597
2248
1236
2184
2273
570
146
2134
240
284
2022
1106
2974
224
2087
2415
2036
2309
2497
724
2207
2079
1914
2444
560
2504
716
560
1760
220
2265
830
2341
2272
1420
2404
906
1900
970
222
964
138
496
1340
2113
1596
154
448
746
710
528
1816
26
2606
2247
1840
2394
1094
288
36
1928
166
2073
1216
726
1798
384
664
2084
1112
194
2270
332
248
84
284
2177
778
754
2344
886
414
1934
382
1146
1762
708
2659
44
2024
1874
2156
314
1078
2575
614
1564
2114
2197
1046
2140
2390
134
2359
1284
1586
2340
126
2240
1334
1172
1190
2294
2054
130
1796
2590
98
2147
1693
680
76
2318
304
358
3120
962
2390
2108
2478
2448
668
1865
2106
954
562
896
2226
2342
130
180
924
1214
1242
386
512
426
2165
2662
2592
294
2311
688
1346
2256
2070
640
2238
2264
584
2030
638
844
756
506
1936
1976
872
1426
2095
1656
500
2487
1971
168
2206
696
2111
630
374
674
1320
574
706
1148
588
1822
2301
1932
1354
810
784
686
910
2301
928
1938
1694
2250
2160
3164
2146
1000
976
1684
266
36
1248
2311
42
1338
1472
888
38
2056
348
360
2370
496
2357
512
1186
1972
1116
2157
2124
438
676
2376
2567
434
548
2461
1030
686
814
612
2021
656
2193
1174
852
1860
2571
14
1936
778
1748
2433
2364
688
808
1858
700
1142
2365
2204
50
1236
860
2406
146
158
1598
2326
2060
2126
1668
2269
2278
2155
222
624
2030
2631
1212
186
1168
2588
166
1492
1140
1476
212
1950
932
2216
1546
1244
22
1960
906
302
340
908
306
1384
2419
614
1766
510
248
2025
326
96
86
1096
674
2225
36
340
1374
2357
1042
1891
1842
2075
2204
2184
1902
1146
1302
1568
1733
2023
554
958
764
2143
2153
488
2466
1634
228
1548
1440
1214
1414
612
2333
1096
2414
1340
216
1342
2211
1288
2294
1134
1566
2422
456
2607
242
638
2468
1747
2324
1434
1316
1542
308
1008
1430
2430
1917
94
568
82
2627
1072
812
2498
680
2178
2212
2514
2024
2392
886
2443
1456
1230
2279
280
2759
892
2486
646
372
1070
1328
848
2414
1462
1252
1356
1893
980
834
614
2738
1290
936
2397
30
554
1114
2164
2426
2288
110
732
2374
1660
618
1982
1664
536
2100
954
926
1056
2437
1848
2127
1544
2202
2410
2300
2239
1070
502
1072
326
1308
2507
170
906
2109
2411
524
2209
2587
2002
594
1870
1066
1318
86
638
1975
1380
168
328
930
152
2284
1040
2090
2186
2306
2525
1370
2346
12
2232
1152
756
2381
760
2162
1658
1116
442
1874
2444
2215
2680
2221
502
2301
1947
294
2415
2410
1444
268
2328
1550
1092
1002
510
226
338
2086
1991
362
152
2354
402
234
2287
14
1468
1459
254
2254
766
864
2473
700
1380
2151
1684
784
330
174
1194
2242
678
2212
1312
442
2136
532
2306
2228
2352
138
1829
2098
2148
12
842
2580
2498
1014
2312
720
802
2280
260
218
1290
2222
780
12
2062
2579
2563
244
2381
124
344
568
96
732
2233
2097
688
1290
274
1290
2205
1234
2182
1308
632
2482
1518
2318
2240
652
558
186
2424
2447
1534
2134
640
2353
1989
2325
2022
1304
1674
1294
1434
290
2438
1514
274
388
2199
2470
2257
680
2297
978
2014
1156
656
2438
2103
2298
16
2340
2221
1508
1500
1816
2345
2495
12
396
2514
2650
2187
2024
922
664
180
488
334
38
2235
1062
2558
2302
292
18
318
1454
2233
216
338
458
1664
1054
2354
2386
286
100
1974
2391
916
588
2375
704
186
1146
1446
170
2450
484
262
1158
2092
1422
1042
866
2443
70
2613
2010
1708
440
1130
90
2152
2452
1184
150
300
2126
902
728
216
392
896
42
2070
1016
2589
444
1360
46
2466
1628
2257
186
2276
428
738
2546
2399
972
290
502
606
2093
920
1866
544
2616
598
274
484
2675
2240
1668
2201
248
1877
340
2192
1935
1945
2512
74
2178
276
2264
2508
188
2359
484
2105
324
2229
2228
2207
1540
1840
260
1550
166
102
88
994
18
2466
2470
184
2094
1636
708
720
6
822
240
1662
340
2297
888
170
258
984
1936
1989
2077
22
278
2074
2189
2057
1414
1248
122
2084
1112
530
638
1408
2324
1906
1806
1078
1948
2139
1460
610
2676
2201
668
858
1886
2260
2222
124
2094
2535
96
2655
92
1886
182
72
2336
2688
454
688
392
1088
2296
2396
834
1334
674
2316
1742
2670
2100
1112
608
1776
1308
638
404
2398
1408
2380
2500
82
552
1646
426
2366
2429
606
2513
926
2276
1764
148
2101
370
432
912
2131
2148
100
1152
2326
1874
232
178
14
1464
2006
1916
1526
18
904
2564
584
544
230
140
2384
228
1244
394
1110
2188
1698
144
2062
2398
438
2041
1626
1002
2413
320
2572
502
996
2136
736
312
2606
32
2548
1288
1424
2156
1342
2348
4
496
1468
2272
940
2212
288
2418
1232
1274
1511
750
782
1522
904
1914
2292
760
1526
564
1857
896
1822
194
2063
2376
570
2501
2002
2202
2215
1886
976
870
2002
316
752
1262
1198
918
1544
32
2663
2188
202
2751
892
2497
70
378
2
1284
2243
132
1304
622
2154
288
1596
2250
826
766
162
576
2142
220
978
146
714
1506
2340
772
2233
492
2020
2039
702
226
2543
156
234
1969
1076
1690
282
1126
1702
1922
2016
2392
2256
1134
2544
2268
2510
2050
306
138
206
640
1386
690
1296
434
1014
2771
36
282
1724
330
2487
528
840
1182
1362
254
1106
16
2621
184
2439
328
2481
1078
296
2060
102
1696
2363
2165
2342
2130
1496
2183
100
2551
892
492
2550
2054
1662
1164
364
1238
686
502
1844
2144
2059
2362
212
548
22
2246
1580
898
2532
2480
2189
2261
2476
420
634
2056
830
330
1877
308
418
2189
850
1360
1966
452
168
2674
1430
2011
2591
1227
2295
2015
1142
2117
1652
126
2162
2557
2430
1470
906
356
2328
288
554
2409
1150
2562
784
2214
608
2229
382
2222
1536
2055
2419
2
2036
928
504
1064
2430
2322
2132
362
400
478
2305
1951
1508
344
2010
1584
74
2292
2395
1330
914
50
750
2357
388
1802
2074
1764
1593
422
130
1392
772
2488
324
1894
72
1044
2484
1144
348
710
866
692
1696
668
256
1172
194
880
996
2106
108
1142
448
366
1728
498
356
2544
2128
1646
2496
2136
148
1372
2082
1308
2097
2096
476
342
496
2304
390
1436
508
1080
256
218
60
2625
2396
356
1767
50
360
502
786
2470
1860
2502
658
2466
1614
362
104
1314
298
1682
70
1110
2468
2266
2622
2096
382
1654
278
2153
1134
738
230
1356
762
1584
2030
326
2190
2469
2042
1660
2405
12
86
2394
98
474
2120
504
1900
1570
18
1492
624
460
2157
992
754
2562
68
1320
392
1008
2307
2136
1394
2596
20
452
698
1340
964
1979
2273
780
2290
2300
2178
344
1154
420
1092
1634
316
2383
2240
62
2349
658
992
1256
862
1110
2140
2228
550
2012
566
1452
2644
2100
2169
1268
2101
724
976
1496
1426
2385
2148
2377
1184
832
964
1864
2320
362
1452
412
1398
98
2725
1498
216
2424
1911
486
516
2545
894
2356
2369
484
658
2498
1534
616
2458
2282
2190
2280
868
1380
218
2479
840
2365
490
2002
1712
1844
1987
2308
670
1326
2354
338
40
54
26
1964
1548
2194
410
376
2153
98
2032
1997
246
1048
118
1158
1942
2064
558
154
2409
1745
650
2164
1078
390
1386
1496
356
508
1894
2339
2444
2118
2092
2447
2227
1340
1110
276
698
2996
2527
836
1886
504
264
1634
850
106
856
1864
1606
2364
2267
1610
2150
1844
2427
1634
1822
1158
2404
1406
2236
184
176
1735
2132
2038
1724
766
796
2545
2379
1532
2342
2107
1974
2276
800
158
108
206
1941
144
214
1220
1168
2100
672
2239
686
934
2477
342
332
2473
368
2099
1440
480
2201
424
442
1580
1074
2433
1426
238
2230
2517
2189
38
2446
338
194
1396
40
1548
1354
500
2998
1700
1222
114
2137
472
1534
764
894
198
1408
566
452
1692
418
64
422
2670
2186
1136
34
1939
724
1008
1520
2059
868
894
628
2226
2486
2269
582
2402
2365
1110
28
986
492
308
2104
2662
1182
316
2030
2530
286
1216
1198
2440
1925
2262
1996
670
2205
130
874
2458
2022
320
2254
2253
2521
2457
2216
2342
1364
2143
694
3492
462
624
234
1515
1124
2249
334
146
1942
2014
124
2070
1126
2028
720
1852
1910
2066
2540
790
940
2308
488
2426
2222
788
766
1006
600
2153
2137
388
1244
1216
2458
2118
1200
1898
982
1244
874
226
2520
2533
1340
506
340
594
2088
2046
290
526
934
2149
2227
844
548
2169
1812
1284
2132
2738
2226
280
1568
238
250
276
2162
2417
456
1466
298
1991
26
2021
1882
2606
1698
68
1042
1246
32
732
476
1578
494
752
2550
2228
2522
2066
554
2220
236
196
1288
2320
188
162
1036
470
2345
1482
1976
208
404
1591
2381
956
294
760
930
1286
788
2180
1362
1808
2286
1995
212
616
1518
988
462
2500
1130
1972
2635
1038
176
2156
398
342
2634
2355
2058
1314
26
192
2113
450
470
2522
110
312
2233
28
1188
1484
2440
496
720
2240
672
718
2665
1452
2104
198
1960
2676
144
34
2464
758
2511
244
1720
1132
1576
2570
2476
1986
302
2196
806
1620
838
1560
658
2361
1340
1612
962
1893
2552
2374
1512
1898
2691
2036
1608
2192
1572
2452
2213
2016
2234
914
2082
956
1176
924
1242
1622
1076
100
1826
1758
320
544
1492
2581
344
1950
1822
1026
384
2014
1704
584
110
1546
558
870
650
2055
2131
222
196
812
1008
12
288
776
1502
2376
502
2625
2485
1144
526
704
914
2023
1124
2479
2026
1142
554
2000
2284
296
376
2607
804
270
1226
2533
792
720
652
330
88
626
2422
770
1727
1686
582
252
1152
2548
472
122
2589
214
774
2290
328
1086
1977
2492
806
1244
1927
2424
2386
2356
2684
2218
2639
1236
1166
2547
412
2088
378
882
664
488
1766
1964
2592
752
1282
1712
2220
2362
1948
1416
326
2128
2643
1392
1618
2496
962
2044
1966
2058
1542
1736
202
2520
2225
34
520
642
1106
434
96
1490
1218
46
696
2210
2238
1693
2338
1344
1914
830
82
738
1752
1934
308
962
1822
1044
580
1986
2450
1584
1042
1374
2099
896
1876
514
454
818
2614
578
226
2394
1834
2136
1698
2008
1863
1298
2597
2256
824
1624
1626
1850
1014
516
2291
2407
1030
2292
952
2565
42
1040
212
654
2473
484
538
450
634
2381
1422
1930
1706
1016
1074
2079
1296
2171
152
2439
322
420
1695
2461
1958
2130
2340
1947
1346
2590
514
2726
1036
1998
730
2173
2136
1582
2503
436
2394
316
518
1853
366
1558
270
2705
1888
2182
2992
2432
802
582
590
2234
2276
1520
736
644
2378
2197
2145
628
1708
1542
1062
228
1856
2411
1816
800
1826
1646
2140
394
1366
1789
136
2555
384
2755
2276
1892
726
2303
1140
232
454
2248
1006
42
2332
1662
876
48
2196
1190
654
2261
1504
1974
2427
2261
2533
22
1114
290
2242
1784
2271
1758
2097
1182
2153
2297
246
836
810
806
2422
538
1080
2574
718
266
2334
1556
2335
1014
896
8
1146
1190
1510
2609
1240
2225
1432
2226
442
1908
102
2366
2212
1282
1954
2173
2681
1978
2666
1018
2566
2317
2511
370
692
832
924
2356
2168
2043
1730
772
1928
282
134
2512
1896
626
2428
612
276
810
348
2287
384
1648
2262
818
720
1158
1464
918
102
2434
2114
1168
290
1110
582
1036
2256
2326
318
826
2704
688
2283
1074
1900
1300
2576
572
90
1082
2080
2031
14
2482
2117
2136
1360
912
2130
1796
2582
2062
2254
270
1850
2199
640
168
402
2410
1190
2231
2397
2290
1532
2054
1994
2001
1130
2333
1346
2000
932
1914
2064
2371
900
2471
1478
52
1466
2560
2629
980
2341
1234
720
84
216
1452
508
876
1464
1130
1900
680
2236
1332
664
682
1462
2790
626
648
2248
1850
1732
2187
1822
718
88
408
2404
1094
2330
1354
1120
1108
2455
2210
1899
1678
1396
80
1060
1250
2289
476
606
1817
500
2503
98
210
576
2224
822
122
660
358
2273
646
2446
1180
258
1798
2323
2456
2459
908
1192
656
2165
2210
1384
2407
1572
702
1436
326
2547
2126
2441
2568
2565
2532
386
1042
2408
2298
292
3135
114
182
2239
2475
1314
2196
1286
2705
1212
2195
2344
1540
1138
2069
830
2611
134
1294
2265
122
2520
1238
338
1152
1898
320
84
120
2002
36
1248
512
2094
1466
634
460
