1498
1128
2388
410
1981
266
34
388
2528
2134
16
410
446
2024
1514
1174
2029
194
1929
2492
2398
2374
1280
2275
836
306
444
530
2553
818
2540
1820
1578
352
118
2209
1420
2789
2334
1398
976
624
778
390
1380
1746
120
1450
1168
2324
2600
916
2360
1404
1508
2414
2108
2346
2085
1896
112
1132
1030
2045
2107
1460
950
2099
978
2513
722
2658
1544
1028
474
2303
2374
2420
1068
1380
1046
172
134
388
2132
96
1612
2145
38
34
2472
2062
130
1706
418
448
1534
192
796
1720
322
2412
2002
2125
2477
264
584
2197
1076
868
682
274
1394
2343
2248
176
2318
2390
1612
2469
1438
2188
142
2430
790
1705
558
680
796
2321
2519
1144
2258
1298
1714
86
2175
1942
2564
2470
1638
2456
1132
2303
1964
2258
272
2424
402
1112
756
1404
2724
2152
1736
1726
2714
2160
884
2273
374
1538
1112
2361
1611
220
820
1226
2035
1184
1070
1032
2384
2328
3315
1734
2422
2010
1314
464
2510
2074
134
1350
350
2029
422
1174
298
1626
592
1370
2688
2304
1270
596
1530
2048
886
96
722
2288
1985
254
744
932
92
940
1939
2221
38
1034
154
2447
2509
1760
682
1694
810
544
1128
2686
1668
358
958
28
2167
2317
170
2548
1434
1408
2180
2051
1086
190
198
1786
304
1226
938
1492
2123
296
2243
1626
142
468
1971
246
2087
416
1400
2373
614
522
202
938
2571
2023
348
1870
2054
772
2034
2041
258
2498
436
2100
1496
2666
824
298
1968
278
2055
1944
2525
2281
10
154
410
872
2652
1078
2710
2234
162
1436
598
760
230
2158
2166
1112
2185
2308
2237
132
364
2586
2510
246
842
2242
1748
928
994
160
850
1516
2064
1494
2340
336
1438
1650
490
948
1516
2496
202
84
1024
1322
622
194
2671
42
2300
2362
1248
138
2010
1874
2147
542
1426
452
1504
2101
652
2336
2815
1222
1142
554
1334
476
1918
2152
2313
974
1926
1666
796
724
1274
1843
1666
2078
2266
1042
1336
540
1534
118
230
938
2068
232
396
1006
640
960
2018
2106
348
2227
72
1708
536
2444
762
1592
430
740
2509
408
760
1676
96
2130
112
1921
2369
808
2504
220
584
758
624
2332
2536
1770
2446
1438
1052
2395
730
1314
1550
2411
2313
830
2491
1858
2503
2384
1496
278
824
2050
2172
248
1930
1464
6
1935
2328
132
604
1418
2300
888
2444
490
2207
718
2365
2418
1740
770
172
2059
1190
2354
1248
1206
138
1923
472
1164
836
1158
72
612
100
326
704
2559
1905
58
366
538
2230
1104
2735
2063
1448
2524
420
608
1660
2481
506
72
446
818
346
2308
2416
1346
1742
624
2699
996
2050
524
174
886
2014
1794
666
2306
2279
232
2372
2500
158
2032
2652
2723
2462
842
318
160
1762
2642
776
2064
360
30
1198
2502
1508
2193
2859
938
16
1488
248
2551
78
2384
694
2054
1388
1010
2148
2108
364
776
158
2160
1012
2168
1294
2201
2588
626
688
2220
2372
408
266
2181
1791
2170
2227
2545
2380
1408
1424
726
182
394
290
1500
426
322
2051
898
2330
2367
2447
2115
306
1380
664
732
2085
2101
1922
596
618
8
898
266
670
2050
2418
2834
82
516
2329
1642
198
228
1130
998
2005
1704
546
1000
1562
1050
270
116
1666
2197
660
2249
642
302
740
2384
2145
2240
1546
2656
482
1146
1136
1318
2004
474
54
1444
2012
1518
2220
818
2210
116
1358
124
340
1272
2468
2445
1060
1990
224
302
1736
2438
2056
2263
1158
1644
1190
2481
1923
1514
858
1786
494
2301
1456
2052
1654
1024
2226
376
2259
82
2603
2170
618
976
2312
536
2006
1668
692
1546
106
2256
1718
2231
2634
672
434
914
2292
2418
2403
2480
790
704
1766
2084
16
2588
1904
2473
1736
104
58
2160
1921
1160
2322
2312
174
2328
1880
2482
2196
1150
406
2396
776
2255
42
1254
570
20
2360
82
152
2385
1192
2393
346
1300
2390
2402
690
592
2003
2151
1894
2150
1688
2268
20
2660
2192
1072
640
1964
2334
2151
2450
564
2106
770
1114
2050
2011
2662
1104
2674
2598
748
316
626
2195
50
1536
1876
254
372
8
1628
938
1938
2192
2225
1270
2029
1142
992
2084
1900
1088
2133
2374
40
138
2486
1700
2492
1768
1658
1266
642
680
2164
34
1028
2068
860
1906
1034
2509
2409
1488
1012
524
920
1971
862
1210
120
2675
2312
2160
568
2462
1970
30
1710
112
2049
982
2324
644
668
2486
80
1296
1296
220
1206
2290
946
2436
2045
590
1992
1965
1372
2425
772
1722
2624
274
640
136
1544
2572
2302
26
944
1092
1696
1208
1018
2650
986
74
232
316
2322
2177
2418
1258
804
2267
2508
2556
1052
394
2122
2336
1324
548
2170
1110
698
1092
296
2578
2380
1102
664
1040
280
1132
1897
2126
1372
222
276
736
166
184
2087
2305
26
2102
1014
1793
1832
164
296
696
2004
1488
1736
2445
2216
2379
790
2119
462
1782
2128
2477
60
2275
1444
1232
2
2357
130
1646
1898
2108
2498
1320
1456
2332
82
48
1104
502
2399
1974
2517
2316
1770
648
2530
2484
2443
146
2256
1242
2739
194
1108
472
276
2195
4396
64
616
452
576
2539
1290
2284
1272
1851
2370
396
1824
1518
1944
2373
2645
1654
2472
2628
1756
2323
8
2339
1584
2161
350
1180
210
2462
2525
488
682
2668
640
2606
240
476
226
2363
1400
2308
2338
862
2312
1856
2515
118
2269
2652
32
1970
1142
1420
2335
1849
882
120
826
494
2631
2510
196
364
2000
1158
2438
2220
1942
2439
478
1342
676
2332
1942
678
2671
2486
976
650
2302
2416
1934
812
406
2367
194
152
630
1258
266
2302
1432
1680
294
2655
1482
292
308
2114
1214
2565
970
282
1324
140
1906
194
366
1034
538
2156
2265
2583
1974
858
418
122
2391
752
2549
684
808
438
2112
224
626
1702
2498
1028
1120
1116
2256
2218
1134
1294
2231
1372
674
1070
466
1980
2085
334
1972
2095
2259
1903
1264
2032
1966
2193
1632
1868
1700
2427
952
2511
148
1992
1720
1788
2028
1502
960
2389
1478
196
2230
434
762
762
126
2398
954
128
706
2225
1028
398
1868
2642
2106
2054
2304
1728
874
1854
114
2737
2540
1102
2298
178
532
2419
828
2541
440
2826
1516
2269
1940
2364
2218
2604
2093
1480
1774
2322
2014
150
1550
2562
2241
1970
656
2038
2004
32
2012
368
1738
552
968
2754
442
868
1646
1528
1344
984
2394
10
1626
2253
340
1048
36
1362
224
1288
998
358
1232
274
2013
2240
766
2377
2342
2246
162
638
2615
616
2636
1064
2016
1080
2490
1974
2716
386
874
472
2172
332
712
268
2520
2256
2449
2298
560
2057
1616
466
558
434
340
2248
2468
1080
2448
1860
1914
316
414
1971
994
2219
506
2581
726
704
474
210
1993
1788
1678
242
684
2578
474
764
516
292
402
1824
2167
1580
1598
102
534
646
778
1374
1268
2152
1973
2290
356
1146
930
1828
2715
1144
2408
1156
2255
672
2295
2047
810
1776
2207
50
588
746
1937
1612
62
422
2256
2110
2340
1806
2914
1959
66
698
1542
286
2022
2299
290
2202
2234
48
2370
1372
1386
994
2214
2262
2272
614
748
1250
518
1326
1998
1104
2212
730
724
1162
222
2158
1928
2301
32
444
2214
1990
1668
1860
694
2391
2287
2256
2217
2523
786
704
2140
980
1210
2694
2371
2351
1930
2086
2241
494
1648
388
2182
1702
586
320
2392
2312
2189
2050
228
1186
1420
250
2219
2008
14
56
208
886
2241
2463
4
212
1754
2363
1258
2164
182
630
508
54
272
2137
1072
2516
1660
362
506
32
222
1074
766
36
1995
2280
2284
2416
752
1362
1302
1286
1224
854
580
1370
1568
2234
174
1380
1456
2149
1116
488
2352
640
650
34
996
2181
2563
1058
2000
1987
918
600
1714
2481
730
2799
520
102
80
78
1844
1902
2017
6
2284
556
234
2190
2258
1988
888
984
1714
86
2038
868
2093
2673
260
2416
10
68
928
1772
2331
462
824
518
184
1922
556
2451
1438
2181
2008
1030
2038
1266
2347
1164
1562
1102
1232
1316
1244
1538
1406
1226
126
718
616
290
974
1398
2383
1444
1002
2322
720
518
594
1994
200
2442
756
1088
804
354
2552
2
1671
2415
1610
1094
1414
1944
314
1314
246
290
360
2550
276
2291
1824
2453
932
2446
872
2283
2258
562
962
1174
2449
492
1244
316
1698
1940
2086
2139
412
1658
1722
1965
148
252
1678
1790
2227
76
256
1930
346
184
522
2066
1866
1792
1170
180
2307
120
2364
2243
1250
2307
726
268
1806
250
1570
1168
16
2180
6
1466
2475
1546
358
886
1144
1186
98
914
2192
514
1158
546
1588
1306
1218
1340
276
2101
2162
1228
48
122
1406
2537
2310
2327
2154
100
2239
38
1178
2541
2461
534
1166
2658
2315
2224
860
2322
1326
96
1886
1514
310
206
1918
602
260
1418
212
2251
2637
1284
1868
2388
218
400
1572
598
50
170
2089
244
2413
1088
2081
316
226
1550
1508
1632
52
956
694
186
1660
1200
1436
122
724
1010
1174
1002
2166
2143
1542
1182
2388
2738
1604
1516
2583
778
1828
290
952
1252
1184
598
2226
2220
2166
1740
936
1938
478
526
988
134
1446
2315
2333
996
104
954
2348
386
222
2422
2129
2550
44
1394
2264
1854
2073
1110
696
508
2636
1312
248
2756
486
260
720
2585
836
2206
350
438
2042
1390
2424
1234
1938
2180
468
2182
772
1733
1494
1000
890
2309
1842
1842
1856
734
2420
2076
1072
1662
2791
570
508
2027
1805
116
812
126
624
538
404
1844
2199
1556
1846
892
50
1900
2358
226
1955
2518
2227
1840
476
326
1795
730
2276
776
1602
2022
426
2448
2187
996
544
1224
1614
1192
2622
2386
2236
604
2709
574
768
1661
248
2575
140
876
640
2568
814
326
1288
1560
582
2243
1717
2324
2016
1444
2094
1598
310
1914
250
208
2524
218
2256
918
1923
1422
2062
1296
2541
200
144
1262
614
2074
254
826
686
1004
758
288
120
1958
2577
2194
270
2040
948
2369
1983
682
1572
2135
66
210
270
1762
1614
2688
2295
2239
1370
2466
916
2070
204
360
1832
2288
1770
198
62
2426
806
388
2425
2315
2042
526
1526
1672
1919
232
2269
550
2190
1910
2217
234
1186
2386
884
1602
1746
2508
148
1122
2238
1987
1044
2422
2750
2052
2462
2246
2402
1180
576
1518
30
1150
92
2326
296
2045
936
2475
32
2150
236
50
1190
2096
634
1734
704
72
260
1764
298
2158
2450
1700
696
1488
2014
2050
1828
2332
2040
1458
1576
1434
1320
2543
2131
2464
1922
1620
2511
1742
756
842
130
1156
1492
318
120
1114
540
1946
2395
2515
1198
2510
2124
2539
196
1080
1282
2597
2461
1108
2495
314
12
2010
2049
2229
2119
464
2688
1608
2296
932
650
2420
164
668
244
436
24
136
124
1372
482
1222
38
2484
2147
1670
12
1714
1804
1744
1326
1662
406
2038
2078
1364
1086
2723
1462
2160
2116
2292
2335
174
420
2531
392
1958
994
2203
1506
2059
662
2351
2208
808
2412
1854
824
1384
1744
536
2058
626
820
1022
394
24
2245
2369
58
2414
1378
844
780
420
2496
476
736
2473
1917
2479
1178
1646
372
112
1000
1676
456
224
1902
554
2470
1350
562
380
190
2024
1955
1338
2422
2422
2070
1274
948
1376
1016
1806
666
60
1866
752
1048
2349
2311
2098
1578
944
2307
1350
2510
758
50
1978
656
100
2232
1212
2395
2112
800
2361
2065
522
2358
2222
2086
2076
1948
2366
2348
2149
2308
412
444
1856
536
2108
1950
1358
1384
2371
56
2451
2286
2417
2152
28
2394
1670
2156
2481
2466
148
62
1664
2564
72
2234
996
2196
2226
2555
896
978
2489
1985
2063
1722
248
120
1198
636
1082
2136
2256
624
2047
44
2492
2428
2744
892
1760
350
584
586
250
2178
108
2383
76
824
368
2402
410
2023
2001
2300
1026
482
424
1692
2358
1884
856
2169
2161
450
1962
20
150
2636
268
2233
672
914
1958
474
904
586
704
490
2222
2592
2301
320
76
2559
692
2274
1780
2462
338
1172
2108
2217
954
146
2505
952
2265
2493
1098
130
2011
1979
2032
2286
1726
942
930
2258
984
72
950
404
1932
264
1418
802
2176
526
2339
1136
1958
1460
2275
824
292
1920
2256
490
2475
176
1974
2636
2489
2433
1156
110
2123
170
128
188
1222
2214
290
558
2111
2079
1788
1922
122
822
134
348
650
1416
1224
2683
2264
1734
2093
412
1778
662
2686
2173
72
466
26
2743
2050
1062
2530
1268
2646
2289
1532
684
2392
2286
1842
744
2108
444
708
924
334
882
558
1774
2068
98
1952
2126
2290
1112
2409
1506
2589
2312
1410
622
460
2219
1296
2429
1240
1348
2552
1720
678
874
156
2238
1740
446
906
1434
324
1960
2089
2024
496
600
1955
372
1222
2831
644
1724
890
1568
322
2297
2191
2604
2428
2228
1846
1666
974
720
466
928
784
96
318
596
2495
148
788
1860
398
542
2245
2251
2250
1884
1174
1260
366
70
2240
200
2394
460
1476
366
2142
1949
108
932
1014
372
2336
574
2136
2480
2379
2593
1692
2391
2239
780
2603
2245
178
1452
1116
2136
2433
222
2281
694
76
344
242
1642
2439
1158
1944
1456
380
2366
2037
1983
2405
2044
1782
1018
918
1146
130
770
544
298
14
2165
1874
2399
22
974
1640
54
826
928
262
1260
196
604
202
546
2724
1836
2414
1148
72
1706
2180
492
1218
1128
608
492
2435
1984
256
2285
1460
2205
2174
382
2563
932
1876
304
624
190
2574
2382
216
2508
388
626
214
358
2342
1234
1140
986
2581
188
860
196
444
2207
2580
1010
904
556
266
2324
2323
1849
1902
396
744
1810
1128
2146
2223
744
1204
870
1676
198
962
1112
1486
846
1010
1810
98
668
1960
236
584
2534
2081
2125
1618
80
1416
698
2593
2220
548
1512
292
280
2405
2495
1955
522
124
2408
576
810
70
1984
1050
1184
1608
1006
1374
1378
568
1440
2633
264
252
2272
2398
432
2677
428
866
2362
2028
2231
2300
2017
624
2686
570
42
2439
254
1863
1918
574
1170
2052
560
262
748
1080
1200
2180
420
1378
336
410
440
2337
790
716
722
1770
2719
1376
1220
464
2016
688
2431
116
136
2385
1510
1626
80
2589
2350
670
278
544
596
340
1066
46
808
742
2246
622
1988
1140
64
1494
2304
178
1176
1928
2452
1090
826
1296
182
682
404
1140
292
2373
2520
2297
2062
144
2378
1288
1738
42
798
338
58
902
392
222
290
2414
1726
892
2431
2031
1626
2690
1494
1698
1950
1904
550
210
2376
1732
882
558
2182
656
2213
2178
2274
2109
1997
924
2305
1746
260
2002
1636
2330
852
2342
2652
26
864
136
1084
2186
538
1912
2257
896
738
2223
1806
448
2600
764
1490
1098
540
272
2260
2554
2256
90
440
1244
690
1407
62
884
162
1922
1950
2374
2688
2430
2109
2260
534
2378
2203
922
416
272
508
2201
852
76
2241
1790
2496
1736
2382
364
170
786
2653
248
76
158
2224
1402
1922
250
374
2336
1336
26
2020
726
2385
2596
1834
772
1264
1680
620
446
564
460
454
2414
362
1598
1244
4
2228
98
908
732
1860
2756
2434
468
1800
262
2614
2468
1634
22
2236
1306
290
100
2163
1660
856
2102
2037
2253
1360
998
1787
2210
2558
1270
24
854
1020
2513
2008
2089
676
984
2418
2072
708
1214
2510
2228
2338
92
112
2295
1754
2176
2186
594
1506
2406
28
1260
940
130
1144
1728
796
2100
16
68
2383
2186
2412
2089
638
2044
116
2513
2480
2522
4
1432
86
1044
1060
510
1990
1250
2447
2545
1989
546
2707
2262
508
2106
448
2068
1744
2342
2157
2263
1606
1112
1206
2506
1136
2373
2223
1276
1302
356
626
1114
416
568
2630
2249
2394
1244
966
2265
1856
2510
1284
2190
514
1782
118
2429
790
1254
2332
1470
2554
1802
1728
3064
1962
2358
2382
1146
454
2320
914
1332
1278
1398
1616
1004
660
594
2406
2104
510
880
2198
1248
2701
622
2357
2278
740
718
2288
154
948
1540
2396
520
2109
184
2332
2005
912
1188
1286
432
958
96
1026
318
2039
908
1956
556
2494
696
1210
954
544
2056
1380
180
40
2116
1592
1182
2361
2317
2516
2194
1426
2228
174
698
2100
358
1650
2083
1676
2374
1660
2270
1724
234
1804
1106
2146
1202
2048
2450
18
512
2391
210
1078
2356
2394
1576
2081
2096
466
2201
322
108
1992
2342
1998
634
2474
1480
38
1074
1294
1218
1947
1674
2273
444
2566
1402
76
670
528
230
32
2180
368
2403
1266
132
1544
424
584
2727
568
2488
556
1100
1648
2131
18
2330
1250
758
1536
1416
2107
534
2235
2002
308
2145
1712
140
2322
2269
2379
2171
1978
2096
716
2120
740
2187
1132
136
202
1372
766
1120
2021
1806
1954
2535
1924
2858
1674
766
2563
1568
2446
652
436
2158
992
2622
1510
2587
2056
376
352
6
640
318
1988
1352
2053
878
2292
1080
86
328
1108
1262
2386
2464
1680
2402
2042
2268
242
504
2122
1959
2392
594
2341
2270
428
2271
2225
396
742
2395
1899
602
1344
334
2374
328
2182
2205
2684
2148
50
2503
2356
64
1254
1336
396
2098
2016
1028
1434
852
1064
910
1818
498
2058
1220
2213
1626
994
1504
2029
2171
404
214
70
152
2243
686
2415
188
1765
1773
554
560
422
102
66
1106
1306
1234
72
1068
2912
288
70
1490
568
966
424
2330
2460
2042
2508
732
374
2174
2688
918
2674
1486
2277
810
1642
1424
1820
1388
1872
992
788
514
210
1705
200
188
310
1460
562
2396
1392
988
466
1588
2654
1152
1038
1562
2134
2305
370
2123
2577
1404
2088
706
2186
2194
620
2323
2546
662
948
2433
2271
2524
552
372
2617
1926
1418
2132
820
712
2117
830
248
26
518
1014
752
362
750
2578
2146
2348
420
954
434
422
1038
2348
2287
2137
2171
814
996
1562
2512
604
468
1897
2045
2479
2542
2300
1748
290
2348
1448
780
876
1224
1716
2261
1702
2342
2226
2630
926
156
1220
1116
2156
1669
1832
2221
202
2718
1094
2076
584
1652
1282
2260
610
882
648
2341
2163
1512
2424
170
1018
2062
222
422
1702
2222
1320
2356
2047
150
2135
1226
1194
96
1930
1104
2666
1758
2203
2642
1987
30
1088
1618
2596
26
2367
2587
2204
642
1372
1684
2453
1643
62
2472
2142
2138
812
568
2172
728
240
2258
2228
408
34
2444
794
96
186
18
348
4
876
2350
1604
1558
2667
2529
2496
2088
706
1658
1350
2497
268
1386
678
246
420
730
1842
2210
1084
1312
142
510
892
2676
2488
1192
730
2208
252
628
2265
2535
720
1600
446
1870
1034
1422
1342
2427
1172
136
1298
738
2186
1728
1090
2218
1692
686
2437
2180
996
2489
1294
198
2277
2575
2405
1206
562
536
1030
106
1986
2242
1967
1142
914
634
2364
2236
1990
426
2293
2425
278
1985
1962
24
2213
1558
206
954
150
2589
2088
2618
642
1442
90
2250
2404
1924
2682
2928
2443
2345
2406
2072
1040
934
2236
2207
428
2024
2050
226
2102
2232
2413
1792
92
412
2000
646
2460
26
232
2577
1628
248
2304
2271
2174
750
90
38
1724
962
2355
1686
496
2500
1226
308
2434
2333
882
510
1670
292
2034
924
1544
658
1668
2348
2328
2411
1949
2394
68
340
314
1987
190
1262
4
504
368
438
2134
70
192
2296
1016
2499
1904
140
1338
864
528
668
128
1540
400
2322
778
900
2052
2585
1896
430
1402
2314
1010
2408
1508
2049
2166
386
780
402
2379
240
474
574
884
350
936
1893
2166
1858
2560
1564
2875
1994
2330
2302
1070
188
2659
2335
944
1830
1418
730
2072
138
8
148
412
2068
2379
440
232
952
1538
724
1486
2549
1028
6
2139
312
10
1282
168
452
1168
2366
2341
798
2529
2416
1865
2111
658
956
678
2470
1924
364
646
2475
20
1408
256
1028
2487
94
228
1134
2294
2180
108
1824
2404
1632
2473
1928
26
1382
502
2551
1536
2565
682
2782
2302
970
2437
1332
86
2482
1232
270
2264
2546
190
2160
2566
1508
2330
188
2457
790
1624
300
2242
2122
1050
1776
256
234
332
324
1028
2450
2466
284
34
1274
2074
1954
1711
2276
968
330
2168
1656
1584
1886
2350
584
326
2178
296
2384
992
2154
164
2321
84
1374
2000
2666
558
658
272
1198
166
602
756
2312
2229
1846
2022
250
682
762
894
2561
312
1354
2687
812
828
2514
1896
988
2380
2068
566
2522
1973
588
1750
668
1016
766
216
830
2595
2695
176
96
820
2263
1950
2106
1820
368
2420
2291
474
1998
1336
862
310
1880
2343
498
348
1152
194
2496
1668
2635
750
2678
694
2498
650
1898
1270
1022
2567
2072
1988
1346
2457
1348
1706
1786
2125
1962
44
2603
1020
616
2270
2265
2330
508
1744
876
252
2034
838
1770
1216
866
2501
956
2510
2381
1108
554
2459
190
290
1596
162
710
530
424
192
380
1262
190
580
190
1064
2067
2525
1928
1046
2330
300
2573
2456
624
2325
758
2077
2076
304
818
296
752
1672
642
890
316
1678
2462
2370
2056
2319
2172
1786
2340
928
1538
2584
816
206
1204
2427
398
1676
2048
446
2547
382
98
876
324
810
1516
1000
100
1020
490
244
1600
2094
2206
2436
1938
2130
2602
2085
2056
586
2361
1772
1867
262
442
2483
2682
1448
58
1930
2324
2438
2344
2459
2403
2514
572
18
198
1630
432
2058
2443
2028
744
420
448
948
1202
1194
2670
2122
86
1058
1444
2221
1646
142
960
24
2415
324
2292
486
8
2273
462
1030
2511
2272
2614
1160
2399
258
102
424
56
696
2092
2095
1142
738
588
96
2290
2273
2148
2610
920
350
2369
2099
2342
2308
2126
688
36
692
800
644
2282
692
2282
2310
856
1992
1838
614
2378
2161
376
2339
224
2207
2440
382
2444
2436
810
1398
1725
414
116
514
604
1962
580
274
1800
2162
2205
1166
774
2410
2284
2149
376
2406
2665
2335
554
210
1796
2318
1832
1934
2431
2026
1364
2006
870
2739
22
1516
692
582
1948
2408
384
2500
2081
360
2507
850
610
2742
1876
208
1622
1024
1072
1853
636
620
298
1892
1342
2536
980
2439
2419
1324
1570
332
1182
548
80
656
562
2211
1504
1412
2192
1925
328
1208
520
476
734
1678
1384
1218
22
238
772
1724
1456
1814
796
936
658
764
1904
1944
444
2464
1852
1404
2438
2172
496
280
1030
238
2372
1881
2308
2
820
650
2392
2238
1344
2654
1534
882
594
1568
1352
1818
2050
2410
410
2147
2291
896
896
2085
340
580
2533
1854
1280
1994
198
2150
2145
784
2477
2362
2026
792
1084
1570
142
1042
1304
334
258
30
1804
604
1926
664
896
2013
2191
1088
2278
1072
2229
692
2581
10
2075
20
2523
1844
808
2236
2040
1316
2358
342
2239
1332
1134
242
16
114
1228
1092
2124
510
1010
442
2239
2409
2218
1212
2442
1430
942
1880
2228
204
1876
1996
2104
108
2587
1506
1949
2330
1180
1863
2378
2466
1634
826
1252
794
2336
328
444
2155
2329
246
2279
1594
1748
666
268
4
1132
198
300
2381
744
278
2305
1220
2345
2507
12
2542
1444
450
2118
454
752
1288
668
52
2190
154
2060
2397
1918
1414
1708
2228
1108
1396
784
2309
1456
2466
594
168
310
2358
2632
2514
458
1442
1310
1202
2267
1540
2607
2030
1098
1172
2450
2040
1451
222
48
402
1294
1022
990
1908
1574
2457
2444
2507
2072
386
2144
1356
280
142
2391
2041
2323
240
2204
2284
2337
1466
2145
1096
2461
2501
1842
2080
2187
126
1020
1422
1728
2162
334
2406
2184
728
2307
2074
1694
568
508
2161
2074
2085
2450
1628
1941
506
1520
1102
2603
1596
202
322
256
624
918
770
78
2472
1510
620
2337
48
2174
1004
122
2045
1788
2531
2647
680
2754
2245
1330
2686
936
190
1590
2046
1232
1248
2522
1298
1866
2173
1334
2296
922
2012
310
1736
1902
420
2326
1020
1628
666
700
2052
2172
2282
42
1886
1876
1794
2432
680
2566
1268
1841
806
34
126
262
2292
2177
2750
752
206
1352
1114
456
2486
1664
160
280
1818
2517
904
1346
2421
2172
2079
764
492
2358
644
2253
2530
2202
2252
346
1980
628
1796
1418
496
432
1628
140
2343
320
1424
2315
2128
974
84
756
966
2096
2164
728
228
730
1360
1518
930
2515
2262
2036
2469
1370
1066
1862
1204
1592
2175
1996
390
2586
226
2636
1024
444
888
782
2400
2346
1332
2230
1388
1398
634
2593
1936
1332
2403
20
2445
2276
2129
1110
394
1514
1638
964
1200
612
224
1318
512
2086
1494
2225
1790
322
2228
2454
1346
2128
666
546
454
2580
2255
2223
384
1972
2392
994
1364
884
1702
2142
2445
1098
1570
152
2270
2125
1552
2053
210
188
272
2158
2599
154
2221
1874
2338
228
1168
1758
2561
696
2453
864
56
2046
2124
1734
948
366
1946
574
2126
418
720
828
1986
1212
508
590
2549
2206
1412
468
1212
104
1931
2434
2526
2400
280
602
2049
1686
1696
1476
2435
1256
1938
2371
176
2316
618
506
2509
1352
1462
360
1272
978
2439
112
2240
2266
2512
436
118
680
1236
2359
2433
1160
104
626
586
2030
1684
764
590
2077
2568
1874
2192
124
1576
1838
250
398
2618
836
1824
1276
196
1466
432
46
1917
1430
2027
656
540
2042
26
2484
902
156
2448
324
484
2498
1416
1560
626
194
528
1746
518
356
1799
1726
224
544
2320
1818
2146
22
84
2388
798
898
162
2246
1780
1440
1880
1180
616
502
1286
310
482
1754
704
2000
38
310
1690
2324
1470
1767
418
46
2471
258
1274
1190
136
1322
748
1228
266
450
930
1983
2251
2180
2412
2294
710
2593
2126
2400
1124
308
376
2390
754
948
2550
904
2290
2305
660
1062
1344
292
182
842
2215
2286
2795
358
50
880
2427
2093
294
626
2487
702
762
1256
1100
2399
2648
668
1454
28
2044
2319
312
2378
2116
882
2256
330
1144
1192
590
2494
12
2391
896
1382
1538
1326
564
2268
252
1430
54
930
1816
704
2707
184
2213
2423
2288
206
2611
362
932
2645
404
1968
444
2513
2124
2273
2076
2176
608
116
412
272
1016
2492
668
346
928
128
2319
1872
792
54
1434
2445
2034
428
2461
2411
1650
946
576
1142
1845
2174
556
2328
2236
2490
2116
2599
550
2647
592
606
1628
1628
1164
2447
254
1880
2376
1904
1996
2320
2542
1066
484
688
2444
300
2288
236
1758
2184
2400
186
1168
330
2427
1100
1406
282
2408
2053
824
2203
2039
1852
2522
2321
1392
966
1860
778
2015
184
972
1006
218
1540
1848
2455
132
728
1934
772
1758
1732
2082
66
350
1834
1008
2031
2761
548
2544
982
80
1744
992
2338
2451
2523
2002
994
6
114
2203
2133
2041
488
58
2423
2379
406
120
14
808
592
1670
1840
538
816
680
1798
334
566
2355
2478
6
1812
1362
296
2416
794
1502
464
1826
2389
2620
566
1230
2028
2185
610
976
1852
1579
644
2548
1118
38
2415
144
2123
1688
1550
90
374
1734
1979
810
110
40
18
1172
230
462
2492
2016
376
1430
456
1754
1568
40
1038
1114
2346
2406
380
2244
1068
2085
2682
2554
222
1874
242
574
2470
270
1743
2511
2397
522
2259
376
522
500
388
122
344
2167
452
760
1214
2101
200
18
1264
870
102
1788
702
70
368
2461
656
70
2196
934
354
2331
278
1272
1564
1682
2646
586
1128
2404
320
626
1248
2254
58
2631
622
2264
1236
1040
764
742
2456
392
2039
1910
566
786
900
1244
2242
632
1358
2484
852
528
2263
2276
2400
308
2497
378
2171
1490
2376
108
728
1114
90
336
102
2140
2109
1202
2546
1332
1636
2648
2308
2204
1870
184
2112
1038
756
2342
926
1080
118
750
2456
362
1018
590
1836
1140
1258
220
1308
92
2075
176
424
1254
1190
2152
2312
156
1366
2448
2255
106
28
2268
884
2253
2308
236
738
2321
2347
1913
2079
1364
1318
2018
590
430
898
2029
1650
1660
1952
152
42
2514
48
198
664
376
100
2166
2645
452
1188
784
992
420
1194
2190
1916
966
1340
338
1014
2594
650
1182
672
578
110
1354
2272
2068
1052
2107
1270
338
1981
2091
2198
1638
450
1162
1234
92
122
1678
1588
214
2123
2075
426
2144
2611
1900
290
250
834
1878
388
804
242
376
192
704
2736
2318
740
2397
2213
1953
2360
2430
2051
2019
844
2087
574
894
318
566
2355
2276
1773
232
388
1356
706
2455
906
1884
2356
714
2359
554
986
1454
116
1666
1240
2038
1724
2390
1662
1060
1070
2406
1342
632
2055
2359
2075
1824
2154
1280
334
926
1178
2261
416
2556
1328
1451
1770
2090
2164
916
1546
2016
2060
1746
1462
1274
2075
180
2205
1382
2052
2194
392
1348
2275
1558
2308
1462
412
2044
2313
2251
274
2725
1993
1872
714
2449
2628
1364
1520
378
354
2025
2073
2388
568
664
162
458
412
1714
756
308
314
2064
380
1190
2624
2527
600
2257
784
350
2107
30
2280
1570
1878
1418
1928
1152
986
572
2149
2258
310
1614
570
2418
1018
468
320
218
2455
1794
2547
756
452
720
568
628
2465
780
2078
1839
2443
2225
2251
314
2336
2727
830
156
868
358
2639
1616
534
252
2094
1837
286
920
2622
2077
364
1292
2281
1738
88
152
2246
928
2022
1616
66
1408
14
1953
2078
2161
944
1936
216
1184
738
2286
294
1118
434
136
2464
2354
1310
618
2153
754
8
2365
1100
666
1150
44
1282
1104
976
1246
808
2602
2406
396
2551
1424
1460
2343
814
1116
2283
666
2220
1852
2117
78
1838
1258
1194
424
684
498
560
1288
2324
2350
882
222
2379
530
612
1738
240
1152
1058
1188
2666
2433
2556
1160
454
1955
870
1084
442
318
1536
1238
784
830
2422
242
2114
498
56
842
2590
1398
76
678
1044
733
2529
822
988
2154
1810
2022
1957
1124
1892
2067
1276
136
1066
1624
122
1334
206
2246
1998
1314
600
1392
2559
2219
314
498
2224
1917
1923
2383
2309
524
674
2543
898
1374
1332
1536
2324
2462
1282
884
1204
406
1568
2283
204
472
2306
2069
2765
4
2112
970
2473
2255
434
2203
468
160
1854
172
2090
1372
654
358
2350
1104
2486
760
212
1928
1868
2441
1356
1132
72
2574
2473
1730
682
352
1112
2393
272
524
568
2000
2119
774
508
2692
124
2547
96
1362
22
1758
2388
632
1614
2351
2288
548
876
2094
2388
160
278
290
2059
558
378
1626
2671
2205
1108
730
396
2341
686
172
2182
18
766
2094
2385
318
2124
342
876
188
2270
656
2101
1716
2387
1264
222
2436
546
1914
2539
1704
1566
684
392
450
48
26
1418
2129
440
1899
2749
310
324
876
694
2327
794
2131
2120
2225
2533
1810
2218
1770
1446
1658
1838
1244
2269
2599
168
234
178
2386
736
382
2716
1925
2245
2074
2178
720
1098
1126
1656
2182
490
162
1266
260
304
234
504
1728
2437
934
2296
1634
822
678
2874
902
136
2186
2601
692
2253
142
1268
2283
2443
1314
2398
2357
66
2597
588
2058
1086
690
1090
1983
1654
688
2091
844
2372
2320
2272
574
824
2324
2364
526
1396
1338
2087
708
2160
46
2362
964
1984
592
246
822
858
2306
2266
454
2196
604
2154
624
1248
1380
2456
458
788
1082
1662
32
142
2474
2259
598
2416
906
2294
2612
580
2683
1764
430
2325
2192
2363
2523
850
186
252
2312
1050
620
1154
216
162
896
2479
2467
2340
830
982
2345
1728
2278
2524
778
372
1056
2193
2617
2024
2014
2234
2602
658
1012
890
780
2345
1108
1944
1282
2514
60
1548
2002
52
1194
336
1266
280
2006
2197
1492
2300
2315
2154
338
2285
2390
2066
452
1078
2383
1979
384
206
262
552
1786
384
2319
1918
1482
1078
366
930
1726
72
2199
34
1624
2075
1813
2469
2328
1943
766
2283
338
3178
2695
32
2323
2323
652
2059
1776
38
2294
2507
1310
2123
1494
1973
68
1659
938
20
2734
1548
2153
1356
1730
514
2339
2442
2614
1689
2529
12
2303
1066
1110
2084
1979
1046
1220
1932
1540
2008
2091
368
1114
1512
2397
2207
1114
2508
416
2535
22
1120
1328
184
2102
678
2027
1678
568
1996
2409
960
2143
2150
874
2087
1922
1560
2096
1164
2047
1518
714
1558
1094
2408
564
2677
858
50
2422
108
2164
694
1540
2208
224
2075
82
1662
2212
486
226
2298
130
1868
2381
2551
1899
706
2265
1546
2074
2056
1372
354
1770
504
380
548
298
1936
14
432
354
1380
684
548
1470
1754
928
1062
424
20
540
1292
1168
468
2012
1976
2706
638
662
720
106
640
52
1614
2422
2385
2307
328
2613
1588
2274
164
630
170
1684
2670
622
2088
194
2385
706
1566
2375
2300
2217
1508
1036
112
1164
1328
856
668
970
1967
1106
606
2439
606
2380
2228
1232
764
2039
140
2528
1034
652
2155
1946
640
1660
410
850
2320
1600
692
1486
1058
2210
440
2017
2823
120
1114
2196
1920
2527
2509
424
2523
474
154
1280
2176
1018
2517
2350
84
702
2388
1844
2088
880
724
1534
404
1778
2472
2114
336
500
2615
1098
1838
1898
1470
1820
1993
334
2126
2420
40
2584
648
2410
812
520
2484
532
1388
1652
1794
418
2212
66
1698
188
2385
538
2382
108
598
352
920
1050
34
1624
2102
1318
488
2477
418
256
1842
1636
1294
2161
2502
1366
96
2428
2389
2426
2582
338
716
2310
2043
1204
1084
1990
306
956
616
2411
718
2340
560
2304
738
2264
490
216
726
784
296
1298
1390
18
350
334
854
1250
954
2006
2376
2034
2414
2487
178
1878
514
698
2076
592
2501
2570
1648
1348
500
976
582
76
710
212
1944
1996
1380
850
2382
38
448
220
1464
612
832
276
196
88
468
940
2172
2007
2099
2219
2293
324
1158
1110
1918
482
1562
2295
738
2434
2500
1376
146
616
2204
224
1746
1620
406
2145
2243
2296
2038
1186
1360
2024
2586
276
2397
2294
1312
1300
1884
1216
1980
2139
1570
1314
2063
258
908
1909
1158
1990
2210
1308
580
26
516
2264
2068
2121
940
840
1156
2155
238
1844
246
2442
1398
1602
692
1260
1318
1094
626
2486
2297
236
2403
1848
482
2291
924
1166
564
1524
1992
840
38
598
2255
2229
124
100
2458
2523
1412
1990
2105
768
1120
242
720
422
978
2173
222
2447
2656
2204
790
2352
1148
2555
160
778
2314
1940
1134
580
732
2045
560
752
996
2217
2158
1084
1877
2543
2544
1004
1418
2666
378
396
626
2357
600
2488
1846
2642
514
1438
348
396
556
2348
2229
1396
704
2436
3267
1592
1710
944
1138
1306
2221
2136
2348
1700
2576
2028
294
1022
50
1430
1166
1166
366
2463
2421
2300
790
1784
772
2272
410
334
1296
186
4
1044
752
534
482
2054
2023
2408
1932
720
566
1794
188
512
2358
2327
720
2637
1948
2341
560
2389
1748
86
2221
1979
126
842
958
2259
266
2868
2386
308
2124
1126
118
890
1254
802
3030
2241
1556
2377
356
2178
2376
1859
784
314
1664
1248
774
1728
2030
594
126
900
2654
984
2723
1050
506
430
2359
1016
1458
320
2436
1801
1034
804
722
214
238
1440
1024
