78
38
2333
2576
1800
1994
2614
24
218
1814
2576
852
114
1488
1612
2446
1540
2177
2804
76
1062
860
998
2106
1652
2432
2113
244
2265
1915
1052
1272
1424
176
268
2498
452
2416
1638
2096
1574
1700
686
716
1977
848
2582
624
876
150
542
594
2
376
844
2366
1700
376
808
78
390
194
2027
2062
2195
840
2291
374
2598
142
1452
1176
1862
364
568
356
142
1908
1472
1080
2049
94
2212
1950
408
42
2235
1288
902
2154
2194
968
2341
2654
272
1830
3318
2613
2133
2520
1180
1572
398
1054
2302
682
1944
642
2349
622
314
2349
2612
30
416
270
38
2024
2689
1679
932
1520
256
524
104
250
2316
66
754
1730
2470
1128
1776
626
1142
1878
664
1919
1494
2288
426
2340
1882
2053
2229
2188
172
1389
566
2392
1426
1148
1636
1498
2142
1232
2242
1174
384
556
1404
824
2323
1234
582
584
36
2439
1784
460
1618
2170
2349
1854
152
1000
2240
1360
2594
2393
2295
2044
1981
82
128
1844
1809
2177
1356
606
310
338
394
2806
1844
672
2254
904
2539
914
2591
1382
2540
240
1972
1618
2706
72
386
1782
140
1330
654
1428
2377
2215
2870
2590
484
264
1000
558
862
2412
2000
1624
1865
2429
2332
1068
1860
650
690
478
192
116
2166
220
2508
1914
2381
1514
2194
2353
1728
1834
2214
236
2327
1902
1114
50
102
2534
2273
1230
2028
56
2519
2387
2249
1984
36
820
2336
2413
2351
32
1348
1250
2231
2529
394
2315
2066
1246
1504
2525
2383
1388
524
664
502
2236
250
428
174
2688
834
84
2393
1180
2580
2277
1982
2371
2091
16
1748
1306
2083
2260
2491
2133
338
1020
1212
1722
1598
1166
406
2332
2593
2113
508
110
2595
108
1678
2277
1416
994
1947
2241
724
1742
2398
2296
2598
2180
2121
1456
2654
68
2526
2522
1935
1084
2209
1396
1368
1630
2552
1294
198
2216
886
546
2177
2112
2265
50
764
2044
1970
2102
1672
2354
2296
254
2554
1726
978
924
924
1586
558
38
36
1260
1016
990
2084
1973
414
1158
1556
1996
2237
450
2515
1286
1718
284
210
2517
1022
618
104
2364
2191
2193
656
342
2154
1278
362
460
1882
954
2060
264
2371
1588
1870
1450
958
2698
450
260
2337
1156
2382
1076
2102
1754
2588
2084
2355
2512
2401
652
762
2102
2148
856
2534
2270
2332
1616
1742
2386
578
2093
118
2018
726
2015
2
1450
2462
2316
388
124
1724
2363
2184
2322
1282
1611
230
812
1951
460
600
1606
1496
2395
1186
2396
2047
970
1620
2273
592
1922
2264
1568
2693
152
2600
168
2578
1148
414
244
1951
722
1228
200
1989
1212
144
1100
1338
2582
262
742
2479
2288
2648
1286
1284
2416
260
1340
422
164
42
852
2166
998
1152
1622
830
2381
1984
128
926
2020
532
898
2542
2510
562
2191
408
976
218
2220
766
134
2342
2553
2391
32
2185
1672
152
2115
1254
552
2171
2115
854
1382
488
2434
222
8
1642
2068
2155
260
2518
3854
1654
2245
364
2034
1088
1018
1078
824
1674
716
2571
2
352
72
806
1528
1544
2425
610
1852
2560
372
798
1294
2202
2517
264
2343
2380
2468
1490
2562
1036
2650
296
360
2102
834
2296
340
1244
68
2262
1832
1748
456
2445
2110
2102
392
1756
2673
2453
2333
126
844
64
662
196
2150
254
2528
2379
1850
1158
2338
666
2192
1296
2078
1714
418
1338
460
2113
516
300
1884
2496
462
2065
2424
2336
1230
2229
2176
576
1940
2624
880
1835
144
1658
1466
194
798
1534
1076
232
956
310
2013
2214
2601
2294
574
20
150
1056
1814
932
380
1308
2239
274
212
2110
940
180
674
2238
90
302
954
2446
1816
1807
2503
2357
1844
1382
2164
1122
2373
2605
1986
2084
926
2208
2189
1905
2738
1004
478
674
664
1158
362
2300
364
2426
340
2195
1926
2475
1854
298
356
912
96
198
842
1186
150
262
692
2267
1040
2072
2358
2703
2392
1894
396
2609
2271
1378
658
1272
86
1016
1578
1902
2542
38
226
1686
662
2094
814
36
740
22
1706
2271
246
1911
202
744
616
1142
1992
2702
2171
1710
2438
428
1368
286
674
788
1638
2106
2356
1578
2322
1641
2188
92
268
1194
1322
2412
520
2191
2543
356
2553
358
808
374
2626
768
2572
696
2644
2283
86
2174
2422
1886
700
2206
2144
302
2454
1686
1434
2146
726
1678
2835
2320
428
1534
642
488
2338
442
1996
2676
2352
294
294
2343
1982
1784
790
372
162
2799
2068
1530
556
466
866
1342
364
652
282
2337
452
2099
1814
1138
1793
2334
2514
2322
2341
64
2472
1576
856
1946
2624
760
1488
784
2111
2358
1756
852
754
1240
488
2384
762
1948
178
1558
2128
662
2444
2366
890
2337
2086
2180
536
168
2329
2575
1877
548
2572
1932
948
1550
182
2488
212
2480
2378
42
1246
570
1242
1562
1962
2237
2280
2144
756
1992
196
1294
890
2334
1170
412
1284
82
2048
836
726
1200
52
1302
26
312
980
184
2440
2435
1268
978
652
2442
526
2236
600
98
2413
1792
852
2238
1602
1096
2071
384
1444
278
2294
728
2237
2285
574
2543
288
782
1228
86
2986
1694
2200
2478
2514
1614
1891
1064
2240
46
2310
2537
1796
242
2107
1442
2474
336
1464
232
2516
674
518
1676
1588
364
826
1024
930
32
1404
2360
258
822
1972
1936
406
1720
634
580
2497
1972
2498
438
2078
1934
236
1908
24
734
1254
964
2436
1304
2121
1714
2295
1742
2284
68
2238
844
974
2448
530
294
1600
1810
1290
838
1246
1966
2326
2058
680
950
2690
236
1038
2274
1976
2411
2237
2487
292
1968
2483
554
2019
732
1722
1438
1324
1016
520
2014
1390
2111
2548
770
1556
2307
28
2212
756
868
2585
1006
304
670
2503
1939
26
2370
1484
196
2205
444
2464
670
2168
714
2079
2315
2430
2163
2488
342
1124
852
678
2285
1370
2178
2417
1794
1032
2635
1286
960
1813
2520
2066
2882
600
1877
1582
2023
1684
2509
2381
834
2436
2340
1068
2126
1214
1688
800
190
38
160
1154
1640
2131
874
1178
62
1466
2159
2359
374
2611
1154
2070
1484
2111
2420
1138
2368
1604
2588
742
802
368
2329
1410
120
694
488
2704
42
22
928
918
2278
1480
1240
1652
894
1100
1476
2619
402
1328
1762
556
924
2429
772
1094
1138
572
1036
2326
2077
2398
2282
602
228
2464
270
716
1718
1957
1196
2425
746
92
1800
1778
2286
2328
20
1824
720
1794
2256
2153
176
296
1106
274
514
2682
554
2038
628
146
2177
2065
2117
1900
2352
378
2317
2471
636
2044
2520
2587
124
2352
134
2395
1958
2018
566
2482
1684
1738
2192
2376
562
1492
1492
1320
30
2577
1858
1987
722
70
1246
2050
1136
1372
2570
1186
36
2375
1332
492
2273
1132
2733
104
2394
1284
322
2556
2064
272
482
1422
1684
810
2040
2198
2118
446
2148
48
1634
2058
2245
2149
1964
140
194
1078
804
2190
198
154
2414
406
1324
250
2522
108
2134
2604
616
1985
2308
408
406
532
1720
1670
1898
1948
2187
232
1660
960
1528
2478
950
672
270
60
790
2240
1136
758
1318
936
1974
1978
648
2604
1933
2393
1162
556
1490
2542
786
502
146
616
664
2023
2102
2198
1244
2102
1010
2332
734
844
2550
654
1880
2115
908
1540
802
2025
256
2451
936
596
748
152
194
2008
2024
1812
332
992
2588
306
1468
1128
2394
114
1448
600
642
1946
462
18
2593
2278
1160
1206
2427
12
850
1876
466
2167
2254
1458
1970
72
1192
722
2472
2694
324
474
238
246
776
1342
968
1616
2574
2435
2093
382
548
1956
1706
2122
2238
1542
908
872
84
316
1264
304
1182
164
2084
1422
460
90
2385
1969
676
2654
212
142
38
218
1102
2362
276
1804
1736
2292
2185
444
1770
1418
2846
1594
1348
362
236
330
2471
102
718
896
670
2201
2018
86
42
34
836
2258
254
1850
1058
466
1854
360
2155
1974
2080
2500
1636
1877
1884
2428
1490
2502
2435
372
1166
2188
954
2305
1082
1790
560
466
914
1176
636
72
2606
978
24
1492
1136
2297
436
204
646
1188
2563
1879
2354
2518
1198
2221
1030
2182
1683
2460
416
1028
1900
2439
16
442
2202
2458
1146
1648
1162
332
198
430
2612
688
638
2630
2482
192
2247
2430
974
2358
1814
2412
664
2468
1844
2467
26
896
78
2160
168
2147
518
20
236
850
2339
80
2374
2603
320
2365
784
76
364
800
258
212
552
2091
1490
1908
1086
2376
2200
1692
216
356
854
1238
960
52
1964
274
2298
324
2408
928
2372
1608
486
2044
456
1264
1302
2493
1802
1348
66
640
2204
1908
1098
1232
2152
1264
614
2540
132
2515
1854
1042
598
160
1404
2038
2567
2406
482
100
1066
754
1234
70
80
2397
1156
1168
904
134
2522
388
1504
2755
1092
364
1000
610
1160
2267
2054
40
306
1012
1960
310
656
1836
326
2375
2418
1840
1880
8
876
2411
2325
2387
1754
2158
2288
2312
1932
466
288
1530
2331
268
1833
2583
1900
622
2083
2581
2076
478
1276
1022
254
240
834
2342
676
2391
1038
2060
1302
1957
1052
1724
238
2027
634
2514
356
816
986
324
2475
1801
2512
2100
2066
214
1540
1022
554
2
70
1048
764
1422
2007
126
1360
140
2532
1284
308
2492
1422
900
746
2484
1504
788
1162
220
1358
816
762
434
1278
1960
866
884
1522
1936
2355
1158
2467
918
1964
666
1994
652
1668
2315
2193
408
522
1316
1959
800
1638
1676
788
1312
2344
860
576
2119
1172
2517
2142
168
28
430
2920
2299
634
48
350
800
2338
1715
100
1236
856
2074
1957
2109
268
294
2509
1174
2330
1646
142
316
1801
2334
1586
616
670
2223
1690
740
2445
200
702
1524
1006
1264
2226
406
248
486
1200
296
1182
24
812
2152
1294
280
2459
650
410
1734
1188
656
760
2657
2291
324
2454
2369
1618
2376
402
1586
1052
234
2369
1250
2157
1764
636
2276
1996
126
2046
864
634
132
2523
164
792
72
2454
1640
2646
1114
2104
2530
2448
2049
1806
1751
606
1764
938
2370
2390
2358
1436
2185
1444
20
1118
62
924
2698
2176
490
1210
652
700
530
330
1006
904
2136
1194
1742
788
2584
302
2489
1396
2258
1870
2484
1916
598
436
854
2354
2220
28
1270
1816
868
2542
1016
1350
2029
2089
1440
1488
2507
668
762
58
2655
76
314
1702
396
760
1048
1434
2286
2258
1252
2390
416
2372
1832
58
2098
1861
328
1594
366
1372
2050
1380
402
194
2160
288
2503
64
1104
72
236
1744
38
1988
924
2004
458
2016
176
2387
158
2443
342
200
286
2173
2166
776
372
26
722
440
2254
2381
630
990
736
186
430
2690
10
2146
2527
136
814
500
1788
2338
1218
182
2020
438
302
948
2486
2506
1318
2422
1372
2079
2586
1050
2217
116
316
2024
1513
2016
2255
1206
322
964
1310
1602
1686
916
2431
2086
396
14
314
2361
1856
724
122
762
1970
2035
2413
560
2467
2497
1114
572
628
896
1934
428
678
2477
20
1398
44
2274
2210
2102
1682
52
2296
1092
2236
2288
104
1412
608
2425
1048
2374
2060
2346
2355
840
1460
302
146
358
264
482
1710
1922
352
332
386
1606
2319
2487
1298
982
2208
436
2236
2169
626
2330
1110
564
306
526
2245
2274
14
2344
1294
2007
784
1782
826
1188
1816
410
1618
2363
1076
2460
2267
800
630
2303
1086
2408
1830
1966
2168
356
2263
1560
2343
1710
1508
972
2248
550
2028
2461
110
2266
174
382
2417
658
838
2048
1476
2392
464
1870
1032
148
200
888
250
2057
952
1036
334
2017
2437
1168
676
1902
1648
260
2187
1448
1076
2178
2560
150
334
150
1490
984
2206
494
2564
2484
748
1398
948
2394
310
834
2403
1154
1722
84
2035
2484
1214
2330
2179
2229
2658
2552
1134
122
2062
1126
868
2409
2415
1856
286
1932
1524
388
2202
1888
1970
1704
1698
1446
2353
338
1843
2008
1046
2086
2474
2307
1132
2397
666
262
654
342
960
152
2579
1960
262
2398
888
1248
1184
2134
50
1330
2591
2473
2156
212
1584
2147
1828
532
1064
460
1192
2214
1806
2081
284
2397
574
2096
2175
2724
2325
84
2008
2287
1582
540
658
36
294
70
1156
2438
1436
2118
1304
652
104
2438
662
2289
374
2122
428
1944
2377
132
2447
2344
2285
2417
672
286
118
72
1986
2634
2020
200
1854
2254
2146
660
448
28
2272
542
1490
1734
492
2402
296
2387
1840
2331
2054
386
2003
312
1072
882
2712
584
104
504
2190
2136
114
2122
284
2322
754
70
2675
538
2830
380
1176
48
900
2638
172
232
744
1482
1600
216
190
802
766
2263
1984
132
2063
2525
114
1568
1524
2318
2638
60
334
1426
1146
30
2038
244
2649
1294
2210
2386
1142
1572
828
1780
2542
414
1710
746
2148
2298
2031
2431
2393
1988
2072
1760
2072
2167
826
2230
2124
464
50
766
742
932
1312
1386
1300
158
1648
2272
2067
2179
600
1172
1384
2242
594
478
2542
212
230
2549
1304
2703
880
2265
2645
1508
1696
2407
2494
1770
418
1620
2468
1198
2231
716
3196
768
3031
416
252
2057
1390
1012
138
1042
1590
584
862
232
230
1762
2200
1160
1388
2271
1032
524
2137
1382
2094
204
2157
1538
2384
1020
2084
2469
2723
2449
554
1116
1528
2606
1714
2570
2248
1683
1244
368
6
70
216
1708
1330
2548
1598
1420
1366
70
100
718
842
1424
298
1012
288
1850
72
2486
88
2232
2565
160
1320
1642
876
2183
2182
1158
2042
300
2244
1934
1964
246
364
66
370
2208
2023
2617
2035
572
1258
1434
1594
194
1922
1142
354
566
2368
370
842
1218
2019
1720
2285
270
826
630
2630
82
878
968
268
608
824
574
1936
140
2503
382
2069
312
1694
360
566
54
2018
1214
900
618
382
692
1064
366
2175
2090
2056
1274
158
1256
1744
680
998
1354
2060
2439
2139
178
2577
2759
478
348
502
2356
2620
2538
302
614
2403
2409
394
1964
2409
2145
1434
222
2268
1812
2310
2206
2284
480
2084
1292
1602
2116
2032
2108
748
1944
1312
1648
2570
576
1368
230
2172
42
256
2214
1570
186
2192
1046
82
896
2512
140
2219
1054
1914
1626
2295
384
462
2228
2674
1308
680
1662
440
1730
800
2113
738
102
1420
496
2448
2654
784
2301
1914
1186
1987
294
910
1178
2154
1288
2229
944
1400
1981
2357
190
660
668
56
2265
2369
564
818
616
656
2250
1886
330
1196
2289
2275
1206
1782
726
316
1282
1254
2138
386
2379
2381
2148
872
2610
2429
1645
2038
138
2400
2371
142
2290
518
730
648
1664
2022
2436
676
620
812
670
330
1802
252
2376
698
420
66
2288
1346
2172
2094
1440
2954
1871
272
2602
1608
890
1006
208
438
1642
478
852
366
398
940
1938
596
1504
382
588
770
2068
1890
492
1048
412
1134
2039
502
32
2213
1118
322
1206
2485
1746
196
1850
902
2459
1080
1994
700
2912
1142
326
632
1692
2327
472
1080
2242
394
782
1642
2414
898
218
1656
2307
216
20
2153
2730
206
1140
990
2464
402
1044
892
2572
1156
1814
1638
62
892
340
90
1902
274
1682
1466
16
1802
800
1384
1238
2
992
1274
2494
1278
468
1116
926
1002
2592
2301
2528
990
372
2196
304
2327
158
428
1426
128
862
462
2664
2291
1852
436
2381
396
444
2361
1146
1494
1306
698
1534
2363
112
1446
2193
270
2405
1568
2244
56
2383
20
1968
1344
2262
1943
2234
2658
220
2336
1580
1850
1148
2311
1923
872
2337
1462
582
1112
478
2386
540
2180
638
2458
2420
1466
502
2049
2240
2606
2116
924
684
688
714
2242
1976
2689
1244
2348
328
308
2134
1272
862
2629
512
880
1906
1752
1114
254
896
2074
406
2493
2394
142
452
2384
2472
2740
470
28
2371
756
2618
2425
2362
2313
1881
14
1640
1198
1208
102
2099
2548
2102
530
2416
2486
138
2443
354
626
60
2252
1354
770
1216
836
48
2126
2293
418
1926
244
244
1040
2686
2092
1888
296
2270
2383
1866
434
2382
288
1774
1314
2578
2631
594
1140
210
504
102
2133
170
144
2413
1054
1940
2123
2129
484
2146
330
202
2333
1993
2079
1014
1912
1318
2388
1472
966
2356
414
950
28
370
376
606
2281
370
184
2530
376
962
468
2280
266
94
2651
2238
2215
612
566
886
2142
2151
382
3080
1790
212
190
712
1616
1466
278
560
2378
68
656
2384
638
78
2426
418
1378
50
2088
174
1160
2259
1190
2226
1172
1390
1272
2202
1900
2459
208
30
1808
2276
1652
1544
934
584
1808
86
506
36
1092
1494
2386
2266
2449
1804
2134
180
1813
386
2643
738
2526
2219
2794
396
2232
20
920
16
1164
124
486
2520
2088
136
624
2520
820
952
1226
734
1306
612
820
2110
426
2171
2448
2323
2465
1880
142
2016
1464
2338
2236
84
1744
2300
708
2302
1382
2369
596
2271
2030
344
24
1350
1924
284
2038
2337
148
564
286
744
1466
1040
16
112
566
1963
1364
242
2265
110
2600
2647
2334
38
684
2142
2368
424
1126
1210
618
2425
776
2288
1130
416
68
748
2432
268
2410
2316
2618
1948
2168
2123
1454
1926
1112
482
2047
2383
1921
2025
2401
280
2155
170
1564
1396
2362
514
2447
940
1164
208
1294
710
2090
454
822
1902
2365
548
2278
2356
2352
2277
1038
1128
2338
2439
2188
1470
1684
1682
606
994
1044
2146
2250
522
2678
2253
2367
934
530
1624
2116
2730
1352
348
448
376
2284
424
2168
1959
94
1524
2144
2202
2124
698
770
928
2386
1146
1332
2528
684
702
2102
302
2404
2569
2138
676
1612
1042
2379
918
1984
2513
2086
2175
2012
2070
2581
1026
964
588
1144
364
682
396
2114
2221
1604
2675
458
714
2375
470
610
566
2597
666
268
578
2714
1282
2838
592
530
1088
1306
2686
1360
930
1218
1380
1536
2049
572
2080
1908
26
2102
2420
2796
212
2649
2066
2503
1952
1244
2168
648
208
904
1702
862
2051
1900
1064
2381
1066
1857
448
2055
1768
126
1880
842
1990
1128
188
1082
1498
1414
2155
1388
184
2795
116
2156
1514
360
1242
1834
2475
668
466
736
2117
558
698
414
2293
2678
76
298
2495
2233
2322
2163
390
286
1274
718
2223
2349
2052
2568
2118
2354
472
982
374
1987
432
668
2342
1918
2732
2701
86
2188
1256
2096
244
488
118
408
1546
324
706
1390
1008
610
2442
2690
444
386
2600
258
2246
1112
1430
338
2346
294
1744
1886
524
1388
898
1452
2298
130
426
1268
128
412
2500
1706
2313
2088
2187
592
556
820
2336
1954
1946
2606
2489
856
2103
2039
874
1358
2410
1334
326
232
2432
24
1292
2593
1020
200
2250
1256
506
772
2318
2287
2420
1216
1042
2287
388
1118
1390
2165
742
264
2356
1642
646
846
668
2418
1950
390
1228
2020
74
1890
2122
2279
2014
2196
1960
1998
98
2495
126
1352
410
1954
2200
1214
158
352
832
152
480
768
2404
750
2222
2493
2521
1598
706
814
322
1010
2010
762
496
2749
56
1998
2447
720
866
2068
696
1800
1146
856
356
806
2578
2278
2466
78
2362
2477
2207
660
1955
472
4
1738
1962
1126
1214
2376
768
1434
1186
1858
2242
1300
2691
908
302
136
552
1180
1922
536
602
1865
2216
674
1260
2177
48
498
1848
424
36
1214
2589
1032
188
1684
680
768
798
1072
2346
978
2435
36
608
2207
2056
2331
2488
190
504
572
4
2165
948
306
1828
2352
2187
2257
1556
904
1442
558
2240
1138
2659
1853
1936
2468
114
2022
2753
280
630
50
2004
146
1188
248
2014
2032
132
546
2153
1120
2212
1947
1960
1000
180
2650
1228
1888
18
2143
468
1406
2527
2788
2262
2084
2150
902
594
842
1668
1977
974
2479
2585
2136
2342
2406
366
372
2183
406
1182
1006
1146
1076
976
612
2469
2061
2185
2451
1304
2262
268
942
1042
1923
578
2408
132
1965
2311
2124
2368
868
854
274
728
2498
682
2702
250
678
2321
6
336
1819
64
1008
304
742
164
640
958
454
1690
642
2498
34
2028
2405
2403
256
1500
2005
660
2144
2242
2024
460
398
1978
2408
2200
1438
758
408
154
846
18
998
1798
2055
2402
876
676
836
1332
2062
684
2218
1220
2566
1162
806
336
56
1086
1324
714
800
818
1088
1076
1174
1126
1028
24
114
1904
2046
966
872
812
1780
2378
1142
1886
2581
244
2401
194
224
1284
2024
2597
2173
1072
402
34
108
2390
1390
2123
854
16
682
890
1412
2171
2636
1670
2540
1792
768
428
16
434
2363
2117
2376
2329
1866
94
934
300
2218
1904
2287
1462
2313
122
44
1238
620
464
1994
552
1934
154
740
2472
2212
252
2450
1140
286
1727
900
2349
2561
106
1338
2380
2350
48
32
1960
474
112
1454
1578
1544
120
48
1668
1718
2421
1996
1218
2044
1732
608
2484
174
474
1138
1688
138
482
340
910
2380
776
308
904
2397
866
246
442
884
2337
170
234
1620
2149
116
122
2401
310
2400
2178
180
2393
1116
68
188
2424
996
2403
842
2020
2001
1226
2132
2060
1370
2364
304
1736
558
1965
208
1368
1684
1026
1372
1204
2050
2039
2412
2474
1918
1894
1826
272
154
400
2246
2126
154
2481
2211
1512
218
1620
1928
2282
1959
990
830
794
172
1242
2391
220
310
772
1828
1226
2149
2148
1718
524
454
2488
1502
1810
2481
2663
2226
570
640
2388
2273
1322
934
2614
316
604
2534
564
854
1484
2030
2078
1004
1793
2175
188
616
1738
1664
230
492
260
360
416
930
900
2289
1228
650
18
434
2318
2451
1928
2488
14
1582
118
1330
1010
2383
1394
1166
664
2287
2247
2552
354
2119
2204
1618
1604
2408
760
1470
2767
188
2578
254
1270
2128
2631
2091
1885
2450
1298
754
802
380
2532
1596
402
892
2384
1838
728
1708
2683
2448
100
1190
2634
2236
460
1076
1988
2064
2284
144
62
824
2382
1248
2370
1995
138
432
1342
1068
1870
150
1246
2068
132
1000
2372
836
2348
122
2036
2306
1182
2150
92
1734
1900
26
194
1424
2110
1106
160
2315
530
90
212
2462
358
2057
1700
1718
1630
2562
2309
1967
2308
1818
134
1348
204
2382
1014
436
1390
1314
240
1580
2279
144
96
2358
2182
872
2710
2176
276
1250
1874
632
2260
390
2423
1464
84
2581
822
2090
886
940
2201
12
1912
1588
2312
1896
586
2522
598
1911
2468
1676
694
1765
354
112
876
612
2158
816
640
742
916
1318
2243
828
980
328
1714
190
618
1288
1426
2137
930
2177
2177
2494
2212
1542
1148
2369
2180
1262
2873
1174
86
1150
1340
358
1382
686
2096
2458
2864
1828
168
104
2260
1480
2057
2108
26
512
544
1592
6
1912
2303
124
60
1034
90
40
2513
390
204
2147
1550
1476
326
1977
1847
606
1258
876
2301
2156
1408
2588
2571
2143
818
1971
2255
90
834
1988
2177
2090
2182
2807
1420
254
412
260
642
186
1818
2374
2118
2021
2177
492
2268
1354
1362
8
1082
1778
916
430
1242
2157
1134
1478
2213
1200
2360
2062
2058
972
2179
802
134
592
618
2693
394
644
1775
2429
110
1969
2074
1196
52
1352
1934
304
1054
228
2400
2292
1714
2766
852
2136
2430
2539
10
928
164
260
402
2254
2074
2997
2651
1838
498
2086
778
20
1184
942
2006
1582
1110
332
134
2014
2453
628
2571
2238
2240
180
866
2481
1182
740
2534
212
2631
52
910
2377
182
680
354
2231
1026
1560
106
1970
2371
1172
2253
1964
2550
1684
1274
340
2216
1951
2512
2059
1678
428
1642
1234
810
1382
2049
836
2299
2192
884
1134
2393
604
776
250
118
100
698
952
272
792
1826
2316
724
612
1206
88
2678
660
1326
2131
2095
1420
2065
734
884
608
90
1132
176
1402
1696
1072
2177
1258
8
610
748
298
2227
708
506
2571
1282
2451
2515
994
2347
360
2240
2241
760
420
98
2086
2327
2206
2320
1554
2010
56
2068
1380
12
1896
2176
338
664
146
1054
938
2521
1928
902
90
696
2486
774
1979
2352
1580
2199
2156
2222
172
2145
1230
758
2363
2567
2466
618
886
2394
274
1828
990
2219
1860
1527
2456
326
62
156
112
2109
214
78
868
902
1968
1813
220
374
1800
2327
2423
1458
1140
254
198
810
1788
930
2055
350
1034
292
780
2130
1942
1024
2548
1396
2444
380
2168
1450
1714
2338
2380
302
2502
348
1864
2103
1268
2224
1894
2329
50
2619
1178
1492
942
286
1200
556
708
2375
2505
1064
2298
2208
2169
598
1960
1056
1406
750
1164
950
610
2469
638
2376
2155
2096
1282
2130
1956
856
1818
378
608
1124
552
1484
546
2034
1014
2340
1634
698
40
206
22
2115
1984
1944
198
1170
106
1184
832
2459
1428
2536
1644
2566
284
2080
2318
1602
2006
654
2090
758
796
2298
2644
2497
2186
2159
2337
1985
2404
220
1466
24
430
1088
2429
1502
500
160
496
1740
2193
1968
2121
1720
2525
2284
1430
2276
960
1799
2148
2561
2427
234
462
1726
2212
2135
1822
300
2310
910
2467
1282
676
778
2168
2066
1276
360
628
948
1726
340
18
260
1396
1941
2263
2886
1595
106
1228
2066
1398
1082
184
104
1220
940
1328
1202
1454
418
948
792
16
1304
1112
226
1938
292
370
40
1386
412
218
1742
1154
2088
1874
1034
1238
2078
2194
2066
1388
2444
1066
1766
494
2329
2120
70
1126
1920
1925
474
554
548
792
1554
2206
1438
2023
212
1330
2008
2450
1828
878
2655
1588
2032
1656
2075
2467
1274
2586
990
2454
622
1340
984
1166
488
2279
324
624
2026
1256
360
2073
1840
490
126
1652
2029
1984
818
2100
1756
2056
2036
2210
2186
204
1638
2384
158
2317
2054
1832
1848
2687
2101
2391
590
1796
246
1110
492
2035
2204
54
36
1214
580
2282
2062
72
410
1250
2572
2432
2029
2180
1484
1622
2415
8
1082
2612
626
378
2647
2037
998
1084
124
1922
58
2377
2025
1250
2002
108
2393
1088
2062
2231
1628
1228
692
1172
272
2232
2545
2450
236
168
182
2342
2738
2093
2097
1976
364
300
926
2334
2172
2126
274
2054
408
2008
1398
2014
2591
334
124
1780
206
2121
1803
676
842
358
2311
1816
2230
1394
1116
834
662
792
1382
1338
2649
390
2592
302
2305
954
998
620
1496
1238
2477
2214
82
1352
2
1032
130
1024
2065
2228
1070
1340
2274
942
2207
1687
550
2147
380
206
748
982
2478
576
2473
500
716
2111
2590
1424
462
1248
1834
1402
1344
252
500
2582
1178
1148
82
184
498
448
2202
496
1264
1784
1996
2474
840
2114
1819
650
1712
568
40
2653
1688
1570
2217
180
1388
202
642
1954
1552
76
686
98
2562
1614
560
714
2141
1058
416
1886
1060
1490
28
458
2114
678
1160
2379
2150
1974
2120
1965
2317
1392
550
2286
2006
1668
342
2044
2437
64
2637
2643
2065
2172
2334
542
2142
860
2058
406
926
262
6
478
560
22
888
752
274
10
730
166
1168
2072
732
586
1168
2463
772
1264
132
2029
1960
2478
548
600
1638
1502
474
134
1958
1758
544
636
102
436
316
1120
912
2277
1120
1640
778
338
968
376
1466
2468
422
1616
1850
1774
2420
1416
2242
240
56
364
36
644
1918
2064
2440
210
550
52
1596
1256
794
126
2168
8
348
2458
242
1416
404
2295
380
210
686
1694
832
22
208
1144
288
1364
8
2534
1418
2497
548
66
248
224
1694
700
1828
2237
1016
1064
478
1340
1812
448
2750
2062
250
1922
96
2382
1904
368
2613
104
1738
2455
1973
1224
2085
290
1927
938
1916
2132
576
2250
1746
2305
1900
180
2582
2449
272
960
2474
2096
2050
214
108
1886
1156
2105
486
64
388
90
2484
2333
1240
2583
2254
464
2440
1088
2633
314
452
610
1402
2372
124
2703
1198
1046
2127
1042
2257
2423
1442
2268
226
2209
2164
446
890
430
2409
982
650
104
762
406
2531
246
304
2263
344
1418
694
2626
1564
2022
1492
1734
1957
2310
96
2269
1782
730
1218
1904
2443
1318
1144
346
840
2300
1362
2618
396
972
944
2072
1542
510
314
1188
2495
2852
96
390
2264
430
1132
1618
1172
1370
2153
958
576
1908
1668
2466
1565
1528
2788
134
2354
1234
772
982
1893
2073
82
2160
1530
1863
166
2522
2000
166
2436
2629
236
1470
2332
490
470
2282
1134
1370
550
270
1222
1498
2449
2470
1452
886
2360
838
2381
2154
1628
246
734
2025
2291
1944
2601
2521
312
964
772
88
84
884
2122
1809
1450
1782
1030
1310
1554
684
2700
488
502
1534
2508
50
436
912
1290
1314
2668
1348
2290
914
82
810
668
116
162
1178
352
1384
1890
2313
1770
1588
1966
2037
1140
510
2302
1856
1600
2174
2370
586
98
2041
2089
124
156
2365
1486
2097
1868
1924
2049
1032
400
1782
398
2305
754
1350
1436
2129
2114
2244
724
1104
2278
2276
190
1997
1794
344
2435
1466
2532
768
12
20
1714
1270
2382
2392
1959
214
2138
2534
780
1086
2439
1742
72
624
222
124
1360
2167
776
1066
2023
1931
1310
396
2150
898
1462
1748
90
1288
52
1010
1378
2361
752
466
2089
1430
1858
1344
528
2236
2314
2028
730
384
554
614
1770
1636
2683
2146
1946
810
2434
1448
472
1072
1720
1558
1919
1668
1020
2557
2208
2366
932
2485
200
6
1862
786
760
1642
2088
696
1280
1286
2133
372
2021
1921
1300
1810
1788
2222
2584
562
2230
1456
1258
2046
372
2152
170
426
1844
2662
980
274
658
2295
1981
2368
306
2266
252
586
2374
528
1086
1785
16
2070
1758
1152
2278
954
216
2208
610
1974
454
460
332
428
286
940
1722
2478
1194
602
2550
150
246
2294
1510
624
244
2007
702
2267
32
88
1044
1396
2256
890
1582
356
798
350
428
2030
426
1014
1226
322
170
2160
1886
2049
1446
518
1720
1660
1794
2304
718
2417
1840
1274
1036
22
1562
816
2225
314
808
324
740
912
606
2150
556
1030
400
2434
2468
1276
816
154
2274
2040
2114
792
1658
54
2007
160
2009
946
2390
2521
2461
350
1735
2567
2837
1744
2054
116
778
2605
436
1729
852
1438
2260
564
64
2446
2489
2736
1248
958
1774
732
2318
2208
1852
1842
2439
1244
1480
500
2262
2666
102
2337
8
740
638
2490
2252
1472
136
1148
662
1038
950
1428
2152
458
2166
214
314
980
176
2242
122
2084
474
2428
50
2390
2250
2468
2325
2006
446
16
1282
672
512
2247
330
796
1710
74
308
1971
2643
2645
308
2422
106
562
84
2014
232
554
598
768
250
862
2385
966
916
2344
512
2313
2430
392
2002
250
2518
1746
1428
614
1176
2339
1200
2291
1050
228
1052
644
2186
264
2492
266
1042
2324
2870
72
318
2054
658
1174
2572
508
2363
2259
790
2044
1632
2262
252
62
2531
2046
2160
810
2041
1662
2185
1280
374
2396
760
282
2046
908
1150
2402
2401
1942
1922
2180
498
2401
2217
910
1612
2689
2453
558
98
2080
528
258
2043
2846
2014
1200
1134
980
2052
2485
114
1482
558
940
2542
74
1728
352
572
330
2263
2356
1804
2379
1506
1168
2068
1054
1290
802
2359
2272
924
1892
2241
2398
2286
306
798
12
2554
1868
1902
74
786
488
952
2137
642
162
2353
2177
2013
2262
332
642
108
2675
24
166
604
1736
1866
2446
2258
2214
1150
1588
2358
448
984
1202
146
1424
1124
2244
1988
140
1006
2510
78
1802
2178
906
450
1974
614
2390
2581
2126
582
104
458
2208
486
2198
582
364
68
2331
2350
2161
354
434
258
1682
36
2031
1870
304
312
448
492
1986
1624
404
2291
2599
2184
222
1662
2346
778
602
2094
1530
2185
2043
336
1924
464
98
2080
742
2187
1616
2458
1434
590
748
1126
2493
436
118
2351
2360
312
866
2263
782
2431
1500
1330
292
1226
1604
130
50
934
458
704
1044
2562
1808
1562
2417
2058
1636
674
1512
2387
1687
832
1758
572
380
1124
2205
372
946
766
2270
268
1798
516
674
2571
2738
2550
2102
1910
458
1324
22
2633
212
2005
812
30
1612
2249
2256
1926
786
2488
500
1968
352
1264
212
230
1054
2316
508
1128
1286
2412
2202
2044
754
2116
148
216
1250
282
36
1294
1064
1210
2191
2106
546
2108
44
2610
508
10
136
1092
1454
384
2484
712
228
1016
1985
2456
198
2198
2336
962
478
258
2226
682
1872
1846
1052
1350
456
2299
2145
780
2098
496
1232
2406
582
2124
728
2234
2604
236
946
1214
2531
78
1744
1837
810
2484
1366
966
2544
2074
2614
1992
2481
2135
2198
4
1696
422
2004
2451
1060
636
686
1082
2380
2280
1192
2397
2347
2507
316
1928
678
2536
896
1586
2228
732
224
2479
634
2004
46
1324
1068
752
1994
1978
498
26
964
66
818
1546
128
180
2187
290
798
2140
266
1184
634
324
1442
2644
1942
2306
94
2507
1484
842
2341
2604
68
1702
38
772
2255
854
2251
674
438
2096
1642
620
770
94
1506
1062
2458
1424
992
2023
2255
882
862
2330
2208
936
2439
1824
2241
676
1708
308
2369
2262
1478
204
2312
462
106
2022
2015
1990
2505
2164
2276
460
1300
1516
2315
1800
2205
2126
2141
610
2081
2260
2427
942
2312
2380
2333
2095
1600
1264
1708
2444
2611
1983
2642
152
2231
632
224
82
8
2252
2284
2298
2182
1766
2194
2134
618
2172
2239
1720
796
964
1852
116
722
150
2268
2810
2405
1874
492
356
2300
2482
2532
2551
110
300
604
990
2475
1244
408
276
306
2606
1978
2372
2502
636
642
1186
1886
2397
838
162
616
806
410
456
154
2416
302
2346
2247
796
2600
482
442
2442
2445
2490
72
2275
440
1298
2160
100
2197
2709
720
348
110
2186
2352
1326
98
2060
1952
68
1919
6
1026
2
2456
1072
600
2626
302
2085
1276
1692
1232
1784
2270
2337
258
1489
1262
80
1058
54
422
1230
1020
164
2034
1250
2405
2056
582
1792
1190
1846
2221
190
128
932
1266
1946
696
332
214
2291
488
2160
182
2220
2184
488
134
384
478
2305
100
1716
2651
2518
638
2176
1384
2630
1272
232
2512
992
1482
2245
2421
1318
76
2063
1738
454
1704
778
928
2302
1848
2165
2449
1414
1826
808
314
128
2071
1864
2038
1544
574
780
2396
584
1981
156
958
716
1306
2309
2238
188
2178
2083
524
2240
1016
2225
990
1418
120
2357
22
536
1164
268
626
224
1002
2574
1228
2223
602
2290
456
596
652
2645
66
412
1170
390
1168
1308
2363
1426
94
1766
1442
416
704
396
734
1728
96
2318
2310
110
1536
724
616
2281
332
462
584
68
1064
552
300
1516
858
1840
1830
2359
1512
530
530
1636
2686
2190
1256
116
242
2666
1914
2196
2146
66
2495
1394
506
150
324
1784
1494
2215
2213
1916
1370
516
2425
1008
1138
2243
878
466
130
2494
30
2541
2306
414
1861
546
2027
324
1890
584
2210
2303
2260
458
534
2369
162
2322
2213
878
1602
2753
2128
1970
1610
1214
3795
2026
2439
1436
2709
2598
504
2257
56
1658
318
2329
2309
2108
1392
2433
2508
206
1414
444
2134
2248
1220
216
446
2315
2217
2242
2668
2136
676
1038
1252
360
1130
24
204
