1904
2005
1320
2339
1162
788
308
1182
2142
2273
2674
2361
2412
2606
706
2535
88
172
1198
210
46
2142
1676
1626
2525
338
2180
2251
1248
1174
306
2054
1266
1876
2096
2726
734
274
344
466
212
2435
1274
2622
1334
662
216
2224
2389
670
166
2389
2230
38
1982
2333
844
2323
954
2176
2243
1190
2213
364
1932
942
1170
152
2245
34
1378
1886
356
704
366
578
1026
110
1060
178
504
2284
126
1632
2532
972
2043
1930
1988
2121
970
356
1932
1380
2210
988
2706
2887
376
1846
956
2100
1903
1046
2461
2554
1136
260
938
634
234
1944
2076
432
220
414
2555
290
1826
320
2142
596
1098
494
844
2260
786
40
576
2170
2410
864
1178
286
1368
162
222
2688
2556
898
152
410
2249
356
362
1302
2275
1444
1943
752
696
1454
244
600
2145
1856
1200
188
366
2277
1602
2023
2203
2557
746
822
118
996
1907
1961
794
2528
736
2054
1388
1394
390
108
972
14
2155
1758
2032
488
2330
1688
532
1338
2538
518
1216
512
1540
1492
2557
1004
172
2182
2387
54
1280
1138
306
836
100
1512
2330
212
2544
450
1598
2135
504
2139
638
2556
734
402
1088
650
1672
474
2080
444
406
304
1926
2183
734
200
156
216
2251
1738
616
2334
2410
548
2346
2093
1188
726
2251
2481
660
2477
496
2690
742
748
1322
388
2404
1978
1828
1120
748
512
2700
444
2416
768
146
404
706
2287
2266
628
2182
1848
2341
444
618
1834
542
1428
1848
664
1880
1935
78
154
1554
1679
550
2020
934
36
1104
2251
588
1865
1702
796
1794
1550
656
2071
696
1126
2487
2211
2171
1254
2130
1990
2253
2281
2391
578
2076
2157
1524
934
2340
222
24
848
980
268
934
268
1686
336
2034
1518
632
2133
1102
400
546
1224
2224
934
650
2056
2332
964
104
2182
536
2132
554
1466
1210
2245
2539
858
2071
118
2316
902
2028
2570
2134
210
222
1128
1038
2561
1126
2555
146
1961
2186
944
272
222
2639
2827
572
740
2248
2020
184
2325
2356
98
2429
2034
2546
2131
2273
1504
2476
2008
2180
546
460
1560
2133
1998
604
2358
848
2260
1998
710
2084
2525
174
154
380
352
2436
1606
260
2567
736
486
134
212
2559
700
824
2282
2134
1640
4
842
2436
2076
1270
1298
2542
1296
2592
2543
1900
778
1350
2202
2130
1984
2070
14
2160
1394
2439
1618
1154
2576
2263
1248
1879
2111
838
2097
2274
1786
726
2213
492
1546
1999
2398
662
148
284
2266
2283
2242
1906
934
602
72
2297
436
2366
20
868
2009
944
1552
2560
1266
608
1028
2336
1424
2410
2088
116
2373
1454
1528
2029
56
2051
1498
2078
2750
1829
2182
2545
612
468
2283
1550
714
848
2390
2255
202
850
1926
1368
990
1222
1996
1116
2011
2862
304
622
18
2176
170
528
88
2553
144
2146
2701
1740
310
2451
132
2392
104
2378
402
1448
322
304
1418
766
100
950
2331
1630
2168
1732
26
894
464
2172
660
48
308
990
438
186
1064
994
984
400
1328
468
2019
1208
2240
68
2057
740
1208
112
1594
2240
2024
2138
420
18
1758
2191
212
1462
326
2367
2551
1054
2051
2511
100
464
804
1982
2082
762
398
2400
458
2040
2303
2561
1266
1770
540
1534
88
2427
234
610
2020
444
542
1440
2297
2262
182
270
2341
180
690
2438
2255
2284
2137
778
708
2506
1316
1042
750
2045
1938
2236
764
560
72
2668
870
1122
322
2395
2054
420
1392
762
1856
2407
2696
488
2670
446
1000
1859
956
850
2364
1654
290
230
2475
432
2644
1384
110
1530
1236
2252
322
2261
2234
2094
2333
918
2561
992
2190
1250
2242
2093
1606
2081
2411
2431
2489
2264
2101
2197
2064
1156
2235
968
2108
620
2132
904
652
1630
1778
2322
2270
2096
2653
3239
276
1070
212
1912
2349
2603
1742
294
2887
2507
1962
200
56
958
1096
1134
290
610
1772
22
226
1730
2575
2680
1640
1222
24
2508
536
1268
2432
840
2070
1202
42
2539
904
2185
1886
658
1064
2414
2055
2410
2543
548
1632
218
524
2494
2416
378
2455
444
624
272
2118
1856
2218
1998
1962
2266
2500
112
1872
418
2591
682
1922
1160
902
1446
2371
2607
2201
662
2418
2139
658
1430
1628
1772
1130
404
2508
158
670
2270
1408
944
1248
2433
854
138
506
612
1778
452
366
2522
2317
2254
2304
1454
1164
220
762
1058
2495
2
2497
1812
2191
2358
2138
1800
426
1078
2275
268
1248
278
90
2601
1564
1909
2090
2083
182
270
2306
1850
2514
2405
646
502
2379
1909
1490
966
1218
2149
1722
2432
2702
212
2158
1390
248
1242
672
814
1804
1488
1438
2322
908
394
1190
1498
758
450
468
814
2355
1955
1800
1232
1674
1408
726
608
1244
2337
500
1362
672
1872
2538
1374
2518
218
2272
1716
1656
230
458
1148
2172
2180
2184
1230
562
1522
2068
1200
354
676
1468
418
202
2595
2050
1188
536
1336
1324
1264
1424
2036
1542
112
1718
198
140
238
150
1654
2175
522
558
1803
462
622
1640
334
1786
670
52
940
2731
1412
2063
1136
82
764
678
728
2675
2264
2357
176
410
482
1594
226
2014
2222
1724
770
2042
496
1096
900
2335
1162
1820
864
162
2154
2208
2180
1862
2236
1777
2207
654
2416
978
642
1944
2498
1832
1274
1384
226
1312
188
90
2143
2295
2132
580
2203
908
1904
380
352
2012
204
2524
1614
2459
2236
1004
804
962
1186
1306
868
232
1526
682
52
366
2294
1488
2087
1416
244
1180
96
198
908
2001
464
2616
1889
2534
496
82
2442
1954
386
2639
464
1198
1660
1326
2010
2231
2520
330
1384
638
528
2228
1166
1226
954
2613
1126
2422
1108
1976
1164
2640
266
2262
2358
148
1216
522
1661
1276
492
2457
2754
2259
2014
2376
2193
378
1986
1980
1510
1690
1392
2316
1160
418
1560
1862
1750
878
2211
2461
348
2060
2316
976
1106
2502
676
1088
2314
674
1306
1132
2078
1634
2095
1634
222
784
2382
878
2434
2197
1834
324
1206
988
1622
366
206
126
1860
576
398
704
2472
2197
578
898
1482
286
2628
1560
232
2193
1836
2101
28
36
1832
578
742
2234
58
1552
2305
2316
930
2397
1300
1354
1026
60
284
2345
1852
2136
1981
242
1384
2386
1330
948
1920
3038
1942
2207
1808
2441
188
1973
144
1332
696
2294
2546
142
1746
90
1072
964
286
2567
1024
2366
2035
1146
2259
300
984
602
112
1868
92
748
1987
510
2587
2098
346
1188
678
2274
164
258
1566
1114
884
2043
562
2486
570
1024
660
2444
1254
1536
192
1586
950
536
1802
1220
2172
1500
4
1538
2664
424
1070
578
1949
2578
2250
1704
1230
1812
582
452
2006
280
2227
2222
2404
194
2138
376
786
2454
2691
1492
546
862
1430
1344
956
2039
2403
1260
2026
986
174
580
2224
716
742
1868
1845
188
2890
2273
2424
2395
2284
774
2279
652
700
948
2310
3137
2094
1710
72
1360
1524
1128
120
2269
2268
158
198
114
358
2341
84
2444
2403
2554
66
1334
2419
2166
1056
582
216
434
522
974
672
2379
2172
110
316
1603
1838
488
1532
690
878
1784
1052
640
442
1668
1272
212
2158
2829
568
2131
2224
1272
1932
2307
210
390
2572
2215
212
886
1870
2218
220
462
1074
1973
2415
2300
364
2548
492
216
2506
1284
1871
2359
1500
496
1210
1736
396
1855
128
974
2182
496
886
2064
1330
88
2486
1964
486
624
500
518
2499
252
2242
2357
2438
458
56
754
2024
606
174
2633
1370
138
36
694
922
950
614
484
450
514
1214
632
1300
348
1706
612
1552
872
530
1978
1098
2111
1418
2049
326
290
84
188
2145
128
324
526
374
588
1762
400
2184
246
1672
346
736
2078
448
852
2630
2395
2081
1646
2708
1152
576
2690
2428
432
876
2336
996
2242
1735
612
248
1866
2195
1662
1988
2415
858
1442
2300
2124
2796
702
756
1250
2292
2636
2435
136
282
786
802
2096
550
1998
186
2154
2028
570
2261
2218
1986
1468
1836
1984
1916
1428
848
1150
1828
1086
2546
1496
2089
222
616
1172
2431
580
2213
2326
816
2545
2701
464
2400
2347
982
676
2572
1448
582
1596
2085
296
2068
946
2445
634
676
374
140
2312
144
316
188
538
1058
2314
388
130
1378
1298
2525
862
116
2206
1718
2495
858
1942
356
2471
150
1166
1428
2163
356
1424
1906
2073
516
2096
2548
1942
1854
1422
1866
1938
1880
592
1860
2492
1058
1320
1714
1202
992
2642
278
258
1857
96
202
928
2227
2
2343
286
2288
2504
810
1622
2405
1424
1134
1972
1060
2003
2408
386
154
1130
2392
2120
612
946
2185
382
640
1502
950
1356
806
516
856
2098
30
30
2601
2216
1953
208
2063
1058
1842
2010
1228
2648
1604
1152
2568
2363
794
1258
2069
2238
668
1348
210
534
1876
34
630
616
1612
1556
2395
78
2010
1908
2258
1344
1796
514
194
2332
148
118
2056
286
1424
2237
782
1530
2477
94
386
2356
2242
2338
128
1278
1718
2223
2134
1216
334
2241
1726
144
1952
24
1936
762
1268
1972
610
2543
892
1062
2290
2270
112
2236
626
2323
2325
1514
566
1434
1933
1150
2434
2030
74
2062
2110
2628
1048
2618
430
1374
2381
2593
1944
2460
744
670
116
584
1352
1658
2409
546
430
2399
28
2605
4119
690
2368
374
566
362
2348
1482
1480
2084
2041
578
2300
588
2232
240
1928
1726
1727
676
258
1714
2080
316
810
208
1760
934
1338
1106
1550
564
2213
2109
712
1152
678
2188
584
1512
2238
256
1190
1682
2372
774
1368
2515
1844
1534
2322
334
2726
1614
2456
2240
768
1494
586
290
2707
2754
802
2494
2579
592
1944
426
1672
1912
1312
2308
418
866
740
2188
190
56
1905
56
1288
1290
1444
2222
2466
216
726
1494
566
1374
320
1574
696
2334
2345
2014
2439
2012
604
590
672
50
48
1878
1956
88
2244
114
2173
2208
400
2412
2322
1004
140
1548
704
798
2504
476
974
612
36
1824
698
394
402
1062
1756
1970
594
1796
1796
2243
142
2015
2605
328
2680
834
1600
466
1054
1626
24
520
2542
2019
856
2
1447
1466
2703
1738
296
90
2155
562
960
2124
512
998
1056
1284
420
34
1892
258
1062
974
906
2227
430
1204
340
1112
2420
64
1318
900
488
522
2302
2352
348
2218
1732
222
384
2211
2104
256
1108
498
258
2170
2423
1760
396
100
770
2239
152
2473
752
286
26
1754
90
2284
308
2701
2493
124
1244
1056
74
458
1360
406
2348
658
1254
1100
446
128
164
2365
656
716
2420
1126
16
934
24
1376
2088
1498
516
1258
1408
2226
874
382
882
2226
2382
78
2414
2192
1086
1486
894
2098
52
1588
716
228
128
766
1812
2480
706
360
772
2419
2534
840
1336
2472
2600
2034
2125
700
1992
2420
2381
632
2564
1110
1030
2317
792
1334
2038
760
358
2799
750
154
1654
2498
546
1202
126
1316
2214
646
2461
1348
1870
1800
1478
2094
1146
354
2428
1786
2294
78
2323
2044
100
330
2214
682
1178
688
70
986
2524
2342
2117
1930
2419
1388
622
592
2248
448
274
2205
2526
2195
598
2404
2350
2116
2243
170
756
38
1456
2128
1630
594
1338
724
842
2478
1262
2268
862
2228
2153
2320
2494
574
2230
228
928
382
2117
396
2480
2657
1620
2479
148
204
2283
1436
1695
1630
1648
1550
200
2382
1144
1790
1742
490
112
916
1006
542
2138
2225
612
2457
2284
390
236
2300
500
2384
614
308
2314
4
94
2567
1442
1542
442
1967
750
2204
2589
636
904
1098
1794
3030
1106
1108
518
2669
102
2462
2404
472
24
1334
2273
598
1716
2515
2014
1704
2346
644
356
550
16
2140
1764
2722
2488
994
684
2047
2102
2246
580
2403
1468
2361
1792
1030
2273
1830
1320
2000
2221
334
2332
492
2447
618
916
1818
2294
2392
1036
610
1250
2122
2348
568
616
54
38
72
784
2310
2398
1106
112
1770
670
2421
404
626
10
1536
2136
2265
56
366
248
310
2322
64
1114
2316
474
24
1116
106
2236
2097
370
1046
2240
2852
1592
336
1798
2248
2168
1898
660
1194
924
1820
602
2280
2735
1210
2159
684
1801
2322
2061
2396
1146
2385
2393
1900
2341
1716
108
2610
2066
2226
854
2134
2792
2328
2340
2501
2641
822
2406
2564
2282
1924
1170
2168
696
98
1472
2162
2277
522
1774
284
372
1460
2479
182
2430
1752
1252
2362
2344
50
24
2381
1940
1322
2038
2023
828
502
1862
928
916
2375
1440
1608
1878
1366
350
2269
1014
792
1058
2079
1678
1756
720
1796
446
532
2573
1272
2375
1012
2131
2078
258
352
1600
210
2109
2358
186
116
540
2148
2350
2234
1162
2689
12
1002
146
566
1774
68
2070
1674
182
72
2589
580
1524
1793
1760
2294
42
524
574
324
2402
814
218
1280
1036
2395
1230
2426
1268
1202
2022
2656
2189
1358
328
2580
1790
458
384
2364
2030
1288
2024
2300
612
1720
1952
1664
2258
2181
252
314
1064
770
1806
1066
1832
2341
2164
2474
446
2052
756
876
664
2361
186
518
2708
2426
2340
1398
2317
266
2338
2404
2052
620
2128
162
2251
1492
88
2148
2290
1154
2237
1519
1122
1690
2264
1638
76
528
2315
912
166
1987
212
2476
1106
2057
162
2018
2526
536
896
2488
1902
1738
2056
1416
2262
938
1412
434
2574
1932
1394
2288
370
2153
244
1220
218
1266
1088
2268
1918
2577
2427
1926
600
512
272
358
1138
638
1897
1348
2424
938
1500
1206
238
2318
2679
1892
2438
2062
1794
656
80
926
1998
916
952
2308
1892
524
2210
2
76
124
2250
86
2378
1686
1040
2164
318
2286
1174
172
2410
2128
2228
2150
1983
1520
698
504
2368
494
2401
884
248
228
1468
1824
288
2144
398
954
1078
1912
484
750
1992
2150
812
1839
150
2093
292
2733
1484
1458
2189
752
2067
964
2193
330
1020
904
1192
1244
44
766
730
2178
2225
1406
936
1258
1706
8
2602
538
2221
2062
242
2520
956
1977
1614
1568
1738
2532
2347
2231
2000
720
128
1570
1412
2168
366
64
2105
348
16
1864
452
218
1955
660
1318
264
2712
304
1312
888
1936
2288
1070
1278
1288
2090
2084
1002
42
2544
1012
2261
2224
808
2032
1158
332
2081
1232
476
2277
136
490
990
710
882
652
1376
1833
2284
2086
782
2313
1588
574
1804
298
228
1204
2052
1814
2420
1912
530
628
2408
760
308
2316
1466
2084
240
468
276
158
2526
354
2612
1744
406
1244
2344
314
654
2484
2503
1856
26
2119
2530
1975
2412
2863
1710
534
2474
1646
96
1654
2230
1702
178
2362
1262
1980
2419
266
2256
2028
2603
732
1938
2255
918
1116
478
1182
2469
236
1566
2148
2003
1886
834
1386
610
1180
1702
1074
2107
908
1923
222
2002
2150
1006
734
2041
250
198
2229
1794
1006
1274
2721
998
2242
1806
500
116
516
548
1252
46
2617
578
510
170
1716
1138
2248
10
606
2503
304
1536
1508
238
968
1855
1870
2288
998
1362
2220
2250
2221
1496
1134
2213
274
2114
1140
186
2140
2492
2336
2411
892
1816
460
50
1198
1244
386
54
18
1808
1376
1496
1392
2169
2000
1268
2026
2283
1066
708
346
2600
2184
514
2368
1604
2053
220
614
2490
996
2131
2315
474
556
2333
398
388
2260
2230
964
682
2684
2771
2430
1430
2053
348
156
1116
2445
600
656
2444
2411
2580
1254
474
2124
2204
2196
1306
2062
150
2089
316
2408
34
648
2152
2040
2400
2481
2030
542
1980
182
1614
1907
2370
2149
1160
564
520
1188
1738
1162
996
1222
336
2280
2508
134
2212
1128
1698
2229
236
656
2292
2431
2244
2592
1930
1668
432
964
572
1948
376
2219
1476
742
1866
2394
986
1650
2114
2533
2154
378
124
2061
2334
1358
1994
1206
1342
218
2488
2394
2282
778
1682
2586
2243
1598
874
2423
180
2799
2046
836
2608
1939
2177
2106
1038
878
1740
2322
1184
1696
2137
1580
1516
126
3119
2263
2290
758
2216
1426
1092
2345
68
1584
830
2238
34
902
2302
2519
1008
2069
118
10
1180
2420
2291
486
2495
2582
610
1624
2528
1806
630
102
698
2098
2362
2023
170
1712
2457
566
2228
230
2008
838
192
1030
2199
1052
860
2095
1126
2192
2079
702
2594
2289
1552
2372
2552
1236
2273
276
2563
664
892
2470
1994
348
2113
94
2182
668
576
1456
672
60
2408
780
2431
1470
1614
322
236
1002
488
1268
128
156
1138
2002
16
156
2132
1178
1516
140
1252
1887
1246
2448
1224
214
900
974
2076
1890
208
292
604
2121
376
992
2138
886
2338
156
1718
264
2116
294
150
1278
2024
2526
2036
160
632
2284
990
1290
38
508
1628
2138
2085
1266
2444
2358
754
2223
2654
962
256
1260
624
2432
2196
678
2601
182
2297
782
1467
1882
2402
964
2732
1844
454
1600
490
2403
2430
2542
564
12
1760
2433
374
1308
1690
358
1588
210
1358
420
580
238
1973
100
1356
2323
280
414
1524
2659
360
1520
446
638
388
1142
330
152
2044
1464
1180
1242
32
1402
2459
2108
838
2397
1604
1256
244
204
534
2575
2449
2469
2742
544
2259
2702
374
2240
2501
2161
622
1366
1376
390
2665
310
2078
2246
638
2044
2371
612
1374
2128
364
2697
816
2008
2455
2680
1140
2329
528
734
2347
242
1987
2183
2102
106
814
368
1840
1396
1654
824
220
1777
2021
2383
1262
168
1536
128
2072
1944
2233
2171
2084
130
2519
1044
248
1929
2616
2230
364
2764
2247
1718
1971
166
1452
1278
900
94
2121
2246
14
704
912
36
1268
2449
2167
2177
2337
788
2610
1500
1650
1788
842
710
954
1016
2750
434
320
1358
1842
1300
2528
2716
2273
2520
2393
2128
744
2361
1384
2381
444
1188
766
1406
878
414
2084
142
264
1778
920
1380
362
2031
2228
1943
164
2431
2120
998
80
2038
2090
418
110
102
462
1474
2117
272
434
64
84
1470
810
2292
186
412
1062
750
1134
288
964
1718
712
174
1256
118
1784
488
920
802
374
940
2215
2148
2320
1188
2158
160
976
1464
2093
2408
2377
224
2120
690
778
590
2145
1346
2501
2583
676
2631
2234
2347
446
2060
2568
1852
954
74
2365
1528
318
994
2593
2549
968
2498
1428
2012
580
220
1504
2806
2953
1782
2371
934
1756
2658
2404
2549
1436
904
18
2744
1092
1440
1664
1976
2293
1364
1983
2220
2623
1960
1224
94
390
2586
1974
1110
2715
826
1460
322
342
568
192
1983
1887
1628
638
1374
1302
2606
482
2087
948
1418
688
1943
2756
1206
2123
2298
984
344
1518
2148
1256
1884
912
2231
754
254
2642
834
2293
1949
214
1658
1939
2480
1710
1544
2230
124
2531
2319
1912
232
832
1312
1374
1968
614
314
422
14
536
2158
1206
646
1933
2153
1112
1048
1186
2688
8
1276
996
1214
1436
662
386
1870
2184
2221
432
408
1684
1851
912
98
2328
2337
2110
1590
2433
1794
108
344
1012
66
1054
82
2609
172
1952
1382
2444
1864
130
2381
2690
68
370
24
1886
56
2257
840
2138
282
1838
914
862
2304
992
326
2132
474
770
2284
476
296
1002
866
2511
1810
2063
594
580
2282
250
1506
1358
2499
2324
2324
2593
1242
2395
1656
2097
668
2135
1896
2146
2128
2371
2407
208
918
480
1864
1834
2298
238
1390
1958
216
458
2232
2274
340
406
2329
1797
1983
2463
184
2586
2106
2518
2571
2788
2247
354
808
1736
172
1992
2650
992
208
1322
2177
2256
404
452
2634
678
1306
1977
96
934
262
2780
790
1944
2290
280
1798
998
390
2
2398
468
62
2071
872
2267
2453
1909
1612
84
52
1478
932
582
1902
2404
920
1788
410
484
2547
2697
68
224
1897
2286
478
2711
2703
2645
302
2016
1152
848
1012
2669
1712
2378
816
1971
1166
1870
1476
1961
1234
90
2052
2130
1254
1867
694
2000
26
696
2382
628
2044
1900
2286
22
114
1302
1470
82
1390
1666
488
1841
1026
1180
404
80
2160
310
1180
130
2313
1074
2423
92
2180
2185
1380
1892
2581
2316
616
1194
1612
2177
932
1148
2047
1042
784
286
1933
2560
86
1372
1546
378
840
2204
1324
1228
2529
2590
2521
1957
2340
250
620
2727
626
144
2211
734
1920
1886
272
2040
22
1238
628
2527
2403
2577
72
2491
1542
262
2569
2341
1874
1764
628
1616
1586
2046
1937
2505
2463
582
2408
2052
1894
2027
1660
1382
2684
2387
2780
2258
634
1416
740
610
2194
2349
2474
1990
1430
814
156
1464
252
1258
1290
2075
2330
2617
1234
1998
1306
718
2529
1174
2501
416
270
288
1901
260
944
2262
346
438
2498
194
1104
1376
156
150
2247
1444
638
2218
2097
638
890
2603
2132
2183
678
2006
2104
150
2075
800
254
1376
2301
2279
2195
2567
1838
1020
2351
82
2599
2403
920
1158
184
196
2054
362
1130
2470
2526
176
2413
556
208
786
1268
48
2068
438
2493
2309
876
1941
916
2053
622
638
746
2485
2064
2529
188
186
2319
2024
2001
2230
2256
2528
2492
804
1590
1150
1156
2597
202
798
792
1690
2076
260
1967
214
2369
2280
1232
2468
1358
2546
1604
138
176
610
2487
190
2208
2355
1720
1884
2613
2551
1206
2329
2409
78
2373
1624
560
2718
1952
632
2130
1438
278
2186
2123
200
378
1936
1762
1538
2539
510
2135
2266
592
1708
42
368
430
468
2656
2142
2406
142
888
1860
740
272
114
510
2362
2393
482
2449
2040
1964
334
2152
1864
2367
2073
2861
494
2696
1914
2516
446
964
316
1582
1058
2258
2394
460
106
1002
1204
708
2410
2400
2195
712
1480
1988
612
406
2019
1988
1250
2047
158
2338
1948
284
504
2442
362
150
742
1929
2136
2628
636
1504
2014
1370
536
42
2397
1580
960
30
1819
962
524
832
2091
1917
2394
146
1388
2323
1510
2146
1312
1162
350
216
1254
426
1032
2585
2194
2253
2072
2019
1678
2426
24
2211
2390
944
1154
2056
2324
2234
1874
390
1030
998
2406
324
1500
834
2070
384
822
2208
1648
2226
258
2404
2219
2362
1796
2244
28
2204
624
1094
86
2683
1900
448
1016
2742
1568
1526
1782
318
780
2442
1594
334
2348
2272
2032
2230
2543
866
1973
2519
2311
2047
124
1314
1462
1722
2038
990
1935
882
1444
4
1552
2030
298
2221
1702
1580
738
2352
1066
2258
462
2410
1040
2250
60
2449
1072
2490
576
420
1318
1186
2238
1468
252
676
728
200
748
1758
448
1692
584
26
2231
476
2156
484
192
2387
124
2714
632
618
728
1991
1218
606
504
136
2489
512
2437
2400
1458
1562
74
2375
360
2266
2126
2110
382
2334
280
2462
10
592
2450
1428
50
1090
1906
2719
2034
506
522
1158
810
2219
2306
658
2
2246
564
418
208
330
174
752
190
360
192
410
212
2137
52
2383
356
212
732
2121
1608
232
2639
1118
1194
1989
2234
248
56
2050
2274
2196
1054
1965
176
340
2221
2260
250
2092
830
710
1420
2014
2340
2298
2206
682
844
2341
324
1102
1461
2118
162
2459
2362
1348
2352
1858
2199
2200
868
704
786
2593
216
190
1814
1176
2154
66
2172
512
2232
624
872
2046
1380
48
422
132
2095
190
2227
34
466
2146
2270
588
2712
2333
2426
1718
24
2712
2727
780
834
486
366
544
2272
2354
2334
2065
976
2709
2088
74
1434
2344
2290
2246
2403
1508
802
2433
2703
2640
1110
1428
902
2298
752
1732
354
1906
292
306
2319
606
1700
322
1016
2295
998
800
2530
1462
2828
1492
1198
2277
8
1116
1322
628
108
1935
76
524
686
550
380
1548
402
1874
480
2175
1424
1342
2649
1098
1292
2404
1132
2406
812
1420
916
660
2272
2048
292
518
2125
2187
1214
1920
454
2192
984
2605
460
2620
108
1148
92
198
104
2697
2170
1961
2011
216
738
256
456
1590
862
1402
112
1792
582
922
368
2126
2226
1542
532
596
868
56
1816
2108
1244
2476
2193
728
468
1616
360
1284
78
436
386
2216
224
2309
440
612
1022
826
1418
2729
38
32
580
1964
430
1098
628
2584
2128
890
1526
2100
620
58
2726
836
1050
1036
2024
994
2604
2002
2611
2142
1872
564
1796
2002
404
1894
2504
94
986
1334
1413
2110
1376
1804
2262
1314
1280
2431
1218
778
852
790
942
2421
188
2548
1450
2152
378
2590
434
2652
400
944
368
2278
2324
646
2394
1230
364
2113
924
2208
2316
350
328
24
2546
2381
1380
726
164
1096
44
1026
384
2132
536
2042
2094
900
2624
2312
2082
4
2292
1148
114
170
56
1438
1082
1262
1272
680
2084
56
2144
1216
1813
290
2631
544
416
2393
2579
1726
930
718
956
24
1370
1294
792
1544
456
1026
656
446
740
1020
218
414
2355
2393
2050
1362
2261
1040
1836
2770
1792
220
1450
982
264
1118
204
1076
50
1434
2274
544
1636
2309
2507
610
230
1276
182
2653
1408
1252
324
1018
2126
2694
1958
2396
224
520
1378
1590
2460
1566
1250
2078
1264
84
62
478
1002
372
38
230
412
1106
810
1192
1572
1892
542
814
1120
2126
328
1262
2218
1352
1900
2156
2460
1348
1226
1472
486
2142
514
1290
1714
2261
2340
570
770
2294
1584
2465
940
2117
2753
382
2122
108
548
966
2463
2529
336
894
1026
552
1960
436
834
110
2356
1416
542
362
100
1478
818
880
1350
2744
1352
560
1948
1418
2018
330
420
1718
1458
2175
1102
2237
24
1394
2083
2697
2048
1460
136
1891
2580
2678
2341
688
2073
1316
2317
866
204
2496
812
1242
494
1444
108
1454
800
2276
914
1306
2175
786
2078
2384
1314
2100
1048
200
240
496
2420
1076
1180
1464
1074
1556
32
2041
2514
1140
344
1798
410
2320
210
522
42
424
1518
172
172
2444
142
1696
1300
2063
552
860
1829
2256
98
2418
1090
2254
2290
892
2054
522
2138
1038
2551
1966
1158
2342
880
522
2153
188
2193
390
720
776
2249
282
2430
992
2371
106
202
2269
2049
732
2513
376
1972
696
2463
2368
124
892
10
2647
42
602
106
2450
1947
140
1490
1216
2376
2098
2268
1294
734
2545
1813
2017
386
1886
1690
778
2403
14
1554
1926
156
2544
1612
2088
1294
2176
1062
968
2462
1092
964
2114
1334
2180
1828
186
610
1826
2335
160
996
438
1540
2135
2244
70
514
1944
836
378
46
338
288
1570
2006
2390
2032
2237
2287
706
2016
908
1236
2194
2108
1951
1818
1676
2481
2294
1798
2172
2009
658
696
1226
734
2302
2105
2243
2056
1748
74
544
2284
2701
290
2211
2440
2642
1610
570
134
2722
26
2097
1120
2090
1034
1338
1865
988
848
2
852
2302
2450
522
1632
2331
22
1330
1002
2037
2148
580
2136
738
884
2197
2295
1338
1890
2016
1112
780
816
826
896
1448
1809
2027
382
1409
184
2428
576
2477
1106
632
410
2183
2006
318
2383
2037
2113
2294
594
2221
2347
1572
1954
550
2562
2289
640
146
1450
2179
66
472
1378
946
808
2445
428
602
44
2171
2024
314
1256
1132
1174
2193
1354
1934
776
2416
374
1938
2268
34
550
2082
1360
1198
558
512
2005
2012
1226
2232
2346
1834
72
1044
956
1836
2317
206
1930
1124
2826
40
2263
176
2357
924
496
2503
2314
1502
580
2090
2298
862
162
2598
750
2184
764
2388
1710
1978
2486
244
172
2493
480
848
104
500
2346
2386
2482
1719
2052
126
2344
2511
2601
354
572
2290
454
1902
2696
1618
142
2074
782
486
1142
1084
2156
2147
1927
738
2268
466
2034
232
276
786
356
1496
3108
750
146
1538
1242
2344
254
2173
136
318
1430
88
2200
2304
2423
1152
1686
1509
546
2334
1294
1804
260
712
2247
2230
2657
2714
2427
1840
2427
1166
342
1516
2407
1692
1028
710
2599
2251
1214
566
88
2544
530
1951
1566
478
1446
2616
2495
1462
2250
242
674
1026
582
2200
1354
1821
638
430
168
1386
2038
884
2246
1072
506
2382
2326
1320
1502
524
2149
2246
2257
308
1416
1710
2116
2134
72
1000
1164
2555
2138
50
2126
324
2294
1761
1924
2535
2288
574
2449
2374
408
26
106
2702
2235
164
2534
1094
1256
2054
548
1350
850
864
2262
2378
2843
800
1642
352
532
924
1954
1860
472
1394
434
158
694
2483
1360
1410
710
2244
2061
2350
538
2239
2016
216
2457
1919
1708
1968
626
190
704
2387
818
2264
94
886
2157
1598
2538
242
2350
2011
2612
798
2118
1092
46
272
2450
2310
26
1140
390
1712
1880
2069
2089
500
1042
446
256
186
1422
2290
138
2373
2026
2530
1765
634
372
746
154
840
668
8
1568
694
1386
776
1108
172
1322
1926
2508
2191
532
90
2138
2294
2245
316
2486
1996
1888
1016
1562
386
2024
2676
1252
418
1906
1618
502
1434
2325
416
2451
2320
2035
1080
56
214
24
628
270
2078
944
2693
2827
2683
1164
1490
1955
416
1917
2006
2440
1760
30
2626
1272
896
1214
1854
50
1230
254
2476
1430
1148
1744
1594
240
2391
2150
2257
938
2146
352
2628
1146
948
2337
754
1692
2296
2575
918
232
2020
2572
2732
2386
2221
2055
2394
2457
352
112
2006
572
1802
2429
156
2324
650
30
1926
436
44
210
1258
186
2282
1909
2403
42
2328
160
2287
2101
436
186
528
2364
454
1114
1889
2247
2345
2798
1984
1661
2321
2364
226
548
926
2404
274
868
996
1722
40
2366
2591
2137
2168
784
2192
1963
452
2452
2331
726
592
720
2450
152
1856
494
2186
680
2138
1958
1200
646
254
2411
2395
1114
2486
1152
794
2257
1980
46
2375
1344
756
1886
190
560
864
2131
600
2297
1790
1074
1858
248
296
868
748
472
150
2508
1943
44
482
356
1198
238
2477
1274
502
2292
2453
1854
2103
1965
672
1660
616
1048
112
2
2368
2218
220
1382
1338
500
842
108
1166
302
794
1290
988
130
886
2411
2423
1736
1266
402
2220
2209
158
1758
2188
596
2408
1990
2442
2125
1710
1040
1792
2268
1190
1822
1086
2208
2202
642
2230
2232
1346
272
2084
386
2431
2000
2457
2227
1422
2262
730
1390
2435
2073
2515
474
1032
618
206
780
118
1412
2136
664
252
1997
2466
1164
2589
692
2244
420
1690
114
2198
2269
2148
852
2606
692
2573
1572
610
2117
566
12
1758
2216
2203
1724
806
1941
1362
1974
360
476
702
172
408
1220
1238
2510
2049
856
926
366
1530
748
2344
488
576
716
2442
2607
906
2388
2402
174
2438
2476
496
2249
488
2480
424
284
1140
72
390
2226
542
528
1818
1266
930
400
2346
862
1520
436
2333
2068
1456
2522
552
1656
58
1182
2154
70
2171
1022
70
1818
1804
694
1086
632
1956
2322
2066
1706
1746
300
860
2674
2343
1984
2459
2565
2539
2001
70
1016
668
1030
1506
648
136
2129
2747
2088
2534
954
1088
2218
478
300
48
2226
2471
510
2200
2842
1750
1494
2175
2354
2065
350
1460
512
612
268
886
1710
2729
2235
454
2126
1456
1502
2488
2045
2284
142
2676
1999
1242
486
1262
2617
2194
1700
1776
624
6
736
2070
78
350
42
2259
2268
734
1788
2334
772
2107
2004
2412
560
2519
2235
496
2087
1310
776
766
818
2275
2136
710
2452
752
2086
1566
500
186
768
2128
1962
2310
1130
2292
2267
2508
64
1866
534
82
1372
764
1954
90
738
2406
1226
1400
2464
2644
1270
2058
552
1050
2052
1788
2381
2228
1244
2731
1304
1200
2455
2209
2236
526
1282
2346
2393
1989
82
2380
2342
802
16
640
2303
2084
576
74
1300
46
2000
934
764
1480
228
762
1856
2997
256
782
2254
402
2120
980
2311
2458
410
910
700
82
360
924
1334
248
526
1886
874
2210
700
1386
2164
1222
2656
1272
2436
2566
438
1855
1774
790
774
302
2211
2542
1959
1799
410
1066
2040
972
262
2059
2445
1188
2298
498
2309
300
634
2407
1218
1716
682
2499
2521
1150
924
894
830
1230
1120
2032
368
1542
1766
568
494
1500
2208
2226
348
2054
2629
184
1254
424
1198
2719
1740
710
1920
370
514
2731
878
36
472
772
936
180
1856
2068
1446
2195
928
2893
1282
2276
220
254
1950
574
350
2075
354
396
2612
200
2307
2454
1346
1466
2488
2007
24
72
2322
2030
2503
1278
2653
2157
2168
2363
2248
220
2248
1048
264
1034
304
1978
2346
60
564
810
2094
1984
686
806
2403
654
28
956
1646
1640
176
24
2006
190
2130
260
198
1208
616
324
996
1328
1148
540
326
2359
968
274
1612
2018
1324
68
2188
1967
850
994
660
400
2735
2477
48
2332
150
2592
2267
186
2544
1598
162
566
2532
598
28
2670
2134
2185
1284
768
560
2075
2634
2325
2393
2452
760
944
370
2137
236
734
752
2612
674
2310
822
1538
834
2326
70
370
402
1302
1418
420
516
2414
244
580
932
2350
562
702
2284
2283
2760
484
658
670
2418
2543
1226
2056
1624
270
1626
482
2652
504
934
1680
2254
1146
2591
2139
1795
1552
2311
1818
2422
472
1010
868
382
338
2058
548
80
1864
148
2074
2368
244
752
2826
2116
1560
1388
624
770
2860
1102
678
1104
1917
998
2323
80
1750
344
2151
382
636
2179
294
2314
824
2144
888
1568
500
1921
1708
650
946
790
452
1682
2413
96
2200
486
62
2108
2351
2583
314
1136
58
1612
2066
690
490
2096
330
1322
1198
1318
2355
2657
2166
644
170
2574
794
478
2387
2084
1792
312
1052
1512
2038
2564
744
818
1734
1876
2526
924
2392
36
1386
2029
2201
1834
2280
2466
2260
804
1486
1622
2600
436
2666
304
2391
1844
452
1150
2617
332
1762
2414
628
650
1568
2098
270
1954
1964
2531
598
162
866
540
2327
1476
814
252
1124
712
86
1980
2058
2680
2301
472
46
2010
424
1628
188
192
2024
1932
556
626
2388
1264
2340
234
110
2186
2220
596
2196
92
1853
392
674
2316
1312
1973
2679
2230
408
2665
754
488
452
524
1914
576
1316
788
478
982
344
1450
2536
2317
1352
2393
746
2068
1302
2318
1742
102
2315
392
2308
940
662
2254
2077
2648
1462
934
2560
628
116
774
2178
738
1954
1432
2029
1938
2414
494
2036
1416
552
578
2197
2158
2282
2571
776
1030
1288
86
502
2022
1784
146
1254
2005
2243
2294
184
396
2233
1646
408
1116
2353
1014
1136
472
156
2342
294
1178
602
1974
2692
2597
1516
1997
2046
2657
732
1270
268
2106
2091
432
642
2055
2328
2030
2388
1216
2573
508
820
2126
10
572
1774
2483
942
2217
2060
1908
1540
422
110
368
1188
2216
574
256
154
2583
884
1510
2394
2292
1914
1516
2322
366
912
330
700
2839
362
2425
2463
370
1372
1156
1104
1468
1912
2186
100
1368
2426
2053
2076
34
372
736
584
2302
2213
64
2348
180
2517
902
2259
1770
816
1846
278
446
2473
878
2523
12
2677
1864
1064
602
1888
206
2010
838
1584
1088
1172
570
2164
2346
2332
1154
32
1400
576
1866
2351
2212
720
2352
2317
2508
2012
2127
1212
34
938
360
2423
634
1568
2463
2144
900
2004
596
1994
1060
2481
978
2207
670
3958
2103
1982
448
2403
1626
2280
2042
964
698
188
1226
1772
586
2450
1710
774
1690
222
1168
2170
262
84
2631
2415
478
738
1930
400
276
1658
1070
2064
1870
2297
936
318
