2679
860
434
2585
1644
1978
312
1474
2160
2151
1546
532
2538
1154
450
1774
114
1822
1034
2201
2486
108
942
526
884
2066
980
2307
52
2035
1088
2244
2335
14
740
984
2331
2079
1478
970
840
1628
2127
1940
430
2202
1050
2392
870
626
208
988
2336
1726
184
500
2546
1854
234
228
154
1504
358
232
1094
1721
652
796
1148
534
1250
2154
3324
2295
2183
2148
2184
1524
1880
2559
1906
1010
2132
466
792
710
252
1134
460
364
374
1484
1500
2589
202
1028
2370
2018
258
1382
2086
1036
888
922
144
780
266
432
1316
2599
66
2108
822
840
1342
348
564
210
2371
1613
636
520
2164
1264
142
2409
2028
992
800
948
1882
92
2110
1576
750
1956
376
2319
1934
2218
1460
372
2426
1356
406
692
218
2519
1863
1016
2733
1014
76
1604
2156
424
1200
212
498
848
290
752
1958
870
2633
2533
302
456
308
892
1460
1070
638
2199
916
1864
2686
2537
484
2156
478
520
48
1458
964
2565
2266
2581
1218
1328
994
2102
1366
2854
680
1900
332
2242
1286
2508
1298
1306
1216
248
66
92
2222
1398
1450
1012
2668
2250
2405
414
2260
1884
52
880
2506
2194
2416
802
798
2174
2270
2622
2184
164
482
1540
1770
582
1782
1638
1410
1766
1562
78
2191
992
90
102
2239
264
1874
1016
2145
104
2373
1248
2626
2503
1332
470
490
324
240
988
1932
2442
12
368
602
2208
1772
2348
2614
736
1584
132
1190
2428
886
2318
2029
2376
2068
714
1490
1943
2111
2210
1320
2222
1534
960
2232
2516
2665
1314
38
2583
1899
1838
874
212
1952
1936
370
1158
2555
1216
2347
646
2101
1232
2011
1832
408
558
490
1919
2631
92
898
996
2462
2524
1336
370
794
960
342
52
714
616
2407
2244
2726
1924
2294
1268
1432
1366
1350
2448
1044
1318
2211
2130
364
2298
356
490
1666
1794
2555
572
2166
168
280
1946
326
2010
2180
1526
2271
2336
2017
2243
432
120
1322
2360
1852
36
618
822
2410
1426
66
416
2052
260
2162
950
1472
1844
2511
1046
2580
2062
834
340
56
182
2745
2376
2365
2472
1858
812
246
1090
1693
152
1360
940
1742
2741
908
2476
2118
2032
656
2316
1967
182
1218
2460
840
2218
250
1690
2316
2025
1306
2302
530
1060
2176
2187
908
264
2152
2526
570
238
2393
2228
1272
594
1206
2114
2332
340
2438
82
102
2393
2205
334
174
2342
466
2316
1662
1770
174
78
2058
332
140
888
1134
2427
2117
2024
352
652
2550
830
2421
1986
540
524
2142
2388
2138
498
212
2096
804
120
1492
2450
2372
782
684
2150
1246
1888
2076
1282
2164
2347
898
342
906
1966
2407
240
2695
2146
2425
78
1148
2364
2496
530
2290
2302
918
1074
564
1732
512
2451
136
2589
1164
1718
2626
786
228
58
1052
674
2582
1902
410
2503
2238
952
2297
2400
2082
1845
1602
2221
2420
754
1836
2085
2370
1608
2338
2569
582
1736
2799
2319
362
1440
820
516
206
184
2035
2333
1901
1905
230
1028
1056
114
1786
2092
70
2266
180
2175
2306
616
1464
256
94
1444
1594
570
644
700
658
578
556
334
142
178
600
40
828
1244
14
26
796
28
1026
320
2214
1682
462
1130
200
248
1136
384
30
2148
2428
1755
110
1556
626
410
2220
1300
536
2391
972
270
2277
620
2186
390
978
710
2499
978
2290
730
1980
2395
1942
1406
1754
1770
310
1872
2559
1422
534
588
870
94
1168
1608
2122
2044
314
1494
552
3073
2575
778
2313
390
612
96
2499
832
1722
486
592
1860
2361
72
2266
114
836
2281
846
168
1362
48
2326
2083
1150
2314
42
364
2510
2230
438
928
1180
2006
96
1110
1414
232
186
1426
1052
1318
62
1918
582
2174
1498
2206
1870
1672
1482
2347
2236
2299
2106
494
24
2550
2441
22
2745
2376
2239
42
2344
2226
2689
2266
1202
1312
1562
2355
812
254
124
2069
1428
1248
90
742
1860
2453
1582
2127
1660
2072
1280
390
2000
2156
484
2114
2107
62
170
2077
1368
1474
778
2307
762
984
746
1402
500
312
1572
2562
404
318
2459
2411
192
360
1370
2554
2463
536
1424
2279
790
2216
2217
2282
1756
1054
1654
2193
210
930
128
2376
264
2535
1316
2348
164
184
2024
592
2268
2280
790
2068
570
42
2356
870
1142
1036
1784
2086
1524
22
2378
1028
708
542
420
2123
192
2222
956
2248
40
918
120
718
770
880
198
314
2226
2521
664
2229
1090
264
384
874
104
1232
348
1746
1348
138
616
1322
558
2651
568
2394
1970
60
194
54
664
2440
1832
414
1140
758
1300
1334
1818
1658
1606
1670
2310
1340
848
2076
68
1610
38
82
2120
276
2661
2265
2184
2574
2038
1132
1322
1642
2294
2204
1902
580
384
2300
222
2509
2006
2478
494
64
2042
474
2050
1598
2026
2000
2158
36
34
664
2019
2562
1176
988
2362
2264
1626
2284
716
702
374
1056
2300
2287
2423
2683
2316
12
2144
2122
2237
44
2350
2012
2469
456
2186
2454
34
1296
540
1284
1716
1524
652
2038
338
1914
2014
2186
1560
864
1134
2625
2118
214
2390
2534
2338
1186
2344
1738
1340
654
2785
2189
2112
450
156
2279
2142
1530
644
1814
2291
2706
1226
1490
2100
2375
584
160
2351
528
220
1966
1254
1206
2364
1184
338
1960
1280
1941
2186
582
1850
2448
116
664
2376
2496
1580
2028
464
42
1296
804
2356
2309
1236
2146
1638
1940
1666
1196
1180
616
2501
28
1108
150
2358
1974
1132
2431
1798
1328
2042
562
2186
2317
734
2374
600
1130
826
440
1226
2445
744
588
1512
1674
1110
1314
1933
214
190
1862
1378
2402
1784
392
2493
196
1981
1026
1803
598
1046
280
762
736
26
1552
1134
770
676
1372
2341
276
176
2043
2730
2345
124
694
2036
2271
1256
2143
2628
858
2193
1958
610
2187
460
1692
2607
210
456
1986
550
504
952
2508
1948
424
1728
2370
158
318
82
2204
736
1044
448
2382
2126
90
1566
408
348
380
124
208
2266
2098
134
2070
2574
1664
98
2067
768
420
2581
1042
2514
2113
1692
558
1288
2208
490
2322
2064
2042
2621
266
266
314
90
920
1400
2136
102
2536
376
1054
1966
270
2389
586
542
384
336
264
1012
1048
2253
2532
42
1988
388
382
2649
54
2620
170
2024
2730
1784
904
2308
2518
126
806
950
2427
284
2416
2308
1538
2392
482
1775
2272
2486
952
1348
2424
1180
854
2309
1192
316
352
2567
2199
316
1324
2268
2258
232
2068
290
2629
352
870
1982
2508
592
66
1650
2068
1846
276
348
2727
1965
558
2379
1626
846
538
148
1886
1923
2763
2577
436
2064
2605
1744
2282
2069
670
276
1428
2338
2409
2291
790
306
2165
594
2490
1862
114
276
1628
88
2385
804
1262
476
410
1310
2334
2276
2467
354
2452
1574
530
2140
336
1673
542
980
1502
1891
2018
58
2038
1842
442
2522
1138
2319
920
2635
2437
462
1438
1750
1228
1218
2151
1288
1674
1208
2325
378
1414
432
1088
880
1778
1776
1668
2389
428
2554
136
134
1994
1666
1718
2627
1614
162
134
198
374
1300
2273
14
2016
1672
192
132
874
2025
1962
882
2658
2102
50
2038
1878
1360
2712
1066
812
1140
64
946
582
62
12
1973
2510
84
126
708
1760
222
2186
2737
1996
1090
902
540
246
2581
2070
1224
2114
754
876
180
2268
496
404
2240
1108
2248
2346
1902
1843
1052
1092
2482
464
344
118
1888
1034
1324
2362
2042
134
1870
508
650
1438
1792
440
2289
1936
310
84
1104
46
802
2013
2171
974
204
858
2213
1963
478
982
176
2043
1430
1390
1966
4
964
1004
710
2440
210
604
2497
1348
2215
22
1858
572
308
534
1596
10
1929
596
42
528
386
754
514
26
914
180
84
2651
202
798
448
1434
498
1348
3123
1902
1785
2028
2503
514
374
1246
2458
1068
1472
824
656
1092
2654
74
2249
436
1006
390
84
444
2648
2640
2335
762
782
106
492
1254
310
902
1314
216
1032
866
2449
1610
682
2014
258
58
1862
148
1274
328
918
666
584
24
1422
970
146
2670
724
1888
1066
2189
672
2296
2054
1576
1412
2465
444
2399
2225
2122
336
2382
1985
2354
2440
764
260
2414
714
2549
428
2260
1528
1304
2575
844
2183
104
2761
1542
946
640
2158
66
2582
320
1832
1148
1032
286
826
2231
360
76
2198
516
1406
890
1168
326
2126
2341
2
754
740
2457
606
2081
2264
204
2024
1088
302
78
784
2232
2226
1708
2088
658
554
708
1897
18
166
2318
2633
784
36
1032
1952
1366
1762
1414
192
2606
1388
724
1122
2332
2447
1154
2252
2251
1126
2347
2535
598
1994
1692
2519
632
12
2142
910
2005
316
1838
1296
2091
2102
2096
2259
2249
2243
296
1298
1360
2498
800
434
912
16
1860
694
1986
2073
1456
1522
930
2576
1802
420
1820
2524
120
2371
954
534
20
1304
1148
2476
1134
2631
218
1070
28
2284
160
1248
1622
572
224
1426
880
398
256
1544
2282
2124
448
1336
1972
2054
876
2515
420
36
74
846
96
2466
1026
222
2051
664
2577
1508
300
2336
544
2260
2012
336
1804
2262
1847
762
2428
792
20
14
1110
142
2481
222
1666
2064
1370
126
398
512
112
488
14
2021
1672
974
2270
1736
2625
1262
1004
1206
78
2632
946
2211
1422
228
1748
230
1678
2076
1134
2466
2142
466
270
1690
16
68
2492
2053
82
1078
2016
2163
1020
1028
924
244
1672
18
324
2034
422
1510
658
1922
1428
2090
116
2382
1864
896
2618
780
818
1598
2507
2007
2266
716
1988
2423
326
154
562
1432
936
176
2186
126
182
1472
2448
1920
2246
1192
718
1996
2243
298
14
20
40
966
2059
2198
258
8
1384
500
2726
224
504
2334
570
544
136
82
250
874
2179
1562
170
142
1594
1392
2496
790
860
1953
1796
1260
1535
2195
1950
1372
350
1836
1456
2246
2429
636
1986
786
2552
2357
478
32
1448
1982
682
196
232
1184
2052
1936
410
1288
216
2082
2105
636
1490
574
1712
1544
1554
2647
436
2229
632
476
364
1192
758
800
1867
1842
1276
1910
936
42
1206
2676
1744
406
1984
1290
694
1956
2237
2267
98
1284
84
2282
2091
2375
1896
1490
2364
596
350
990
1616
2466
94
2124
514
356
2222
1068
628
2352
106
796
2530
616
620
1504
1092
2060
2482
876
1618
2520
394
336
1992
1568
696
218
2289
1200
2619
1106
2051
1706
236
2530
2382
258
1526
672
924
1808
38
1426
2526
1992
1388
2298
1632
820
404
2409
2238
2161
448
78
8
494
2096
210
934
2038
2468
2350
1899
596
260
2260
2493
2428
2486
2394
1284
140
2214
1780
522
2137
474
2053
2125
364
958
920
148
2473
142
1806
924
746
1692
2381
2298
1486
666
1362
938
1870
2272
2021
2232
118
2171
2553
698
1540
894
592
1194
1776
406
1666
1934
400
2372
1988
2467
1200
1962
2490
2125
1288
552
908
442
2206
2250
1940
238
1284
1574
1829
2610
1376
746
366
2284
2169
1020
928
1060
458
1532
2317
816
756
414
1770
2645
2306
764
782
70
874
1334
1744
742
2445
2419
1952
2160
1620
2096
2144
424
2304
654
2250
2013
630
2344
1988
394
2234
216
250
174
2439
2108
1792
376
2085
1686
1154
1412
458
1210
638
128
2573
2168
676
1390
108
384
1818
2139
694
784
1940
2209
236
108
1818
314
2351
364
286
242
454
214
22
874
716
942
2258
180
2068
1522
416
1382
1868
2390
2358
2164
1821
2244
1616
134
666
940
2245
1692
222
878
2000
568
398
902
676
2465
412
788
834
498
430
872
2401
2112
2362
1662
832
2567
2093
1336
370
1534
82
1838
842
2332
2163
2559
2301
870
2547
1048
2370
2224
940
1388
2626
2376
2712
1960
1054
2474
2401
778
2443
1196
2605
1898
2135
92
2160
416
2162
2284
2483
490
2561
2275
2618
1820
492
540
2190
292
2004
214
2183
774
1192
480
2354
624
490
2060
2516
1892
120
162
2547
2520
2240
710
1306
2556
84
818
2457
386
698
2062
2307
1204
1894
372
1938
234
1924
336
2145
1388
678
2289
1114
430
244
2175
1072
1758
1746
450
2210
2637
56
1626
100
2193
1530
78
772
420
206
1246
1342
2963
294
1076
1032
854
2637
1236
1719
132
938
2297
2510
2440
362
2255
430
2616
1554
324
2157
390
2092
1750
904
1218
1012
2256
2543
2320
1562
1260
2436
978
428
1732
1042
128
2080
382
2152
2139
836
2050
112
642
138
1776
986
2664
334
2002
142
1585
744
142
52
826
1044
2873
2374
1522
562
968
128
1342
1910
2092
1050
2130
2060
2375
2483
1886
4
2000
2150
892
2644
2583
1822
186
82
2523
2480
2259
2543
722
540
1656
430
2131
936
2368
1102
2256
2623
2063
758
2098
1783
246
2234
2493
1558
406
594
2321
894
816
126
1236
2074
336
54
1008
222
252
2159
2333
1226
1706
158
996
1933
1508
2065
1020
2291
2056
1975
2458
326
1006
292
638
2487
2381
2047
116
1502
2449
2293
2675
2052
732
498
688
1558
1758
1158
494
1696
1710
2646
2382
2022
918
2177
482
362
866
1714
446
450
518
1020
1816
1460
668
2234
1346
168
1530
1094
1718
912
152
294
794
2177
1272
1900
2456
1322
1010
1420
2551
1060
2412
814
1180
2118
2103
1938
260
2337
2505
518
1700
20
1492
2367
882
680
1678
2512
126
2390
308
2184
428
2311
1506
1750
2101
176
2083
2421
980
596
1898
2412
762
2764
2658
100
1378
384
2557
1974
1723
1144
140
604
546
26
2124
2569
1050
2687
1140
2479
2684
1556
2207
952
2219
1084
134
772
2365
1196
704
1862
708
2022
602
1108
896
886
1112
1604
878
658
2427
590
1488
664
2042
612
1798
1496
184
1012
200
1206
1270
1924
1216
560
492
2043
730
1800
1818
1670
1486
38
376
114
2115
2273
2026
1753
1198
502
1130
1234
778
2328
712
152
2359
6
2060
838
2351
566
524
2094
2304
2441
2675
1832
2086
502
2134
2212
1098
472
1208
1976
142
2458
1979
1198
1606
122
646
2298
1936
2611
766
2012
1406
278
166
244
2138
2620
1818
1080
2264
1767
2378
2071
184
510
564
1318
2543
790
1726
986
2346
602
1206
2411
2236
740
2301
1422
506
408
614
2449
1752
1176
2170
636
710
476
808
2054
2316
2127
24
316
2299
2502
2122
2536
1092
1964
1038
410
2380
754
2252
1844
724
1240
2355
580
944
2312
2748
384
2506
2174
1314
1750
364
1988
394
1528
1202
2
580
2130
1900
2555
2526
2520
2054
2104
738
216
1402
1502
2171
622
2036
82
1118
2484
656
1914
2484
46
754
1422
840
2289
600
2541
1288
1970
840
386
1580
1932
1580
1030
2539
392
1884
506
1084
2447
2193
1832
968
1026
1992
1298
142
2579
2269
1290
52
28
2394
8
2248
1368
2014
886
1444
2296
452
2182
78
38
2002
1860
258
152
412
1080
1446
1448
830
1981
894
2335
2202
1930
600
904
1932
2436
2488
2653
810
1010
854
602
2251
2532
814
2343
544
526
1298
454
2033
2310
1578
1534
912
2367
1958
330
2198
2532
2057
476
2523
94
1997
1202
2323
1044
2032
36
422
198
2508
256
2060
2523
2087
638
1914
2260
1118
454
58
526
1962
2237
2146
388
1004
1378
220
2060
1790
1258
928
760
204
38
484
1042
1020
2473
2338
2178
272
2258
2169
454
1762
2283
224
2325
2250
1176
2236
276
688
2131
290
2202
1758
2326
226
2426
2730
2206
40
2299
58
2340
2382
2012
1921
2336
930
2290
2442
4
1738
1750
2313
2206
178
2239
420
262
178
2428
2146
758
80
432
820
620
1626
858
2370
1834
2474
2315
74
460
1192
642
2565
1910
2311
1928
418
1998
586
2198
1488
216
2256
1316
1324
1480
818
2256
2542
360
2720
928
4
2567
760
2235
1893
396
2238
2270
2411
1608
1504
264
2414
1190
1556
1242
190
1510
2425
364
1134
570
1478
2508
1648
2298
2414
124
2248
1020
794
228
1144
542
2538
814
2203
876
2735
2308
1072
2201
1254
1342
2834
2317
36
1296
472
222
396
2226
1044
550
924
254
1302
2082
2319
950
2528
724
276
2406
2036
592
680
2524
2350
624
2474
406
1700
2176
1690
770
1928
1674
2051
2267
2114
990
1162
1854
442
2278
1124
110
2154
2064
2594
296
2257
826
632
124
2695
2260
58
534
1526
108
1690
2208
282
1979
558
2414
2401
796
338
710
154
2534
2302
2514
428
476
2418
282
2501
750
576
2198
2237
2017
1956
1320
1306
778
530
1466
2424
186
636
138
628
456
1250
512
2224
700
2094
2214
588
1152
2744
894
262
2575
1878
1100
978
2491
216
2002
2450
160
1168
862
2412
2406
1102
124
938
2298
50
382
2591
2209
1548
2096
2230
40
1260
960
478
1210
2373
184
26
1188
602
1288
232
764
2688
1720
1240
2260
1860
256
1450
2640
34
1298
746
1012
2538
1562
1390
2308
670
2020
1074
2062
690
1130
184
1838
1712
228
1785
2367
868
1886
1866
684
2050
1560
570
1480
2290
386
450
2414
2393
792
1154
786
1020
1542
2288
2244
2096
198
198
660
880
1434
880
2084
1544
146
1326
2340
1672
1933
742
2363
2954
144
2107
526
1612
662
664
704
2389
512
896
258
2097
830
720
1618
1396
1046
2020
1544
2570
68
786
2328
2237
2386
1114
1116
792
2124
1602
76
324
2478
1204
1120
82
2106
2398
2144
2066
2442
1684
1384
2078
276
1484
146
728
906
1072
394
2200
2060
224
2312
1370
164
2114
874
2498
592
2059
2192
2352
1510
1722
176
2048
862
2077
2870
2501
1242
2348
544
52
108
1350
2181
1838
2134
2054
74
96
500
2602
2204
22
18
1540
2228
352
1278
1954
2338
1856
618
1426
598
394
2103
1850
1570
1604
2034
1700
468
2256
2280
942
752
748
2188
1024
930
1322
1568
1816
904
408
2282
1648
2521
2303
2496
472
570
2111
1140
2529
848
1724
164
2084
728
2202
1134
258
342
608
2493
1040
2128
830
670
1042
78
168
1928
1710
1944
724
1272
2499
758
1018
926
2248
1660
2210
2713
754
1954
1150
788
252
2392
1260
268
480
1676
1320
2270
586
1606
2447
1108
786
82
1907
2192
1714
172
2471
1915
2020
2235
154
1584
882
474
2415
1192
1914
402
1200
686
2261
1822
842
1472
432
2467
1186
1876
1710
1112
1738
1316
590
270
518
1220
2026
488
730
324
2137
1546
2119
2459
2233
1400
2594
2408
110
698
1600
1202
2433
2044
608
2532
748
2150
152
2598
1642
208
2067
792
2577
2060
2366
2366
1292
676
1960
2396
2480
494
10
902
1348
1082
286
1898
2058
1434
1806
2370
32
996
2640
1910
116
880
14
332
1602
2235
1022
638
2375
1380
2136
278
2112
2506
1776
796
2446
2191
1006
566
2026
348
1978
1082
978
598
370
2376
304
980
2132
578
2156
2414
2557
2081
84
2410
556
854
1358
2451
1821
2518
2568
1668
2786
2373
138
336
2401
1936
2230
2022
2249
480
70
342
460
272
2827
296
1504
898
1684
1906
1358
2532
2053
96
428
582
1886
1380
1484
862
808
1014
2088
2437
1500
1490
2036
2455
1302
478
2214
1940
342
976
1768
1202
1776
1194
2202
22
1130
1884
304
1180
252
618
1696
100
422
438
804
912
544
462
652
2266
2572
842
2350
2509
2150
1507
2408
2268
838
2115
1038
766
2323
1904
1428
970
1856
2553
2150
568
538
2399
1724
2207
2188
526
702
158
348
2229
2159
1266
1306
2322
1202
702
192
2271
2421
252
168
1242
726
110
2446
1947
2430
2426
456
76
1300
204
564
20
1016
782
2141
2239
2495
378
1614
2118
110
1816
236
1774
2080
2164
156
2380
24
1118
2492
548
482
934
1072
1198
1688
1418
1826
388
1036
1444
612
216
200
692
1204
2000
1414
734
456
16
146
1220
848
2257
640
1990
924
920
476
804
1136
382
162
1128
202
1448
20
2420
528
2276
1766
718
1208
626
516
2372
1488
1222
1866
1332
510
42
76
2289
1480
502
772
1931
1644
944
2426
2542
2168
2446
304
1408
2440
822
778
448
72
2230
1352
2044
2448
1472
1222
966
130
120
2594
1184
1496
2084
2102
1604
1162
1426
960
2626
1978
28
1638
334
2158
538
1592
2125
2478
2024
1226
1958
1194
436
1893
300
2479
498
2552
824
1590
562
2169
100
676
2070
316
1462
1210
1256
2122
618
2046
1684
48
970
920
2061
66
2432
2504
2283
1926
40
38
1678
850
1280
186
2501
72
2567
700
558
1002
1000
478
418
1600
2020
2096
2045
1510
956
200
1764
298
796
286
22
1200
1934
1482
2555
2149
2011
826
108
1842
1940
562
2357
1604
1078
1248
1540
616
1200
892
2084
244
2212
2547
924
2483
1214
854
448
1574
2503
562
2306
2377
1286
2227
2685
934
1090
1742
98
520
1402
2207
684
2393
2302
2339
866
908
62
1516
1238
620
1358
50
322
2315
2306
2335
2513
456
392
434
1376
2360
1286
802
2701
2300
2106
1092
548
2028
2512
1356
2615
272
76
2264
12
812
1540
1957
2384
340
2116
2505
2780
2347
2132
420
180
2773
2435
2177
632
796
2106
294
1460
2304
1612
1486
2181
2310
2039
608
2369
1524
1098
274
2197
154
1666
1066
1726
2110
364
982
1512
554
2015
1188
232
2555
284
732
484
980
66
1862
206
344
34
2237
488
1953
2621
1894
160
420
2216
2644
186
806
1584
1486
892
1862
2533
2342
2177
890
206
2241
1704
1520
2337
2068
46
1542
2063
174
198
448
1340
1987
1220
3123
326
746
1146
2237
2164
2480
234
2567
236
1832
332
1370
2421
1226
190
154
1066
776
2232
2263
2133
506
1168
2665
1462
528
764
1234
990
2526
342
1460
2226
1831
2664
2570
586
174
2312
408
870
1538
46
124
1140
2015
646
1724
1210
556
970
848
1686
2222
526
1931
2110
1264
1864
2092
136
1930
172
556
558
286
828
2191
1350
916
2255
1656
1632
944
1430
636
2531
2429
2354
2231
962
1554
506
1938
2532
1582
2324
1454
2416
514
402
2190
2071
2781
2520
658
516
254
1644
2317
2424
2222
902
460
424
2587
118
2304
1076
2447
912
886
360
504
1866
66
946
2362
2198
2489
1892
168
412
2079
2198
748
554
2304
664
2042
1516
2487
2498
1640
2366
994
2244
484
2553
1118
410
336
2036
2274
294
882
2454
1036
2258
2449
690
916
124
2292
690
2443
2144
2242
2678
1792
12
128
1988
2154
1056
2512
278
420
892
1414
1906
774
406
838
1458
2213
1270
140
2480
882
2444
780
2146
1770
354
1510
2006
366
1328
2070
748
2084
2287
228
1240
590
134
2578
2068
1208
1316
204
232
236
1312
2420
104
172
128
1919
1120
2330
962
1384
2213
2683
2652
660
246
796
870
408
1746
2424
906
2424
472
1767
1282
904
2152
366
2080
714
758
1792
342
1460
1676
1094
128
2281
2090
84
2024
2121
420
1314
1262
1518
2527
1935
28
880
2
1444
1916
2362
502
852
234
2268
1900
868
268
554
78
2128
2159
2110
2576
1840
2536
1822
1392
112
2805
284
222
1944
86
686
176
68
2296
1681
204
1574
2392
2829
1162
2508
2117
2212
1444
552
2165
2312
270
738
566
2355
98
1066
2210
1934
1304
216
2222
890
220
2614
2381
346
1230
996
2255
1774
18
912
118
2280
982
568
2294
74
904
1246
2269
1918
1784
1990
990
2174
1937
906
746
1138
1596
964
2399
728
102
894
2086
612
224
2592
1526
1342
2442
1579
2273
2275
2544
2334
570
1328
2570
222
1074
1056
2347
1606
1939
1662
532
2546
2108
2140
996
1236
68
346
146
922
830
1516
832
2057
18
66
170
2215
2671
2275
2038
388
136
910
2022
598
762
2191
2110
1432
2517
428
252
2129
2073
246
324
1240
642
1160
2834
1104
1268
1932
2786
2206
2238
1890
2219
2471
2184
168
432
1316
464
1002
720
2786
10
92
2047
328
42
1898
1170
1684
2372
2790
22
110
782
666
2178
640
1924
368
1200
780
1300
1098
994
450
2266
1822
886
1486
2248
1802
1460
2395
2420
1796
822
240
150
104
2239
332
2282
2228
792
2186
1148
2445
918
640
2428
1260
1914
846
90
2317
66
1264
1474
102
1592
1412
2689
642
2119
2271
2387
2339
64
2593
1594
2238
2609
414
2127
2355
1408
626
2496
188
2330
2261
176
720
1650
2504
410
2303
58
2190
1050
158
1068
512
2130
1590
170
1170
1948
822
1782
1280
2291
2062
1716
678
2277
392
1930
2014
2615
454
2535
2308
1068
1466
2121
1230
2228
564
1678
1895
712
558
786
410
1480
652
2296
906
2498
674
1827
2369
2048
2440
154
1963
858
2372
1634
2292
3372
908
734
944
2073
1734
2361
1478
748
1422
1018
2396
1706
1230
794
1690
724
490
404
930
918
1738
476
760
1234
134
2414
1954
888
1310
22
2432
114
2493
642
270
500
140
1162
2348
2427
1118
1372
2406
2267
1528
886
1896
20
412
92
386
1318
994
1844
410
586
666
2135
1852
2406
994
528
2496
2424
394
90
1875
104
740
814
338
638
2159
1740
104
1871
1230
2325
900
1710
2187
14
1014
1462
676
2094
524
1894
2502
2048
2085
196
1989
638
1624
216
2962
1806
24
1792
562
1278
782
2318
2446
1136
468
2702
330
62
156
2463
1836
2214
1762
430
584
1658
328
2438
2587
2671
2037
80
174
2048
512
338
430
2028
308
1801
658
118
1818
718
1456
2334
2038
2141
2239
2586
1854
2080
2049
1136
2329
1738
406
720
2544
1436
2306
2393
600
384
2416
266
2304
180
2266
2677
2227
702
2482
2393
2062
264
626
2357
2060
478
2102
2682
350
136
126
2398
820
2280
468
1736
2587
164
2302
2439
2273
1366
1348
1300
2371
2571
1138
2498
2014
2362
614
2698
2169
2258
1981
456
782
1404
42
1260
602
334
1093
2487
508
1148
280
2171
2148
156
1338
2181
152
1310
2438
2111
2145
920
188
1968
1362
2322
646
952
254
2409
2467
92
1388
446
2555
1514
1136
510
2506
2651
1886
600
2228
2080
2399
1893
198
2279
2183
272
704
206
392
934
1970
914
434
1986
828
2028
2035
1228
566
1130
542
1372
1162
1122
2220
52
34
800
986
2706
2795
1370
1704
1686
1108
2506
2160
2373
2484
68
584
2339
328
762
1819
562
1472
2246
2433
2011
2191
2368
1266
2565
2416
130
126
1136
1902
1548
752
2399
1736
446
904
2171
652
1308
1340
1976
2141
2335
1738
94
2117
1925
2407
1652
360
922
2367
238
2182
488
1056
466
1456
2435
2201
2548
482
84
488
1894
1156
2473
2110
2691
1880
2292
2654
1814
1522
2538
636
320
2413
914
2411
1726
518
2495
2239
2147
2576
438
210
520
268
722
2436
2463
676
818
2058
1228
1466
1876
2076
2375
2302
1304
828
2268
1942
1052
662
300
1962
574
272
2134
736
268
60
242
1116
1502
2047
128
2024
268
1504
956
2378
1208
914
330
1968
2351
1284
1542
2190
2551
158
806
1296
178
2009
262
2519
74
926
636
2608
2272
1894
2591
1642
260
542
1708
2474
1108
2563
976
2176
408
600
2792
2279
924
1686
1368
726
2065
2466
2401
32
454
2581
928
1030
1448
1622
2508
2648
2585
450
546
1198
2453
936
384
2298
2332
132
1824
218
908
2334
1784
2238
232
248
490
2115
2074
1995
636
2197
2088
2480
278
358
1494
2706
2146
1098
2036
1124
2315
2507
198
870
336
2459
1867
1976
1030
858
2047
1812
1968
1980
2254
2406
2284
668
2070
2476
2422
712
1360
2074
412
2296
2329
2347
2200
884
676
2075
846
1844
2158
248
2531
2025
2715
380
370
2405
154
636
2521
80
2259
752
650
254
2320
1848
1108
1160
2214
2755
12
2339
898
1006
2593
1152
1130
1080
2426
2586
136
802
2425
548
2511
2164
64
2521
98
20
2284
156
198
2258
1524
244
2212
1498
456
76
2732
1604
816
868
620
664
2560
2107
2218
642
2150
1580
1624
626
1622
1674
606
2298
2395
2289
354
1404
868
1928
938
1146
2175
1292
1864
78
2281
1516
826
894
502
228
1512
2823
2318
2216
1302
1102
814
304
504
760
34
2478
1955
2006
2456
666
3039
110
2156
2473
126
2256
470
1522
298
1992
1146
2186
576
704
1786
2371
2665
1304
358
1618
1764
492
2659
264
2282
2445
1110
646
1230
356
756
2023
2206
684
186
284
1846
280
1772
2568
2426
460
2534
172
2162
120
2270
1128
2470
668
2169
2038
336
502
2326
574
2099
518
2107
1672
6
1188
2386
1821
732
1892
2121
2642
326
898
556
194
590
2288
258
1186
876
2265
670
326
402
954
2762
2343
540
2241
2549
2114
1016
82
2660
1012
990
2266
1062
716
1715
2409
1336
2120
788
588
676
2375
2435
2341
2320
2382
740
530
2351
1760
1032
984
2127
132
2150
2854
140
3510
1398
2486
1961
2272
2042
2388
2051
1450
2290
2033
710
2400
2247
2357
494
1618
84
2186
1240
1064
1426
1226
2021
522
1358
1804
142
554
442
666
2044
2168
230
1819
600
2143
548
666
814
2445
564
1368
1402
2352
2035
864
2603
1736
800
562
1882
520
2214
478
1260
378
1830
28
494
200
1830
978
48
624
2070
1756
2075
2138
1372
2089
600
752
812
2030
934
2572
2496
2543
1338
28
86
1524
462
2353
2254
2178
1883
2528
2202
2324
1682
2395
1908
2376
900
530
1154
1584
2294
318
410
1764
2090
1346
788
1214
154
2673
292
262
2114
884
296
2213
110
1640
414
1802
2341
706
558
1764
428
2573
2339
2226
2537
1248
2277
320
1186
400
1951
1298
2016
2038
1292
476
1949
116
2634
852
1346
138
1184
2084
508
76
1076
90
996
2355
2567
1930
1570
318
352
600
388
804
2396
1100
50
1604
1728
2054
2249
1122
146
2448
292
1938
128
938
646
1316
2536
1012
1902
1282
1450
374
2454
1710
2485
2458
2268
1168
302
580
2078
366
134
1462
2105
956
1174
1054
426
1288
2067
2038
2469
2177
2142
782
462
2298
664
1794
940
1048
2309
308
1620
598
400
1967
1080
2141
54
552
574
922
1336
868
362
678
1056
1905
322
1166
1006
2595
1886
2415
1956
1190
2495
756
700
40
1564
656
2165
896
1488
2343
18
2446
816
2332
642
2367
298
1554
1763
2563
1120
400
2201
2310
1910
824
276
92
2047
2488
1662
1140
916
2243
2288
424
1674
1829
522
358
2314
70
688
2254
572
2202
2307
2047
2512
2490
994
56
2470
2457
2421
1648
1858
2341
2782
2191
1920
210
530
908
248
286
1418
2130
2684
1286
166
1544
656
1746
1434
1084
2331
738
1378
564
322
862
2101
2288
1624
144
2629
1224
1976
802
502
2327
1412
2320
1894
346
158
2566
1294
2308
934
1314
1226
2586
24
2669
2162
2775
1582
2406
284
938
802
358
566
2155
2701
1166
288
622
2645
1908
1985
1300
710
440
1996
1388
464
590
1848
1798
890
872
926
1804
1700
1050
954
1174
362
884
134
782
44
2434
2553
1142
2345
956
1196
1334
2196
2437
2660
1768
10
1796
560
1196
626
2024
178
2510
2096
676
220
730
562
690
2262
2302
1086
2277
452
268
354
840
634
2276
376
246
2412
666
546
28
36
1484
2401
1816
654
106
14
190
294
542
1554
2444
890
2146
1300
680
2385
1448
266
492
622
24
306
2244
226
2088
412
548
74
2136
1434
1358
1008
50
272
2229
118
1726
2086
784
1000
172
2450
334
2603
1078
780
2415
2356
2220
448
2304
688
2037
750
740
816
2256
2088
2210
618
2717
1534
2544
1216
234
1118
1348
2034
312
518
1642
450
952
130
2072
1234
250
1184
2046
1576
2535
624
2443
2022
556
1604
2325
1080
836
2494
1938
614
1112
48
366
856
1080
2694
962
2204
2084
1104
2315
572
2134
2375
272
1044
938
1760
422
2042
2236
704
770
128
1474
1568
30
404
1238
288
1985
2232
2130
2425
2352
2095
2294
2356
1032
136
286
2782
1486
982
1214
2357
144
844
2149
1970
622
2225
1304
1178
910
114
592
1330
1498
66
624
2128
2287
1002
276
2706
1864
1114
2774
464
1220
2478
30
242
2394
1684
1536
700
1432
2646
2328
714
1687
870
452
1930
918
1742
2308
462
2782
22
1778
1422
888
896
1094
1118
1440
2469
1452
794
816
1200
368
1024
2484
996
2477
1706
472
816
1972
2527
1646
2537
2232
1192
1602
1476
1132
486
1216
1034
2351
148
1848
292
2194
2573
1018
1412
2403
2202
734
454
368
2471
1906
2340
1966
1523
2555
2330
722
2549
2018
2581
2166
2962
1666
2611
992
194
1044
960
96
152
544
1508
1962
794
86
944
832
926
2057
288
32
1384
756
786
1836
970
2320
2484
1917
1638
2318
872
2333
2256
894
2551
2190
2292
2254
2338
2078
2223
2261
2320
346
2251
2060
840
652
2233
836
1012
238
904
230
1772
360
216
338
2502
822
2010
2584
2248
1814
1438
248
148
2137
2565
1824
590
170
540
2361
1162
2154
2247
2135
2123
2146
24
2133
2281
2212
522
1326
1656
200
694
752
1076
1018
132
2211
342
1176
968
1880
1306
2576
854
2333
1919
1809
2088
508
1244
2314
636
1804
1488
2415
2268
598
2170
800
1748
524
232
1552
1856
254
320
870
804
506
594
1758
2259
1895
1020
2734
1142
2510
314
2317
1586
280
176
1668
542
692
20
1060
830
2434
698
1414
282
2873
998
1374
2376
2302
2229
2744
1540
566
2448
454
68
134
602
2290
32
1988
820
426
2329
272
2334
836
682
2022
2146
2435
542
1890
2329
1964
254
422
100
2303
92
1036
422
1124
2508
1080
416
2140
2274
412
2364
2156
1706
2122
2402
1218
1312
786
938
2631
2309
2221
2374
1806
674
944
336
568
850
582
2602
2589
820
2375
130
1912
2252
114
818
2463
1803
270
750
2442
2012
2116
2611
2172
1134
2063
766
1974
100
2484
1658
2044
1862
1072
1594
684
296
1704
1826
144
338
2576
2485
570
738
1010
2700
930
292
820
2205
116
2389
1700
2476
232
2463
2690
2305
2116
1060
2390
1846
2134
2329
1730
68
2167
1236
750
2238
28
1142
966
414
676
2103
2056
322
796
2018
1948
252
1436
2146
838
536
1116
54
2172
2140
448
1710
1150
2311
436
380
2243
686
2380
814
2132
1114
760
2112
1670
176
988
572
2482
548
178
1632
780
94
606
348
488
914
2329
2491
2403
2222
1556
224
1492
2195
1030
2252
992
942
2167
984
2640
416
2480
1964
574
874
2063
930
2
2230
2260
2409
244
1356
2707
2289
2416
560
334
888
2479
2306
34
2472
2569
848
346
214
684
1000
2049
232
674
1004
2379
2210
2361
908
394
114
2321
648
314
2219
338
1414
2058
40
1466
202
2271
468
2525
1420
1070
764
672
542
1418
2590
846
2196
2496
1308
2450
2345
2367
642
278
1094
470
478
350
2718
1256
448
1024
628
1999
502
2316
1540
936
2271
472
2216
870
1040
1612
600
1720
2364
1230
218
2246
2388
1126
18
1294
468
2106
284
2305
1476
250
1898
1506
2034
396
2033
2336
420
2
578
524
594
2110
1334
2404
1446
2261
120
1178
1038
2332
1814
1222
1210
514
2700
890
452
458
1278
226
2426
2365
1350
2453
1878
156
2218
3077
1040
224
2040
1004
2318
666
2139
180
996
1921
120
16
1374
1975
2495
1018
2231
1322
162
2183
2664
1062
2161
2331
1338
686
2716
1110
288
2090
1714
1648
568
2172
1638
2659
