1378
2192
594
2582
826
436
190
1104
516
308
116
216
1987
104
1230
2156
66
400
344
2389
254
1676
2583
1560
2057
2387
2279
848
1338
2361
1400
2011
238
1144
2588
2103
632
1638
1284
1422
174
2453
2353
1874
1546
1456
64
2230
880
1066
2471
256
2490
2358
796
1114
900
856
2352
226
2120
522
108
2267
2240
2627
346
1122
2264
96
2083
136
2668
1366
708
1980
2342
1912
2593
2274
1430
2310
782
2408
2570
2482
594
1690
2360
420
2410
2420
608
2571
2316
836
2762
352
414
2389
2223
2066
2285
1176
2065
990
2370
134
962
84
2317
64
2234
52
1208
2321
2214
1654
180
428
588
1112
440
358
1488
2318
2622
2115
2295
2287
2544
534
2210
398
2586
1170
1965
342
410
1474
476
442
1676
2098
2308
1418
2021
1935
22
230
412
1356
2196
1546
1068
1940
870
2029
276
1664
326
830
330
1200
2133
180
2320
334
2294
1630
2169
78
2010
286
1586
1708
1972
2
294
2385
1722
2346
1951
1084
2096
2570
1776
244
1821
2082
352
2446
46
1076
2416
810
1958
2160
2348
150
190
1032
1422
570
1240
1950
2490
2593
1662
156
2359
694
182
472
1662
2416
488
2175
2156
610
392
352
1390
1402
420
2086
2208
92
742
1945
742
42
2026
1022
1166
906
320
2423
1548
2292
2348
990
946
2318
136
2426
290
1380
2537
1860
660
2420
408
332
64
104
1726
2465
26
620
242
1060
236
1699
2060
968
180
864
2435
2705
2320
908
2229
1498
656
2357
2404
1166
2516
1080
2121
1912
1462
1482
1986
64
1780
610
514
224
1168
2564
2172
1978
1318
216
2189
2271
2557
1540
438
70
454
1564
162
2568
472
564
1862
2670
1336
1040
958
426
2214
2650
1778
2392
2179
1242
1851
2394
1545
966
2324
78
2390
2454
1028
54
1458
2041
376
780
2249
1570
1862
2438
104
1170
102
102
1558
1942
2658
524
1086
674
1690
1344
2178
1538
894
1452
1956
1925
400
2121
2165
2769
266
222
2271
284
768
956
156
358
240
1476
566
274
194
1949
2443
496
776
1900
1486
1654
2670
1926
856
756
184
2236
2498
2270
2272
1344
1586
608
1248
108
868
506
880
1236
128
2568
2572
1006
2591
2144
2446
912
2303
2664
1370
34
1132
1042
554
66
836
626
2484
2258
864
2554
156
404
1849
1594
1978
32
2341
2169
2589
2586
544
890
2476
1564
2110
2182
232
28
394
460
2101
2077
408
1178
980
982
532
2284
222
2449
384
152
216
24
2142
632
2160
582
2099
2500
2090
2351
1851
1460
1880
1274
1188
1428
68
2600
1516
328
1246
652
1870
2326
2227
2214
90
624
1632
972
382
784
2514
302
664
1242
960
1292
2420
104
550
2602
316
438
2560
1860
2179
1697
2248
456
2487
162
36
2028
1210
612
1062
212
178
1868
718
2470
326
1879
250
1414
2553
350
1234
1336
2524
2852
2617
2379
8
1170
1739
2427
1198
1178
40
820
1144
750
1448
160
1314
2343
2664
2223
614
1660
2463
614
2197
374
1800
1434
480
2291
390
1226
2428
1842
670
2386
2078
780
1826
616
2426
2420
2022
848
2190
2623
2596
1366
1430
2507
2252
2250
1092
470
534
2263
2442
2656
1212
2171
292
288
2426
1702
888
2077
1928
1932
2240
1660
2078
630
188
2201
2383
2645
266
874
876
408
1842
1044
354
2307
1208
244
2094
94
252
1741
768
952
1944
306
130
546
1074
1458
1826
568
1032
774
1540
604
2146
538
2185
2549
1428
2280
2238
2161
2241
728
440
254
1324
1262
2245
214
1150
1066
2208
112
924
1490
42
2416
2064
2106
360
2624
1686
2563
2264
840
170
1454
918
386
712
2408
2465
1724
2952
1592
2066
852
70
2306
778
2124
1996
2645
910
2340
626
364
366
818
1460
2285
254
152
1268
2511
538
2139
2182
816
2249
1444
1778
3068
2
1204
2078
1948
2669
2415
168
432
900
2462
1760
578
2252
878
264
304
808
1554
2457
2504
2499
2230
438
752
2648
34
820
2162
1480
2351
2250
974
1352
1404
2084
2380
1478
584
2027
2408
586
1698
630
2403
460
2392
2359
1206
1054
580
1844
250
1500
2527
542
2691
626
1266
138
2213
402
758
2044
2284
2400
1990
396
2199
710
2416
2424
2160
924
1925
2192
924
2293
2496
308
2084
1098
140
2319
1086
1568
2227
2650
2717
94
2311
424
40
74
2166
2206
298
772
394
2114
2389
26
496
1390
1842
1933
1775
1562
2219
2535
1622
1266
808
1862
180
602
546
1895
1958
2515
342
1200
1340
1748
1544
1976
902
2650
2226
2306
436
108
656
2104
2186
1520
2137
2189
2620
2075
642
2488
2522
2503
34
1710
2533
680
2468
2037
2242
2458
2082
1814
254
270
1804
760
1798
1002
1048
58
1280
1749
1202
328
1238
2152
2566
886
920
2249
1434
2265
1060
2358
346
2462
1624
1742
974
202
1126
1480
2153
454
560
644
2216
2210
1382
738
2154
568
1240
1726
2407
1921
1372
1884
374
2091
1132
2290
1326
1800
590
446
2304
2036
1958
2446
2762
1714
1682
1222
2442
2246
1520
1222
2351
278
2808
2663
1582
502
1026
1226
1782
2567
2357
1682
2460
2095
44
2124
516
2479
392
1860
2079
1826
2220
750
708
1614
2400
532
2512
1760
2421
2597
2706
2021
2276
1666
2393
1166
2100
2182
1434
562
2268
820
1630
514
96
1948
2217
914
2052
1138
1899
2559
146
476
330
2406
648
684
850
2349
372
364
230
912
590
328
116
1925
328
480
244
2751
616
2230
1654
2244
1853
74
2172
32
2398
588
1018
54
776
2378
374
1222
2329
1278
1394
754
712
916
890
2124
538
2686
2515
606
2289
1198
1446
1915
1006
2058
2441
274
844
2390
2340
1784
88
2181
2301
2089
250
1238
406
1782
1536
650
568
2384
806
2016
1076
734
164
1116
478
1696
124
386
1122
712
962
8
6
2270
2151
2061
2335
2308
1996
708
868
374
2028
2942
1178
442
184
286
350
1252
2486
2381
2762
130
1138
734
2183
1846
1046
2294
1594
764
1964
1650
472
1010
1042
2291
1600
334
322
2364
1666
1710
2221
2118
1830
852
2138
1802
2629
854
922
2242
1574
110
2122
186
2250
2471
2731
1302
1854
1236
1716
820
414
8
2345
88
2645
2450
308
2107
1010
758
2212
466
2028
976
2443
1370
506
2590
1548
1498
1488
390
822
2407
1130
2384
978
1284
180
506
1718
2256
754
1044
1298
2355
1152
262
1834
2083
30
2185
520
834
1700
356
2156
218
752
2170
1424
1116
1812
1070
1376
1122
1494
952
992
1908
2288
1330
1604
264
778
642
770
2228
368
492
1104
938
490
1796
1240
2344
232
4
2658
2290
2292
1648
2481
2323
2135
970
2133
2336
706
642
540
6
372
2282
336
310
2110
1018
980
2198
390
2189
624
674
2385
1210
976
302
2371
672
32
1812
926
2034
542
2353
1112
1982
2007
1154
1154
2527
750
748
996
3052
2003
828
498
2319
450
1826
1603
2647
114
2531
38
886
2215
1212
310
2317
2222
112
2837
2244
1128
608
2450
2627
746
2231
2191
72
2493
578
1784
560
2630
1718
966
2492
2225
84
2410
436
1714
2471
1374
2174
496
2577
642
1632
2696
2357
2057
1793
1122
1046
1979
170
192
1778
2373
174
2458
1751
526
2585
746
2086
2719
958
2392
2310
958
1732
162
446
2158
210
1976
968
740
2048
934
2521
370
2242
76
954
304
1776
436
2068
1176
1168
1742
2078
912
1964
1342
160
544
2334
1874
2132
2256
590
2218
2116
2453
1468
2396
1040
996
2715
78
742
440
2517
2366
1042
1902
2419
256
1800
350
830
2120
2507
2692
940
2556
894
372
1788
1448
2053
1044
1172
2135
2167
1434
2082
2552
1288
860
1322
2266
1084
2283
2062
2058
2224
1060
1380
2191
396
764
2214
2114
142
98
290
1088
524
532
2373
70
1526
2094
2186
1748
490
2098
2497
70
2295
2710
1830
2637
1450
2086
2297
1154
2562
190
900
1230
260
2169
2417
52
2186
448
1878
2837
152
2443
558
812
2144
2484
2551
2427
384
174
394
2034
1398
2140
526
2242
1486
102
2237
262
1356
520
280
294
1026
138
2334
1102
400
374
340
1326
1168
898
172
326
1456
484
2398
2372
1553
164
1946
1978
2272
178
70
682
464
1776
1114
2346
2337
2042
2010
2030
2204
1686
1242
1478
2390
586
1212
708
1186
142
2527
50
6
1448
2362
822
270
2467
738
2
1722
364
2015
944
2398
2509
2026
2326
2207
2566
678
1887
2384
2459
1570
378
166
2104
2028
1967
734
2371
526
582
634
136
2367
2507
336
2215
2324
1462
2259
2163
30
1460
850
2448
2005
172
1826
1208
1526
1888
2342
1762
1302
2483
2527
1170
2335
2585
600
2128
1736
1928
1674
2547
952
304
2131
2302
2439
1698
6
2289
70
2044
482
428
610
390
1168
1474
2576
1228
620
354
2166
280
2435
1564
1814
346
58
378
2064
484
3004
1544
656
822
388
1668
1792
2517
888
1392
1950
1658
1622
1790
1994
1478
1048
2549
254
48
908
1182
2437
618
1414
2030
1110
2052
128
1078
2395
1708
2398
172
634
972
70
786
1866
466
2293
488
1510
2445
1322
1294
2073
1906
1484
2128
2476
426
312
1066
616
764
580
2597
2162
1660
1530
1979
2250
1312
24
282
98
2141
1394
546
2149
2255
964
1274
226
1264
2145
2173
2029
1372
570
2558
194
46
270
2412
976
1926
62
1338
296
1046
1182
1984
64
30
1608
1140
720
308
1726
352
1098
2255
474
578
476
2224
638
1058
124
2418
2316
802
60
1524
1752
1000
1482
134
2269
1492
248
922
2320
2049
404
798
1040
1620
714
1346
234
146
2574
2089
752
2635
2531
1404
94
2490
2662
44
1838
2459
2054
2100
2016
2070
1240
376
1896
2243
2172
476
256
2056
2254
344
2166
2145
1644
466
2273
2276
1492
2242
1086
2160
212
2092
1908
2332
210
2608
1636
732
2260
306
2271
1342
956
570
2548
1794
1926
1108
1550
70
978
2355
2304
160
2035
786
294
2104
2072
748
2262
130
274
1670
2038
2
348
78
2516
466
1664
418
574
2092
672
2308
8
716
1404
2500
2623
2236
4
2201
2334
1902
646
2124
618
1678
902
1896
364
2197
1420
2610
24
200
2108
1286
594
1240
1781
2210
1064
1559
186
2163
1206
2294
1322
1092
238
1768
2189
596
552
280
2362
1422
68
2388
450
480
2202
620
388
1924
2
560
1222
2484
222
190
1774
1914
200
608
2469
406
2373
94
1988
1622
130
2467
566
2233
146
1772
2060
934
2201
2300
428
2328
398
2774
392
134
270
2704
2131
2601
2188
2225
1754
1716
596
2732
2334
2259
2232
1732
1692
1098
440
2108
2012
256
2629
774
2384
2072
86
1096
1947
1012
346
1807
234
2226
2491
464
388
2326
1244
1886
2436
718
374
100
984
4
2276
2214
2058
1100
2531
2201
2195
2272
1741
1510
2742
956
118
744
2652
2274
478
1716
2485
782
24
1851
2216
2128
2544
34
2478
2596
1104
736
2754
542
2490
2042
1953
348
1344
2324
2
1048
1542
2167
724
422
110
2233
400
600
900
426
2656
696
14
788
1815
1764
82
2064
2086
904
562
2792
1128
670
2092
1510
58
1900
744
844
2282
2282
1978
2576
238
396
2124
1952
2355
84
1110
848
2351
1792
1400
430
2241
1940
1104
2098
616
384
64
360
2322
2684
2302
2284
370
2176
636
1282
1082
1688
2401
308
1208
2152
1734
1810
2823
866
1230
2183
46
1448
1822
1894
1222
2364
96
584
2541
2534
2568
82
846
2126
1786
824
1996
960
2492
2142
2334
2527
1582
890
1818
2225
500
2293
1972
2262
46
2610
1112
340
996
1498
2325
12
2296
2443
1030
1630
806
2204
966
2231
1838
346
2481
184
124
2155
968
44
1804
2284
1740
2098
2066
1854
356
418
650
1094
2523
58
138
2510
456
2196
2222
184
2410
2304
1824
1894
280
690
2182
220
2363
586
2094
2108
2173
2273
824
100
432
224
2027
2724
898
668
2260
1128
2169
1090
1070
268
2476
14
780
2543
644
2364
2091
2241
2217
2450
1966
2022
2149
2431
1624
2022
174
6
906
1762
2518
1720
12
990
730
1788
304
560
812
718
72
2284
2282
2600
950
3395
1104
1372
1734
2610
2244
550
1170
190
576
1140
1936
2684
760
2418
2128
1708
2543
622
2704
2234
698
1526
476
2650
2440
596
2413
606
2382
822
2050
2292
192
2152
1648
262
1508
506
1948
904
114
2172
334
2486
204
2102
2392
832
2308
10
46
1642
244
2382
240
2100
2182
2312
2053
256
2572
2412
400
2176
14
160
1014
22
562
2525
492
1420
792
2308
1942
498
988
2208
188
2344
342
534
768
1620
1524
222
2002
1418
492
2030
160
100
218
498
226
16
1766
466
2482
2157
120
2139
366
2276
2005
760
2322
1928
2278
786
2441
1396
2077
1614
156
2399
2114
2405
1312
1322
1128
2099
494
1683
362
1826
550
1172
174
2507
496
2212
34
2438
2193
2206
680
540
1812
994
2215
560
44
8
2291
1770
1946
2202
726
264
1676
744
524
2549
208
44
1912
1230
1586
492
1124
138
2036
2111
2524
2224
2201
2333
1930
610
2344
820
2296
2060
508
1004
978
40
2402
574
172
240
2312
252
120
2290
2572
742
348
1498
1154
1814
1338
956
2016
302
638
938
978
1906
2500
444
872
616
32
1696
694
2204
684
356
92
922
108
1470
2363
820
2458
2094
160
456
834
2244
2392
332
2398
1014
800
110
352
1754
3029
2218
176
1997
1989
662
2307
1998
104
492
1670
2607
1452
2126
1946
710
2444
786
22
2171
1670
834
424
18
2134
2370
230
988
2186
1961
2665
302
1920
1244
676
2161
820
1254
608
2241
1420
804
1534
1702
2084
2664
1928
2406
246
364
2240
2401
1228
402
868
250
480
740
2506
452
972
2247
328
536
486
1640
2325
452
2144
2538
954
1992
1844
204
2744
688
2231
490
1998
2512
2326
2508
422
2398
1612
1080
850
694
186
1668
910
1232
48
2299
2452
1614
206
1376
118
134
606
2525
1200
46
1704
2490
2120
294
1828
2132
2423
2192
604
940
2520
462
1596
1622
870
398
132
2158
914
2721
142
2342
1132
478
958
1824
2391
422
206
216
2674
1076
280
2005
2074
970
2127
2052
2390
342
50
1222
2236
1912
1448
748
2099
2241
2289
924
578
1028
2097
2472
192
22
1000
96
2222
1776
1804
1552
472
1282
222
1086
456
1998
732
392
970
2479
1646
118
2649
580
178
2328
2558
374
2042
2482
460
2149
48
342
2498
1710
88
1262
1038
360
422
2084
2560
966
1796
2058
2508
1418
2833
228
976
1832
2016
2371
1452
378
770
1899
100
260
2102
1902
306
2265
2498
220
2499
102
32
616
2246
538
2145
1304
866
1974
126
1964
340
2372
2221
882
2231
2110
2440
2158
592
776
958
1162
956
1506
1282
2336
644
2076
2410
1156
1772
620
2317
2047
626
244
344
1992
2570
1918
12
1344
2441
650
228
792
2009
82
1858
1604
666
2149
1939
68
2562
2250
1752
728
2105
1682
344
2539
220
636
540
1871
26
2137
674
1991
336
2286
2994
560
1564
328
2184
2376
114
1298
50
2142
402
1804
2195
282
1128
520
1164
2366
572
1932
44
1188
2307
1922
2122
2093
2274
138
790
2362
166
2700
598
636
2394
484
2346
832
2151
2176
2072
448
160
530
702
2477
778
328
1804
694
938
2412
906
2494
1908
2606
1586
2028
486
876
2001
2522
2133
48
2259
1824
2386
1358
1818
2704
92
2904
2184
1010
1759
1744
142
1352
892
332
760
2414
2059
2568
2364
1478
614
2237
1186
2467
1782
270
2313
1452
1814
2488
2313
1106
1758
30
804
372
2512
1400
278
538
776
1108
2155
1876
2129
1862
912
1484
2181
2202
1572
842
718
864
86
430
426
1518
42
2176
842
2122
1935
1556
208
34
2116
1848
820
2267
1254
914
188
1382
1676
24
3477
1200
408
2111
2283
1070
858
914
2327
1910
1838
210
102
858
428
1210
830
272
1238
196
2226
252
2345
2236
2234
2162
2737
20
2307
2102
140
96
1950
1554
2195
90
84
444
776
2286
1038
1670
890
2581
148
58
798
230
444
1948
864
398
1736
648
848
852
2720
338
1764
972
848
508
500
2178
394
2301
2460
188
168
1840
2673
1728
2048
356
276
2118
1316
1892
662
480
726
1130
1216
304
2062
574
954
872
276
832
88
2713
522
376
860
608
304
2288
2458
872
2044
1174
158
2027
2428
2411
2412
1646
1386
758
1210
374
2207
1134
1902
302
3235
2485
2287
472
308
50
2366
414
1968
1380
1032
1374
196
532
550
2520
2202
1050
2297
2456
1280
1780
1244
1696
1927
2330
2362
1996
2487
1502
1472
2224
1976
272
114
638
2529
2420
776
1368
316
2392
1866
2310
2513
268
2255
1746
1674
2249
740
234
1126
2159
182
828
436
1964
2082
1528
1346
508
2504
1682
254
2555
116
184
976
712
1624
1146
758
552
2165
892
1984
2064
512
2543
2185
2148
894
778
2123
1738
54
362
1452
1182
2046
608
2047
2356
1450
2298
458
2690
2645
584
1228
126
1976
2269
1116
86
2458
378
10
670
392
1132
2012
392
2668
306
950
2230
2267
2368
770
1010
808
2630
96
2550
1044
1250
1226
738
2164
2299
2592
172
1134
1146
568
2788
2442
2605
906
434
88
1982
1018
24
2362
2462
1602
2303
1640
1820
314
2235
2565
204
1934
2010
1152
2038
558
1042
1220
76
682
1102
1702
996
1398
2433
1987
578
2198
2336
2084
328
1174
840
850
2293
1232
1492
1624
1820
2275
2539
158
2462
2591
456
2106
2405
2347
1306
1120
36
168
2369
1996
2732
830
64
2687
1658
1771
22
936
1450
702
36
846
930
2032
1622
1912
944
934
146
1598
1344
1895
106
1356
1544
2437
940
696
2368
1122
2568
1862
428
1254
2592
1646
226
1867
1676
730
1532
618
2066
1866
1134
36
2166
2422
2034
1934
856
600
2069
2135
2246
1732
948
1514
2212
396
1324
1850
1808
2355
2289
1612
1636
2163
1740
2348
752
732
2332
2010
1164
420
1014
104
636
2291
2341
1874
2580
514
642
2052
1222
2115
2442
2214
2609
2548
2191
2359
42
2195
2412
914
926
1170
1376
616
306
1332
2391
2359
1232
442
2413
2465
694
1824
156
2149
510
112
4
2366
1230
986
2526
78
482
2275
836
880
2154
558
2308
464
318
2493
196
1524
360
1974
2035
380
1332
1836
348
1162
2409
694
2131
128
2565
2281
2153
1272
20
2144
2280
2073
2536
1606
410
462
690
2592
846
2021
2495
2178
2524
2230
2070
1930
794
2239
2412
2470
2077
2790
2696
206
2474
2504
2233
2206
254
2531
64
1536
2316
2348
276
2213
578
2117
260
2687
78
1196
184
838
14
2078
2038
1108
166
574
1250
2458
2396
1322
554
972
150
2281
674
664
1919
298
1558
2404
1378
218
2599
1030
2309
206
2402
1022
280
1136
396
830
1520
2495
2069
2012
2352
1856
910
1876
1680
404
570
60
2023
2277
1148
1730
2547
2284
1334
2179
2180
208
1226
2321
1815
606
880
1400
1088
2487
18
1804
64
424
1444
2086
1206
892
2308
666
1998
2120
684
412
2555
1212
1510
782
344
2434
2028
2693
1040
1420
188
1184
2348
1708
312
2563
62
552
2043
2354
1930
2539
524
1582
1943
1979
2395
1802
198
634
1734
1360
518
766
2657
268
2255
734
1666
2415
1584
370
224
1040
1632
2453
576
2091
2086
1124
2044
1607
2755
2439
300
1700
16
1952
612
1064
380
1078
958
2520
2548
414
956
786
1166
164
1178
1256
1478
558
1914
796
280
2599
2917
226
816
1468
110
806
1138
570
298
612
2427
1704
2243
870
590
1868
2388
10
2336
1088
54
1942
2440
1498
4
1468
454
2071
2672
112
1974
462
740
234
1152
1650
816
2247
874
2245
108
2262
2321
1586
2493
1732
468
682
142
2637
2609
940
1272
1842
1144
2160
2213
2639
2768
1310
2456
2450
1310
1580
672
506
84
1312
586
2524
1356
2382
2428
2563
2119
1867
126
182
2129
236
608
2397
1512
2435
2222
2226
232
1906
1328
984
370
2252
342
770
1350
626
2269
1807
1482
1224
2269
2212
2267
230
2223
468
1212
1966
746
1656
1368
240
328
2338
2098
2326
654
2486
1142
2093
1444
1852
42
484
2560
388
2404
82
2191
930
2127
1675
968
2340
90
246
1096
1420
2092
2422
1296
2180
980
2214
2438
386
1578
986
2133
2247
2148
2259
1334
1254
192
346
684
646
2498
2174
2063
158
230
82
1384
916
1386
310
2570
2360
636
2250
762
438
2383
2442
1028
738
2165
1972
306
2208
470
2720
634
1576
396
2053
1996
1522
2481
660
2024
1534
2151
342
128
260
1332
2593
2316
1776
2054
2211
238
174
2358
774
668
2177
506
1580
806
1870
1362
2057
2045
1086
2148
350
1731
4
1975
726
1418
2227
2291
2421
1582
2180
2591
1562
1058
2222
2475
1002
2268
922
2271
748
956
2599
2307
1736
1936
44
1494
2415
52
2555
2520
1374
1134
2319
2033
2441
710
1244
1236
2053
1520
1386
472
1834
940
1128
64
1733
1426
108
674
2380
920
2264
946
934
620
2401
254
2391
432
1330
2269
524
604
1994
886
244
310
2693
2567
202
264
692
2123
1014
716
14
2166
1914
1822
634
1966
1620
336
1476
2478
1584
2190
430
2164
2198
2295
1074
2442
2489
1510
1574
962
1638
2168
326
606
2448
2099
2443
548
228
936
2004
2610
2080
1932
164
136
64
2268
1968
444
774
2211
1534
2256
2382
2237
2575
936
2133
374
1354
2402
130
2176
632
64
1982
2129
2246
474
1822
1816
2640
612
2123
254
382
2162
2288
418
618
1926
1710
2398
1744
1158
2276
1050
1546
222
2289
68
2291
2383
1184
2322
1608
2465
656
2423
222
996
1942
250
950
2305
82
966
408
280
2034
32
366
2552
2412
1220
524
746
2317
2100
912
1180
124
774
1664
906
98
1116
692
836
1134
1444
552
2052
2266
596
1062
822
62
478
2548
290
1528
2421
2527
2400
2333
2003
142
2147
1522
1260
1906
536
34
1668
1412
2244
1562
1046
2101
554
854
686
1412
1464
740
1104
2782
450
1324
2346
2035
1892
1854
126
314
1300
1134
1272
2024
74
2119
1340
2182
320
1993
2295
526
1196
1218
1668
710
2179
526
2190
1340
258
240
898
1836
2188
1778
1028
2475
1316
692
154
406
1917
2154
2335
1516
64
2316
2318
962
2398
2430
2634
2452
624
2089
2179
710
1654
108
1966
1020
2691
2280
536
2050
2112
1006
1414
2292
1556
762
194
2090
1528
1388
2
366
2504
2696
2516
1676
18
602
1878
28
2220
838
2589
2169
1440
2586
2034
1770
1869
1988
60
220
2380
436
210
260
2259
2260
2028
2304
1338
2250
2194
1496
2427
1122
194
2587
2290
1238
2067
438
676
168
684
2529
256
1240
374
880
1102
746
226
1362
2339
1416
2009
1696
260
2425
2100
2708
518
1966
2120
2300
2664
616
2234
1600
630
836
2611
1906
2222
396
2219
346
1756
2000
2332
2086
2590
2370
1738
650
2280
2343
130
2717
110
2246
2256
1850
518
116
392
186
2130
942
714
590
270
2300
2833
94
38
2554
186
2078
176
72
1984
1982
2389
960
854
2369
2021
2469
550
2631
2334
848
2131
1602
1486
2429
38
412
670
1262
1104
906
114
122
2140
2244
2432
1918
1156
192
676
580
80
2234
474
248
458
2099
2085
2195
1770
1432
2328
1280
358
1804
542
2534
1478
2653
280
1396
2278
1921
636
390
1600
1998
316
1026
416
1987
2782
2598
2324
158
120
1190
2064
324
1168
2791
688
1322
472
2168
294
2384
368
2112
2565
2419
2296
324
1062
618
978
278
514
2723
2217
374
2291
2650
964
1018
1784
1160
140
240
224
1528
86
2085
518
1118
1364
1028
836
394
970
2474
534
950
1792
838
1326
1236
2082
2164
2212
1406
68
1560
246
2415
2529
1400
832
4
172
1744
2234
1306
2383
902
2280
2384
1916
732
656
380
2659
2181
778
424
248
1548
2038
1246
1450
2294
188
2281
2084
2150
1094
398
1820
252
100
562
2083
1592
2414
70
2333
2610
2255
2258
774
1834
310
2396
1460
2011
18
1014
2174
2216
1456
768
776
1620
268
2028
710
440
502
548
2046
1604
2151
2135
1836
2555
2232
2272
2523
498
1970
1911
666
2210
120
1598
1846
152
2599
1446
736
2552
276
2571
440
2231
896
1558
2141
838
810
2599
1052
2246
2104
2469
168
916
96
1214
106
1126
226
1328
104
668
346
288
1176
2250
168
1326
2025
88
2082
730
2759
748
1972
2044
1442
1462
340
1244
1018
2822
1106
3112
2104
968
566
1618
1796
374
1522
2271
2017
2086
924
18
54
214
172
2383
482
2450
1954
2018
1512
610
2709
1902
340
2086
2380
1490
560
1194
1938
1500
1040
900
2038
1056
772
574
1844
836
2598
142
124
290
1186
1636
1270
1380
1012
1362
2343
2648
728
2322
492
1942
2773
2318
1338
2342
880
428
2004
570
448
422
1776
192
282
2103
1652
788
256
2140
2202
2128
678
144
2078
1798
2375
1116
100
430
422
264
1130
1442
1938
190
2371
108
2554
184
244
756
2192
2224
598
680
2057
260
2022
1696
2178
1438
1054
362
156
1976
1648
1852
778
86
2438
2207
970
92
748
2360
848
2316
1102
26
858
2228
494
78
2044
80
724
880
1456
2165
2546
926
1562
2759
658
1819
1494
558
2182
32
2196
170
2235
1226
280
504
26
904
2076
672
2460
2148
938
1866
858
2338
464
1676
606
1826
1847
2097
142
2012
2208
2588
1542
1022
664
2176
888
1160
2093
1808
660
816
1960
384
2486
96
2254
2502
2507
1026
2002
196
2508
1390
650
1256
880
904
2117
1326
936
1942
2226
1350
2167
48
190
482
2046
2232
904
2385
2058
1552
606
334
1620
2462
42
218
1226
2474
294
920
1292
2613
2067
2544
1970
440
2370
872
2044
490
390
2442
2396
2524
2008
406
2107
2626
686
1673
2293
2008
362
2250
620
238
1142
1434
2691
492
924
186
2150
428
74
1806
1879
2012
292
224
1982
446
1192
538
1248
18
552
2171
1134
2176
1506
734
2421
1633
1594
2370
1776
1344
1837
530
372
2465
662
1660
22
446
272
2399
1764
704
1022
710
1236
1392
424
384
1960
1792
2353
48
1572
1506
1462
1026
2605
2523
2203
238
2531
2382
260
604
22
716
2336
438
1760
1947
1952
2322
266
1540
532
974
2
948
2170
2310
1696
1376
166
1156
166
2276
1120
222
2599
1486
2221
392
578
2595
584
320
1094
846
488
2139
554
1282
386
540
2420
2428
464
1858
1958
1184
696
2262
4
476
442
6
648
810
742
564
1022
1354
80
2442
682
2048
2374
1294
1384
608
1004
1358
452
208
70
1262
2168
2393
72
1036
1629
1808
2149
2010
1744
1588
508
1114
1404
1942
1208
662
322
2
1944
322
876
2362
862
2550
2262
1416
1044
2042
360
2353
1644
1134
1876
546
1558
2078
318
2533
332
1854
2149
1208
354
1838
2412
2415
2372
730
486
332
896
1018
400
2130
1030
1955
1326
2501
896
2185
430
2361
2305
968
536
634
170
386
710
1767
2100
848
1376
1600
2426
2250
978
2557
900
1972
2216
2451
56
816
2211
902
1556
2363
640
1902
2213
2464
1220
262
1660
1014
928
82
928
22
2723
1470
1112
364
1450
2225
2580
1090
1986
628
256
1366
162
372
2149
2453
1746
1540
1154
1404
1492
1508
2507
2755
2265
616
162
892
526
1278
2356
848
1456
732
1824
1522
8
532
238
1868
1942
2328
2281
214
198
972
252
2091
1804
98
624
598
2568
2376
686
1714
2307
2347
2512
758
1446
1140
1296
1146
1766
1910
1240
650
996
284
890
1642
766
916
2454
1658
680
1646
2556
2264
132
2146
948
378
32
434
130
2412
1953
1546
1982
2619
1144
2060
36
206
8
2539
126
1938
2720
62
948
1716
320
1004
452
1356
486
654
1150
1712
2530
428
1152
402
1474
156
916
2083
2072
2220
2291
2257
506
2542
1370
1210
2268
2647
2428
230
854
1666
618
2288
584
762
14
2039
180
1280
2124
2052
1220
2039
156
2075
2090
1823
2104
1640
144
2350
474
2017
1418
2438
196
58
2022
462
2353
446
314
596
914
1940
16
496
258
1426
1184
1968
248
2466
914
2265
908
1972
692
2450
1018
1766
124
22
336
442
592
580
2366
1240
308
1072
2467
632
284
2059
564
228
1789
442
1480
2367
2097
2729
1530
1272
1884
310
106
2026
674
568
2338
2272
530
16
2517
616
1816
48
2257
2896
2440
2650
254
980
1318
1715
1426
1870
162
1204
1746
2168
2130
462
2315
2380
1028
2557
330
2016
504
2274
2629
1272
412
2156
2246
1300
1532
850
2190
1390
1972
802
1108
2371
2385
2466
2192
894
424
1884
2548
828
122
1344
132
728
852
2017
1204
1454
1068
1720
1234
1046
2569
644
2368
2172
1508
2442
2263
2535
192
352
1730
904
22
1956
2504
2496
842
2433
644
2105
1782
222
2384
1808
560
856
1426
1162
1728
446
76
1544
2431
1180
154
714
2368
1686
2425
828
2250
30
2072
2284
78
280
2066
620
2385
1764
1392
440
360
786
2852
1970
2478
2408
2390
466
1078
1802
1218
2904
2028
818
2515
2254
2307
70
2732
2193
2486
568
2288
1956
1949
2279
2202
360
2237
2146
682
2464
2322
1364
2544
1870
90
1912
1865
662
178
664
742
578
1190
234
2378
596
128
2049
2427
1274
1234
2223
2194
1434
1024
884
2133
262
858
2300
2482
1632
1116
694
952
1492
2232
1860
1022
246
2527
2466
1062
2092
2099
2310
2342
2104
1980
1458
2591
2182
2295
938
1288
1226
2284
572
2142
1332
2670
1708
2481
1678
34
1248
2219
52
1976
2366
1274
462
1150
2609
2074
2455
118
164
2131
874
2281
2290
486
494
2128
2020
894
968
72
162
192
2114
366
2580
1374
660
2188
2193
2470
1052
458
1848
2474
1992
1507
2254
2244
806
764
876
2260
174
628
2744
1258
2009
398
588
168
992
1372
2211
2405
2172
1468
956
70
2177
2679
376
1544
130
1550
478
1018
1608
1102
2016
552
804
1268
1700
2656
2536
2220
1810
2164
1088
1678
1196
2234
1144
626
1962
214
808
2176
1617
1538
2401
1842
2386
2412
656
40
1152
2676
76
824
2443
462
2343
804
1916
38
294
490
1620
2464
1314
1070
1296
558
2321
200
176
1702
1751
668
22
1980
926
1887
36
2276
166
1632
1162
1316
272
324
2040
848
772
1997
2114
8954
1028
2248
464
2379
2642
2204
724
1606
2029
2082
638
450
2203
1526
2440
2347
1886
772
60
1850
1760
448
1722
620
2250
1819
2217
1126
916
414
1496
2218
2026
990
1012
2040
1924
1868
254
964
142
2610
1502
960
2360
650
252
1100
1904
342
1098
2473
2189
1206
1412
362
2076
412
2243
2551
192
182
1312
2402
912
2295
38
2018
2407
1888
2043
290
16
810
1164
2158
1348
484
220
734
652
2359
608
2320
374
2211
1064
2262
2616
1968
812
1556
948
2336
2691
2465
560
884
436
2051
2546
2243
2598
596
1542
2285
2576
914
310
1092
318
190
1236
306
2053
114
8
494
2773
1470
2562
1148
628
1974
2046
580
184
2108
990
2061
18
128
620
8
2148
318
2150
34
2248
2388
1570
2496
2561
2325
554
636
888
1122
830
1646
458
42
2576
2118
1034
92
2563
2222
250
250
234
832
376
1244
2054
708
1332
1810
1672
1670
166
998
104
382
2497
2310
2113
830
2638
1964
1834
1960
28
1266
2014
232
2538
2490
2232
962
1474
126
2525
1544
786
1524
1676
316
876
370
2648
262
2284
704
2089
512
2087
1996
1608
1907
2670
2292
84
546
1888
2583
468
2255
2326
2569
90
268
236
2018
2441
354
1874
800
506
2243
764
2440
632
2224
582
344
36
1576
334
2336
1438
2163
2005
684
1786
1158
1344
854
272
238
384
1876
1578
38
492
2309
788
1688
880
2018
2618
60
1586
2548
450
1360
2070
320
642
196
952
2112
240
638
132
2038
2452
1744
2648
2125
1080
1568
8
18
378
1716
524
2666
1014
156
2278
1672
2397
206
2310
686
2047
1444
1218
472
2082
380
2361
1946
1178
1924
896
2114
412
2328
36
1338
1056
462
2449
2276
1632
2439
1296
2332
890
1460
1646
1868
32
932
1512
2158
1074
820
408
2260
1340
438
1660
156
2133
798
1002
2323
1756
2319
86
1600
696
2026
1562
2157
594
1974
786
2325
502
2075
956
722
580
672
838
124
2094
1098
900
530
1788
2143
472
1016
926
2057
332
1550
356
1364
2495
1854
1194
1966
426
1400
2158
2277
1250
582
1040
964
828
1328
1010
2416
1322
44
2086
2217
1746
828
342
304
1958
2228
856
342
908
2424
1880
1894
904
194
940
1980
2402
2226
1912
1836
1422
2304
120
2128
1883
308
220
1770
542
2288
472
2388
2602
1008
554
1880
704
2262
798
2058
240
38
422
1994
1040
2376
1553
100
652
174
10
980
774
1552
1902
2194
168
1606
2022
2659
2536
670
1272
714
2235
3158
2477
1928
2179
2293
2346
2696
994
1530
2422
898
1330
1144
2278
1408
1458
1797
1446
1612
2380
1842
766
150
1098
2248
354
1712
996
324
1258
2171
2245
1428
1850
2586
1885
1986
1186
2658
2117
1470
2529
2051
42
1228
156
2163
604
2398
2129
2141
84
2667
1857
2162
2015
2124
2357
124
2305
2107
2272
8
544
1130
1832
1060
730
94
2300
2635
66
2198
2004
1414
2411
992
492
2086
2064
1849
2065
2749
2510
536
1628
424
698
2148
1586
1975
2962
1620
1944
1724
40
1716
152
2506
580
734
606
410
1650
374
1008
2184
2693
748
946
2329
2737
2061
312
2520
236
294
2623
292
2297
270
402
612
44
510
2462
2615
448
278
2736
2454
1060
2100
2575
1922
2219
2330
118
1182
1884
1470
656
796
1818
844
188
542
2523
2767
1298
1094
2269
2361
1566
776
2226
1292
1840
518
2191
872
2643
898
1616
2120
1706
834
198
1494
2348
1146
1434
676
2538
620
1806
132
644
1924
60
2328
1108
1868
2344
2125
1554
850
2239
1919
234
18
238
2060
2186
2518
2216
722
2180
2445
476
1202
1510
2572
2276
184
2245
814
410
682
1808
1688
66
1670
2128
298
1912
1846
2306
58
1910
148
2184
1709
226
1998
1478
1848
2596
1410
1938
366
1630
2600
116
1775
2150
692
2023
1490
2103
2192
534
936
438
2383
24
796
708
2262
860
1340
2315
1687
1912
1424
2118
722
2277
344
2516
2072
1238
100
1864
110
656
210
76
436
240
2322
1444
218
1656
832
1886
774
1116
2138
1732
1520
2110
1432
234
250
706
2412
2588
296
1434
798
2309
2112
890
2338
594
2506
2527
520
2570
122
2061
516
60
2213
1120
2013
1676
2655
2055
1112
1892
76
176
1994
850
2062
1146
2059
372
1524
1482
248
1842
354
2472
2135
2411
56
78
1960
1038
60
2662
414
354
758
2105
740
2587
394
2571
2407
2401
12
366
28
2268
1746
1360
904
2334
1548
288
2445
688
2423
2346
2658
24
1786
2582
2327
2597
314
2102
788
648
318
742
946
1884
2434
20
1622
518
2482
938
208
2144
118
1842
144
2593
2224
1546
1947
654
1957
2211
2359
814
2207
2365
170
1008
1296
458
1717
1344
382
544
848
154
188
356
170
2369
1030
350
328
1138
160
2550
2087
1791
1576
962
950
1162
1290
2258
404
918
66
978
64
2246
2582
2379
1608
130
24
2570
1678
2086
2097
134
166
106
2436
2233
2314
1668
84
906
2069
1942
322
2393
714
2579
1318
