2204
2350
782
1224
274
508
96
1942
1680
2123
1252
1334
800
1114
208
1758
1060
2619
2296
2444
626
2390
688
568
232
2347
2199
368
480
932
2727
916
946
20
2246
244
528
1844
2286
2343
2436
2463
2543
2034
1869
2222
2581
2510
1274
362
2056
280
398
2401
260
194
154
1716
2144
710
1164
1032
1682
1916
620
1751
2488
1708
1010
2153
430
496
1308
2371
1534
412
260
474
296
1200
1520
840
1942
1948
1162
2504
610
1246
2463
112
1450
2510
2204
78
2176
2264
324
978
1994
1154
258
1384
184
1072
1354
2361
2082
1126
2237
502
2175
322
6
194
1258
48
896
2781
2311
2327
318
2745
1827
90
2422
40
2014
80
148
2532
2368
968
2698
2088
2688
2523
572
800
1212
1268
1170
356
2384
2050
776
594
194
42
868
1964
394
2592
202
2118
480
738
846
1460
2436
2052
1578
114
1959
44
594
1000
2366
2141
152
2244
2285
2562
2154
120
1884
1859
2328
2181
176
362
2314
102
2299
2579
630
2664
2252
890
904
1028
54
100
642
868
2173
1362
96
2392
1020
1550
892
1346
2121
1708
360
226
254
1076
2444
1010
2589
144
932
2122
2574
1392
272
536
708
2464
250
456
64
2499
1288
450
2044
1734
1178
96
118
1800
52
790
336
2052
512
1949
1748
378
984
2410
374
1072
512
2229
496
2516
676
2011
912
302
36
80
1852
2219
186
2134
348
428
2220
2272
2259
1222
1912
520
522
2699
2181
36
974
1752
14
2526
362
1960
2296
1074
2120
1146
1796
2162
2178
1878
328
282
1280
228
2091
1226
356
2200
392
2050
374
686
2249
2164
2524
106
2240
666
2026
2401
1946
2106
1800
680
1294
1958
2310
26
1474
2236
2239
442
1396
1008
292
660
2112
488
650
1010
1983
738
2357
2148
436
2378
1062
120
1252
244
2509
276
2315
2016
364
330
120
782
1280
852
2911
1024
2172
2279
1878
2713
2265
1216
2388
66
1702
80
182
1190
2433
288
1184
1432
2409
1965
1452
888
2010
314
1854
2542
104
2039
612
2018
2362
2283
446
1220
1876
146
1458
1686
1670
2265
256
316
1030
980
1512
1112
546
1094
800
2360
888
1082
2486
736
830
1976
2047
2247
2283
2494
1122
2356
1430
452
714
92
554
1720
962
748
216
106
2128
2409
1300
174
952
1662
34
1720
2622
1997
878
2438
1404
2325
1951
2634
482
1056
740
720
1072
2348
1981
1474
304
2285
2209
1364
2194
916
2484
2139
970
2044
1076
2520
654
2676
2542
2487
460
160
1072
104
500
1887
1604
64
1004
2003
2330
2375
2557
2367
2388
2289
2502
1012
2482
542
1898
1728
58
740
1870
346
442
2123
2736
870
14
274
766
2578
1706
1750
140
638
528
436
2026
1284
88
74
2464
1356
2381
1578
1090
172
456
562
130
2320
56
222
238
420
1882
1038
2385
2384
1792
2200
28
2270
2650
94
1672
56
2429
1308
2068
556
374
888
1100
2103
1062
2236
240
1530
652
1726
2504
2260
666
1278
1796
1410
2088
904
740
798
1951
1116
2136
646
2290
358
1458
1142
698
1864
376
798
1472
1252
288
1924
24
430
2505
1256
694
764
1224
2261
690
2383
1980
1992
2554
1778
446
448
1232
1762
2251
2623
2114
1968
42
740
980
130
454
2160
2753
2362
1194
1040
1630
2085
966
394
284
2442
140
894
402
66
344
2535
2636
1210
1240
130
1056
568
1770
2265
80
918
1306
586
2266
1965
926
2068
2156
120
1180
1252
2184
396
1836
2192
478
1400
1915
234
2124
564
378
1082
1010
756
1522
1554
1548
884
2378
70
972
754
2232
1060
560
2353
1796
872
1352
2492
1976
1056
1907
286
2352
920
152
1498
1972
2436
2350
24
1510
1707
322
2475
1272
1142
354
166
2369
1366
1554
498
180
2340
100
1018
2316
700
528
2120
710
2034
76
934
2755
1993
2144
548
2142
622
194
296
806
136
1842
1164
1944
2304
238
2144
634
666
2548
1424
520
1908
2130
60
364
2480
376
792
558
4059
224
22
600
2184
2160
994
616
2057
834
402
392
1788
2123
174
672
1886
70
182
2111
2389
2583
1112
790
2600
424
10
1036
422
1130
8
218
746
1530
2035
592
154
1944
602
522
210
2190
884
156
1294
2686
824
754
1300
118
120
1502
1096
2140
2179
240
78
1180
1148
1090
2257
730
588
2405
698
86
338
306
66
468
1006
2099
2737
2224
162
2257
2396
2147
920
2164
86
2306
380
1898
2356
84
340
2318
2399
1160
2561
932
222
970
1993
2283
4
2084
2429
1414
2195
2351
610
1712
124
146
2325
452
948
240
930
1826
2254
1104
2520
2257
1186
1200
1188
802
1564
1680
494
90
376
1818
2357
188
2130
2469
2298
334
802
1968
50
634
2124
1978
526
2394
2705
2230
1042
2050
2394
1714
522
1966
1042
1680
2312
154
390
1220
2626
2321
28
480
1652
1538
426
2432
310
212
380
458
2502
2340
246
438
30
2179
1202
584
2186
2473
664
2621
1000
1894
170
2126
536
324
2254
296
2461
2373
2325
2195
1174
234
2844
2319
634
2382
204
2618
2139
2285
300
2256
1022
566
2239
1220
608
276
2276
2386
86
1146
1682
1924
1066
148
1236
634
606
858
756
2283
1708
1494
194
282
2188
2326
706
2275
958
96
204
284
988
1846
1929
316
2460
2609
1884
2343
1128
2386
2312
222
962
2455
2033
24
32
328
462
762
1052
1030
402
2472
2276
1094
484
2530
786
2608
2374
2058
1162
1694
868
2419
2506
1346
1510
2405
2631
806
686
616
2447
364
214
2074
210
2186
2167
2273
168
116
2402
2292
1620
218
454
660
1514
360
2253
2277
2091
552
1956
192
586
254
20
2452
392
334
2338
2297
1854
1793
1438
2145
1902
1508
704
2386
2016
50
2319
2124
1950
914
746
2047
104
2260
2163
398
1811
1900
2415
1778
1592
2442
1260
2657
1336
2184
224
704
1732
1708
2279
1254
2114
1634
1974
664
186
2160
514
1510
274
40
1666
1190
2153
420
422
600
76
330
2183
1985
1184
2116
2473
2702
2392
770
2421
2250
666
1968
2364
1206
2354
204
1962
2136
322
578
658
474
2232
82
2702
2342
128
292
1566
1858
386
742
842
2074
376
126
632
2418
472
1420
680
46
328
1674
2584
292
972
360
2364
1110
886
1600
1338
2
1078
2381
2363
1964
934
2411
1294
600
1806
646
756
2241
2360
2043
742
588
1492
2020
340
1188
1492
714
1390
892
1496
1340
1012
660
844
126
162
2351
750
1902
2366
596
1194
196
2384
508
266
1324
1480
336
1852
1630
2078
198
312
830
2563
2328
2476
2037
1508
2566
2243
1140
1784
2588
244
1570
2142
2184
2183
1076
176
2038
2378
1948
2141
1974
104
1498
942
264
994
110
2298
1504
630
2122
968
2655
2588
650
1654
1984
3150
1026
1372
1436
2540
1116
1118
36
370
2383
118
1106
1374
2581
2164
1162
1758
360
1988
1006
2009
410
1012
508
1110
2431
1942
398
2356
2561
952
1670
1858
518
370
2322
1712
202
1912
682
2329
960
1552
1904
1877
2150
2120
580
826
26
1732
2450
1032
964
1776
76
2399
2171
2452
1608
684
182
1690
790
2313
2568
2464
2050
2254
2086
1540
432
1544
2524
1760
2130
2292
2043
100
2388
1136
1980
1060
946
10
2305
1784
1858
2554
1450
2506
276
1920
772
88
2032
1366
1688
2156
102
2419
2626
306
1044
264
110
1536
2669
206
1112
224
2410
2313
2485
348
2764
1544
1748
1910
1448
1134
2432
1828
1324
2440
1322
1506
1092
2106
2093
1895
208
2278
2175
144
442
380
764
2457
314
2656
2055
1402
570
2104
2290
896
156
168
832
302
958
2489
592
2196
280
662
2315
708
2554
2149
80
560
252
1668
1282
290
2429
2534
2303
1382
1696
1671
634
2640
1672
2339
1052
1944
632
2404
452
1450
2424
1986
1640
2428
1887
1300
2660
2639
498
1554
2120
374
878
2140
832
1028
1204
2018
650
1098
2300
956
1702
1424
2173
710
762
2204
2167
2560
264
386
1338
2338
2455
1884
566
2060
2378
794
456
452
2494
2071
2086
1510
410
1955
480
2366
2509
2382
1208
2148
2312
2552
242
2618
434
274
2287
1570
1404
240
964
150
2364
722
1308
2268
566
2316
156
934
198
344
2285
534
1048
1508
430
2028
176
1000
358
2243
930
1829
418
1006
1306
2270
2350
2332
266
1242
1600
954
2527
2519
2086
2050
174
2027
1978
844
908
1702
1020
2376
1640
82
2575
2564
2188
2300
144
1084
288
260
90
480
2060
100
822
2471
614
2547
2013
600
866
2187
652
220
564
206
2549
182
2133
510
306
1796
870
2286
2874
2267
632
2310
1994
2618
2493
2075
1478
2449
704
286
916
130
2178
1804
1276
492
1930
2036
1058
2013
458
2613
32
2294
1168
1878
2566
586
2118
2148
1056
910
1774
2261
2357
302
2497
394
264
2115
2424
496
1326
722
220
330
1965
346
534
586
2104
2185
1260
2030
1826
2238
1854
376
364
60
1202
1202
1292
2362
986
2050
210
1298
1184
2147
488
816
1348
2020
2400
1278
2132
2730
1104
1364
1386
1778
852
834
186
2642
744
972
356
604
2094
1982
710
1926
2256
1478
182
1094
1891
504
32
248
1222
1411
480
698
166
1050
1232
308
1088
392
36
1204
2798
1682
190
852
2413
200
1780
2447
738
90
590
362
944
1902
626
1999
1896
2444
2658
50
1128
24
1974
2416
1724
1156
288
54
616
500
570
2299
1120
2327
1018
2165
2372
272
2340
2136
388
1232
1200
2476
76
1450
794
778
362
750
1901
1994
2539
638
2499
882
2297
1332
100
1672
10
344
590
2342
2576
2643
42
2499
2427
288
294
522
2036
1616
72
2434
406
1650
2005
88
72
70
692
1134
1422
1762
1418
1640
2180
1436
1336
890
1554
1396
2478
2189
920
2206
50
1732
2203
2207
702
162
1744
1770
2541
284
1428
1618
2216
624
2354
2613
1712
398
222
1732
1992
436
174
2624
1322
454
610
1879
1682
1220
2304
110
80
506
148
1178
120
2506
758
2380
754
1190
546
1416
1992
136
214
1076
64
1546
672
2036
1034
744
2134
1312
2367
1782
62
2451
1972
1860
1498
1242
2121
1939
902
1722
2074
1780
2266
726
470
1532
2466
1352
2442
36
2229
2459
974
400
1278
1747
1887
1848
158
814
590
1728
2380
2276
376
1468
1196
2156
2467
1304
1820
266
892
2546
48
196
976
1578
2208
2360
418
2596
2577
458
2289
684
2329
3218
1620
1564
94
2227
2010
1984
320
2270
448
2304
2608
2536
2473
1228
2505
1152
1168
1530
380
174
1857
2162
2228
1586
312
840
1502
2185
738
332
60
1404
1604
1646
2636
2353
748
406
1958
222
916
2274
820
164
122
2170
210
2577
1949
1022
1524
1924
2570
266
2298
440
3139
2439
1034
2119
2495
22
874
1998
1148
1238
2156
1508
1370
1864
2299
720
46
2120
512
1874
106
412
264
1882
112
268
1568
1188
1945
2449
2040
2288
916
2514
1720
2316
2226
1882
2014
32
100
766
534
2148
1987
2748
2269
996
1606
1452
766
1522
628
2600
1066
1998
868
1141
2202
2099
2046
1456
18
614
1208
1772
712
1116
22
544
928
40
266
140
866
1400
1168
2394
518
626
2448
2986
530
918
1228
762
1562
2236
122
2181
2252
2228
344
716
1056
2066
1318
2644
1174
180
1608
2828
82
1709
322
466
490
2005
1206
1360
22
406
1480
78
1842
416
1084
136
1906
2549
578
660
1732
514
1804
1472
1250
116
2010
2153
2450
1868
50
2575
420
462
358
478
2616
712
2536
2116
2169
1228
2314
2439
2051
1946
2473
82
1612
1390
1048
1530
1630
2566
464
820
802
1214
78
2185
18
926
2290
120
2046
2120
2558
740
1758
2698
2664
1288
2218
268
30
2406
1937
868
2158
2242
2477
488
462
2289
2249
386
2193
116
524
1216
1164
442
496
624
2230
1006
1086
2410
330
1627
290
224
2554
1256
352
2413
2329
876
264
1909
178
92
2185
2381
282
390
2482
1510
2576
1340
1232
690
346
682
560
720
992
216
672
1080
2630
778
2044
598
1552
388
1070
2070
860
1696
2276
2287
1120
360
464
222
1132
1066
1724
294
2281
2640
826
2609
492
24
694
1534
1136
206
2069
612
1630
1578
146
530
32
720
260
268
2654
2296
2712
848
224
1426
2131
1844
1548
2204
1724
1948
2139
1278
574
976
1957
180
2552
144
10
100
1352
516
2146
1258
2567
2590
864
526
966
2432
2517
2150
1490
502
16
964
1416
298
2509
532
2181
2266
1969
192
390
1176
2050
406
2454
376
636
1600
2764
462
68
1448
188
2088
396
2915
672
156
1740
2675
302
1304
960
1676
2491
680
924
2373
2303
2785
182
1914
1406
2418
2182
2
2025
474
1910
2189
2669
222
942
2567
640
2551
50
2431
998
1130
2666
794
190
572
2226
104
2540
1931
586
716
1138
654
2413
1074
2280
1238
1830
1732
1993
2364
1848
1152
2154
2598
360
2345
896
124
2064
944
586
394
1346
1064
998
642
68
572
2345
426
790
1714
532
962
404
2271
2049
2196
1302
2276
56
418
2276
2417
522
2079
2529
682
2000
1450
1188
670
184
508
690
2417
20
354
2078
2045
2343
822
1670
1572
212
2497
1840
2510
572
416
2272
412
506
1046
68
790
270
2437
1192
96
2046
856
2140
2184
1620
1492
288
1550
2150
2133
1122
150
824
2266
166
1366
2017
496
2495
230
436
1943
822
432
2530
948
2389
1230
1982
706
1830
1576
2607
2262
312
478
1922
1312
1224
2009
210
2282
2148
848
2302
2312
2332
1484
1146
484
74
370
2278
1760
1112
914
404
2432
2336
2437
1016
966
2591
1952
1878
1396
2361
1636
1922
384
1662
38
396
790
610
2130
2319
242
2395
2416
1382
2049
932
2348
200
1645
2054
726
68
260
642
2633
352
350
48
98
2056
1546
1772
2217
850
60
1380
1156
1960
400
2099
362
762
2322
2261
2506
366
2640
238
2506
546
196
676
670
2540
2379
926
2442
794
2145
2588
814
2025
2022
822
1104
962
442
804
654
384
298
2599
2177
610
2611
240
1126
1426
296
626
2477
1124
468
770
2618
2205
512
2422
1330
2122
570
404
1632
38
1997
2594
124
1897
1130
2425
374
104
60
2577
2416
2284
2180
1940
1756
2162
452
1172
2358
890
34
46
934
492
2374
1376
2428
380
174
2145
2579
994
1958
128
480
1268
608
2341
1004
880
1836
2419
72
1810
888
2310
1454
2410
462
1646
2421
390
1392
1899
982
218
280
840
82
776
1612
2154
2472
992
208
674
1678
180
2622
400
2471
1938
1036
332
1248
1322
2117
2148
2055
266
1280
1186
310
1652
528
1810
2338
102
566
1326
1989
1338
2084
746
1915
3018
974
2064
942
458
224
2001
922
2018
278
2359
2189
206
1122
1190
998
1764
2524
1672
1636
1600
718
1016
1196
2524
2628
1920
712
1010
476
1042
754
2039
2233
2663
828
1446
146
2279
1586
1794
1496
634
126
1354
2240
778
1798
434
766
278
2268
1940
166
80
2651
712
506
1370
2440
844
740
2470
634
414
274
776
104
778
786
2405
1824
2303
2154
912
2227
1920
2550
474
1446
2218
2514
692
792
1780
1536
2010
916
2159
218
712
76
2214
2431
1402
1132
436
2228
1508
1864
622
2092
696
564
1224
308
2403
2180
2459
948
1288
2280
1500
226
2173
2552
1870
1144
44
336
264
28
684
120
306
1616
1814
1908
1286
1230
2297
532
464
890
650
982
1050
2239
412
1424
46
500
644
532
2565
958
1820
1244
152
2156
250
2330
1454
402
210
230
2390
2313
1244
314
2577
2526
2610
2422
2110
2550
738
2224
2284
428
290
2011
2341
504
272
1920
1992
1522
2330
572
1692
2391
1136
1988
2223
988
230
730
2508
1036
1110
294
1658
2608
388
454
952
2414
2268
940
2323
210
2177
1366
2242
1266
556
2203
500
1876
850
900
2520
2403
2376
2628
2629
446
1354
1462
2640
2408
1408
46
806
1100
2234
344
380
1702
568
1006
324
410
1834
688
2069
1106
222
230
2174
2050
2106
704
2123
2924
178
1310
412
252
2260
802
1410
2481
2372
1384
1158
2159
1216
1842
2062
2332
806
1920
2051
530
2500
2349
1134
1854
2471
788
1668
2450
750
2314
26
1764
2510
2192
2264
844
2526
142
2425
2444
2405
1392
2061
78
640
182
1370
2248
1886
2109
2483
408
1248
2280
534
2575
2270
2190
2146
406
178
2027
384
2589
24
394
2156
76
2432
284
1220
2005
2224
384
2479
24
1248
2127
654
2306
2332
2494
1088
2015
2165
648
1512
182
2151
732
484
292
596
1184
542
1948
378
1460
616
70
760
2464
1224
612
2497
1108
358
1234
1338
2523
748
500
524
136
760
2586
2544
2104
34
1696
1976
2091
1672
2267
1752
440
2161
1612
2484
1258
50
2552
192
42
1866
1022
1794
1048
1272
1784
2384
924
2028
618
2356
80
760
2131
1564
2578
1930
372
1305
2241
2132
1746
1660
828
866
2158
1688
40
56
1358
506
2447
480
2370
2279
2399
762
2135
2539
1152
2070
750
106
2360
232
14
1066
1102
1514
2411
2458
2278
2727
784
2601
1192
2654
2146
1036
1802
1750
1696
2505
2293
2114
2644
560
2641
248
590
2671
1022
2289
2335
18
662
1188
2105
1116
3018
168
900
2581
2205
310
2585
884
2232
2602
362
1824
2053
314
2105
70
2147
2181
2069
174
1574
116
948
598
114
1092
704
1922
1336
2422
1840
526
2156
2135
1792
900
1519
1124
2119
1498
232
238
2368
242
1830
126
576
2377
1642
2223
1230
200
2422
1965
600
1702
2378
2179
2371
810
696
1430
1882
720
1150
338
366
2164
2506
1964
836
998
470
1404
2510
1624
1812
1715
2236
2826
1188
2257
406
2291
922
2511
546
376
2
702
2380
68
1788
640
1170
1300
2270
694
128
1608
258
1832
952
658
456
1464
468
2036
1408
168
838
698
788
1454
1600
400
930
952
844
920
2190
2432
30
2252
2026
2251
436
834
1756
2534
1228
2493
136
1482
50
1903
2310
2571
668
2014
992
884
678
130
2582
1681
2773
1882
258
158
162
1534
2171
1206
1472
2456
1858
1316
2246
2064
2355
1584
170
2278
2502
1458
562
1056
1480
2602
2208
2057
674
14
1468
1907
2194
460
1280
2656
1904
1284
4
822
624
2580
36
1388
2068
2075
1450
330
2544
468
1881
510
1598
2486
1382
718
548
272
2594
2421
616
952
1066
564
1612
244
2261
1006
180
324
924
1916
1878
2178
2161
1236
2376
710
650
530
2024
490
1946
618
372
820
784
1578
2587
238
586
854
716
2450
2512
1374
898
154
2106
492
518
890
1524
1674
2354
330
86
450
1952
646
776
1222
2172
902
630
2508
28
42
122
2712
2058
2082
532
1660
1724
2546
538
96
2072
1030
290
1008
1158
846
346
2292
2103
1246
136
900
162
556
868
2152
2068
2365
1394
794
2377
128
496
994
712
336
388
1412
2427
1846
288
1084
644
2400
2281
846
880
1460
462
910
1778
318
586
1540
912
1940
482
2228
1898
22
146
110
2241
852
2371
354
2513
76
2307
1688
2386
1240
2411
148
2228
1618
1094
2558
218
364
1814
2515
2524
1074
1684
944
2160
2308
1856
2288
846
2186
766
612
1677
228
2152
2190
1384
632
2272
1572
2458
74
2636
60
2050
464
2029
58
1482
54
2378
158
2809
124
2499
2115
1244
2657
1830
1214
520
314
2506
1344
414
222
1276
242
1362
1644
610
1985
2111
1360
2324
1804
2172
934
2016
2481
508
2396
1526
576
886
534
158
1548
2634
156
1652
2206
2056
2065
540
498
1272
1458
342
2303
632
722
2197
786
2645
1874
2028
1524
818
2288
1608
604
1957
1388
884
2178
2670
2448
1418
812
590
1918
2114
2228
2344
438
616
2413
2334
2398
988
1746
2246
2144
652
1624
1826
370
1844
156
856
2540
2179
2535
2361
2573
442
2361
1164
62
930
796
2090
1022
1600
182
2244
66
434
2449
448
2229
334
986
192
2034
1148
1536
1837
2089
1583
872
264
2254
300
2004
2430
116
1586
1492
2144
20
2140
1186
2068
2399
1958
736
606
2145
1998
2217
2519
432
1318
818
2236
1204
720
2290
268
1802
2167
140
2744
84
752
2434
1096
2255
206
2617
2128
1436
38
128
1746
2287
1038
178
246
772
754
610
402
622
2420
1974
406
356
442
1188
428
2
2125
462
422
514
1791
1696
854
2010
616
162
558
2455
954
1866
2102
2570
906
2430
2046
618
8
700
2250
2471
1894
252
348
374
2347
572
1316
1936
158
8
1982
328
746
596
86
354
2092
2505
2143
2247
272
1480
1502
1434
1506
2413
1022
196
2156
226
90
138
1290
150
2143
694
2490
2105
824
988
2567
2030
668
182
352
2165
2384
718
332
314
1796
1530
1524
1486
482
124
914
2154
1554
2126
854
2492
2324
614
2153
684
2226
856
1734
1975
796
370
1668
2412
2241
788
2527
2599
142
82
2300
102
2484
218
2277
2300
1922
2268
64
556
116
1944
854
412
98
2473
1828
216
2529
1975
1484
2112
2338
1792
1766
1114
1494
1068
662
364
2653
2744
716
1628
1920
736
2006
548
452
1858
222
174
2118
1702
466
812
2484
556
2658
158
1984
2200
2256
2359
736
914
858
582
322
2516
626
196
1012
500
26
2694
196
842
1674
2446
1080
1440
2470
2096
992
1750
206
2336
1748
1933
1006
374
2658
2514
1602
2422
1730
936
670
1496
1478
1222
738
1238
2328
2394
556
2211
1931
210
2509
396
2482
2271
8
2503
1694
410
58
2042
1054
2576
2273
2318
2647
168
794
2072
1928
1514
68
850
828
628
1798
1930
1876
876
1987
2265
2263
2233
522
126
756
1554
306
1871
2221
2303
468
74
1318
1222
2320
990
398
2445
24
70
678
856
346
1868
1032
16
1420
2096
1116
726
538
2321
1484
770
1430
1220
1212
2200
242
2897
2140
2426
730
2313
626
844
160
308
1967
2550
746
1060
1793
540
2420
1680
2380
2431
2308
164
1833
118
1212
2184
1148
140
2451
2063
1110
672
1192
2039
1142
2277
1434
240
998
2193
270
1844
2667
2666
2318
1744
208
1922
448
1390
1480
2530
2689
656
2124
966
560
2538
416
2739
1704
1066
400
2094
1366
2661
1122
134
1747
258
1684
390
322
2021
2365
2368
452
1138
114
300
2108
162
872
422
2441
832
212
556
2184
1054
1108
600
204
574
1124
1406
1579
568
2492
2133
1570
2098
2166
2156
2241
930
1034
996
2306
1356
566
92
238
2287
1422
392
112
1452
1796
2075
1858
32
1690
718
2408
76
2471
2224
2150
122
1512
1264
2012
2199
178
402
1884
258
766
2268
692
2171
1898
1692
1520
2356
2047
794
2539
516
760
214
2351
456
1370
1961
970
1494
2412
2356
356
2444
1518
1458
1288
1842
1464
1572
820
2831
2132
2088
2480
2875
990
860
2749
446
2384
2617
2256
2237
2348
562
2207
218
758
2068
2030
1890
1548
1446
774
2269
670
478
1082
2651
2085
922
148
866
624
36
286
2109
456
180
2078
286
2459
1242
980
2794
2052
1446
2273
1872
652
2529
2440
2382
1340
2060
424
2143
2508
2516
1770
2002
148
1322
548
2159
2004
1034
30
2090
2431
2282
620
2274
1910
946
548
906
1556
2188
700
2375
784
2458
1548
1904
1942
696
556
2746
2341
2214
608
2221
2383
1967
2317
76
2338
4
830
312
2250
580
316
2527
2051
134
330
2511
2421
726
2281
250
1064
1404
516
2483
970
1948
1594
2246
2294
54
740
2378
2240
2365
2529
112
2154
2262
2292
972
2196
1636
2440
2146
886
36
410
28
1204
884
168
2529
1656
92
1006
2272
1548
2229
104
136
2529
842
386
2711
2537
600
2321
752
176
242
730
818
582
2348
394
108
1014
286
2106
280
668
708
2104
2102
812
2085
1506
1984
2224
2269
2473
2899
1999
298
46
520
2395
270
746
1014
2026
1524
2610
568
696
2668
180
2304
114
662
1880
466
404
60
536
2090
2412
2306
136
1532
134
812
1941
608
1574
752
6
560
2520
1378
1632
462
1508
1466
72
502
810
134
696
1956
280
2580
1796
530
334
1160
2697
2352
2575
1526
1114
2547
2208
312
414
1708
1230
450
442
302
1558
1260
2364
2386
194
824
960
2463
2428
2238
592
78
548
2292
46
632
1734
2282
12
2358
1694
2136
352
446
2413
2105
382
368
630
2198
854
2760
666
36
2205
566
1358
2263
2505
710
2202
2442
1796
1910
2352
2544
2299
732
290
846
2418
660
2261
2111
2185
2348
2146
1953
2354
1791
2319
194
1676
186
512
778
1108
1908
438
1396
2463
1000
808
2088
2525
2355
16
2311
550
2229
2300
1364
420
1550
976
2089
1992
372
278
1736
954
2930
2529
434
1906
792
350
1056
2118
538
284
2660
2538
1662
1398
236
570
1676
964
2572
1548
574
1732
2349
1348
270
2171
2068
956
140
610
2509
2263
1963
2484
1662
170
2263
384
2706
2777
218
2730
2096
966
130
270
2019
1180
2101
1464
1174
1302
1858
2302
1480
864
612
622
1178
910
498
2410
1370
2170
2323
226
2198
364
1198
1110
946
932
2431
1814
2442
1726
2319
2378
1174
1728
1596
1274
470
164
2255
274
2480
1406
1606
1943
2206
584
224
2348
2473
428
1660
2240
1840
294
1723
2304
1304
392
1764
1960
466
2924
982
312
2133
2449
2004
508
2782
52
2182
182
1750
1094
946
2248
1026
1108
610
944
536
486
1054
1290
636
570
1272
252
2543
1358
2150
1198
1730
644
278
2530
210
2558
402
2413
2066
696
526
2229
732
2172
138
1176
1775
76
2080
1772
2235
2256
1909
2181
460
2456
2390
2588
2096
2533
430
2178
1532
162
1432
18
450
2066
1234
338
182
2262
1930
1000
294
1604
2330
504
2403
80
34
2305
192
2302
1470
2361
706
1552
2547
1648
208
1140
482
162
2392
2510
2225
428
474
224
216
698
318
50
28
2364
2341
1080
1572
2658
1356
2094
566
1870
560
2211
1286
922
2209
546
374
1376
476
766
698
1322
1578
1136
676
2156
76
2306
2111
2602
1592
154
374
454
1604
2124
520
2389
2578
880
380
1404
1778
2436
2312
178
320
1886
86
1554
2258
2431
1228
1786
2122
846
1472
194
224
40
2591
80
2229
1148
2216
1889
1398
922
1262
2487
948
1916
1108
2074
484
1666
2152
2354
2304
950
1544
1124
976
2487
890
750
2496
2032
422
284
1802
714
1558
2036
196
2050
456
2074
2085
2162
2205
2453
298
1465
434
2212
1362
2309
2362
1178
440
2214
370
2118
2156
924
1837
2337
6
292
1268
2592
2315
66
658
2086
544
94
544
1724
1424
1366
2247
2531
2199
2499
626
970
1596
2214
1794
40
404
2106
1644
2382
1804
1894
1366
2653
448
654
1254
2178
1316
1918
1666
530
618
2244
2234
2669
98
1912
646
4
2077
2204
1150
248
1794
780
868
2390
2385
414
116
1952
2253
2430
618
2290
2006
662
2575
578
1512
232
2448
2274
190
116
2360
2444
1710
1825
918
1472
414
314
1106
1464
454
468
1820
1962
2192
1820
272
68
458
688
2261
2286
1484
1256
634
604
1790
2710
934
976
2056
468
2612
860
382
432
968
774
1722
310
2180
1731
2337
570
2266
2040
1572
2304
432
70
98
2351
2307
2034
72
1506
318
252
2056
174
1987
308
300
1126
1954
524
146
1440
1134
1478
1832
2256
2353
658
338
2342
2020
2427
2362
2506
2102
2372
2099
372
1278
1304
1374
1736
2
1132
2228
1438
2401
2116
608
268
1544
2701
2003
2312
236
1318
222
1984
1138
1212
482
842
150
762
20
10
1152
906
2086
2048
2018
2359
1404
1746
2633
1614
2409
796
2212
744
2473
290
642
1955
1816
2177
696
1558
2382
1366
1774
1528
2494
334
1262
710
1585
1254
2318
2177
2272
940
738
2564
804
556
2380
2109
796
2218
2132
858
2423
948
392
1484
1126
652
640
2372
182
102
2172
102
2113
1651
2003
1466
2323
2652
1988
1238
2700
1328
2100
2165
2754
1178
2292
1470
450
832
142
788
268
2136
2121
672
1834
1390
1438
1980
188
920
1618
788
1822
318
1940
228
2295
960
2083
1894
1088
1999
2296
1921
1994
174
454
162
1070
2492
692
1230
1861
568
590
2157
2400
1070
430
2204
816
2222
1771
2266
2523
2352
1030
730
2416
848
2203
782
2218
2170
1140
1823
426
2531
1498
414
1504
2398
2635
562
1502
1794
310
848
1442
2276
1548
1156
368
1800
2
168
14
890
648
1746
2367
2490
1998
2135
430
314
1072
646
1816
238
2405
666
606
2462
300
1038
60
2272
952
254
1977
220
2066
1620
774
1562
1252
886
1506
1306
622
26
2400
2101
986
812
368
2290
916
2318
1972
328
224
802
88
466
384
1212
2223
1016
2319
1790
2359
2110
2342
2127
1934
1212
710
2272
1810
856
2265
2382
2416
1594
834
186
2170
236
2025
244
2174
394
1966
786
1742
370
548
376
2407
1516
2586
2339
1968
1606
170
1854
2289
668
1394
2383
540
518
2562
2228
1300
2308
1516
2053
298
2023
2196
450
1242
796
826
630
2499
2386
1386
430
2274
2110
1746
668
250
706
2084
2090
1356
204
396
1240
2563
1884
2495
1986
1883
2379
1816
882
902
2435
1264
2701
302
1932
2040
158
720
2150
1822
2331
324
866
774
1694
316
2337
672
1977
2322
310
1322
602
1978
276
1000
2150
2199
584
1006
2140
1002
570
126
1336
1254
1854
2324
1260
1112
2286
2211
820
322
1722
912
1310
1228
240
906
2028
950
1852
2471
134
2026
2076
544
724
2143
2654
492
176
2725
616
2056
292
206
1928
110
2774
688
2249
780
1348
394
1472
858
2010
1896
1416
1944
208
812
1731
510
76
1582
250
2331
496
506
1738
1730
2365
376
2289
1797
1556
1906
954
574
662
1250
2610
148
808
2276
982
810
644
314
2273
1498
2348
750
550
332
1736
470
2484
866
228
1578
1250
2158
2355
700
2732
1458
2484
1586
22
650
382
1977
498
2201
698
1874
2445
130
338
278
146
2245
150
492
350
996
1302
2050
958
1754
302
916
2536
1000
2214
1400
266
740
1066
488
2230
2116
2048
426
2126
1144
1934
782
24
1960
1230
178
2383
734
1308
546
576
1588
2219
768
1878
1438
2187
1958
574
194
244
1000
2484
2146
2182
1186
2379
2457
898
2506
1952
1276
342
832
272
2456
1948
2340
480
1610
2274
786
790
2192
2324
2531
374
2072
1034
368
678
1768
2381
1162
1322
2241
1016
416
2126
2190
2338
2545
1964
2281
2495
1914
1332
530
2162
580
2686
1738
676
1450
1004
1264
1404
102
484
40
1528
2529
1108
1126
2076
2338
122
888
1446
2352
2440
1296
2434
96
1574
1794
1092
2131
184
1284
1590
1884
260
2470
1234
2427
964
1610
1052
1268
2402
502
410
444
124
2604
2266
2642
1956
178
2080
1004
514
1366
2202
2340
326
384
1282
1890
1886
3358
194
900
2029
624
2316
1808
884
2454
596
2273
1830
2467
1872
1472
2360
1956
1943
526
2446
150
1238
1106
2042
2808
2004
588
862
400
1350
1400
1272
378
36
266
244
2154
1940
2160
902
772
2677
402
576
148
2238
312
1910
2177
388
2383
1320
1494
340
978
1188
1234
2372
1156
2461
688
2562
1316
956
660
2092
2182
1807
2042
874
2553
2090
2486
230
340
980
986
1963
452
2436
1298
2465
2020
356
168
558
1610
46
1176
2632
2270
1930
1726
592
1678
1790
2308
2475
442
810
898
1394
450
588
510
446
38
466
1919
2179
146
1072
2258
2539
90
110
70
1210
1808
2255
2198
248
2224
1098
684
2757
118
1212
42
2076
404
504
944
94
1002
1782
196
588
1918
770
2508
1980
2343
616
642
330
294
176
1838
2175
738
2838
738
1096
2242
624
1878
2623
1150
2666
48
2008
1466
2495
2457
1522
1801
906
2346
580
2168
376
1447
1704
2283
1408
1486
1168
234
2022
1098
2052
1985
120
1824
1827
2239
968
726
324
2081
2297
2106
152
826
2748
1746
2300
2232
760
408
1642
2407
1738
1314
172
2525
1328
926
2364
1598
154
716
2249
492
1464
1665
2194
694
2465
2502
486
486
492
982
1334
906
1832
2529
476
164
2583
2131
2694
654
1392
2191
2228
198
294
2132
2258
864
1962
1810
2134
1250
2126
2016
2150
758
1812
74
542
408
530
1016
800
2564
1634
2598
1864
1694
1082
2070
284
276
2437
258
1804
1096
1058
90
2330
1194
466
254
2498
194
2352
130
1000
1552
2192
1798
2403
1250
1256
326
150
352
1358
2180
928
976
384
2352
2620
690
1955
1694
310
2114
408
1590
1446
2074
2095
1144
400
732
336
2606
1116
920
1847
2228
708
2334
320
422
1274
2614
2344
1066
2409
1588
1749
2393
272
226
42
2466
1774
2407
524
754
460
2243
64
666
848
1002
2190
74
2630
720
1424
1556
2232
1923
322
2235
742
1837
2116
578
2263
716
1418
1916
332
578
654
2196
324
262
350
478
1813
650
1252
942
436
910
2309
2199
608
1048
2262
2359
62
560
1934
550
470
446
1512
314
2302
2451
776
2470
254
2154
292
222
232
1608
1930
2447
1188
1414
2315
740
208
56
12
344
2120
2285
100
2437
1710
1516
1032
422
180
132
1904
542
1432
1472
2184
2236
2351
2182
2483
2104
1944
2166
2417
34
1364
2394
2136
636
444
1030
1736
1674
1282
2663
450
1492
2591
1750
2
28
1212
2388
790
2133
334
1220
330
1316
1674
2434
944
1316
548
2345
1824
1898
142
674
888
1704
2299
150
1258
2497
214
2222
1174
2122
856
76
2356
2134
646
1624
2325
988
1658
2843
504
2775
46
2504
636
584
2185
2517
288
930
2341
430
78
722
1753
832
56
2572
648
2124
912
3467
2560
1750
382
2064
552
1806
2489
2062
688
144
344
2008
2044
930
2611
2482
1408
340
1804
412
2575
2373
2042
1894
956
1710
1114
880
490
714
254
1838
2095
2528
494
1472
2271
2070
1992
2399
2413
38
440
2018
1370
2163
2192
160
1348
2052
1028
1962
2042
1866
1190
2142
790
2388
2434
1072
644
1108
1989
2544
2020
1428
2114
1270
2375
632
1810
2134
2104
46
1824
180
2240
1068
2272
678
906
1986
772
2117
2275
116
2120
192
2205
2285
1160
172
24
2098
936
2288
2388
868
816
1000
1170
142
782
2279
534
1370
2264
124
2092
726
756
238
350
1576
762
2210
1784
2374
2494
2556
2138
342
2176
2115
2376
2278
24
1956
708
2447
436
2102
586
642
1052
2015
1598
170
2053
790
724
322
1824
1832
1878
844
170
284
180
1404
2484
998
1394
12
1562
2143
2511
24
2264
122
2208
1074
118
2349
1518
1975
730
2279
824
1910
2211
2341
1712
546
2118
1336
988
886
820
134
270
272
800
2295
340
392
218
1938
2015
2026
562
70
2532
494
542
566
2344
2866
2502
872
2138
1100
2185
1658
1782
2455
428
58
1762
550
1694
932
260
2229
220
858
2824
2131
1774
2346
1882
24
2080
1450
308
1696
218
2088
1852
836
132
1398
2448
884
2241
486
2536
1034
2203
1026
2292
2602
560
542
464
1166
1010
1024
140
850
466
2231
1272
1190
2088
1153
988
2017
1378
2344
438
1204
866
1596
822
92
2492
1212
2074
1860
2344
2060
844
436
2084
646
1232
2566
1200
86
626
282
2365
656
2403
2441
340
768
1040
2010
1602
1792
836
1712
2494
1640
1210
2299
534
2209
380
1688
2588
1776
2483
2035
958
660
616
696
2163
2424
2337
2004
2148
2095
920
1248
938
72
814
2118
1728
