2280
2492
2556
1024
444
2390
176
1146
114
2435
2756
168
236
2522
1522
436
1416
1770
514
2315
1408
2081
2217
1098
1202
200
1986
1578
644
2170
754
2464
268
2617
2070
2286
490
56
2153
2554
2355
2554
170
2474
740
642
2692
828
910
2316
896
862
538
2342
1536
2478
2132
930
1182
276
12
78
356
1816
1818
610
554
2004
2174
1248
1910
1072
1540
36
1606
2174
1674
274
2457
1996
102
2365
2311
824
1114
192
2543
2112
2625
2050
44
368
2260
1020
2346
2121
718
2281
1524
2226
1220
1430
846
232
1444
2182
1186
828
366
2271
2369
1773
2279
1460
2290
2567
2524
800
624
366
304
1300
2107
1382
1913
2216
556
732
1014
690
594
2188
2408
218
1929
710
2484
288
244
604
1906
674
1904
862
2306
838
1958
678
1290
2173
182
1250
1346
2198
2171
734
100
2452
292
282
1656
1818
2631
578
2305
558
398
346
2392
808
2308
358
2362
736
2398
1118
1738
334
1162
1798
814
382
2122
2584
2232
2625
1998
2425
502
1562
274
362
512
2704
2065
1884
22
826
2422
546
1952
2018
1939
1976
1923
2874
2238
152
1972
2319
968
714
2388
2108
386
296
2402
290
2057
2500
2587
2496
892
1242
1412
1988
298
2022
2248
170
418
1949
704
2865
2172
1888
2361
2086
980
700
2507
1272
2382
2308
2002
2322
32
1554
1228
12
260
1300
2150
56
1658
2188
1338
1690
776
142
304
2279
786
2174
2336
2518
760
2318
2039
652
962
1944
1248
48
234
2538
316
2241
2161
1468
2418
2532
812
86
1140
2260
1162
2701
1600
2076
2430
1004
62
1838
2240
2308
1284
2497
1908
1488
1776
974
2530
1878
2621
34
1038
1684
38
2191
886
172
1740
1118
2340
434
1412
2131
2431
1292
1940
2649
532
1890
622
2607
2
2021
1058
2257
914
494
2161
1776
1928
2486
2182
1600
32
598
1570
2665
602
1254
2551
120
2516
1362
394
2265
368
722
2617
1956
2248
126
1218
2386
1178
1595
282
742
404
1666
44
2358
576
2094
216
1084
1918
2207
986
1504
2158
1652
532
736
162
2046
2703
2537
2445
262
2002
1518
2600
2464
770
852
1898
2278
180
1256
2154
200
428
1536
2133
2575
1122
2046
550
354
728
80
1026
2182
2165
822
2360
938
658
1466
2122
176
602
1712
1530
1734
2018
368
1674
1088
2493
1580
2706
1560
396
682
1624
216
2344
588
1292
762
858
1813
56
2362
892
240
2291
686
934
2501
2114
2140
1534
2074
650
2502
402
594
594
762
2432
224
716
1624
2160
1176
166
2592
1848
2098
314
2641
236
1282
2204
8
2319
202
464
1738
2402
62
864
2323
52
1640
2193
1390
2614
200
1932
2326
1346
594
628
2001
2448
2482
428
2154
448
254
1666
1558
2102
1604
1702
508
414
1250
1912
1720
2142
1778
962
1994
1140
18
210
654
2114
2150
248
2252
1884
270
530
396
38
30
2175
924
1728
404
372
1018
740
2316
1776
230
290
2094
940
144
504
1150
126
2094
546
2635
510
2131
1894
2494
2309
584
1960
358
264
124
334
2024
1200
1832
76
978
1446
2282
364
2434
2436
418
634
1640
2110
858
1472
2394
726
2201
1430
2396
402
2736
642
1514
1408
2656
66
2398
718
2470
2030
662
180
212
28
1234
362
2607
2000
912
2249
1948
134
1092
1276
1498
784
464
852
910
744
764
322
1698
340
2
2112
500
2252
2302
50
262
2359
2177
2563
2356
1980
554
2104
1216
420
728
1878
652
2219
2096
730
978
424
2080
1214
902
108
1394
2328
2614
2050
1728
2446
1416
1666
1596
568
308
562
710
1356
752
498
2480
602
2150
748
828
2465
2562
2697
826
424
198
1692
1854
234
1442
2554
2084
114
2052
662
2190
1002
640
2217
270
1450
2339
1987
1000
2423
1738
270
2429
2100
918
628
2207
2356
696
2524
1961
562
620
2
1378
682
2278
14
572
2277
946
1592
2146
1134
2268
2704
626
1926
128
32
2573
566
988
2745
308
528
806
384
1432
878
444
1300
1874
1652
2113
2082
486
1306
2126
218
348
1278
578
488
976
1436
948
500
2294
1396
2191
1540
1288
2055
2258
2414
2471
14
316
598
810
566
154
256
364
2302
1198
2374
2261
2303
2629
154
1648
146
622
190
412
784
1256
516
350
44
1420
402
1178
248
1790
2489
442
152
1256
2664
2184
2296
2348
752
278
1412
372
1136
1806
1366
2106
2134
440
1944
114
2640
978
2322
250
998
2446
152
2271
2090
2206
1916
26
140
1661
2062
2341
44
4
2051
1692
46
1030
138
838
534
460
750
1120
2092
888
2486
2416
2110
356
2405
1054
1442
964
990
418
1792
2543
980
2361
92
1306
952
1294
2217
990
2221
20
984
2098
2040
2035
1840
1058
1824
1014
2358
2569
178
2273
1993
554
1200
2305
172
2560
1963
412
2646
1394
1340
728
2334
2191
10
2066
2320
318
1076
2451
1056
704
596
672
1994
86
2199
2116
2355
2195
2241
238
1986
1664
1442
884
2221
172
2050
1366
1100
518
26
142
1928
2348
600
1364
1538
12
144
4
174
1206
854
122
582
758
2412
2387
2173
1136
1904
1870
1974
2700
2255
214
2101
2210
1064
2600
1114
2260
2621
784
2669
516
1522
1066
2078
248
102
1390
138
2070
1376
512
452
612
2629
2350
836
296
1270
2223
4
2241
1736
38
2414
16
2494
2120
426
518
1274
1536
802
22
180
230
1680
114
2442
312
2290
882
572
738
320
114
440
1366
242
1953
2075
2062
1654
910
756
394
1996
1412
978
2218
2298
2181
2035
1690
1272
1028
2013
2118
2317
112
1632
1458
1060
930
132
1953
1848
412
1915
1466
2181
2172
936
632
1931
1662
1136
360
606
1638
2188
1966
2108
1162
1250
604
1532
1102
424
36
2559
2354
2390
2294
1240
148
1888
268
1858
2116
2195
432
896
2319
2220
1568
2105
2026
2234
1682
1786
246
1564
802
426
2650
2412
2103
2194
806
54
1296
776
1086
708
756
2552
1864
2282
26
860
2332
2514
1608
2080
688
2041
2
590
2456
2066
150
2061
2128
2302
1600
1855
504
568
2484
1978
846
544
1178
1112
1350
990
172
160
2338
692
492
170
238
1905
2464
2493
2111
2003
2216
1458
1480
2454
1698
1034
1982
2154
30
818
142
1262
2421
2380
800
2218
844
1748
2184
210
512
524
2766
1542
1740
1030
1782
2570
1696
2800
1360
322
214
1858
686
1636
1378
1322
2507
858
984
2576
42
576
1704
2268
1812
798
2007
2226
338
272
354
344
1106
2313
686
1280
410
2317
112
892
2335
2136
1768
2613
776
1154
662
2357
1434
130
1714
2015
728
2342
98
2146
2374
968
580
1478
564
2625
2059
632
118
1232
478
2256
1552
1944
634
2134
910
1506
1865
1146
1024
732
2176
1186
574
956
2377
458
1346
586
1108
846
1540
2395
634
2457
326
1362
232
1998
646
102
2472
52
1160
394
812
524
2218
1955
1826
1830
2227
2245
2569
134
2387
382
2118
2476
1964
2592
3860
1528
202
754
552
2170
814
880
2420
114
606
718
810
1148
2292
2010
1734
850
2142
822
1170
140
2174
1000
28
2351
2408
1258
48
2345
2126
578
1784
586
2374
138
2466
2410
594
230
204
2
518
1108
1210
1512
2172
2255
2593
1866
1412
2448
2592
542
2441
254
2419
1038
2547
1430
1880
2434
2214
2122
544
736
850
170
1722
2205
1156
426
570
54
2522
1164
694
1856
474
1328
500
386
376
2094
1880
276
20
624
718
128
2486
2544
2516
606
1422
50
2008
50
2112
1462
1360
2586
1498
410
1024
2065
2247
1704
2798
618
24
2093
2218
780
76
52
768
2145
2265
1654
2680
100
1174
1994
1354
2496
1578
592
1348
2388
2617
2563
90
698
674
2134
780
884
70
2308
1574
2594
710
2024
2454
492
2366
2002
1890
2531
2098
826
314
2509
2584
2305
2166
2544
2763
130
152
166
2319
26
2325
2567
2133
2019
254
2311
1042
204
2306
2379
364
958
1748
838
2338
2184
1042
212
1648
658
2404
1316
2300
1262
2228
2304
76
2374
1598
830
8
1894
1904
568
1060
264
1766
2302
1240
1514
2515
2435
2503
678
688
1502
490
1658
1980
498
1696
48
2491
2145
48
2386
2381
2561
2450
2372
232
1766
812
48
1948
2046
2422
2295
1528
480
834
680
1618
12
2000
2049
2157
576
714
454
68
2265
1440
986
2291
366
318
2138
2627
1194
780
2092
1424
2407
2350
2259
572
56
1808
114
2300
418
1698
2136
802
1863
652
2612
2494
734
2330
632
2556
220
1746
2480
1342
510
1222
2474
738
1176
1610
1888
968
2220
488
858
2191
562
1769
284
2114
1985
680
2042
2684
2114
208
2380
2230
114
866
1488
1220
496
2004
2191
1468
482
2272
16
856
2471
672
104
142
1252
2089
2180
1728
530
2494
2795
2430
2492
78
204
232
2336
2090
1244
2250
2390
2999
176
2214
2399
64
1154
1910
2598
802
2126
1777
1030
1924
1953
422
2166
2125
908
796
706
512
1876
1800
652
2215
638
448
1818
1492
1614
2107
2546
1158
1714
2852
1782
1382
2278
1206
2284
2502
1907
2550
532
286
702
1004
162
1102
526
1991
728
2440
916
582
2710
2096
990
290
2104
2191
1352
634
766
130
422
284
2168
2312
2321
2381
1960
366
2165
2064
2004
2132
878
728
276
2140
2401
1074
2209
1350
1566
504
2421
710
322
1824
2167
142
1120
1954
276
990
150
2238
2126
1466
64
2180
2207
1752
1512
132
1656
1576
1652
1672
506
1930
908
1058
1608
2776
1551
1610
1064
136
660
1935
570
82
2377
202
38
720
1290
1830
2581
2334
2408
2482
118
2108
1502
834
602
1432
1836
664
2430
2589
2286
1306
1050
2342
2314
2087
1854
2194
2228
1680
1374
120
1882
584
1920
502
1388
972
114
726
1564
1692
1154
726
1454
2355
680
1198
1600
1396
2318
526
2186
2359
78
1110
2297
88
1416
1818
1430
2492
1320
658
2031
238
650
2154
1854
2428
2148
2404
2557
134
716
340
314
2069
2308
2107
132
2163
348
122
1268
936
2126
2445
2419
1596
1864
992
2699
2132
338
462
2535
372
598
488
192
1234
340
2381
2164
2172
1148
2066
2489
386
2021
2312
1152
284
2079
2573
1982
658
788
2578
1290
2416
1728
2036
374
2484
2106
182
1766
1861
400
408
872
190
1966
282
2716
2361
2119
1980
820
1192
2670
566
2345
100
378
750
1798
426
2182
1116
2177
2528
1880
56
2090
2138
1528
308
2407
316
288
2149
650
378
12
1962
884
2416
1366
898
560
2583
642
386
260
2268
236
142
2390
612
154
2336
2284
1730
388
2498
1136
180
2380
902
2052
1792
288
2269
110
1620
14
658
1686
2234
2278
2086
180
132
72
2342
6
2412
1002
2507
974
1720
1220
144
962
2745
242
2603
274
2045
1190
528
2392
806
1308
48
1516
1982
1048
1052
2134
978
578
176
2111
1878
492
1016
4
2334
120
896
354
484
2087
2401
1422
1184
1134
1048
1146
680
292
1432
2173
1796
792
222
204
1366
1232
70
2225
1819
166
964
620
2393
832
220
2242
1764
2564
1186
2255
1136
48
2554
634
2347
2344
1270
2423
1322
1804
666
732
1138
1756
2405
2183
646
636
244
2286
2468
590
2086
1520
1186
2524
2192
926
2422
792
724
2477
2120
2208
616
100
2259
1412
72
1204
516
1486
2441
2182
1148
968
2344
1700
564
430
1526
2420
616
746
2338
2622
2404
2012
1342
408
2214
2562
938
64
2535
1054
182
1040
992
402
318
294
608
2257
2697
1550
810
2173
1188
738
808
618
142
1244
232
1936
1607
2129
544
2187
1698
1216
1572
2511
2502
1066
2547
104
2600
1920
630
1078
2363
2323
2053
614
2343
952
2024
1644
2638
1258
2495
50
396
468
996
476
1360
2330
2042
2093
678
1899
416
94
218
992
536
2374
22
2388
290
474
1954
458
724
2507
2060
332
484
310
1320
1496
2
174
208
2573
988
2604
338
2318
408
126
78
2238
2362
462
192
2681
2395
1280
2159
460
1100
1644
374
2353
104
2498
306
1048
626
1642
2548
1220
584
2431
650
2472
414
2520
414
184
972
498
1724
1498
390
374
2559
750
1212
1140
2804
1290
58
130
2303
2438
600
2230
2285
1864
2307
2303
1472
1496
520
1428
1930
604
1352
2512
2237
108
48
1630
2157
2478
74
558
2396
466
362
310
1052
388
2008
2331
2048
142
866
2271
578
1534
536
2249
1162
402
418
792
2292
1504
2271
1890
388
1782
178
898
2218
2367
1466
276
1542
98
1140
1196
2622
1706
510
266
412
324
630
374
2467
782
1902
218
2152
1604
984
738
770
2344
2404
1342
2350
2091
754
18
712
660
1608
2454
2547
722
1146
460
114
1246
910
2609
2010
2343
1738
2049
986
1280
2754
124
204
988
808
1934
2234
998
2406
834
1566
1896
494
2492
88
344
2425
2077
852
494
1020
2224
1316
2379
2260
18
672
842
1522
1538
1406
1366
2459
1424
1560
56
2092
866
2346
2302
1296
14
2280
890
1970
320
2109
614
830
1994
2119
1318
2363
2068
204
2099
312
48
2299
2417
506
978
244
880
1390
1294
2501
938
1154
646
2138
1032
2245
2132
942
2081
216
60
2145
1962
676
1120
58
990
92
1396
2578
2172
582
2040
644
1616
94
1022
2184
2277
2168
858
794
2169
1886
782
1122
2340
176
2017
2358
2619
584
2389
12
328
2488
2106
694
404
132
2630
1578
2517
1748
2067
2151
2242
2286
354
2233
1158
882
1987
302
2280
1534
1364
1428
2080
1358
2230
1792
2592
246
412
2316
208
924
736
342
2136
2363
2286
1434
1914
2131
624
2215
916
1800
528
2835
2231
2361
2354
1674
1792
184
2125
2203
1016
2175
2420
264
146
2402
2204
1592
1730
1822
1236
202
710
2192
304
422
2219
1900
878
826
2550
576
60
156
1668
864
2077
66
604
260
1028
1060
2232
2534
892
1058
638
2333
360
2387
1100
24
356
380
2342
2229
344
496
2176
994
2650
2480
1922
2157
2182
2212
612
1556
792
2332
264
2170
1100
2505
522
2370
256
674
2283
386
64
614
1016
2412
18
98
950
1568
1268
278
356
2362
2408
2448
1458
2543
2277
1852
244
2008
2178
1102
2168
2516
2338
1418
498
2012
668
594
2316
2180
2661
258
792
2114
128
1388
204
1326
1350
2319
226
2284
2585
2476
416
314
476
1824
114
2360
216
768
2106
1462
950
8
2050
38
2085
822
1164
836
490
556
306
2370
46
2002
560
410
700
2580
448
2307
2070
1602
2658
2201
2190
302
726
1328
488
1960
2391
1582
2460
26
1040
1336
1696
274
436
92
856
2352
1386
1916
784
1929
1963
1554
1764
1168
102
2188
2336
2345
960
1894
2268
1985
614
1142
1040
282
2156
1194
536
2574
1563
448
1898
2519
830
1520
952
1206
2084
18
2411
908
632
2093
424
1360
2414
682
2254
104
74
1176
84
1670
946
2399
2099
36
1342
1722
2331
1042
2147
964
2354
1980
380
1382
2109
2032
310
44
620
1920
1000
526
476
1773
620
930
1468
2211
8
1887
2048
166
2226
694
2031
2548
122
8
592
1556
646
2445
598
2566
1760
902
450
2346
2231
704
1786
84
2393
2168
342
1464
56
1331
2292
252
816
2230
958
1270
1992
2254
2629
2465
802
620
906
648
2236
2108
2018
2481
1758
36
2094
2277
1060
370
1098
484
276
2150
98
2059
436
60
574
1002
616
2096
1986
1664
2340
258
1224
452
2083
614
2130
62
2468
2219
590
1128
2132
2092
54
2491
2403
1992
1046
406
2394
1954
352
264
1236
1168
1276
994
406
544
218
688
318
2154
1574
284
866
2601
2381
2268
984
2700
1906
16
2249
2466
2197
204
1674
406
1404
1132
376
2402
2410
1702
166
902
1258
1185
1863
2400
1774
1799
2332
1898
634
1982
2561
576
1872
1598
2537
1476
2153
804
1703
1474
2010
2317
2300
990
2152
1992
2383
1454
442
1954
824
656
584
1194
220
58
14
574
2594
1208
1096
2085
2327
1746
2310
850
82
2215
660
602
2104
1240
2331
340
878
2266
684
758
2046
882
2392
2480
2213
414
2269
1548
1766
70
90
1472
300
2448
2068
248
1868
958
330
1386
254
748
1268
2161
574
122
910
584
114
1614
632
368
994
344
328
270
2603
1933
2524
2050
2695
740
2084
172
2395
2580
952
1184
2014
514
1030
858
2385
2576
2719
148
2221
234
540
424
358
684
904
1866
1921
492
156
1992
1064
1182
2400
70
80
1076
1038
70
1909
1652
1848
2220
268
870
2375
2143
1128
888
1320
1768
1576
942
2478
1396
1916
2527
1852
2185
162
1562
628
1478
1973
40
1804
762
1106
850
2183
330
334
2368
644
2373
782
690
1724
2122
2290
24
1370
914
1872
1480
302
1659
116
42
256
2186
2300
2586
1548
2594
100
1691
358
2150
1100
2442
2239
2082
1828
1436
304
2282
8
2077
1098
2418
1716
2187
1122
2439
2248
394
96
2134
1292
196
354
2262
2184
2305
1010
2506
1622
1672
832
1358
2670
810
3134
2710
406
2089
2337
124
2499
224
424
966
1332
2216
570
2296
178
1913
34
1973
1914
2199
1038
832
2322
2192
1040
1120
1034
218
714
1450
96
2522
668
530
512
2543
752
2701
2039
1188
2654
2629
1438
2142
1014
68
1648
864
1720
2567
1664
360
2068
2428
2419
2766
1466
2439
2191
2394
8
2181
2545
1906
2141
1278
1825
1054
2241
892
2267
2308
174
1032
2269
414
1662
1054
2079
2180
1506
1697
1022
2374
2190
2705
2384
2449
2470
2255
2146
2169
2442
2564
28
1820
324
2646
374
88
744
1958
1044
162
692
148
956
796
1416
696
1870
2054
418
2115
2188
480
2330
1942
492
2114
1224
2069
426
2441
2093
984
386
1972
734
738
1318
1886
2466
564
472
220
2076
430
368
2577
2159
362
164
2714
1366
2372
2528
58
222
2404
2507
856
122
102
338
2227
1494
2183
1540
632
2401
1798
1206
474
2090
2744
906
2301
300
742
2396
92
556
1648
1144
120
2312
1110
1984
2274
576
94
118
272
4
2267
450
280
2483
526
188
280
2458
2542
1310
38
2605
2119
1686
2630
2530
1252
2279
1184
1332
2282
486
962
484
1624
1328
1170
2156
1038
1884
366
2292
1782
2542
918
2328
1927
1178
230
1382
2422
164
1370
130
1104
586
836
2612
426
2362
2103
1576
2476
1580
460
1986
734
1282
2271
934
1284
1978
32
1758
2315
630
1905
2048
2424
2320
2010
400
2673
1910
488
1476
2152
1090
2148
1960
1198
194
2219
7202
3419
36
122
1126
1895
1836
210
2078
1026
2138
2328
966
106
294
1330
944
942
350
2402
1826
1354
8
1781
1576
708
2020
1558
2180
1878
804
1292
492
1606
1702
856
2287
582
2111
1488
2512
606
600
1920
2432
2794
1008
2057
1082
122
1422
396
652
744
2375
1506
1132
218
1318
2020
2473
1426
2077
2088
2097
1438
2203
2024
2640
2215
102
2333
1456
208
526
1062
1807
1110
226
574
2164
1940
984
2448
2577
1012
1774
914
1676
440
244
2269
1531
66
2058
1036
2292
206
2250
402
2292
2563
2176
2091
548
1528
548
2226
234
242
2544
1810
2109
2040
788
370
106
774
2295
2122
332
2499
970
2240
1006
1202
2103
680
530
2598
1558
668
876
774
334
676
100
710
8
746
2059
2324
438
1356
104
320
610
2062
724
1884
2420
308
770
442
1186
1098
1670
2572
264
1112
2119
1138
690
528
878
2305
2393
2248
1066
1902
166
894
1030
1028
2211
2231
426
2516
1294
396
812
2602
1620
1969
1480
1366
698
676
2542
1292
104
1882
352
1040
978
956
2254
322
700
338
1048
1869
2381
1388
2120
352
1894
134
362
1504
1742
1996
2379
458
698
368
2162
1841
2118
1148
2149
1698
1868
1604
140
150
1434
1686
1256
2130
464
2428
2078
354
2217
2078
2247
2622
1688
414
2220
2178
1457
2537
2309
2248
2203
1284
2184
506
1524
2583
2460
2386
2301
362
2119
2090
2327
276
1076
2325
2582
1250
340
1284
600
2523
38
658
1456
976
170
1852
1088
1924
1510
916
2393
1042
266
2027
226
592
110
2296
2061
168
36
1969
28
396
436
690
172
684
2408
260
2508
276
528
2376
1002
1680
686
2471
672
640
720
1014
1374
2489
2385
1584
2158
870
2263
378
1652
840
2148
62
920
1910
600
572
2070
2127
576
1492
2177
1302
70
2309
22
1887
726
2438
44
560
900
2058
1960
1839
2256
2365
604
52
2408
390
508
428
2437
1224
2525
850
2012
1892
2100
578
2213
458
2475
1216
2321
252
2278
1758
572
446
598
970
2145
1342
568
1550
1724
1638
2115
616
288
2357
2351
1356
2609
122
2048
1024
1344
964
2334
1430
954
2679
1662
2305
1166
268
544
2390
994
1574
2747
1114
794
1498
1000
1078
214
2179
8
1658
142
998
2396
2138
714
1328
2508
22
1438
2116
2400
532
1062
974
2265
250
2178
162
30
1264
1824
198
936
704
558
588
1000
2609
2326
504
2049
1422
2755
118
2502
1010
2305
1823
2150
1530
6
730
1108
2507
2184
2224
860
128
1000
2663
1356
60
1912
1874
828
2274
1294
1316
2085
416
566
1602
876
448
436
672
478
1124
336
2454
2362
398
1570
658
2523
2534
512
2096
2372
2424
66
2080
1614
392
66
888
1468
2262
2197
874
2250
26
768
2341
1660
2347
120
2297
2452
638
2227
1956
2302
1508
2010
2306
456
1900
2380
214
2520
578
932
2258
470
1719
2138
556
964
2501
1274
1622
920
28
2227
992
894
564
860
2284
1770
240
749
2270
544
12
1760
2420
2163
1946
2029
1078
308
32
2140
2108
2204
1786
1482
2435
1601
2178
358
1832
2316
620
2088
112
512
814
648
962
38
2094
2314
1454
2353
2312
2373
2046
126
2540
240
2476
634
2134
1845
1957
1726
584
720
736
1992
1084
746
1248
692
1832
96
1990
470
636
1184
420
2262
2107
2002
1490
1436
624
634
2493
2278
2068
564
1014
970
58
1506
2094
2306
476
916
28
728
2577
416
1264
2476
2646
1482
560
1953
2276
1090
88
1076
2302
2278
8
852
1961
392
2220
2282
90
1844
2096
2643
402
2598
2431
442
1218
384
1008
128
1132
1996
2648
408
488
2369
468
984
1436
2165
2786
1112
2210
2424
572
1474
2160
800
1776
3143
1334
104
2732
328
2452
352
2460
2153
1442
86
1926
2270
2514
1931
1436
1638
2524
1328
2069
2511
2445
2247
2665
2575
2796
712
2100
278
2102
140
2213
40
800
236
344
1088
2141
896
662
1732
1048
564
2164
1192
526
2423
952
1946
238
1534
126
1574
114
174
2291
1808
1856
2525
2287
894
1112
2129
2290
1340
2310
1842
2301
1903
2323
2189
1462
2244
658
2218
172
1378
1026
2156
312
1320
1062
2648
1928
1048
2481
1244
2295
2094
2114
2037
72
2339
1076
1334
2099
1246
18
2541
2308
572
1906
986
266
320
2037
1758
1906
2983
1962
174
1700
2395
182
2590
802
436
232
1845
694
468
36
2316
720
2422
2216
14
784
2170
2019
2664
2140
1144
2499
1946
1774
1106
400
1556
1432
2116
636
1799
2419
492
184
2188
2201
872
1298
666
508
2059
1648
1732
2172
1060
2549
2266
2214
2467
2337
2435
1432
56
2247
2516
120
1332
870
304
2578
2448
158
898
236
2307
2238
2663
154
990
2119
294
2287
616
2501
768
228
8
2210
36
922
762
2500
2174
2421
402
1062
470
2349
2148
1938
220
1842
710
1402
1628
206
1794
1022
1552
1436
2133
2439
132
1820
196
2306
360
432
266
2878
2535
2441
1296
68
2008
485
784
1092
952
1960
1968
32
694
228
2345
714
780
2374
130
336
464
1883
2619
2450
1766
1820
2659
2264
2096
2076
28
1672
2423
1386
822
1160
1404
1250
2412
602
266
850
230
436
2049
1314
1296
432
1632
1568
284
706
1908
954
2500
2024
166
1114
634
1638
46
328
326
322
1884
918
1100
840
232
1922
1841
636
132
186
2492
166
2147
528
1480
1170
442
2284
2432
2487
2578
1068
1522
2242
2384
1924
2136
2312
2429
2242
1690
2443
2198
1959
2304
1981
140
1850
764
1914
1622
2446
2255
2712
2136
842
52
52
78
1398
1578
360
890
472
2562
1744
612
862
706
916
2444
2186
1836
814
2063
1810
356
1320
192
48
530
1588
2470
2254
756
1372
20
564
2748
1796
310
26
2532
2350
718
1860
2578
114
1418
102
2070
986
884
1300
944
570
2326
2155
2184
2401
744
2648
1028
2372
316
292
704
414
1326
2014
1914
352
464
2596
280
438
1590
354
2128
204
1328
1642
122
2075
1706
164
1931
388
464
728
2752
1929
1374
558
508
2463
1606
2514
644
2289
62
2495
2299
1192
1248
1142
2252
50
550
2445
518
830
944
1038
984
1648
858
900
1724
704
2453
20
902
1988
110
150
2013
2148
2630
878
336
1710
1282
1082
1334
602
418
1844
1646
926
2079
2469
362
492
1742
242
76
156
2083
48
1408
728
1749
2491
162
238
514
790
2601
1064
2121
920
2238
2712
348
2498
234
676
2009
1654
104
2762
1534
1666
1962
806
2623
126
998
84
2188
2201
1432
2523
1354
1292
608
2408
2172
118
2574
1566
2309
580
874
2499
1798
928
630
2400
302
1934
1862
1104
1982
1238
1948
240
178
2290
774
292
2199
614
1740
312
764
1964
2242
362
2369
146
2132
2276
456
656
1684
526
2229
302
344
2332
2335
2197
2677
1012
126
874
330
1983
2413
2144
2340
2407
1002
1474
34
1396
934
2187
182
564
920
482
1174
2153
880
1908
544
1606
240
644
2618
2704
102
962
1084
2152
2130
54
1272
1544
2326
2365
2072
538
84
870
728
2271
2589
116
2616
1472
42
914
2243
2078
1314
1322
602
1092
200
2172
2343
324
818
1924
1686
408
38
2092
140
8
1136
734
1106
2454
788
1226
786
2490
1878
588
120
1514
520
2371
1358
880
330
1094
1704
1923
730
2509
944
2548
2486
2349
2166
2614
514
532
1240
430
1124
1784
74
548
428
154
622
558
1534
2151
2128
1112
850
2090
2516
2367
2230
2155
738
234
1670
2651
2403
2354
162
130
350
2137
710
1602
696
1956
944
1206
194
896
1864
1598
198
926
2308
1518
1910
656
326
484
1502
634
1807
834
490
20
864
1726
1733
108
1294
2762
392
2743
2310
2394
1810
416
1858
80
90
2301
568
1568
2331
126
2393
2504
2312
2377
240
508
742
96
410
312
2036
696
374
1376
2366
764
1615
2215
2064
2701
572
118
562
270
720
368
82
2112
1244
376
732
1614
228
1170
2659
76
144
20
464
48
2267
2445
2174
766
1158
2385
2447
44
752
1410
2749
568
202
2230
2228
110
2318
140
1278
1454
2087
1865
2522
476
2567
2126
332
1588
1882
2480
948
2249
2289
1843
2499
446
1508
1376
1968
624
690
116
830
2504
2450
2329
2295
1530
2185
58
672
1580
2402
96
2396
1536
2101
1178
402
2000
2198
2261
72
1754
92
1422
646
404
2171
2365
2630
2430
1418
2194
2342
1226
1080
1556
1062
2099
2271
2084
1986
1961
1140
920
530
1978
788
452
2658
366
1266
1990
1998
2210
516
190
782
2292
100
2388
2240
924
54
828
316
612
1600
106
220
212
184
970
634
2463
376
2406
662
2265
514
478
2236
2241
970
102
2325
2440
2662
2291
348
324
474
216
1614
566
2134
1024
752
1882
1376
2060
544
1088
2589
1174
2647
2219
1122
2309
1038
2574
1252
1060
1404
1100
1468
2438
26
1592
1072
480
2222
1402
2458
702
1166
90
1074
496
680
228
2690
600
908
1562
176
168
108
646
624
1908
24
440
2561
2211
20
550
464
20
820
744
454
1832
2016
2471
1302
980
180
2295
2229
1544
2142
1674
160
1192
250
2383
910
1274
848
1464
2620
1462
746
836
1798
1360
2214
1538
1516
684
1788
2097
1702
1866
740
1132
194
1182
1414
2144
1570
964
704
1866
2507
2801
212
2028
1414
244
586
390
1634
1128
2277
1742
898
788
2524
1982
250
2178
2662
2511
2302
480
556
354
2098
1272
704
2552
1504
1508
1310
552
2096
2306
1582
2127
1186
594
2326
260
1590
1954
160
470
2342
826
756
1402
802
1206
2253
1748
1948
992
2009
450
2039
1254
36
1700
630
52
88
2238
2280
1296
1368
434
2320
2288
852
2153
414
2414
2569
6
2595
2178
534
1294
8
1016
1138
66
216
356
2600
280
1894
2368
2076
964
1648
506
720
1941
382
90
268
1612
416
1256
1939
1498
1216
1768
2427
108
2258
2521
1987
2460
1364
606
2218
1394
2105
1262
232
1434
832
2508
1616
1436
1272
1192
1346
552
2295
824
2196
2010
154
1424
656
2458
1742
2272
112
450
518
1700
1218
168
2377
1024
1198
558
1983
2364
1122
490
1800
2010
2792
852
864
388
2374
2317
2396
1420
138
2231
2308
1977
60
1326
1136
960
1964
2556
1408
426
916
1170
2132
2678
2360
2200
1212
2484
1978
820
2650
2273
1584
812
906
2717
246
182
340
1854
216
1004
912
1248
506
2154
982
2548
2458
870
904
2395
2322
1440
3747
2420
1888
1952
2240
1092
2028
320
756
2309
536
652
648
634
2215
1036
458
908
732
2022
474
532
2335
1104
604
2293
756
1734
396
926
1010
2376
320
1452
1898
2014
1790
898
312
2134
136
1218
1656
1512
38
2121
2365
118
38
904
2754
2026
852
58
2173
260
2193
2614
74
524
156
1456
1274
452
2573
842
352
26
918
122
1144
1384
1722
1560
2570
564
870
2161
2213
1584
2402
1044
192
2446
922
390
2399
2141
162
296
2714
444
2414
1046
1588
162
2409
970
2051
120
152
292
1078
1378
122
2388
240
2319
2546
2239
2372
1527
2115
2317
206
572
942
336
484
796
1200
114
610
1698
2334
426
1270
2101
388
2429
244
2004
2453
628
2124
2372
150
1110
1104
444
1004
108
1912
2242
1208
90
2674
1004
2204
88
2174
1148
1788
2132
2213
2745
286
948
2258
2554
1811
1974
252
60
1496
1790
2391
406
660
2488
974
1811
2040
2319
2020
686
2183
174
1790
2209
206
2382
550
2480
170
320
748
108
76
8
616
356
598
816
142
1038
1902
1194
1074
650
806
2033
1890
2370
648
10
1690
28
2152
746
124
2093
1152
1976
1542
2362
264
2277
796
1922
44
2163
2227
2247
628
1062
664
1696
2400
2339
858
802
28
1558
1868
1222
1656
1478
2202
978
2703
2411
1460
2174
2642
906
748
266
576
56
2260
920
2321
260
564
1936
1180
740
2096
2421
1772
804
1940
762
2752
688
382
900
244
2262
1088
2374
6
2470
394
1298
2349
1188
2576
1668
880
1912
1522
6
1950
1110
2098
644
2064
1408
1286
2187
2321
1738
2743
418
588
902
1260
2426
2555
386
938
460
1710
2262
130
452
2200
762
2432
704
2042
1172
2331
2188
1890
2411
1983
1130
2161
280
246
422
2005
400
1098
92
2116
820
282
1762
820
144
2590
352
716
192
996
2001
1330
68
870
1188
1730
2234
844
340
2364
2340
1620
1174
1898
2522
1784
2533
1146
2113
2231
2163
934
918
1826
1286
916
1740
628
2465
2246
2021
126
834
2352
1294
1634
962
2236
498
824
18
512
2116
2304
1766
1648
1698
1086
450
2584
2159
1096
106
1340
2556
2066
2014
946
2144
338
2384
292
2130
2432
2505
18
2464
970
942
1662
414
920
2395
2088
2154
106
2414
336
1498
120
896
1212
346
60
2184
2066
1366
2823
2064
368
1420
1606
2621
2129
2176
2340
936
1556
1416
614
1560
2428
2251
1148
2062
2060
226
1114
1132
700
1626
2487
1230
2090
1354
2090
76
2564
2224
1170
1262
962
1002
936
2288
2184
308
2393
2182
604
1698
1008
2207
2253
1690
1058
2514
2250
678
370
1754
2310
1106
202
1044
2182
1900
1634
1936
1260
1905
2275
390
360
2128
612
462
326
1685
412
290
4
110
586
334
1342
2010
774
1600
670
1562
852
2140
1270
88
366
706
990
1182
1576
2193
696
1761
752
2073
2364
1346
1246
1772
454
418
2277
1172
434
10
972
592
608
2594
2158
1572
46
88
214
2028
1204
1452
1869
954
482
2347
1346
1304
1282
2002
94
2266
2131
800
630
440
1050
148
2604
2339
132
2156
2132
2677
1634
2141
2600
1104
904
1140
760
864
1376
992
2041
1957
532
350
650
726
1210
680
436
108
626
1368
1188
852
2180
1350
1946
1014
1702
828
2143
1192
1270
1282
2447
1972
970
2028
1920
620
1560
806
2407
102
324
1332
746
668
574
822
824
1210
134
2287
502
630
1110
1450
336
298
2360
2530
1028
2072
2054
1550
498
184
1208
666
1042
266
2105
2016
1944
2236
2428
2624
2579
1142
848
2519
1824
1820
940
1548
76
1048
1496
1462
2656
1870
2502
402
1726
1198
1668
1252
384
1264
344
2070
364
2252
1836
1844
2366
1558
2161
892
398
388
2513
2468
980
1953
354
2076
1812
2065
2139
1526
2374
44
1328
2231
990
140
2258
624
2669
2462
728
2441
174
378
2320
606
2270
1034
984
2763
2343
838
146
1104
2608
42
1884
2397
446
736
980
2308
1114
42
322
294
794
240
202
420
422
2048
204
2254
884
58
864
1996
1026
76
2256
570
1542
1874
2080
524
1958
750
962
122
328
1540
2304
18
2139
612
2538
28
2039
1800
1818
2324
1708
2220
1028
366
2156
1546
310
2371
578
2116
986
2279
770
324
1798
448
310
2340
2799
802
788
4
2032
890
2288
2226
2175
52
1881
150
1344
2572
1828
1408
848
2392
422
72
434
1987
2692
2176
158
2197
2582
2713
692
678
784
2394
494
1554
498
1534
2017
1834
1330
2248
392
796
890
106
1254
2224
1872
536
50
2120
1410
1884
444
1902
70
1426
622
514
2401
1314
560
2357
460
2126
2151
2585
772
906
1754
452
290
2214
474
2199
404
2547
1042
2479
340
258
764
16
1480
1412
980
688
1932
340
496
1244
2099
1618
2546
1620
298
2584
670
532
2034
1570
746
1272
568
1484
394
2236
54
2136
420
2242
2007
2323
1306
1754
24
234
2394
1570
534
2284
380
2504
52
872
2382
102
16
804
152
2139
2150
148
2093
1408
1940
518
1954
2519
1484
2270
2605
748
670
474
1108
430
748
760
528
194
2622
152
184
248
2130
886
2282
116
2354
2364
818
646
2444
364
512
204
590
1110
2578
144
438
1412
1340
436
1226
498
2342
828
718
1470
2001
2709
626
256
1864
2468
416
1452
1070
1228
1476
2101
202
628
478
1620
1885
2377
314
1430
2434
1866
2427
2665
88
2194
2268
2022
510
2169
424
1860
908
2563
264
528
2262
800
746
1716
894
540
2502
102
2114
1014
2274
1476
446
230
2344
264
646
2403
1892
308
130
1210
230
802
2338
2333
1452
528
1844
2272
488
492
52
290
2495
218
1626
510
666
382
32
1922
1160
10
2373
2462
2541
1691
206
122
320
2000
506
2456
2222
2163
2143
2332
1340
1316
2210
1780
72
352
2108
518
82
104
1346
406
1937
2319
2189
208
2564
318
1916
2338
216
1970
2325
150
230
2776
248
2108
292
2048
2102
54
1312
246
590
1074
184
1156
928
2070
1332
326
2159
1510
2259
384
2096
600
306
908
2221
222
788
1092
1388
924
236
862
1636
1922
834
244
1716
1864
2156
236
64
762
2458
86
1048
2116
440
2566
56
1236
2131
94
2062
2380
2268
66
1252
522
68
2516
208
126
2292
2456
1038
2306
2216
54
1242
212
298
822
206
1927
2608
2172
1661
1786
912
906
1510
72
120
240
972
1398
1866
1096
