2610
2000
870
162
2445
2326
368
114
446
244
2110
706
1362
2696
1524
798
1390
2040
2060
1742
1214
2311
168
1532
940
1664
796
500
1374
744
1784
492
346
1772
964
468
176
2172
234
378
518
710
966
2180
2000
2296
308
494
704
610
2345
2270
2470
682
510
1849
1780
1916
2232
2181
502
890
2020
948
2154
1350
2617
2035
126
1634
2203
1606
2763
2196
2411
976
312
2236
652
546
2361
858
220
1843
210
382
468
624
1264
166
2610
24
620
2151
558
1898
502
1066
2104
2267
2470
512
1042
472
2165
488
686
454
24
792
1706
2122
10
384
2289
118
426
2083
542
1318
28
106
656
2630
1064
1373
2515
166
2381
840
2112
2253
2217
2196
470
1430
2123
2145
1298
2455
1302
2605
2304
2017
312
1356
2208
1668
2256
2380
294
1462
2697
642
2341
1913
1384
2397
954
186
1098
1112
2301
2475
2598
180
34
2409
1286
1216
1670
20
918
2719
2860
1436
574
1674
148
444
912
2142
580
2621
2324
2446
226
978
1080
202
1056
1973
2188
448
2018
312
30
604
2260
2620
1290
2472
1130
2437
1416
1640
1322
462
608
2011
1174
1096
1700
78
280
2123
2596
1742
2294
198
432
2451
1232
144
2547
388
1480
20
1044
2497
2547
2177
2522
100
1962
2681
1829
1936
976
2037
1950
2283
1312
2418
458
446
726
1412
166
2120
96
870
396
580
1258
382
1506
222
14
2122
54
842
60
2370
152
396
1054
2326
1612
118
1134
940
1873
2222
2541
2619
462
192
156
322
68
2437
658
1308
1592
356
532
200
2136
246
2238
726
1302
2371
1420
2526
1408
2244
636
1909
1394
898
1422
390
792
380
2093
280
792
2348
1980
234
1004
36
2309
2355
2102
28
2364
2220
2277
162
946
2265
1552
1396
954
2343
2557
128
222
2143
2323
810
610
2080
1912
2368
736
1556
886
2154
1052
1644
2046
90
120
128
1302
548
2459
1854
2338
1660
256
1732
1122
224
606
2538
1744
2333
592
130
564
862
2280
2344
2207
1242
898
1576
176
1000
2236
2190
696
1830
2241
2311
2496
2426
632
2106
2341
2169
2664
1973
2105
870
1810
1142
2088
724
2329
198
1260
1598
264
210
774
1970
152
2369
2168
2309
2374
180
2075
2533
1606
466
1232
2198
2530
2352
2623
2145
82
974
964
1896
650
308
2550
1700
60
2261
1132
2453
2284
1154
242
700
1134
68
484
532
1566
48
1604
2471
2499
834
1062
702
326
1580
2201
2064
64
2577
76
2394
2221
2340
1990
2531
554
810
1772
2201
2494
2545
122
466
2252
1192
672
1979
2674
436
286
370
260
2146
2018
42
448
2002
1528
602
258
224
140
454
462
348
44
1862
198
2128
608
2237
1288
570
2542
596
338
1714
698
1793
312
2448
1304
1240
460
1164
2088
924
242
1149
314
56
2437
1406
1456
2278
1638
534
66
2480
492
2771
2271
1640
902
822
558
2414
2315
2406
936
1580
588
2510
2409
2043
216
108
512
1694
1402
78
1464
2594
2084
1006
2010
2342
24
844
268
544
726
2502
436
2796
1446
156
2140
1024
154
1820
2019
2264
798
428
1176
1190
884
2290
2480
216
1222
700
2200
14
1272
2560
542
1928
416
298
1366
2499
438
2064
2457
1777
1290
1914
1812
1152
294
598
1983
1298
1852
1112
2164
484
300
1078
254
1188
2004
162
2254
556
926
662
722
2294
1742
1594
2153
168
42
2328
1398
1774
634
146
562
306
804
2280
676
2258
2555
2222
466
2296
56
960
2542
1324
1912
446
2032
466
34
256
1666
1518
792
158
744
156
2143
1568
660
454
944
2125
108
1452
304
934
1776
2299
1972
1444
658
184
2736
2541
1070
82
1012
1778
360
254
2168
1294
484
1986
1346
2318
122
2064
2591
990
728
108
1498
1164
170
2138
2538
1184
1098
526
1284
728
2835
2489
2347
1050
2210
1395
2444
2281
84
818
292
258
366
912
1912
2134
1218
2437
2170
2000
2599
1338
2136
872
2770
1232
2374
836
106
302
886
2542
1768
2328
458
370
2550
1160
836
1224
332
1516
224
1846
1154
164
262
1292
2070
424
1646
2597
132
1994
1190
2124
472
2571
350
476
122
2122
764
1600
2613
2451
954
494
1006
1701
86
2213
1000
932
2363
390
2573
20
1622
476
1088
466
2681
694
988
2571
2303
1664
648
66
690
540
2435
1768
1350
1940
762
1286
590
14
1707
2669
588
568
1222
542
590
954
30
1692
504
1260
1086
532
850
2175
34
310
842
288
1330
914
230
1346
298
2054
648
572
1739
1126
1072
544
298
1312
1776
2352
2652
2505
934
1935
322
886
800
1262
2026
512
1915
2124
122
278
2062
2220
930
1100
6
326
1386
796
1959
1256
1050
56
2382
2230
2124
176
244
2543
2182
170
2279
2362
1028
1074
2307
1580
190
1020
2358
2188
2648
2419
216
1146
320
858
1146
216
2481
2028
874
574
1126
1112
178
1808
810
2500
150
1872
2313
730
1156
2318
2248
1690
722
2148
1784
2488
2213
1778
2092
2558
2327
2342
448
1482
1188
1424
514
1680
1596
1684
154
278
2092
358
2155
910
1134
780
608
914
698
1692
2182
1432
198
1354
2058
940
346
2608
2335
1280
786
1566
1136
990
140
820
1492
1830
2402
2132
64
28
178
2230
2007
766
718
1430
1084
694
12
244
220
210
2283
2210
674
1562
2460
1873
124
2282
2571
2550
1981
2272
598
42
1214
414
2327
298
2031
1638
2284
522
2474
2577
2174
814
388
2252
256
1956
1344
670
704
1248
198
2185
1762
366
1204
2291
1888
138
2078
1656
2222
2079
590
1762
2017
92
2298
1310
2538
1988
466
2225
2283
946
2194
76
382
238
2112
126
1618
2373
2457
2516
1308
692
2027
1256
1140
1184
1010
60
306
2204
308
588
640
2114
136
2566
2357
734
662
800
1434
226
140
2394
1828
774
860
2498
2507
64
6
810
560
402
2665
540
2112
1652
808
2572
2279
554
96
2131
2667
1190
324
298
1984
666
4
296
828
2165
2477
252
1918
1150
2499
954
896
822
456
426
2602
1844
1874
2109
1854
502
2499
1164
896
176
1194
1312
324
1242
2182
566
356
828
582
2292
2280
1472
696
1162
2490
2402
1640
276
1628
2053
34
2156
948
2135
584
2534
756
326
2422
1188
2076
1040
2742
1987
1436
1266
2411
1374
2175
1972
2491
606
32
1738
214
2565
342
2144
2424
2050
62
1022
1320
26
116
102
1018
2532
534
2265
1694
686
220
180
2355
2009
2312
2032
64
1126
1198
2028
1864
1248
480
104
1790
2072
1126
1146
1900
64
1708
290
44
964
1508
2274
1632
2618
1560
2269
1572
2686
262
428
2056
1574
2068
2134
2406
270
500
2222
480
2162
240
2428
2391
1668
422
2091
1236
404
344
126
2154
930
2028
2416
2120
2241
2049
2664
2454
2072
128
696
2166
1778
928
1836
2388
2331
2426
514
2158
2034
844
684
2002
256
1859
2175
1106
1756
2381
1994
98
1508
2462
100
2641
130
2264
1256
366
3049
306
2281
2386
132
1126
2270
1982
2118
1728
1904
2350
1240
634
250
2637
1490
1592
842
1852
550
2144
714
2333
290
42
976
1054
1722
2142
1744
668
2389
384
2172
318
336
1396
1978
1284
1398
2159
1660
2067
374
1508
1186
2161
2065
2289
204
216
1688
480
208
1954
1984
2246
190
288
2466
2252
604
980
994
870
2084
1032
1968
1889
942
2336
2342
2637
2059
2206
2418
2032
1296
2420
2502
236
2049
2414
532
676
1684
2293
1990
1418
552
2613
712
2282
278
2170
286
1995
1206
890
2281
462
1807
1350
448
92
1572
2199
1572
1770
650
660
1334
362
330
1980
452
1855
1800
2158
462
1904
1184
384
2390
1890
2718
442
1790
2367
2307
2155
314
294
1012
1634
1126
64
2090
2446
1820
1964
2288
2479
2196
1032
2182
2298
2174
446
624
932
1414
750
1694
894
2465
2332
20
1891
828
1042
2478
2783
2292
1204
1408
2602
2233
146
2299
1090
280
192
2136
280
874
718
550
528
756
2462
1666
1146
102
272
1142
2570
128
174
926
330
1264
1730
1950
974
1424
2396
2533
460
1110
280
1786
1760
780
2483
22
250
2053
2041
1954
2653
1230
420
1820
2383
2278
2127
2611
258
490
172
1804
1880
130
246
2394
2347
1142
1940
496
2174
1318
370
2086
294
774
316
2361
2202
768
538
1578
1448
302
1200
476
148
320
1228
2516
1120
2664
2486
1360
618
568
284
1118
2288
810
1552
172
100
2220
2459
366
2073
350
674
134
2228
1588
672
398
1182
1975
1890
1548
52
1986
856
310
2398
1862
886
1308
200
970
710
1382
1808
2758
740
1894
2203
1662
1236
1152
2549
2409
508
1408
1560
882
356
532
2680
1910
182
110
2031
2119
428
2199
702
2439
1340
152
434
1422
2445
2539
718
320
336
2452
2447
1288
2377
2041
2329
2397
392
688
2226
48
1038
56
1456
2736
996
2646
394
524
652
226
2397
712
2225
706
2570
170
68
466
2238
2276
2045
2192
1066
2260
2506
1140
2087
208
2369
112
1576
1516
792
2535
1970
2357
2615
56
2180
2115
2332
2147
2445
2553
2138
1086
1738
1706
1184
954
2520
1830
54
134
1418
2266
1835
1406
2414
326
1062
2617
2318
1600
138
170
542
2304
290
180
576
324
1504
1870
2332
418
1382
476
426
1854
1848
1554
2452
2318
1746
334
1954
1442
1860
1414
2376
2529
2422
450
1784
2646
1792
2493
960
1060
496
2711
2528
2193
750
2279
404
1951
2371
1226
2605
998
694
1944
1680
672
128
2516
1422
2504
910
524
2382
1020
288
26
1034
850
1118
2058
718
546
2461
1818
2210
2020
674
1324
2272
2668
380
2140
1550
1806
16
2524
726
312
2418
1710
914
1036
1706
570
472
1132
2299
2006
98
2366
1136
316
2499
552
278
748
102
2218
1044
2494
2463
2353
630
2299
102
64
1970
1976
1658
2058
1813
1398
936
1736
2501
2734
2447
2749
364
1390
42
1504
836
1070
720
1214
2426
16
820
2353
2578
68
1056
2426
1948
1953
622
2545
380
2344
2090
2489
1364
816
1086
2509
2837
312
258
550
1764
1092
2164
1604
68
1230
2316
1970
718
836
230
534
1440
694
1993
2404
1244
242
1528
126
832
2263
54
6
2652
1328
1889
586
956
2413
1554
2514
1502
124
2200
10
304
1146
2237
2192
882
830
464
1606
806
2221
1104
2198
54
1482
1776
308
274
188
266
528
2115
784
1048
562
892
2265
2433
2146
1504
1692
758
1640
2236
524
642
2417
1158
1320
1676
1754
2318
326
524
2315
850
176
2201
2136
424
1164
2384
2615
1856
1576
1124
484
666
1200
382
2070
2228
2452
2054
110
356
74
1038
396
1758
2129
2156
98
2398
166
92
2128
2409
878
400
1152
2646
948
1452
764
980
2662
2658
2394
532
244
2134
1909
2010
1968
2042
2418
2001
1616
1978
898
1434
606
2442
3593
926
212
396
970
798
2635
196
2572
136
2301
1126
410
1016
2222
2188
2096
44
230
744
244
2642
1782
1652
2385
418
1974
2140
1737
852
988
1774
2114
1038
1920
1214
828
2108
1304
564
410
208
1272
710
2684
2293
2358
2631
398
2561
602
322
1416
1428
1938
366
2447
12
1734
2002
246
2523
2559
22
3959
1354
1736
906
1951
516
1921
176
668
2258
2581
760
2163
720
1018
376
2392
1544
2145
898
1222
1916
2214
204
2268
918
1948
178
1976
2002
1228
2480
692
1838
1006
866
2155
2436
2457
1008
934
2174
284
2313
2250
2100
2454
522
1460
1080
186
1843
1122
552
282
222
2410
1610
276
74
1942
2263
2022
1728
2045
2682
156
328
2850
1837
246
1654
1514
2220
796
2478
406
724
1794
122
1968
1082
684
2562
1136
30
2352
416
1932
2243
2066
26
1394
2231
1808
2198
340
334
2115
480
2240
906
16
1170
800
930
790
16
338
2467
154
1524
1414
1916
2373
416
2284
2257
290
356
2107
2362
444
1800
2171
190
754
2371
1849
2277
2205
92
2302
2370
82
1703
2223
268
686
1202
308
1366
10
1418
440
2041
2193
1572
422
582
368
692
2222
170
510
2344
1658
168
1500
2427
508
882
88
2171
1170
2332
1408
960
878
22
2776
1960
48
30
1012
900
122
596
596
990
2625
2079
698
850
2299
358
1354
466
840
418
192
1048
2402
2668
778
560
1652
1916
2250
2002
2386
2060
1468
2033
2342
1981
2330
2127
1504
336
1845
2339
1008
2659
2184
440
1318
2244
1534
2479
1212
2696
842
1560
520
1254
2313
2390
1298
2019
1910
2300
1388
1734
1676
1368
2278
672
340
2252
2072
228
2486
2196
1322
2026
1176
1642
202
2388
2233
832
2084
2223
924
1964
346
2548
1348
488
418
94
1758
1342
802
1634
1118
1452
1276
1746
668
12
528
1130
56
146
2522
1526
2338
2685
2464
2332
2071
254
2021
2400
1130
1098
1786
2587
1572
376
484
2790
2184
32
134
54
1874
1584
1896
696
1418
2748
630
2154
1684
2062
736
1436
1908
34
728
2562
2007
158
2694
2360
96
2321
1862
1770
2032
326
1166
496
2517
414
1948
2303
178
1090
420
1056
2003
1592
1815
2079
522
172
414
1566
2522
2540
1993
1002
454
2295
2451
990
126
204
2244
680
2537
2138
1856
2349
178
2358
8
368
2118
1034
3039
816
1120
1128
710
452
2403
156
834
2450
1146
1188
2522
1660
1338
1090
328
662
2593
2329
312
722
1080
346
334
480
2266
1582
1112
2141
1334
1014
2478
2274
442
2345
194
2582
1756
1202
52
1202
26
1230
1930
522
978
2178
1712
224
694
2132
2296
2318
2609
2074
980
354
16
2459
834
1564
1482
2406
960
2227
252
170
864
2481
2195
1166
540
508
2177
1816
122
2134
2197
1064
1084
1268
264
912
2424
2393
414
1554
416
1014
1758
1270
1610
96
220
1744
2169
1881
2100
2076
1856
2248
2050
1440
300
1578
1678
1956
1608
354
746
2756
2582
1544
1020
786
1276
2176
2041
2391
1955
332
624
2573
2658
2462
1300
2181
1939
2236
2025
2282
2558
2160
2190
52
64
2546
2502
278
590
1882
2735
2202
2619
1772
358
2587
632
432
2120
764
2396
10
2413
2191
1640
2551
6
1284
2642
1218
1902
1268
306
712
220
1878
736
1730
370
2356
1000
2048
2096
2115
608
1556
184
692
1444
94
1138
2059
2427
1106
2704
2041
1992
2032
2187
2120
2268
1154
2158
2331
1004
788
938
988
2370
2399
2322
356
1260
1806
1098
2268
1126
912
610
132
2573
136
588
2374
2396
2553
374
2238
2208
176
1728
724
980
308
252
2211
408
616
238
1892
200
572
84
190
250
2422
2670
596
2799
244
474
1252
1442
2
1472
1488
1046
2296
748
2009
564
1504
1632
906
2030
1594
634
846
1184
1116
2268
4
2276
2378
194
1112
544
2431
552
2591
644
2345
2278
40
1550
2560
832
2166
1454
1610
1803
2433
1008
584
1274
1712
1680
2226
2118
2071
186
2127
350
728
14
2251
936
124
494
586
2288
1372
1854
2682
2248
854
510
1226
870
714
2283
2517
2270
982
2066
1841
2310
2732
704
1636
918
1318
496
260
1398
762
1490
1060
1923
2424
158
420
186
2217
2471
990
2161
1884
838
2423
290
698
2457
524
1548
2374
1764
674
1288
2390
2713
1224
1848
56
2124
662
2700
608
2379
1570
244
36
144
1292
1240
2112
2131
292
1700
384
1722
2053
512
2193
20
762
1922
1242
2533
2113
1394
832
2655
1382
2273
752
2355
2398
390
1114
2681
1266
2321
14
882
220
466
2002
1776
1892
1164
2484
786
1226
604
1896
1620
636
458
1016
1002
1823
218
466
2209
130
594
1882
2190
2325
2639
2276
2788
2011
2250
2332
1640
1524
2433
134
734
904
2185
1400
974
1024
1382
2305
810
2094
2270
1204
1574
2717
2244
868
2314
1774
1006
2629
1882
2035
348
24
1584
148
1846
186
1558
2405
1334
2132
2140
406
2380
962
2651
206
72
1286
2288
2383
54
812
198
1860
1978
2143
1036
1286
2612
2272
1892
2221
542
1594
386
1824
16
454
356
2608
2386
976
1952
846
1925
1266
2392
2404
2711
940
30
876
892
1784
1816
2203
2483
1856
1472
2057
2420
1598
1068
1306
108
2262
652
1498
436
2124
2555
828
2324
998
646
682
438
2400
1002
2034
2612
1292
230
1274
2602
1621
2596
1020
312
232
1504
796
2293
1660
2308
1486
30
1737
826
90
492
400
648
2307
1873
1154
1960
610
2280
2255
2098
654
322
2466
1168
1550
1872
30
94
2481
134
2525
1859
2294
964
108
494
2078
1240
132
2133
2625
1260
2236
2057
380
2292
2540
2380
2209
234
2425
1144
2398
2135
2388
2396
18
490
1258
558
488
2643
1286
2228
1796
1396
842
2594
520
222
1582
2681
580
702
598
2236
3339
2508
170
1907
598
2190
2121
1980
370
300
1342
752
2068
1038
468
1642
120
2554
1892
2097
1752
1314
2419
458
266
2437
1710
1950
2503
874
2604
1916
2136
102
2113
12
762
2062
1800
2513
944
660
2254
1982
394
1890
268
1204
2677
2373
2248
2210
506
342
108
1342
1370
150
1364
2417
1262
2051
2574
2325
770
2028
1536
964
1982
288
972
1930
2035
140
1916
926
330
234
2218
1106
730
2006
1822
402
1972
1948
2010
1730
2337
470
278
96
1886
1452
894
2529
1084
1536
1146
2580
1644
1284
2347
344
836
1625
2385
150
2217
2341
2318
590
120
1022
770
500
1492
94
1872
56
2318
2342
202
1821
1638
1092
322
2342
46
1964
600
2575
246
2111
1482
1712
1412
1468
1322
2000
2167
2627
546
2490
940
236
1204
222
2024
320
174
1508
96
2401
2267
18
358
2348
86
1076
1098
1628
734
2860
1424
598
1955
2587
452
1516
774
2339
656
2673
2596
192
178
1096
1466
2321
2091
2008
1108
1800
610
782
1448
2190
1906
1589
2385
368
814
2105
506
200
556
2491
1036
382
2575
2200
124
2082
2415
2270
1484
2057
2175
534
464
746
466
2602
884
1236
20
216
2351
1598
1624
1484
732
36
1704
26
1632
2302
378
1140
1498
1700
2192
364
162
218
2336
1538
182
1548
2244
2177
1805
1366
698
302
638
2278
254
2244
2256
1418
2113
442
74
1972
142
40
2516
108
428
2053
2144
1188
190
74
2194
854
2684
554
870
146
1876
828
804
1824
2303
2585
206
302
1302
156
1748
434
1320
842
224
196
68
2320
394
678
1184
180
486
546
624
1678
1862
642
1991
956
1540
2475
932
2517
2435
784
566
450
2359
2790
598
1600
576
650
1212
1428
924
1666
206
1022
1312
10
570
516
2311
2788
2008
1362
2510
2116
632
20
918
2464
2505
2605
2332
1532
2144
2002
978
2324
1736
1916
1804
2279
1932
1899
200
664
1568
1650
150
2032
84
150
48
834
816
156
486
82
1990
242
2641
332
1550
146
854
866
4
642
1160
2253
576
1232
788
852
484
2471
2646
2183
1898
294
294
658
248
2356
960
1010
292
2271
542
598
1090
954
2060
1160
2055
2701
2352
1212
1300
2170
222
2205
2480
1990
2108
754
2440
2432
1030
2260
2466
60
1440
50
1034
1420
2314
1508
1422
2653
1394
1954
1318
2514
2627
2526
2419
1928
474
576
814
2160
404
128
2005
1592
142
2103
2588
828
1110
100
1374
730
1738
158
620
2456
1218
1902
916
1828
1855
1086
1902
2057
2167
2344
1570
2059
1476
94
2546
2068
2066
2352
580
2002
2235
2224
620
566
1008
2190
2320
644
2223
2491
1562
1858
1242
664
2200
434
82
82
922
2276
2538
2332
1470
1688
2400
1973
410
1326
286
1204
2383
600
2306
2418
598
324
2350
406
516
2093
2762
2603
2465
2182
2399
2478
632
2208
1042
1762
2214
596
988
1408
912
2128
260
2004
138
752
2563
642
172
874
444
722
1394
1764
306
2438
2259
370
256
2484
1884
570
3618
294
2461
2201
2206
348
1852
2202
2334
910
1412
1886
2549
2428
912
2125
1688
2077
444
1474
1803
1222
716
2194
238
2510
86
2444
1770
2042
1480
2494
1878
1684
1160
2320
1734
310
906
1348
2292
2135
620
824
1146
172
1208
1352
4652
2098
10
436
2330
166
458
120
1332
2091
1977
2404
2344
1780
2460
814
1808
2523
2286
1626
642
2586
618
2408
1935
2162
116
1172
620
1390
86
1394
2136
1899
574
2589
1354
2066
668
2045
628
2275
2528
1252
962
1558
706
406
2148
1174
860
2319
1874
280
236
906
2350
1448
1428
454
1804
2100
1986
532
2285
2639
2016
1884
2451
1400
2169
820
1636
672
470
2075
314
276
130
2076
1366
1044
2365
2061
102
108
1426
904
614
1144
658
38
1896
1554
1654
1484
2107
314
2327
1895
2296
2424
2531
398
2741
2459
1558
2030
2052
1888
68
2170
2588
2244
424
2455
1222
272
2150
1850
2465
1742
630
1098
240
458
240
2568
374
630
306
526
1936
1686
70
1868
2237
2151
2515
220
1134
2531
1170
1194
1000
988
1968
1646
960
876
1016
136
106
1696
70
338
914
698
1888
2199
1240
1638
158
2334
172
1807
246
16
1390
2333
2152
370
182
32
236
2068
1814
1436
500
484
1894
2266
2323
2280
2156
1404
2092
172
2234
124
334
2128
2305
1852
722
1975
2487
734
82
2252
1398
2476
2257
1108
458
350
1426
396
2103
1434
2404
750
848
2364
1212
1332
1702
1160
354
1450
808
68
684
612
2291
1088
626
2117
1898
1286
120
2217
514
706
70
2322
814
2356
832
578
1458
816
2652
2475
1800
790
660
2185
356
2235
702
168
2301
410
1736
2065
688
2448
430
284
2366
1150
1028
272
216
844
134
1208
1382
2029
688
560
2292
130
676
1432
872
2461
2433
2219
2132
436
2467
1328
218
970
388
2492
2069
2189
2038
2010
484
770
2272
1876
2040
1734
970
36
2306
1662
920
428
1320
2514
1908
2036
2274
288
694
2381
1604
808
2162
2376
312
1773
206
1286
1555
2324
280
2894
2187
1862
570
738
320
226
550
68
176
250
2461
1480
1588
730
2378
38
200
2140
2158
832
70
2243
220
552
1321
1854
2144
1666
22
2411
1993
2182
206
1937
212
2263
272
614
1406
10
2370
1666
1778
250
436
2131
2116
1394
820
2448
104
2634
2438
164
822
978
1220
1154
22
352
688
744
1828
642
2302
2310
386
1110
56
2079
2080
508
1426
1068
960
2283
306
2156
1036
1108
2018
950
1682
160
2019
178
1006
1458
1122
2230
938
2243
2301
748
1652
2103
2027
496
2637
1020
2388
2192
1094
2274
922
476
358
1976
832
2560
2159
2208
1866
542
2415
2055
1344
1344
604
2087
2287
822
1997
1990
2243
1162
606
154
154
2280
2150
344
8
2561
1978
494
758
144
2300
2230
912
2538
490
1678
1786
2237
2315
1456
1022
2364
200
458
498
652
1990
1526
2484
2033
1766
2086
646
494
828
2404
626
196
2634
246
2094
1320
1674
618
2211
694
2489
1734
458
236
700
872
694
1860
974
868
2491
1190
1761
336
132
1714
296
1316
702
712
100
1080
2186
2007
1282
72
964
508
2381
2214
374
1074
2516
1180
388
2214
1654
1612
2861
726
702
2113
974
1006
1914
1090
854
738
192
2282
298
1972
1860
184
608
886
2488
290
2565
1192
2481
182
1836
964
192
2462
956
2210
1308
2378
1342
1498
108
2422
1988
972
2172
1764
852
2274
1160
2124
2387
1804
2510
1566
1592
2571
960
534
2219
402
758
564
490
78
2034
2176
400
2524
1426
1548
2358
1180
2458
1915
1940
2404
190
656
736
2428
2051
524
2414
68
410
1158
2330
1274
2157
1032
1640
1832
1674
2421
1959
928
692
1714
2100
236
364
890
216
466
160
2722
882
1815
1676
386
818
624
2322
2306
368
1400
1508
2261
2352
698
246
630
576
1140
2531
84
2250
918
1724
936
234
294
2124
2495
2537
524
2475
1672
2179
1072
2366
2488
10
456
2064
2373
1422
190
1774
904
1848
1460
2577
2273
128
896
592
648
2128
2302
560
1374
2471
2123
826
146
2386
2182
2626
994
2169
836
154
686
10
152
1932
2549
1564
2277
700
516
2054
2055
1976
1854
436
2318
1170
2529
294
382
290
2104
1840
818
1665
938
408
2193
112
2501
2334
1190
2414
676
1712
1396
2115
1418
2357
540
42
2616
2500
994
346
2661
1164
1542
1200
598
2244
504
1828
298
2201
418
930
1718
2038
462
592
2376
2239
920
2228
2032
854
620
2234
864
1906
88
1600
2318
2358
2098
780
2737
2294
2198
2369
1672
1971
868
2195
2398
808
314
1919
22
1868
2434
494
596
2631
90
2085
1708
1018
102
2574
1472
2386
900
2208
492
490
2401
230
278
1190
2135
1122
2319
2105
1944
2191
314
2257
1512
166
2056
2496
1685
2449
1966
2195
934
312
856
2355
548
388
214
2173
10
1082
2385
804
1948
2513
518
434
528
926
2401
1408
2266
438
2258
2456
1350
1922
2114
1486
2516
2185
1830
1532
824
52
1482
754
192
1234
1074
2373
1698
2541
382
2116
2238
216
190
1576
2592
352
1786
2275
874
616
924
194
440
2454
206
1658
1972
250
146
226
1616
2291
2520
2050
2273
2551
592
228
2234
2496
648
2142
2242
554
1950
1983
978
1090
108
14
2199
1124
252
282
850
1584
260
2013
974
286
2250
1902
1692
2330
80
2551
2395
408
2343
2373
1794
2512
2315
2295
156
128
2102
514
2407
2250
2210
2482
864
404
1152
2397
1310
724
606
2402
2389
2402
812
2491
2180
416
62
2455
2424
2205
2514
1586
1496
1144
1766
150
2377
1586
1864
2564
648
2286
166
992
1112
396
1098
2444
980
2685
492
352
1906
100
2152
2410
2742
302
2088
276
496
358
1992
2383
10
296
1789
502
1736
720
2258
2369
852
1086
618
1192
146
1272
1924
1208
384
2565
1238
2606
2467
1690
1448
2062
1853
2324
236
590
8
1604
1252
2830
1616
1898
742
2061
2106
618
1858
2
1370
1044
248
2252
2040
102
884
202
1292
670
414
2459
238
2442
1712
452
2338
330
292
314
934
944
2367
2331
1994
1080
2452
624
30
426
948
2276
1008
2364
688
2031
90
704
816
20
2192
1200
2423
920
1856
346
10
2257
2599
796
1684
2341
1104
1654
1036
350
750
438
1228
960
206
1940
1458
154
862
1026
806
2456
1314
2222
2280
1800
1400
2153
2326
190
2579
514
2461
2014
2404
586
734
1674
2671
392
2439
1574
2552
1784
1962
2550
14
60
732
134
2322
360
1514
1264
2142
1728
2663
508
1142
1634
318
1506
510
2059
2592
1190
238
918
1770
462
2213
2348
2321
798
296
148
2748
436
2409
1506
1562
1492
2094
2764
100
2023
262
244
2536
1934
1496
1294
64
264
684
74
1148
2684
1234
2225
532
1124
1040
376
250
1800
2363
2439
2171
896
516
1819
2613
208
430
2357
2301
1364
516
546
580
670
888
2507
122
1362
1254
914
2659
892
646
666
2263
2135
1496
2072
1888
2394
592
2040
1716
2151
2604
132
2489
1868
926
1192
1452
102
110
1264
902
2570
1312
862
2147
2364
280
1714
1236
244
748
512
1686
876
1414
2165
410
80
296
2652
2137
2472
1302
1712
686
2203
1068
220
1960
1526
2052
174
942
2022
1554
2203
2564
2203
2301
1588
2063
2130
2379
2625
2355
2208
2901
1882
694
58
142
46
404
2653
96
400
150
956
2755
80
50
1900
242
2328
2140
2496
2078
64
1598
422
1040
1240
1594
2082
2459
2028
416
2190
346
612
606
1012
2531
34
24
806
1840
2391
1830
1962
2550
406
76
282
106
172
1052
1086
562
2232
2398
1262
1990
12
2605
34
2627
596
16
2357
1090
1264
184
2470
2334
2337
2238
1470
2622
884
1854
2512
2179
1680
818
1996
1530
1612
694
2653
2064
656
2650
1166
260
4
140
1036
2175
860
1944
1048
416
2732
2176
638
2445
686
804
2560
288
760
346
164
2330
310
1040
2068
2054
974
2344
520
1044
2173
1014
252
1763
1876
348
2628
2590
574
1522
948
1322
2458
2274
1484
858
2210
876
264
1260
112
1934
584
160
794
1158
2036
1094
2491
500
1492
956
884
1524
1136
604
674
2030
1869
1734
380
2164
1356
114
2154
106
814
190
1284
2091
2120
2639
2278
22
188
1364
470
420
1789
1608
1950
2446
652
358
1913
2199
934
1708
1538
472
742
2421
794
216
1526
358
68
2431
934
882
2445
632
1328
408
1998
790
668
2194
1230
292
2556
2467
1796
668
128
2349
2268
1234
2017
262
1666
2262
1988
2237
474
956
80
1448
570
1218
2419
2460
438
48
1584
2039
2080
944
280
900
2298
180
1344
2199
248
1610
188
174
850
1374
1936
768
2166
1620
2302
1732
2168
48
2068
370
1420
586
490
1648
2236
212
876
1224
376
1512
440
2407
2078
2206
538
508
256
298
1114
1488
1482
694
2034
20
1438
934
336
1194
466
446
666
2215
318
252
1604
2098
2344
630
2505
1592
858
2254
2351
1412
276
2010
1496
2070
2476
1744
1168
1824
10
888
1975
316
1826
64
1538
220
2154
2592
254
100
2459
1204
1468
2548
2241
2173
998
686
1732
1913
1240
2605
194
2349
1788
2198
2618
2064
1218
2198
312
30
2800
1354
1092
1066
1132
2094
524
434
2296
100
696
30
810
142
2172
240
2472
2622
1895
2478
1610
2184
1490
202
1146
2408
932
2652
806
348
1610
198
762
2004
1078
830
1898
252
2156
1222
240
2251
106
1120
498
2395
2113
1054
1332
176
2252
1977
658
914
1540
1985
2587
2541
732
1500
584
456
1458
2130
2268
2525
438
934
630
2660
418
734
1692
2408
932
934
88
758
360
228
1686
2603
46
1847
2417
1682
538
482
2059
1824
2078
1226
2169
716
1184
2400
2137
2450
716
2419
362
674
154
408
1792
2452
478
318
1430
2268
1860
1994
1016
2259
938
1834
360
1404
1024
960
2499
750
2624
618
2379
2370
2239
1222
2156
82
940
432
258
1446
2086
1344
822
1632
172
768
850
138
2418
2108
98
2254
900
2438
2654
2570
2268
2285
500
32
1190
2181
662
1078
250
2534
1020
964
594
1654
456
1246
134
2288
2477
308
2476
596
1618
110
2349
522
996
368
2157
10
588
666
2016
2286
1392
2081
1380
150
2507
414
2147
2120
692
434
1182
2133
2642
2695
2292
776
674
1186
2078
310
302
2336
2364
2085
100
2001
2474
2110
2376
2429
366
2363
350
310
518
436
2170
52
2629
1216
434
2033
1182
1558
1322
2249
1582
2639
902
2607
1504
2287
2149
1915
2106
2098
6
2148
1788
1940
48
828
2086
972
1913
494
2360
2338
2442
102
1686
540
1678
122
2341
850
686
188
1180
2367
774
298
1184
2089
420
868
1868
284
1688
1256
1790
874
2048
22
2078
288
2123
2103
2006
734
1420
190
128
126
344
1392
882
1974
1118
2312
2072
496
2312
2536
1270
614
282
2504
274
166
2080
1386
2322
1888
1952
1104
804
1862
2470
1778
846
498
22
1682
2010
1918
2517
1332
74
2069
1452
1590
1518
2541
2653
478
2214
1358
766
648
1358
956
1066
2266
2126
588
522
190
2352
2491
1810
1651
636
930
1682
238
1698
2203
2465
692
2079
2241
2458
1112
186
1028
2227
1828
1832
2488
1084
1060
2391
2264
1780
764
2376
2449
2614
686
2456
706
178
1908
374
1122
2338
60
130
1004
744
1528
2
2484
2292
2361
2719
932
566
2526
684
2236
486
640
1392
1014
2425
682
2462
1236
2250
234
2026
2535
732
2244
2445
2502
228
778
1220
1004
512
1998
1100
290
1220
1284
1812
2305
1308
2317
2175
1811
762
408
238
958
468
2350
1850
1730
1350
382
2174
1502
1650
846
622
2069
68
1935
2182
522
794
2416
1710
602
494
1852
238
2191
554
770
2330
1872
592
384
1348
1474
2253
1488
2481
2456
2416
540
778
1346
828
1530
1472
492
2634
1398
1022
2115
2584
56
1632
752
2509
2195
368
1868
386
1252
790
1360
2363
2377
710
294
2085
808
2440
2460
1630
2586
702
1196
2561
950
240
1412
78
2554
970
1746
1762
170
2612
2337
2746
2454
456
684
1964
1372
914
1976
4
1198
356
2437
454
892
2332
2752
704
968
120
2418
1569
1014
2336
1052
44
2361
2326
1594
1767
2364
1258
1080
376
2272
1578
2220
104
1576
1777
2401
2090
1370
16
2529
560
498
1676
306
2572
454
2151
2427
2559
2330
2331
2296
786
526
380
1162
2346
448
2165
44
46
56
2029
2474
640
1789
1576
1850
1880
1590
2176
996
1488
1522
116
1410
1574
2315
22
10
812
2510
1212
2266
1222
1426
328
1836
1522
1060
2066
306
2494
1282
382
1036
1128
1270
2128
230
940
2100
2406
2090
2298
46
332
2227
2421
2493
2522
1970
202
882
332
1681
850
2511
228
1562
1442
1938
2169
438
2418
1828
280
378
270
1850
18
2105
30
1796
1696
954
1098
2393
954
1554
2310
1192
2360
78
866
1598
1012
2483
2161
376
636
2594
244
2452
560
2073
2437
172
2544
2361
1738
50
208
2269
1908
1328
1326
278
420
2478
2343
906
204
2549
2229
762
2636
2113
2450
2355
48
2598
1550
680
328
168
166
396
2100
548
2227
666
2447
324
2270
2232
682
2505
2144
92
414
1462
120
1681
62
186
2543
982
348
2024
2180
244
2362
1156
2264
1042
576
342
2110
1226
1070
2350
1268
270
854
2306
636
1882
2383
1928
548
256
2277
1862
2148
232
378
1764
1262
904
2095
36
328
494
2153
298
1142
2395
1058
784
2410
538
2074
2124
1288
430
1222
2547
1914
2116
1170
762
2336
934
1212
2507
1562
2190
1792
1286
1490
764
1944
828
2047
86
2058
560
78
1480
2440
2422
184
2490
412
2437
2139
1506
112
2067
1890
1012
2401
3119
1740
1956
1518
2356
2282
822
600
1732
634
2404
180
2142
104
754
1646
1290
2507
760
182
902
130
2262
1742
2536
1942
2232
456
728
1136
988
2460
1810
590
342
1454
1568
146
350
1819
2272
890
110
900
640
652
94
762
904
1838
474
2762
2365
2102
2634
84
22
1104
2398
1068
224
852
2423
1806
1884
1260
596
2427
164
1542
30
1020
956
630
2741
2570
1026
146
2654
1864
1844
2284
1340
304
788
692
2390
240
100
748
2439
234
2019
2173
1102
886
2016
832
248
258
594
530
1716
68
1887
702
92
88
2579
802
482
1918
578
698
54
1610
2469
2377
266
374
472
872
728
2104
2074
1098
2468
36
2192
2661
146
976
504
2518
1204
2182
1160
2340
3089
2219
1658
634
1204
280
1712
2584
2168
1546
340
1274
392
1178
872
308
1500
1018
1292
2606
228
638
66
676
1166
2127
22
386
1648
426
2222
122
2370
2547
1880
2462
2327
1422
598
2170
2668
392
2630
772
1356
750
1572
2134
470
630
1568
2390
406
1350
2246
1188
190
1392
1452
42
1670
1280
602
750
2248
618
634
1368
1540
698
2203
352
2329
1560
2408
1818
2385
526
1555
2040
1306
1208
1910
80
2032
282
124
502
2161
1768
2347
116
2372
2298
90
2045
2166
4
1232
772
2515
1674
1692
1668
1220
320
2536
1362
2594
2071
942
70
2422
1572
818
144
2242
1702
44
556
2060
1172
2436
774
592
748
2631
2324
1760
2330
1116
2421
452
2271
172
406
2475
808
854
2282
2224
1474
18
2284
838
2409
2303
2089
1758
928
1404
1830
2650
2391
2084
1448
2219
436
2194
1076
1348
1462
86
2208
26
388
406
2582
1676
2233
1176
22
130
1954
1462
2046
2378
1218
462
282
1408
2088
1698
2459
902
1956
1771
2312
192
2482
2046
2026
2451
2451
268
1048
1534
2535
2708
1434
572
1832
576
660
2195
1898
2619
2568
1829
1476
1866
2414
2482
1222
396
1796
792
