1722
298
212
152
2581
600
422
1901
786
630
1556
2464
1678
84
826
872
1898
1492
172
674
2522
2485
1190
188
914
2131
2737
40
2026
36
292
604
2137
1020
2497
2529
980
974
2210
1882
228
200
880
26
2459
1977
542
818
2245
1292
880
718
290
752
2636
294
2489
2184
460
1434
146
2114
878
2504
660
536
460
1236
1542
1432
1126
762
2639
2144
122
2421
910
1526
136
534
932
608
294
1122
126
2142
822
2288
2575
2248
1216
42
2617
734
2703
824
1200
672
2126
1434
4
2165
402
2159
1356
2505
1740
2101
14
2086
1126
638
182
516
74
1292
1748
972
2081
674
504
2272
2126
42
1144
2200
18
1594
2238
1334
1560
2348
2057
384
810
296
2282
1220
262
956
2065
474
674
142
1855
608
2349
2035
558
1396
2325
2407
2172
1244
472
996
2222
2226
2257
2307
2095
108
672
2745
1060
98
322
1072
1330
858
1190
1552
1862
2399
108
1632
1028
666
312
242
2247
850
1102
1990
1938
736
204
672
2144
2312
2105
2474
42
1304
670
1988
158
2083
2336
548
1564
454
956
854
2281
2086
2308
2202
1338
2212
1240
2149
448
2429
2064
1652
2757
2201
604
2305
608
470
1987
1018
546
2256
2383
2538
1194
1878
2658
2532
2509
22
354
1558
736
400
1878
376
520
1592
1836
1920
68
1860
2231
452
1680
1114
1066
2530
2359
338
1218
1354
404
2291
750
1050
2060
46
1360
2018
312
1478
1880
252
472
962
598
416
1520
2274
2494
724
242
1004
820
600
2449
174
2611
696
1112
2368
2342
470
1140
2096
728
50
1624
1898
956
444
742
220
2421
410
52
242
1214
12
394
2491
448
1388
362
2160
1974
1398
820
440
336
1968
52
1670
1772
2192
2046
1240
1654
2295
244
2228
2494
78
2752
1416
208
908
328
532
2570
352
1828
1494
800
2409
502
2261
2414
1980
332
2188
382
642
2193
1548
588
1062
1030
398
2052
1528
810
2309
216
2282
238
2046
1080
1690
2303
1686
340
16
2398
1536
2306
482
1078
1850
306
2387
1326
112
692
2131
160
2337
1130
242
912
2201
2461
140
594
2657
1198
2580
716
250
2409
460
1740
2137
830
474
434
2687
1980
2514
982
1454
2058
1954
1398
2557
2443
2016
730
244
62
1260
388
2291
1622
266
880
1606
290
2622
510
1673
460
1376
198
1082
2007
814
646
672
734
2619
2211
2206
1146
2303
878
822
2163
212
2074
2399
390
412
760
1002
344
2361
580
2541
868
176
944
1030
1700
914
2446
1836
220
2254
956
2178
1664
2536
2762
580
2686
866
350
1304
1573
1242
1022
2504
232
2392
1904
626
2388
2212
1840
2596
1956
1474
422
1378
1924
2617
1896
1488
506
2518
550
1486
936
836
32
1624
1642
1180
296
1574
2430
1684
1736
140
2386
712
878
690
1398
468
642
1368
850
418
2435
2492
858
580
856
160
1336
1212
242
1326
2554
1814
1052
834
2011
2144
2106
12
788
2092
2128
656
2558
844
1092
2715
2324
472
404
850
2042
2317
2537
2269
1304
880
1092
602
892
1396
1238
2337
1882
2522
2241
1528
450
152
1002
1736
2332
744
310
28
2056
2666
178
660
376
350
976
2412
318
350
1582
1220
1460
2076
1944
390
1796
606
326
1726
488
1980
1814
2416
1848
1362
2316
1150
628
2414
294
134
1694
418
2096
522
2105
1472
614
2470
2451
1842
2245
2250
1454
2524
856
2515
290
1300
2145
2048
80
1306
174
284
2072
716
176
84
62
2013
2616
2200
2154
2080
334
5358
2559
2537
300
32
2019
1494
1892
2324
1574
2147
1824
1880
2154
1682
1558
242
2492
1686
2181
1725
1536
2064
352
2457
190
640
1304
2511
944
1340
98
1741
2637
120
2262
348
2298
1808
556
1793
546
1258
826
2498
706
2304
706
2028
290
1756
698
6
224
1322
2732
152
2574
1002
544
1760
418
188
32
718
2578
822
500
134
2445
1096
634
548
2018
1358
2586
2596
1462
156
3035
2089
982
1148
130
88
870
156
1460
798
1182
2133
144
942
1634
1056
1852
752
798
402
14
750
286
508
2126
268
1962
1738
932
28
2218
354
2023
1072
1940
150
750
982
2492
1764
2328
2087
2122
412
522
98
4
2011
2186
2207
120
2464
468
242
1274
690
708
1500
910
2157
2402
568
610
16
2381
2282
1044
932
1288
1226
952
2483
1036
706
2359
776
2008
2579
250
1932
2133
1746
1977
1088
1406
2337
1406
2392
1384
1414
2070
2302
2184
3406
1610
1034
1820
1908
2171
254
2379
2385
2262
1980
1378
1530
232
1484
484
1782
276
1830
2341
304
1700
1400
1024
530
1578
870
148
634
1160
1783
2745
1388
1618
2497
838
850
2713
378
308
1314
2319
2002
2071
618
654
1856
2000
2412
1570
470
1630
1458
2270
2397
2488
774
2156
880
1716
832
612
1174
372
568
2374
1664
1326
2259
800
2108
2048
2350
2614
852
2327
588
1712
2263
162
224
550
1638
560
576
2414
1478
2335
874
2172
2144
732
2111
282
2600
1398
2533
1806
1706
1044
1362
524
1766
2233
1572
2345
2402
2679
1350
2241
1892
2302
1544
128
712
2366
1696
2300
90
948
718
2432
260
392
2955
792
2654
2042
142
1080
668
1610
2133
1820
1242
1050
2626
1236
566
2037
2632
1634
2656
1558
2604
132
2006
330
2404
1338
388
2338
4
2470
1178
2541
1847
304
652
2738
598
1210
744
2330
230
1428
2309
2577
2156
654
1182
2448
1800
1854
2226
2586
1318
294
2062
2579
1658
1898
760
270
2417
2070
2344
1458
148
1340
754
2000
280
2285
206
1992
32
1644
942
2287
2692
2148
246
114
320
376
1302
2154
2368
2513
134
848
1128
530
32
1977
2182
1046
944
2322
192
726
1072
2011
330
2195
420
136
2244
770
2489
1140
1892
38
796
2232
1100
716
2359
74
1066
1716
760
924
110
300
8
2009
2521
2392
2611
2328
2316
2513
2185
994
552
1350
210
1672
1294
1700
300
2489
368
1084
2558
1642
2478
1832
1702
2173
1054
686
714
184
1704
1858
856
2299
2085
910
342
434
1034
2239
426
36
1830
60
58
2617
46
2562
334
1424
1672
1280
2339
1847
112
1384
492
834
1808
566
1516
1124
2160
402
2529
326
2162
188
2372
2323
676
654
1851
500
2760
2170
2120
772
972
1204
2080
10
1706
2282
1476
2629
2057
1524
274
384
190
2248
990
1156
164
204
930
1186
466
520
2130
476
384
250
2364
2084
2268
2352
2225
2092
770
736
2474
2506
544
1200
2608
358
1046
2246
2039
1770
1546
512
266
48
1290
2095
12
1010
294
1794
1202
208
276
1250
1572
300
2000
2185
66
2479
192
1018
2091
1046
1758
2070
1476
516
688
1040
2154
2047
410
202
1918
1156
1436
2143
1932
518
2413
2250
778
982
2385
2671
2358
2048
1144
1876
2602
2677
892
1278
1652
168
1928
862
2226
1782
1044
2311
2322
1218
1600
2473
2457
590
186
728
2064
630
1304
1432
2144
2486
2321
452
1336
418
2509
1174
2704
1628
1546
1564
8
384
66
182
312
2142
56
396
1024
1220
1596
316
1136
2263
1172
1422
2453
2308
2323
46
2264
2289
2447
604
2461
1916
1156
490
512
2198
1758
460
2032
2102
1800
2342
1074
1954
188
1130
2430
2400
2214
938
132
536
1022
44
342
1286
84
1747
1550
1074
1316
2372
2063
2112
1370
56
1038
2140
2209
202
2183
330
798
2161
2148
426
70
2268
150
2422
816
2341
912
2028
788
1396
24
1106
1744
256
1190
1502
2300
98
2397
70
2030
2251
2069
2112
2249
2184
674
344
1200
2423
2090
530
1002
1178
3078
376
264
1967
1964
546
990
1528
24
524
2545
194
558
2
2170
2291
2332
282
2124
2173
300
266
2575
312
1907
756
560
650
450
346
804
2463
194
1180
1490
2282
2074
1644
1722
1658
242
2395
1194
2043
456
456
954
1726
2082
890
1000
1536
2060
112
726
520
2555
1002
1882
308
1256
2571
1108
362
2123
784
1650
90
2439
2497
2468
1186
658
690
924
1532
2154
12
158
2793
1082
256
2300
2189
2189
560
2479
2172
2392
1650
1710
2102
2140
2188
840
1544
1596
174
1741
1488
2108
2204
1889
1558
2762
2387
1751
60
172
2717
1454
408
2410
2409
24
734
2323
1932
2284
2592
1642
2447
1076
2338
1284
390
472
1130
1458
1566
1682
488
2406
1684
690
428
78
1364
318
2593
276
2510
1354
984
310
650
1684
1478
752
1954
2207
1104
88
886
616
576
2422
72
2201
332
944
574
952
1002
2436
2232
2104
1578
52
562
2423
1771
2026
816
1190
2383
754
1178
2637
546
326
2541
412
1542
2390
424
2446
1930
906
228
306
464
2415
2392
2447
2377
450
460
1134
2136
2398
828
702
1760
1402
438
1886
390
2174
246
480
2412
360
726
1818
196
2058
2000
1064
556
2477
44
2457
2250
1973
518
2223
2325
1160
1870
1694
2620
2573
2264
2833
742
732
1200
96
584
2169
556
2124
946
2108
546
2096
1666
1884
2577
1924
1558
1290
204
2258
198
1060
2528
2271
2567
2455
378
400
2235
2137
1254
2479
1424
2172
260
2380
524
76
1943
844
322
156
2497
648
1837
608
1388
830
78
2096
988
240
1526
992
2398
1897
1694
512
1842
1630
2384
2152
54
1532
1498
2191
686
82
784
2117
166
1909
1540
836
860
56
156
454
2278
32
2353
934
990
384
704
58
810
1032
2542
126
496
2469
984
1260
352
2490
416
178
990
200
330
278
2591
2188
584
1784
1902
176
1432
368
370
1088
2187
706
1276
2278
474
2438
2146
2830
2352
2282
1232
1430
1128
2110
500
12
1997
1404
890
2010
2614
2418
2564
516
2076
2328
2465
652
1767
146
308
364
1918
1704
2119
1128
416
746
1048
1366
1010
1108
642
1730
902
2558
132
6
2163
2146
2383
2228
1458
284
2369
140
38
2068
322
872
36
902
184
542
544
2473
1956
704
2641
2318
1488
2919
1608
64
684
1334
834
92
2522
2440
2292
2727
2482
2560
424
1678
1240
264
942
1388
588
1808
634
2255
1888
762
502
1672
10
2076
154
742
2374
822
2743
616
2636
1684
760
1262
26
360
30
2467
1925
860
1750
204
258
1974
2995
440
692
2090
1356
1588
1746
2063
976
986
502
34
458
726
348
830
1354
1268
2
1000
1222
2059
1048
1314
722
1214
2097
2278
1534
2352
152
2268
602
666
1486
1378
594
2434
174
254
1486
486
2052
384
752
1689
1846
516
968
1478
720
1214
50
2169
700
1904
722
1016
1202
2291
2529
578
1200
256
992
2120
614
1088
426
28
2517
2143
2430
2789
244
188
84
78
1965
2220
318
2235
1176
36
1520
678
2424
2311
2082
2410
206
2194
678
888
1296
1466
326
1418
1842
968
296
2352
2108
2011
400
80
1918
2059
2201
1212
1202
1192
1620
2484
2163
952
2039
2154
2492
2658
1646
676
1538
678
1104
2374
878
2096
2692
606
2137
284
2204
2277
1752
376
2034
792
724
746
2100
2101
212
1188
2243
1700
1098
990
1368
2160
722
2314
550
1108
346
1548
42
1222
472
764
1698
1837
568
1170
1150
1078
2471
2128
1176
1900
2042
308
1424
1178
1988
2454
1020
286
2102
2328
1558
2180
348
2620
2050
2257
2148
2324
752
2602
2014
1198
2378
2020
2314
1132
944
1310
1278
830
2022
2252
1883
1368
2195
1552
164
148
316
1904
1888
490
334
2644
742
2506
1994
2578
828
760
2319
90
2618
26
2002
2596
346
1510
1234
244
1550
1488
2432
1088
174
264
2271
1326
284
688
1254
462
2385
246
1584
290
2407
2158
2657
1598
636
1993
1973
2126
2300
126
1496
860
2116
394
214
2422
82
2156
2269
2390
162
784
2289
2049
686
372
992
2321
1846
2216
2033
2584
2082
2492
492
1944
2223
680
2364
88
2351
156
314
1088
1152
666
820
1776
1894
1230
2501
106
770
1446
2469
234
1374
526
2331
554
582
2058
352
1114
576
2250
1180
2500
2529
636
388
798
1244
908
2123
846
1564
1218
664
388
1893
858
2116
172
666
2464
2130
38
116
1572
2092
350
2000
2246
1970
1526
2484
1782
2177
2555
90
452
30
2602
1032
2462
2395
2490
1620
900
172
384
916
296
368
1052
2505
1890
1942
194
396
124
790
2074
772
366
74
1994
1856
1118
1264
1096
2304
1931
1932
2334
450
2297
206
140
274
2568
2353
1212
1590
540
254
1696
1578
2641
164
2123
1050
2296
1516
2946
1052
534
2477
2290
2476
1320
1076
2052
1794
1010
2084
2623
2438
46
1180
2161
1631
668
244
666
374
200
664
1000
1989
464
556
1006
2445
834
2110
1586
424
1322
1912
980
1296
2768
1290
2448
720
1396
2626
968
2313
1898
106
1926
1032
2310
70
2584
2215
622
776
626
1038
2335
2660
2395
522
702
1494
842
264
1752
968
1072
76
86
2515
170
2302
2367
684
2549
90
34
2499
578
2014
640
10
664
264
1678
202
386
144
2345
138
1660
1933
360
2758
64
2490
1952
1154
194
1751
2750
2004
348
1930
378
1190
220
948
294
712
176
18
860
1016
2279
1580
1174
418
2318
1382
1943
1150
2409
814
1506
1874
246
142
976
688
968
2345
1398
516
738
166
26
2433
2434
644
992
648
1462
2293
1462
926
32
2075
538
1480
98
2463
2565
504
2466
2221
1768
2390
36
2076
884
1270
784
284
424
1000
2942
2157
2347
2585
82
518
2086
108
86
2232
2079
1102
218
1156
2124
90
170
1930
842
2667
1868
2511
128
868
2266
764
288
190
112
2210
2515
2243
1558
2650
1050
2464
1850
636
2433
520
1434
814
2187
114
104
2478
2284
368
2240
910
1216
2637
1114
2225
428
2430
1076
2279
934
2028
1815
1961
1682
2595
708
612
2113
160
1902
2506
768
1658
2440
2826
2467
2100
1998
2270
312
204
1388
2317
1384
1910
974
1990
2106
2636
2314
2362
1000
2207
1094
576
762
2408
440
2050
326
1882
120
854
80
1068
2186
2560
2602
1046
224
976
1794
1480
976
1886
2493
1462
1862
282
206
2538
2454
2178
2096
2178
1632
1786
234
1210
478
1604
2032
1220
1518
466
1948
2379
110
2333
1964
2174
316
404
2644
2272
38
2050
852
36
2516
892
934
2016
2173
1430
300
604
2245
2116
2234
2309
1240
1364
1604
2374
218
1702
2486
80
406
1821
2449
742
1604
422
2147
966
1248
250
420
1784
248
358
1328
2039
2480
1322
2546
962
2147
1180
836
818
588
616
2448
1370
2166
1302
2753
2156
2264
2220
2014
2166
2186
614
878
1218
1728
1452
2400
2575
574
2277
588
2454
2618
848
1712
946
1086
20
680
420
2202
868
594
2130
156
2669
694
478
704
2686
1418
2394
840
1400
522
1820
2002
358
4
478
2087
744
338
1634
1144
2391
798
88
972
1952
2746
2216
2514
1384
40
306
1712
2474
336
2357
1354
2714
500
2139
2203
514
628
454
2589
2014
302
2246
2260
1808
2099
1658
2307
2042
1248
1786
534
542
1188
1428
2283
1790
356
1858
998
68
1408
178
132
1092
2298
54
1881
2515
770
124
646
260
260
2126
1252
1854
2231
2281
2057
2504
2064
2252
1072
2314
276
1306
1764
1606
2341
974
1918
1906
1310
90
96
226
816
1574
1130
1744
2221
2000
1928
2280
2077
2388
2359
1038
874
2151
478
338
1370
2388
284
1682
2590
2172
194
2028
596
2383
310
682
2354
112
646
328
876
2323
2439
1898
2009
130
2440
1036
1662
2907
2451
2661
460
2150
2040
326
2098
2232
1054
2566
1838
1264
2008
296
848
1480
1878
580
1158
768
2603
2723
364
2214
2281
2249
250
1076
2558
1564
2522
636
2053
910
28
306
1612
2393
1872
2450
518
922
2275
690
354
2566
24
1674
98
1334
1858
2058
2281
126
2215
472
2029
770
1981
862
934
234
62
1266
1880
744
1404
1390
2140
1430
1108
948
70
2304
2250
712
32
668
1698
914
2378
902
838
476
504
2206
2177
958
254
1304
1572
248
2738
452
1480
2490
2848
1234
34
1254
744
352
396
1144
2273
766
340
2303
1212
1800
754
2440
2423
2002
1124
2386
2032
2312
2261
1702
726
1956
228
248
1230
808
1074
2182
44
1448
804
534
600
2499
2497
856
302
2356
1174
544
1764
316
1936
2077
1440
726
1958
2020
1150
464
692
504
2448
1444
2224
716
1360
558
42
566
2206
1881
1900
1970
1608
912
24
694
2458
1982
2100
158
2647
46
198
456
1468
1468
2009
1978
2578
40
2378
2245
2671
506
2002
344
378
2439
1236
1038
1172
2032
512
374
434
2262
1002
316
402
2298
720
2102
1430
152
1819
2571
2248
210
2636
102
1950
1834
556
48
2215
468
2246
1264
1374
860
2568
666
110
1030
458
776
1322
218
768
230
1298
1831
2017
2434
1280
220
2297
550
1196
2336
2453
1652
154
1524
2210
192
150
2070
1980
2342
2092
832
2309
1166
2410
1164
1914
300
1792
62
2056
2284
2123
482
2498
1286
1821
2303
1622
2048
800
1778
1754
2042
2142
2533
46
1154
1396
852
2311
1777
234
1518
414
2490
1012
570
1692
110
586
2593
1314
1588
2470
2491
372
1058
2445
2568
2022
710
432
190
1788
526
2294
1926
1352
410
1948
1274
1004
508
2155
2342
2156
1254
1272
2434
2600
2562
1348
1476
1476
456
2213
2382
228
2434
2162
2388
2109
2277
2157
1394
2985
24
1996
2055
1332
2313
520
1232
2132
1538
786
2036
2659
904
1226
756
358
2432
2315
808
454
2266
674
244
2541
1756
1470
2509
858
1280
2048
2018
702
734
1605
52
658
1084
2359
1048
2188
2101
644
1340
1948
194
2242
1520
2179
1134
840
2322
1750
434
2121
716
2209
296
752
1200
742
2363
2144
1382
1496
1040
946
1628
130
260
1594
236
2228
2674
2306
308
1938
230
612
1961
990
2204
1692
1993
2171
1700
2350
2174
940
376
1942
896
2374
1434
2515
2672
536
1530
2009
70
2510
966
1196
66
1002
96
648
1506
1146
1500
2391
2164
2119
284
276
2069
2542
2358
2249
2361
2122
2368
2547
1608
2104
2253
2732
1148
106
2169
1646
746
2317
680
934
208
2287
548
2185
2
2293
2041
614
1200
2202
1042
2687
1674
1256
1384
544
1758
808
2091
1720
1516
1976
1885
392
1256
274
2910
2171
228
602
1556
1214
2034
1748
318
2535
1506
1754
616
2407
1448
2510
2034
2929
504
192
1513
2313
1202
2025
792
398
2367
356
616
1870
1826
12
2390
440
14
1618
2357
700
232
650
968
286
2462
2082
2314
2336
216
1206
44
2425
1012
32
54
2038
612
244
118
144
402
2826
1821
2209
1888
1805
2289
1102
1170
2491
2229
2198
1306
2178
2129
616
860
2560
144
850
878
2436
460
594
2196
1852
2589
2147
1354
2449
378
688
2253
770
2269
1832
212
630
1704
1014
84
622
1498
2235
762
1008
2327
578
538
2202
2535
742
252
416
1794
1984
360
2184
2512
2240
910
392
1460
2047
460
1944
2104
1084
2328
680
2478
148
1510
1754
2323
894
784
1464
2338
1816
1790
1588
1438
2583
2290
474
1324
500
2140
1266
2472
2431
2462
1320
2201
2228
96
1774
1736
666
1272
1819
50
1046
1370
154
1274
1851
2148
2181
2510
982
2117
670
848
988
2124
1074
2596
2198
1130
2407
2757
222
1996
126
292
2293
1132
564
1152
2066
1204
2016
534
1218
704
272
2407
1504
1466
1062
2397
2489
2466
178
1909
174
54
2447
2205
658
566
1874
2325
108
594
1813
2497
116
606
1334
878
1960
2796
332
2550
1760
386
2015
434
1940
1930
580
2386
996
2303
332
1942
58
1938
2499
502
2287
1002
1980
2366
1166
1424
658
2010
42
1786
1066
840
612
770
462
262
1864
278
328
114
832
296
1130
396
2736
192
2022
2262
1900
1636
390
2178
444
352
634
2357
2396
2271
2696
1968
852
254
132
422
2182
1824
358
886
410
342
1772
1102
1969
1080
1016
1980
1058
2173
638
620
1220
1022
354
1604
612
2549
2352
2437
2248
2495
114
556
2567
152
2612
1770
1436
2405
2123
246
2140
2230
1748
430
2563
272
282
68
152
2172
1942
2341
2254
1184
2114
142
434
294
830
1076
2139
1320
536
114
814
1340
364
364
2431
68
260
222
562
1946
102
670
632
1030
164
840
2480
222
68
644
2104
2474
1002
866
846
2368
878
2370
2219
2590
574
2224
1360
668
2419
378
106
1094
1922
532
1816
2248
394
2613
1600
116
564
2063
326
60
306
2448
390
492
2514
904
8
576
2234
294
1194
2683
116
328
2403
564
2256
998
2106
1212
1804
1050
1328
30
2087
764
672
1929
208
18
2271
1548
2369
526
2356
1672
216
380
2559
50
1056
58
2409
564
2683
606
2118
2701
42
1200
714
2172
588
2338
462
1828
1430
1310
1330
2455
130
94
2162
436
40
656
728
184
1912
1812
1771
206
2048
2287
780
1558
2850
2108
176
150
148
2367
2303
540
1833
356
2588
2582
2363
2503
2630
1644
2452
1456
764
2483
2546
2394
1200
1830
1154
2450
2705
926
1010
2410
614
2626
2078
2113
452
1132
392
70
336
1388
1108
1542
2494
798
1850
2149
522
1734
640
1036
2070
246
2172
1562
980
1022
184
1544
686
148
2450
2546
1772
1370
402
870
1990
776
2294
2217
2625
1641
1760
2438
1946
1973
2255
1418
2477
2027
2156
2302
644
1766
428
328
146
1810
978
1118
210
1536
466
2671
2165
1508
1244
648
2456
334
306
2324
2301
1046
2267
1772
272
2264
2381
1044
686
554
2408
280
2274
2285
1979
1248
1074
896
1520
660
882
2749
876
2179
84
200
1809
2521
1282
132
1612
1790
1138
2103
2361
304
922
512
2595
542
2205
948
2268
2410
2147
908
1254
416
2518
966
1444
1266
370
1038
1160
1530
1963
2796
344
778
2167
2312
2070
2573
2373
1076
2004
2
792
2644
168
2165
2074
76
1524
246
1980
560
2459
274
460
2158
766
2356
2532
2228
872
3010
2646
2599
1506
1816
1920
2476
830
1978
510
2184
2573
774
954
1628
2134
2219
920
2255
2246
320
1622
174
2438
1054
432
1340
850
2320
1284
1400
2253
1230
1374
134
1302
154
1488
1158
590
2396
1746
568
2166
1348
22
1944
440
460
968
472
2447
1816
1800
1692
840
2299
1166
1260
1624
2218
1928
224
768
528
2394
170
2482
2349
2082
360
2592
112
86
2110
198
382
946
336
1768
2634
2357
1254
224
2529
258
1862
2484
628
1899
2057
2464
2006
1400
1498
534
2184
1076
536
2732
1020
1334
382
626
2398
2198
1424
216
330
1084
486
2246
2446
1040
1376
1126
1796
64
1882
840
1206
588
1998
874
2606
120
2236
380
102
2002
940
2263
1132
18
2460
46
1484
1616
1982
564
1424
2157
2176
1876
1084
2481
1190
982
1997
2463
456
1986
1920
774
666
2789
190
2138
742
1608
2554
868
2170
690
2391
1859
2164
62
42
696
370
2157
1362
204
2164
4
432
34
86
264
1432
2414
490
1216
2736
954
2347
166
2294
2144
2329
1734
824
266
372
52
2387
1500
2447
2540
2515
96
512
786
2419
2516
2738
370
2199
2213
2357
2078
2014
530
1606
2030
2146
1156
886
2129
1246
2098
2800
2365
820
2114
1706
908
358
1372
1066
1604
2193
1726
1524
1728
348
1762
2512
852
464
776
292
618
2270
462
484
2213
2338
990
388
2145
1280
206
1872
584
2384
278
1674
352
172
764
2262
1514
1702
1996
706
1948
1712
752
298
514
1538
2304
610
666
2503
852
2469
574
2490
510
58
392
2554
650
2374
2426
110
2218
1314
1300
1821
48
2011
1096
2170
116
2356
290
2141
90
2438
1190
910
2790
2449
748
2928
2300
132
112
2178
2611
366
2072
2546
702
2144
2559
752
1126
2324
2548
1266
1072
1464
1218
178
2409
1932
172
2892
2557
1232
2146
1874
2550
724
836
170
1084
164
2295
2633
2365
580
2138
2305
1562
178
684
1210
1792
2232
2379
2020
382
34
456
158
2554
1586
1062
2377
1895
1724
150
638
1902
2117
2343
1390
874
204
2180
850
1150
42
1758
2068
1810
2515
766
2160
32
1118
828
2022
1734
2260
832
804
176
852
1702
662
668
2132
2538
2619
1304
2062
2237
1742
634
170
1778
2367
2159
2340
1222
274
1326
790
130
1232
442
2363
2402
1094
1360
2355
2575
2330
1106
1590
408
430
1692
1954
1346
136
1128
862
2467
2210
1646
832
2329
2560
224
2240
1891
758
2106
2597
2518
380
1234
834
882
888
1580
2020
238
1864
2156
84
1808
2543
1856
758
712
1108
1774
1400
1450
264
78
2199
840
2024
1628
138
564
2069
254
2028
1814
1987
2260
832
458
1770
110
2140
1596
356
2631
2512
770
2954
2395
2062
2277
200
904
1576
2027
2576
1658
942
1120
474
2519
768
2664
2405
1846
2216
186
274
680
2328
164
1974
1948
2716
424
1354
2142
98
852
2316
2117
838
2080
2064
478
1304
2394
878
1856
60
1892
2379
534
600
1262
846
576
218
1802
24
2312
938
324
1984
608
70
1860
464
138
904
2026
1618
2069
2336
2035
1868
1462
2137
26
1136
2457
536
2058
298
766
1366
540
782
2185
1940
2427
530
1252
510
764
420
1880
1624
1112
1136
388
740
102
2504
968
1992
786
364
2261
2269
962
1783
224
2347
246
1360
892
912
842
692
2295
170
812
62
2630
296
1960
614
722
1288
2231
788
1714
1452
1572
1802
2314
2309
2165
158
80
2293
1930
158
1870
1622
514
702
2050
450
2490
468
158
1686
930
134
494
896
1050
2776
546
798
576
2126
538
2671
954
2653
532
2288
28
680
2009
2576
2041
1654
1834
2559
2118
2051
2682
2096
584
1038
2750
1846
640
522
1374
90
2315
476
1970
176
2016
240
1252
2212
2156
2180
2038
1822
1760
24
354
2057
1768
2471
2024
724
430
1628
704
1580
2335
2097
1552
62
2269
136
184
144
964
506
656
1546
1380
2062
2522
2341
358
2253
930
2058
2366
1184
2298
2588
2262
1062
2010
928
964
1137
1236
1496
2220
336
1062
2266
1330
2116
454
1496
1162
70
1154
1656
1092
2355
2209
1884
2238
2258
2236
2318
2143
1384
1992
318
2696
636
194
1246
2467
2072
222
2262
2206
156
1420
2235
2588
80
236
56
2530
730
1455
1418
420
16
22
1346
968
1340
748
360
1024
2136
2369
2371
876
820
1354
1666
156
2077
452
2349
500
140
1354
1056
2324
378
354
2033
122
2143
1428
856
2086
1532
852
2172
632
102
1182
2490
42
2276
176
2513
1964
2413
2100
2552
1746
1752
860
376
268
2326
1604
2203
2088
680
2210
2233
152
2517
510
1990
1106
1220
1953
562
196
526
726
1376
186
2503
806
1486
1954
890
612
304
1556
2266
162
2121
2104
296
2318
1218
820
2210
196
1594
242
572
352
1442
894
2387
1048
2493
1002
760
2257
956
2256
118
2464
1334
1892
730
1210
1190
2478
2090
6
300
2045
264
962
484
1408
2166
90
366
926
1236
2496
1796
1704
734
2081
1472
1840
274
1878
2100
172
2323
2458
2347
188
188
48
1960
2321
1218
382
1653
332
2678
2295
2707
2363
2465
408
1882
978
1416
386
1290
1948
2133
190
1602
2424
2470
2354
1432
146
1928
2522
932
2443
2340
2286
2256
350
1072
2321
2275
110
2176
1086
2793
1696
2332
2607
112
1322
2470
684
2155
190
2073
2492
2203
2286
1788
534
2218
198
36
174
650
930
2228
1128
82
2334
2248
56
128
2335
2187
16
1286
818
2306
450
2310
2246
2823
1768
2405
342
2538
636
2034
1620
282
1857
194
2208
1782
872
96
1410
2378
1995
2063
2333
946
1390
2476
1330
1006
2077
2230
1048
2461
2320
2467
932
960
194
1754
688
88
2589
70
534
2369
2125
368
1628
2450
12
2277
880
286
114
154
190
408
98
1130
2134
136
2474
1362
1828
184
1310
28
116
2387
192
806
1026
1588
326
2575
200
402
702
2002
1192
1238
2562
2495
626
40
2197
2451
576
1814
2287
1064
1430
1386
2220
864
820
1684
2573
2391
770
322
2121
2457
592
590
598
478
1916
2355
758
2051
1750
312
254
1595
2368
616
734
312
2036
1380
1040
352
400
2338
490
414
2342
2339
4
308
554
1958
336
1090
1514
508
468
2062
1690
1174
32
1622
2348
1084
1136
2064
2308
2024
660
974
1860
104
1626
736
2433
928
2401
754
1890
744
26
2497
1272
2298
604
1352
1636
314
60
238
774
3157
1580
960
742
1584
302
1976
716
2660
1244
1991
1556
1154
2280
2305
2163
2608
192
648
1182
404
90
30
2211
1954
948
594
2074
2031
468
1622
1350
2296
2414
1362
616
1928
2417
2258
1368
512
936
2388
934
1784
112
2371
768
218
2471
702
1018
2187
2474
1340
1973
2398
2429
2550
1370
1916
2463
886
2281
2291
2178
2107
2366
1428
2136
162
2468
438
1316
2488
74
1404
4
2389
822
2112
2328
1282
746
1026
250
40
652
1382
1458
3082
704
332
322
2263
2472
270
2427
2089
404
510
2477
496
1652
1899
2660
512
86
324
906
666
1034
2268
1400
2134
2482
714
2240
208
508
726
1204
2540
2303
746
2556
1040
272
2159
272
1384
1180
2160
1342
1926
304
2439
1684
1048
1134
1642
926
2445
1834
1944
1228
260
564
2416
1630
2582
842
2194
984
1868
1673
698
2174
6
260
104
112
2284
588
1300
1032
2233
1044
1110
1208
608
1558
2364
614
2754
804
42
422
1620
652
70
630
2046
2226
1370
464
2633
2547
1894
772
1760
248
2539
454
896
1868
150
1150
1214
1146
1142
1506
962
46
1836
2377
1540
706
2166
134
1412
1010
774
648
204
1922
2244
610
692
1770
2401
1038
2115
2135
2349
2572
2324
2335
2405
2471
336
604
884
1466
1616
944
818
1560
1662
2003
48
2097
680
824
1266
2037
742
652
1790
356
1038
1772
1814
828
1370
2226
2206
574
1192
398
2034
1150
2380
498
2251
2188
356
1912
2031
1926
492
2742
1450
832
1344
2182
2455
574
32
1446
2134
1716
924
1072
2114
216
300
496
1168
284
1685
2114
1094
2330
416
648
1056
2074
2256
500
858
1906
1740
2164
2169
504
926
10
2172
2792
2166
1180
660
2363
2291
1491
2078
2426
1630
2484
2593
860
1386
1973
1340
2535
2708
748
1760
716
1174
2352
1920
2393
616
200
62
2239
1943
1166
466
1960
2094
304
1512
1884
1280
110
1110
500
328
2539
2124
1676
2073
578
2036
2066
2314
1300
326
1436
1386
1294
364
428
1941
2295
778
1940
2492
1066
766
1958
416
68
2590
924
2140
738
1084
1960
110
1100
1554
1080
1674
1658
404
1238
708
2505
2697
264
36
134
932
1824
2215
1016
124
1944
1746
832
2036
2876
734
1054
2227
986
268
272
810
644
1418
2408
2302
1026
196
258
1552
140
2505
2060
2367
1064
666
2162
2587
2573
706
672
828
2156
408
154
280
2298
336
592
1936
1020
2167
1632
2754
1912
2354
850
1148
2364
2423
1286
1322
1066
2335
2209
2037
1216
1542
1965
2281
990
2390
172
844
302
380
2004
2739
212
810
796
2077
50
1668
2084
2334
2552
2122
2704
2262
2072
1076
800
298
1972
1962
2124
154
1510
2429
778
754
2169
336
1208
114
1350
1756
1162
840
2042
2502
2306
2655
768
2340
1256
640
1570
2179
188
1086
770
58
2201
2259
514
1092
2378
2396
860
166
788
2048
404
1056
2994
2501
1544
1024
1388
240
908
138
2575
230
752
942
2259
958
1262
1980
2221
596
2066
2108
944
2602
2365
600
2505
560
342
1810
1292
822
188
556
298
1720
2126
1556
1766
1774
2271
2493
566
1576
1674
1346
1826
12
298
834
512
2616
348
1624
1426
2218
824
1450
1956
684
480
1334
1080
700
752
2577
562
434
248
1186
1754
1354
1112
160
712
82
2567
1612
114
1648
2436
1564
860
2359
2287
2243
2214
866
1644
2382
1128
2020
548
232
2297
1080
716
1940
2547
540
494
568
2203
2102
2346
334
204
1194
2291
1725
88
2349
2155
616
786
242
2227
28
1779
1100
1070
168
2154
396
138
2662
766
520
1936
2482
700
2207
1052
1998
618
34
132
738
390
2280
1164
2373
84
2271
1634
2440
2186
602
2421
414
1446
1048
2349
1562
254
2300
2265
1226
1930
1266
944
1642
2113
238
1822
1878
24
160
1924
432
1340
2486
2652
820
1986
2325
2272
1870
1476
826
2194
1098
1136
482
1853
2104
4
2036
1060
614
1924
1850
2274
2094
318
2336
1344
154
394
1952
1753
1414
2220
48
504
2167
1992
2309
88
2211
1192
2469
740
536
2565
418
1984
1340
2768
2560
1874
2337
2568
138
1882
2594
1596
2196
300
676
2211
908
570
108
2132
1206
4
2387
2380
976
982
2571
74
106
50
1984
2441
264
550
144
534
2487
116
816
1882
1956
1128
2373
1820
188
2216
64
2408
2594
922
2240
922
1076
1843
736
2630
2658
1566
1406
1434
1128
516
2357
2237
1704
674
988
368
832
2304
156
2413
1630
194
480
2328
742
1084
2439
2315
1260
442
362
706
2226
1758
2182
528
620
1174
2064
94
426
70
2264
2306
2589
2360
336
344
688
408
912
196
1184
348
350
610
306
968
2671
2334
2519
2462
2570
1920
520
2561
136
1925
2446
2495
1110
194
1666
1078
1786
584
2164
1284
110
2207
1128
1914
2545
198
1666
906
2509
1964
1060
1981
2056
738
2321
2593
62
1264
682
2286
778
386
2336
2619
702
2131
740
2392
94
470
2259
1286
2208
2312
2115
1979
1118
2555
2207
242
1350
2226
2407
38
1596
2025
2204
2482
1196
2053
2049
2672
720
364
2030
2223
234
1156
2205
1808
2022
2291
1438
54
544
454
1034
1178
2112
692
1917
2600
2447
2304
970
2111
554
1674
138
2645
662
2000
152
436
1296
548
2215
1374
2144
664
1858
2303
2595
152
446
2148
454
1000
1860
518
2331
1734
680
912
1188
1370
478
1646
400
866
2226
1124
626
614
258
2201
2394
876
1796
2323
2522
380
1264
2018
1992
2280
422
2176
2617
246
1104
742
552
114
2084
2093
1288
1492
316
422
300
436
794
612
578
2310
2251
1230
122
2296
1494
430
2174
2245
26
62
2354
1858
6
1776
1594
462
740
768
1877
2250
818
408
806
310
1454
670
2020
546
108
2515
468
2564
2302
350
334
522
1238
112
1428
948
1946
412
518
2370
2551
460
1954
2349
1796
1374
1066
1690
242
370
42
1862
2478
1336
1765
1236
2448
574
220
2377
830
1900
2180
582
2146
1310
1720
2106
436
2575
1452
2053
1890
2490
2689
1592
1740
656
2047
2376
1438
2226
944
928
1004
844
1654
464
940
2317
746
1020
384
2416
280
452
2339
250
2421
2751
1224
2119
370
1558
126
282
198
224
480
184
324
414
1406
2657
1560
2393
2158
2166
2072
178
1180
534
2293
596
674
2109
614
2285
1196
360
2320
1824
2328
2557
2285
1090
1436
2006
170
1474
666
78
298
1028
1572
162
866
1004
2
330
166
236
1864
2342
840
1918
2382
6
98
680
910
2608
2152
2303
1382
514
394
1814
468
1124
40
2748
2473
1458
242
530
320
504
2164
2083
606
2429
798
168
282
1080
2497
188
584
192
2515
1152
2213
2639
1506
574
510
266
2123
1156
920
2162
2384
2051
2714
84
126
2491
1192
2373
122
1150
1664
1816
558
2176
2028
26
30
2198
2014
140
706
2008
1424
1670
1108
1522
256
132
1942
686
1116
528
128
1336
16
2506
2355
2317
364
560
256
440
1492
1452
1618
1970
122
1828
2184
1308
2354
2373
754
214
600
132
98
2638
998
10
2336
2266
1056
88
706
2528
2452
1972
2368
382
2370
2592
14
2026
1112
2547
