962
2328
2484
2234
1320
1548
1782
2500
2354
1899
2721
2498
2268
1376
1954
1016
148
2468
1194
1168
1232
706
1935
1336
2088
1406
892
486
2754
1144
374
2113
2634
2470
2112
2153
104
1542
992
728
2354
314
2161
2100
608
1500
2044
1338
28
2159
2361
1526
1276
2093
2257
396
1560
1306
2605
220
1306
1414
858
1804
142
534
2046
434
2208
528
1500
1872
2632
538
798
292
722
420
2195
2148
576
1782
10
2299
674
1482
84
2228
2566
2191
1056
2507
52
142
404
890
2651
2099
66
2292
2256
496
824
2229
514
904
2171
88
2258
2087
386
972
2240
202
2392
336
1122
644
240
2197
2198
136
720
2114
2554
1630
832
860
434
1154
1794
12
2248
24
64
588
2666
674
1108
1334
718
2092
1774
2302
630
412
2264
2440
2130
1638
2221
1076
680
1502
800
62
280
2051
1519
2188
2174
1670
738
2242
556
2295
252
1374
2298
446
2286
1282
904
54
2402
1434
644
1646
1164
740
1256
1727
298
2431
2061
2352
1164
2393
770
2370
1518
2077
2684
134
2046
354
406
412
606
2160
230
2245
1628
1340
596
2214
2567
1214
908
818
250
2427
1794
1112
2485
432
50
2085
840
1158
2190
438
1872
336
300
2365
1996
2334
2284
218
2432
2304
1952
740
266
360
2543
302
606
910
1350
1732
872
2211
682
610
8
84
2419
2082
2137
16
1702
2141
2309
68
606
1762
4
2026
2315
308
272
2378
2661
610
64
352
2366
878
2509
1222
98
414
2119
584
290
2008
1406
516
2292
594
2825
2323
640
1156
396
1498
662
824
1408
454
422
662
76
2264
2135
298
2563
1436
2509
2157
1880
1610
2197
2211
200
94
494
876
2222
366
76
2254
608
432
574
402
164
124
1823
2370
796
358
1960
2494
2
396
2738
8
2225
2135
1302
1280
2098
1026
1872
2534
236
1884
72
152
882
1302
2751
2300
2413
2649
1744
2325
2128
2292
818
2180
1752
708
2514
896
486
1488
2734
478
624
1702
672
2209
2167
306
2056
2413
680
2038
1938
2415
54
40
2471
2538
456
2248
1640
430
690
450
2152
226
2613
80
2489
2265
108
848
138
1836
2125
482
2289
2085
1224
190
2219
2353
2514
1070
104
290
56
1276
1698
86
364
2492
2225
302
2312
2394
2076
2001
2423
1466
2675
1588
126
2471
2806
1444
812
2075
2482
1500
28
2088
666
1767
2295
472
556
1436
2156
1292
2546
1978
2537
2469
88
2197
2615
56
192
554
548
1568
1462
1154
2076
1126
362
50
680
1860
114
274
2324
174
378
186
548
2178
2
1690
2494
2361
2602
38
2291
24
2058
2650
1426
900
226
1822
1052
1422
510
2729
858
562
542
2534
1956
1962
2604
2161
798
2030
2078
2076
58
1218
2018
2130
2715
2118
2439
1722
1268
2602
1232
1206
740
1700
2472
1982
1462
1838
58
608
570
16
1824
2232
808
654
60
974
1330
1965
1938
2544
2143
1494
2116
1542
700
148
2322
642
654
464
1198
2171
2051
1876
2459
436
2144
1981
2169
1979
1973
376
1864
1354
1120
1810
930
2478
1934
1330
1054
2204
200
296
932
654
442
1248
614
2426
2320
1948
2376
336
1610
1860
2398
644
1828
1752
2188
1906
526
2544
1747
220
4
2141
806
2118
50
244
2076
2100
2492
2135
496
110
386
438
1104
2288
1914
1170
732
2194
2456
1390
4
158
1194
1424
1554
1926
2433
2213
474
2619
2111
2210
242
2166
1784
996
722
1658
2518
2293
2384
928
2086
670
1814
2285
930
486
1614
2340
858
2153
2078
2822
94
766
752
1582
1516
2038
2018
944
2253
1376
2158
1710
2288
846
2077
844
2242
334
854
652
1978
244
2440
510
1254
2034
1963
2639
2344
1502
66
1910
2379
620
1720
2251
324
1709
4
2050
1930
802
2090
1864
2001
2463
1530
1118
64
1044
2463
552
2594
2670
224
1370
2373
1030
1594
682
1970
630
1250
1814
204
1786
2939
2548
262
1964
1344
402
148
1210
836
370
2434
2177
2664
280
110
1404
1620
74
2753
1987
2680
974
1906
2230
1248
642
2202
1216
1991
386
2479
1858
1768
2438
1925
1818
618
56
944
2482
354
2347
1148
200
2338
680
718
992
1312
602
1256
944
2216
1378
1348
274
2059
820
722
48
2173
664
2463
1358
506
324
1624
2741
1908
1546
1800
2354
878
2724
446
268
2467
460
1930
1106
2502
1254
2405
1750
454
886
1884
1522
2051
520
1908
2382
2110
620
1018
612
814
754
644
2365
2099
640
484
310
606
2448
490
2107
2841
792
98
1180
1953
2368
2243
1126
2115
858
2318
372
512
1796
656
1992
326
2294
1194
2125
250
2242
1668
1602
1442
2341
1806
64
2278
946
1190
476
1616
1642
2044
1242
552
2353
1850
16
2316
2208
1406
1032
1350
2139
56
1188
2502
2648
728
1370
202
178
786
2362
1232
136
66
1108
110
220
1050
532
2408
1974
1786
616
2065
2441
262
1136
630
1822
2302
1864
1682
228
1252
446
1184
450
2213
888
1342
2543
146
1900
694
382
2024
2814
242
2367
888
1320
280
652
1370
2226
614
1150
2348
1850
2285
2398
342
820
2456
2558
2694
1746
294
154
2721
28
378
204
434
90
2029
290
46
2739
1004
1128
302
1973
2661
1538
1878
478
206
1662
2512
804
862
1568
2045
2573
2019
2206
346
2127
2388
1358
2605
448
84
96
1076
2384
1146
1598
442
608
1310
1256
752
130
2044
2590
792
1832
588
148
306
2499
1944
1514
1132
2434
2471
2096
2527
1819
334
274
492
1102
1674
2230
2630
664
2353
1999
2002
348
1950
2349
194
2480
2419
1344
512
340
8
174
630
536
2170
1354
2107
2374
166
770
122
254
2281
2537
2346
1866
2477
36
1623
1844
442
1230
810
384
514
2304
2128
2439
898
1660
1352
2248
2269
2333
136
2253
1138
728
698
1392
2113
2023
194
2034
2478
42
2246
2058
2651
1774
2458
226
1376
1716
466
2258
1982
324
974
2466
1466
2288
1604
24
2271
2627
2625
926
2389
266
2338
2497
134
2025
2031
1178
2311
734
1250
238
712
1464
800
268
382
408
610
886
1622
2148
460
600
2323
350
1304
428
126
508
886
2198
840
1046
1832
1252
24
242
1420
630
1674
1260
1168
1700
1446
2327
2236
1924
2225
1964
2416
1339
368
640
68
1306
290
2449
570
1042
2564
600
776
610
1632
1794
1352
2392
534
92
1258
2226
1414
2014
2095
302
1968
302
1706
802
2391
2294
106
2309
540
1120
2250
1634
1468
40
394
2494
2615
2508
2457
1348
504
104
1328
2420
648
454
1878
64
1314
688
1889
528
1786
2233
80
974
2359
1074
254
562
2406
2617
832
1188
332
2686
1806
1104
366
158
2069
1606
774
2208
902
2375
2251
956
1580
1060
1020
988
2209
2178
1493
1948
92
398
2275
1234
1360
10
646
1238
1502
16
1522
2216
304
344
1604
1997
1610
2205
2685
2151
1528
1172
354
1512
2486
2364
262
698
2
1986
646
1240
456
1330
1318
720
100
76
1242
2578
616
1324
1468
2690
2506
1980
1378
36
954
2283
1406
2334
2319
1937
950
162
30
230
1488
396
2480
1818
1614
1978
972
1716
746
1920
1114
1154
1702
2116
2137
166
1844
652
898
1976
1833
2132
160
2512
2319
36
1904
946
2266
2415
1761
2690
2352
820
158
2545
1242
948
1174
14
2481
2195
1092
284
364
1270
2780
944
2568
1986
1254
1994
1458
284
2593
2198
2259
510
2450
1156
362
1998
2104
2073
232
474
2323
992
1222
694
2160
1764
1006
1650
2002
2412
326
1732
1720
1154
374
204
1704
260
2058
2454
700
1987
206
414
2551
1484
2204
2533
1196
1032
2403
958
684
368
382
1638
1072
472
2629
1304
2276
2460
1268
1643
644
36
2023
616
1472
34
704
834
1432
2029
1270
2293
328
1558
1082
2720
526
746
480
358
758
706
2510
858
260
1636
2622
426
2282
1038
2208
2600
1772
2146
2194
286
2176
1860
640
1048
640
652
1088
1653
2120
1090
1418
490
1328
552
2669
66
1006
1660
376
2707
2580
1926
1266
2308
2498
298
2477
394
2143
12
2133
2206
2548
1176
1036
860
2195
1702
2613
26
720
126
1690
2625
2020
908
86
1362
1448
1770
2495
1142
2066
36
2022
1108
660
722
2393
938
2186
358
1550
2471
1832
176
126
592
1426
134
236
1550
80
1120
138
140
2408
1028
2364
1564
722
2568
1634
490
544
2365
964
1708
2732
1224
204
2412
1580
834
646
2357
280
2483
1360
870
1146
414
214
1977
2175
932
2120
2523
2130
1780
48
2218
76
2220
1676
1478
204
1208
1112
2340
2417
990
652
200
822
1736
88
814
1542
794
1808
1058
714
1148
2107
1468
2698
2564
1554
2062
2018
2040
1684
1398
1030
2437
212
1048
2112
2072
1548
1891
1214
2371
680
604
226
1884
1210
1342
370
2006
1792
1764
2482
294
2329
614
2304
918
2388
2266
130
1996
890
220
2618
864
70
3795
670
398
1948
746
254
1806
1620
2076
2107
2094
2267
1634
2229
2012
482
2262
1248
870
700
2195
430
2201
488
2318
562
2323
2177
430
48
1450
232
2104
92
2440
1796
1402
808
620
1967
2290
136
2231
1116
972
1504
2285
2060
532
284
2267
926
1732
2470
2386
2053
1338
2052
2202
310
2
1496
1194
1310
1784
2582
1906
2293
1740
2571
736
2070
1502
744
1118
392
932
2069
2402
348
2445
1186
446
864
1464
2079
112
2321
2122
2441
900
404
2632
96
876
940
2227
2527
1544
2435
2369
2242
1148
2270
740
2429
1126
1006
2532
356
2227
2040
2268
1568
118
242
414
1720
1082
8
22
1544
454
2251
712
366
1588
2324
2117
2445
2295
1498
1602
1130
928
2662
722
1126
2235
2316
1940
1380
410
2312
972
1878
930
2197
1442
62
1904
576
494
2056
2288
2206
1454
1882
1006
404
2719
588
1416
1510
1174
32
426
468
984
228
1476
212
736
338
1958
340
2070
1324
220
2396
1778
2026
264
2054
1270
126
1560
646
102
1852
2777
1726
630
554
24
1839
2437
736
984
130
1016
264
958
1958
922
106
1620
1026
1464
374
1936
2098
2422
2421
2254
2226
1878
900
790
104
1828
1708
72
712
1412
116
806
1232
1264
2623
2218
1002
1578
2547
1748
808
1288
990
1744
2402
1284
1602
198
708
2428
808
1634
2546
2622
1616
866
1548
222
208
1849
1310
296
2632
128
210
1588
174
766
524
938
1126
792
2094
2206
394
1496
2600
2652
2179
2114
574
240
732
2147
2324
288
370
2534
2608
2358
500
768
2162
526
2587
2216
1490
1858
2522
2698
2282
2370
72
2274
1927
1798
2296
1026
1820
1752
410
2510
114
94
484
134
46
2513
1010
304
1464
1052
360
416
916
1128
1588
1262
1620
1972
1838
1908
2343
2515
2301
264
1757
76
2119
322
620
472
1454
2128
1990
1268
394
308
1554
270
894
2216
174
2058
1925
1218
1606
2460
2435
2303
36
418
1134
214
686
284
92
194
1460
2399
1094
2333
148
776
678
2622
632
570
2104
2273
1286
2248
548
444
2259
62
112
346
646
204
2502
2103
2326
4
1494
930
1162
1344
50
1839
334
818
1352
1791
2446
2728
2253
2230
2276
2444
2317
1638
1004
816
1598
234
1898
2405
320
988
816
2088
928
2576
2412
1000
1550
1880
312
2
352
436
150
176
1728
618
1240
2390
1258
62
1927
1957
2293
1254
108
2025
676
2626
70
1580
82
1914
880
2264
2691
1978
228
1892
774
1362
996
2164
2175
2190
46
2418
2421
3117
20
640
1228
742
1172
270
2013
410
2132
56
134
854
1220
1640
2302
1144
952
2415
288
1884
286
2012
2258
8
1590
654
2147
114
1226
1136
1546
400
1820
2606
642
634
1584
822
2502
1624
934
268
1448
1008
2866
2869
1724
2630
1338
418
140
2358
2521
2189
1420
2120
986
2412
1712
158
2519
2393
2416
1781
648
2108
1706
2545
1396
2295
100
1512
4
2296
504
1360
832
1344
62
702
1092
354
2467
1792
920
792
1128
2560
682
2183
410
1334
2196
2134
1616
278
8
2478
1028
766
818
12
1995
1614
2028
1170
1160
1913
2163
780
2519
2525
2437
274
2167
1476
834
2219
2773
2626
2035
46
2382
168
866
1370
2282
574
1620
86
2138
510
2228
48
14
764
260
2174
1766
2442
198
986
1452
2158
2161
1204
3075
2613
1964
2462
2572
502
2310
950
2234
1322
1018
286
106
2024
2672
2244
1514
2590
288
2551
2241
2398
2538
2341
780
50
806
922
2241
2275
1538
1896
1636
1556
2453
2051
884
1326
1192
1762
458
30
266
112
1340
2309
2480
914
952
294
1338
2676
234
2115
406
2358
664
1134
2133
1634
524
154
26
2770
934
18
42
530
2716
998
2030
2172
598
1438
800
1180
2453
338
1822
872
1578
1640
402
1292
1971
792
1836
1230
820
550
2392
1508
2589
380
1643
1032
1468
8
2574
1938
2204
2671
2412
750
2273
412
276
2309
1004
1072
392
2402
2096
322
2525
2200
1146
40
1278
870
1130
282
156
2256
2483
106
674
2248
730
472
2468
1028
2501
1196
444
1934
1956
790
1700
2317
1256
568
2172
1986
2336
922
148
970
1380
360
200
830
812
1284
854
1916
624
1854
2152
8
2405
2490
2428
526
662
924
1706
470
320
2404
2021
1666
278
412
16
236
1364
1864
168
1790
110
2416
464
634
2484
1242
2422
2729
2439
2078
304
1030
584
40
2379
288
2103
1104
1608
2298
2134
1838
754
328
744
1688
1636
1424
2198
30
1638
2084
2108
2180
1384
438
56
1300
36
1598
1961
2141
948
56
346
2545
1582
2430
606
2584
578
2308
230
92
218
1170
1897
1118
2026
1780
2037
1472
2210
228
566
2485
2487
2308
1980
2432
922
1738
402
1440
1238
532
2218
2347
2038
26
1446
678
660
2077
176
700
208
1902
1743
34
64
2446
494
1978
820
2345
142
1212
2179
676
874
340
1290
1366
2125
1710
374
780
2542
2472
1348
1550
374
2203
772
734
1250
2100
682
1270
2290
578
2289
594
430
1729
128
682
2337
2069
38
144
2438
1586
2139
1108
2205
1690
2298
1564
572
300
216
1712
806
1922
368
256
1674
1572
1018
972
658
1750
32
1340
682
1554
1818
1866
376
788
668
502
766
1140
2368
1612
1617
334
2263
2043
772
494
2390
1936
2135
2
284
2050
1824
2190
822
2208
1140
2209
190
1624
904
1690
1350
518
162
1034
1998
2446
202
2345
708
1212
238
2224
2445
2570
2185
2483
2315
410
874
1542
446
1970
920
2269
1358
688
1967
2362
2668
2291
2132
478
660
974
654
1788
2324
2406
2172
2149
1438
522
866
2606
202
2764
2327
960
1046
994
2170
542
558
72
2
2518
312
2470
2076
636
1980
2200
2365
546
1967
1188
276
2289
554
2533
242
1582
2711
402
1806
2082
494
1960
1580
130
2053
2511
2203
454
2170
2136
1530
446
520
2082
766
156
410
364
306
1556
2413
86
2116
474
2542
116
1604
1024
710
1244
1262
2166
1534
684
1288
1876
1901
1086
714
2376
2241
1144
2004
798
196
334
1332
2228
2250
2210
18
2394
2312
510
74
2557
982
952
1769
2718
1354
2371
2656
266
468
488
2428
2216
2000
666
500
1852
2228
668
246
150
1990
1004
724
446
1780
1220
642
2264
1836
2388
2235
906
2389
586
694
2212
418
1896
1500
2110
2225
1874
568
2088
1670
1426
2341
2342
2098
788
1592
1734
2114
1897
2073
2027
2566
766
1222
1302
1244
1182
2458
198
600
294
1687
1811
1364
2299
718
2537
2099
342
2571
738
184
856
138
2144
1602
1644
2194
224
2230
952
6
256
1352
2034
2398
2274
1192
2767
728
2192
138
470
208
2334
2498
190
1358
48
340
2772
1756
2544
1096
2331
2655
934
170
884
2441
2371
826
782
2806
550
378
288
2410
674
1060
960
658
1696
2454
44
2173
928
716
1842
2303
2302
2195
1168
2375
554
1070
2381
1988
3245
968
2598
722
2586
1170
142
492
1766
2042
82
684
2302
2359
2054
2240
884
1516
2370
2264
1310
230
2467
1300
218
496
396
2796
1987
2126
708
1823
1476
2210
2574
2016
1654
94
1746
1312
2366
1967
554
274
234
1194
160
742
1703
2608
696
918
574
2408
1110
1548
1040
1638
102
932
810
2428
2340
2153
2346
1364
282
2437
1862
2421
1116
1340
1138
2299
286
1220
338
408
2268
1636
1152
440
1800
974
1094
1302
2820
2227
2568
1874
1178
604
540
2497
1278
2250
1890
490
720
1764
1164
626
2231
1895
1118
240
210
1162
2345
62
1784
898
1026
2450
2476
886
2206
2439
1270
2459
852
2066
684
2218
1302
356
714
1892
2336
1892
2120
1426
526
2002
726
2316
2332
1858
300
1758
1802
2317
1404
2036
754
2656
1346
1464
1566
2270
2256
2912
2056
1999
266
184
188
108
1038
1066
1182
1827
1530
2484
448
2090
1148
1344
798
1348
2039
2328
356
318
14
1122
942
558
952
312
2354
70
1456
208
928
426
1796
2020
2360
902
836
356
912
2056
82
358
1861
166
242
2567
1628
512
1256
1618
1082
1372
1634
2405
950
538
2214
2081
2495
1894
358
2273
174
922
1288
1766
494
2022
36
2181
1764
1850
724
2786
374
2448
2638
42
2153
1240
2628
746
206
88
1970
596
1858
710
524
2348
528
1162
4
218
1796
1046
1254
2402
174
2586
2158
1890
1002
10
2738
2462
2150
1162
826
1478
2815
2404
944
1910
2612
2098
1930
2139
2356
726
1522
772
2169
466
254
2180
2580
138
2671
98
2315
2625
742
2346
2037
1056
1846
1814
2041
1214
1856
204
888
528
1925
964
2341
2427
2165
1194
1984
1332
1504
662
198
734
792
2124
120
2461
2483
390
144
266
60
2172
1296
1144
2137
8
172
184
296
2095
614
2237
1964
2161
1092
826
170
2308
2164
342
1392
2296
84
2534
916
1198
814
2145
2350
2147
2380
2367
1046
1042
1108
1262
1490
1989
38
122
2299
2245
2535
2665
496
296
2257
922
2115
2221
2207
1813
592
1106
1860
1748
1282
236
1638
1624
2454
18
742
2068
1432
1959
2065
864
498
2344
102
1326
1404
838
814
1962
1678
2144
252
370
1218
1950
2436
2174
556
1072
2473
784
470
2268
306
2044
2563
34
1971
2479
2159
334
44
2300
996
2417
1973
172
274
1026
2302
380
1687
1668
1744
28
2250
2470
2418
836
1946
808
918
92
688
2288
1566
888
2400
1238
1100
2559
64
938
1504
546
732
2017
1146
982
120
716
2439
2025
2259
936
1142
2152
934
850
2259
264
2262
232
1256
2259
208
1144
1704
78
2163
2078
1316
698
1624
1466
138
280
246
762
2226
750
376
336
2517
488
1600
158
2187
1756
2273
1366
664
22
588
2319
10
1724
2233
2672
2101
1634
688
1156
2357
678
612
896
2463
2104
182
606
512
1930
1624
578
644
242
1034
1876
2245
2149
264
1780
104
2176
2115
368
1094
694
1234
408
1654
1198
212
508
370
2334
792
2357
398
1988
1778
666
394
1212
2302
386
84
2030
2484
1280
1194
208
970
2356
2713
1432
528
838
1068
426
1976
1324
126
1652
2332
392
1072
2
74
522
1590
862
1580
1430
1394
282
172
472
38
72
2016
782
180
12
2430
2338
918
600
1046
520
622
2162
854
218
1064
1182
1164
258
1512
406
2606
2564
120
668
48
1046
732
284
2550
182
134
2239
1142
1808
510
2719
826
2045
1798
2194
1720
8
1194
1410
2406
2061
1112
2432
1160
134
1068
148
2024
146
2291
2576
2215
298
546
240
1456
2263
2312
972
2146
1802
556
1026
100
358
2356
2001
1012
1002
2261
886
644
640
506
1156
1034
1388
158
646
24
18
1828
1993
2152
60
2000
1400
2278
2515
254
726
102
2052
1388
2476
2624
2088
38
1456
1636
1806
2166
84
1654
1144
2132
130
2604
2703
492
58
2428
1730
2314
656
2116
1664
1997
2564
32
1640
2538
1526
2526
876
1232
588
1888
96
1400
462
940
2125
1006
2537
46
996
2389
906
864
608
426
2427
1164
816
950
1944
1410
330
1114
138
2544
1124
2255
592
676
2251
1512
1854
190
1360
758
2451
1318
2383
2356
1122
1596
746
680
2158
2258
1824
288
2061
546
2080
592
2436
2463
2170
1394
1162
2176
2375
2198
1984
2414
1624
44
2259
600
2728
742
2093
500
904
116
2410
2401
1150
1870
138
2178
2191
2446
360
1884
1530
1610
1016
2002
468
988
1050
2134
320
1436
2188
1222
406
448
678
1148
1568
2282
2485
2019
1540
2074
2546
98
168
794
68
1677
724
414
484
194
1902
1658
2243
968
604
2252
564
1496
2363
1198
710
2486
2538
1678
598
538
530
2106
588
856
28
1668
1248
2322
376
2193
444
2423
2
1558
2700
2210
2349
1398
994
2126
2529
2619
1284
1980
594
414
1136
1060
2277
2742
326
2032
2046
2554
1918
2065
2058
1851
268
2400
1308
2225
1350
908
282
1450
192
2055
980
1094
524
2240
2279
1488
2403
1754
1442
292
2225
446
2558
444
1550
84
564
2254
2311
2401
2244
2654
1228
2305
1384
2485
1998
2326
2234
2474
1368
1910
2343
680
2191
2054
2372
2050
514
582
1142
2327
896
2242
2415
2021
2218
2059
344
798
1132
1722
2539
1974
60
560
444
986
1012
2201
2199
510
1944
1150
512
2544
194
942
1160
2453
1484
2591
796
1404
956
2272
1544
1110
2491
1794
2322
1500
2493
2094
2299
2400
14
1376
978
922
374
110
660
1386
1068
2438
1152
2304
2193
2040
2099
1856
2229
1728
594
514
2585
990
1678
104
2539
1963
1356
2265
1340
2238
2444
1146
46
1350
88
1242
1468
2337
2742
578
1292
20
292
2223
2253
180
2203
2324
182
750
1066
2096
502
672
2014
186
2421
1366
2290
630
2285
534
36
2666
1272
2731
2379
258
1442
2425
1186
2146
1724
588
1780
488
2393
2308
26
1290
1990
1975
2536
436
40
170
2075
208
1292
518
2213
1931
530
2271
2362
808
1090
1688
768
396
330
2185
1142
1873
570
884
1216
4
66
86
484
358
2082
768
516
854
2436
2215
2183
720
2702
192
464
1416
1092
252
1944
794
2281
616
1354
1984
2347
834
1060
1892
1817
2417
230
1562
1212
2135
2353
1046
266
544
2441
900
550
164
1018
872
422
292
1692
816
24
2551
1312
2395
52
234
2128
468
2354
2696
150
1376
1936
2590
2135
1074
1334
1020
790
454
350
566
2272
2032
60
1816
192
862
130
506
624
860
1876
156
2150
8
738
2298
2070
444
304
3037
490
2551
810
1162
1246
102
2415
386
438
254
134
328
1788
1995
1858
1874
626
1092
490
2618
310
564
574
244
2446
1584
278
2204
390
2247
1470
940
450
1006
2530
2418
254
1084
1166
1204
370
2120
1947
2609
672
2104
1208
2234
2029
2494
240
704
2277
2183
2282
2512
130
2356
2354
18
1050
2519
1756
1476
376
2217
2285
874
1564
2177
180
2421
592
1144
2239
168
864
2621
1458
260
1244
2635
1936
1958
2454
382
704
584
702
246
1256
624
2115
2355
324
78
1054
218
1740
1738
1888
2626
2449
2218
1392
2361
2248
2377
1208
2385
168
172
854
704
1970
296
1016
2630
286
142
896
2636
716
1156
1390
1694
2369
2413
890
2372
276
1308
672
326
1452
2621
2650
2322
440
1062
2342
2175
2128
722
2272
302
822
1778
2079
2453
156
724
1088
1286
542
632
2239
2273
288
36
2393
104
1144
2243
800
2438
2455
2478
2363
166
348
108
350
70
1258
2276
2420
2467
2238
286
30
508
1354
840
730
170
210
500
1344
1278
2528
2044
1346
2057
2286
1952
2502
670
1530
2098
2151
1498
420
102
2175
1632
1082
704
846
1730
504
140
972
2617
1270
2105
428
426
674
1790
588
2458
100
2434
1896
2495
244
230
370
536
2018
2377
60
2577
730
618
6
1992
836
1480
600
1487
1892
2006
1944
2103
2799
686
476
120
752
544
2453
790
294
2429
1012
288
2464
200
1962
884
2750
2279
2030
2322
2321
1212
1786
994
1432
2116
426
748
742
2552
2286
592
86
32
1774
338
2327
744
1056
1382
1198
602
1996
168
832
124
1410
2506
738
750
2359
248
286
2134
292
1508
1680
966
398
88
1478
2081
442
2034
2186
2203
1330
724
746
1202
2186
2355
1410
2395
798
2118
734
22
602
2352
1318
1288
1907
1790
1484
1618
2400
2118
792
288
2468
2324
302
2088
1036
1859
2407
1602
2017
976
2806
654
1926
2415
1204
760
2263
2315
538
2390
2043
1782
2377
828
1546
6
164
2534
132
1312
2373
838
844
2172
2347
2552
436
812
754
522
932
26
164
1188
230
1086
2392
2180
252
1988
1839
2290
966
522
1034
1380
578
2266
296
432
2301
606
670
808
1288
2227
2034
2379
1242
2221
218
2214
30
380
2291
2123
88
1240
2296
2099
1374
1324
2436
24
1614
758
1834
2274
2601
50
140
1312
2039
298
812
1404
184
380
1864
2152
156
902
1146
154
318
906
1218
2282
2517
684
2140
2421
2136
906
300
2587
428
2126
382
2450
868
2306
88
1146
1718
2731
488
1104
134
2582
574
182
988
2194
378
1534
1926
534
580
1362
714
2302
964
1612
2353
1200
734
1652
1996
2356
604
20
370
2589
816
1106
2621
224
1166
1740
644
2305
2462
2452
724
472
1760
1930
1628
106
2177
2061
754
2341
2164
1710
1512
764
542
2016
2217
1396
818
2179
44
1892
1356
1164
166
2124
126
1352
176
1756
2027
1846
1560
408
1446
1114
2554
140
1058
1062
2116
2169
2552
2543
458
2132
1220
628
696
1580
764
886
1762
1112
204
1520
118
420
6
210
68
76
2347
956
1790
2758
4
2387
968
616
370
2230
528
2524
596
2324
172
286
1918
2483
1640
2289
2078
1822
1358
122
2205
182
418
362
2522
2225
2123
1374
2157
2186
1028
1808
2355
1600
1010
2312
892
182
940
1206
2417
2180
2475
704
996
984
1793
1496
316
1756
1094
74
2348
978
1116
514
1796
466
902
44
462
2534
2216
2532
440
186
64
1098
822
2373
1082
1750
2124
2014
2401
2309
1084
2482
756
774
90
580
466
290
1154
340
1638
2261
2449
2132
234
1322
2165
2323
2151
2217
2293
2020
2523
520
134
2046
1316
730
566
2294
156
2051
2218
134
2072
2046
1783
200
2712
2154
2023
2563
332
650
254
2363
424
806
2170
2235
1813
448
1114
2217
2048
2300
918
2432
2148
2217
412
2358
970
2129
2151
1330
678
2384
1618
868
1818
1194
288
1995
2204
734
2162
474
272
2004
1354
306
738
514
2508
918
232
228
574
1882
1802
584
1780
1626
480
1414
1900
1969
1878
224
1546
1316
1116
2483
168
316
120
1070
322
2100
2251
598
2026
522
1656
828
264
216
248
2360
436
2206
2292
2257
120
1680
844
1786
802
1742
2634
416
608
408
966
2060
1848
2443
756
454
686
2237
1942
240
652
272
2420
1748
48
2568
1542
1350
928
1454
82
2577
556
2406
1364
2501
2415
516
1388
1114
1778
388
2478
1960
1196
792
2225
1256
276
144
2450
1262
2294
922
2018
320
2
258
2697
360
26
2036
526
1415
1178
1214
28
2278
1214
670
1780
2175
1216
2212
152
1006
1410
2219
688
2023
910
1536
2212
656
1808
2494
1712
370
984
306
282
1992
2617
4
1680
756
2214
1488
2332
2187
126
1478
1995
2378
210
420
2484
1344
1062
368
192
616
80
2185
2096
1176
1794
6
1242
1506
2455
2285
2361
1542
1146
1032
908
698
432
1336
1424
1742
2383
2403
346
2186
880
4
1210
1254
112
64
922
2316
1470
2597
668
1996
2500
2503
574
664
2096
1602
2440
520
1594
180
2408
2410
1726
1898
1222
2020
2258
292
2441
100
1038
548
1844
818
24
2184
790
852
94
1554
680
324
1226
450
1956
2127
2330
1160
1076
1556
2248
1604
2426
2296
2388
2443
1288
2366
338
1378
748
1226
416
802
362
2388
2443
208
2000
1762
2545
2167
1104
1885
1230
1004
2420
2228
1936
2555
880
924
1861
228
1582
232
4
2112
900
1396
2162
2196
242
756
366
434
1610
1032
482
2207
428
894
1222
1078
842
1148
496
1072
456
460
2019
352
2011
2131
196
2111
2176
1052
2121
782
1202
2294
508
2538
258
970
2528
1584
752
550
1572
1700
124
2058
2363
1750
2100
280
1352
652
2264
2397
2428
2801
394
2147
612
1188
524
1130
1062
610
2168
1899
784
2354
2615
1114
218
100
2501
1246
2430
2910
30
2049
534
1494
2359
2161
1966
2176
10
502
2375
22
1262
542
2284
2359
514
1750
1722
664
2394
2176
674
1028
1274
810
2679
1432
2087
994
1154
370
2334
578
2094
824
10
2007
1096
1904
1647
2350
1022
2381
266
1270
582
2164
2135
432
1940
2680
2086
134
1326
1002
960
504
1224
2016
1578
444
8
102
862
2166
2436
2546
2276
118
736
1176
2605
586
1256
72
2076
2470
166
146
1698
1800
110
586
1598
214
178
876
1354
580
1456
1228
60
2076
1528
2504
1304
2440
1934
2173
1244
678
2421
2485
1612
158
280
1910
2306
306
2302
2318
2154
1802
820
1663
2224
1052
2602
750
2218
1764
152
2547
1682
2055
414
1052
344
710
1274
1757
1938
1468
1816
1322
2772
2325
1604
228
2306
1232
2289
310
328
1584
1795
1346
2226
508
958
1866
2628
2457
596
396
350
2390
2236
858
68
2512
1634
50
2263
1276
378
2360
1672
2607
2259
768
78
460
732
68
708
1904
96
1032
2331
954
1440
2321
2283
2292
1152
404
214
2048
1022
1674
262
1040
1434
2342
2266
2427
1376
602
842
1224
782
2939
2663
2266
802
1961
3076
2222
2213
1014
190
1550
1584
818
428
1408
436
520
2
1084
982
108
766
882
2357
736
1953
2034
2232
1020
22
1764
634
2140
1422
882
4
2290
2073
2142
1314
2151
2434
2006
2315
2380
2578
1662
34
82
2223
312
148
2231
938
2096
2455
324
1130
2217
1196
1040
670
1400
136
2259
470
552
2078
512
456
1734
2371
1406
2216
1324
2289
2050
2057
2385
1736
2034
1562
2481
1088
582
1142
2652
32
2382
274
2592
340
628
1266
1498
2443
2214
954
2491
2576
2034
2522
2582
716
2126
2330
1464
1996
2084
98
1322
808
2277
2270
2183
870
1304
1822
190
3026
1366
1034
2124
1680
2099
700
300
808
2384
222
1821
2170
2130
2072
366
1791
2335
1458
506
2192
588
1334
496
846
1912
1752
1216
2631
430
2599
2049
2372
2304
700
2086
1010
362
2673
2567
1977
1826
2078
1000
2619
1272
844
156
2459
1074
1776
1402
1670
964
2118
2416
1492
328
2247
2673
434
308
210
2036
2290
1560
2505
2206
1820
1796
256
1534
2359
2236
2550
2545
1334
2336
2579
1348
558
1336
324
2052
1930
2430
272
2350
788
30
1570
2442
136
1106
1022
2218
182
2033
1294
2365
1624
2495
2567
2501
976
2448
1000
1974
902
2263
1180
1832
118
2265
294
254
1881
1746
1388
462
2343
2567
78
2173
2368
2346
2259
152
184
898
794
2424
552
1030
2393
1796
2416
34
1318
292
2068
218
102
1480
2465
1358
868
722
2585
184
648
2379
350
64
206
2296
2148
2480
2317
1898
496
1094
2043
1967
676
164
390
1544
2582
2154
572
2198
166
1034
84
102
1938
1973
972
800
1144
750
2429
506
1704
1650
1018
2131
1540
166
1340
688
96
1646
1422
392
436
2412
380
1024
2112
1130
1178
162
116
696
496
1240
310
2749
288
2633
1718
2311
1222
236
550
2445
1334
2311
2320
786
102
1180
2514
1810
1528
774
748
418
2532
1088
400
1278
2733
1196
922
2151
2352
2114
3253
808
1078
2476
30
8
2107
62
890
918
524
264
2512
286
2403
220
1150
1302
528
2338
2680
750
216
928
988
2904
1436
888
2294
634
2291
2718
1948
2158
746
2414
2156
2248
1562
2509
2748
428
118
240
2311
1712
2333
820
770
1150
2304
1747
2096
428
1346
2263
2230
1286
84
1468
1658
1070
2450
1322
124
2476
2095
26
1854
2398
2382
1772
262
614
1232
786
870
1142
254
30
3117
2074
158
2567
1506
1510
722
1494
2422
1214
688
100
196
1864
1286
2662
116
2307
2485
828
664
92
2010
2090
204
1682
158
42
116
1278
2288
2721
184
1927
1940
2267
738
912
1957
704
2417
1832
284
1968
2288
2406
646
634
1734
620
1984
2777
958
1146
2187
2172
648
160
2178
2338
1588
1374
2037
2173
216
148
2441
1018
6
2276
2049
1096
1152
2239
2242
220
2285
228
1094
1908
642
1162
408
1682
2324
770
256
1296
20
2472
2578
1548
694
2104
454
272
1018
470
2278
1046
2238
2518
2525
172
1380
2837
732
2364
614
2306
2352
180
1038
2104
804
2178
2318
522
1346
1136
2368
2332
2010
1882
664
302
2525
1172
2127
518
2469
130
988
2169
1338
2226
140
1930
2520
230
1634
2405
354
1388
3036
1490
436
2206
724
2131
1843
1910
2144
220
1562
1566
74
1142
1770
646
1736
1490
1500
994
2062
1058
528
254
780
2584
848
2132
2162
460
660
1234
1954
742
876
214
924
1144
1712
308
248
274
528
812
1706
1992
1626
2048
2295
738
1106
484
34
2391
2574
2718
1348
124
834
950
254
792
1704
4
1964
1960
2553
1046
2186
1416
36
1856
2393
1970
562
628
2083
2161
1046
2267
728
1712
236
2059
2130
1950
922
2367
2339
1494
816
1816
1338
1036
1760
1954
2335
1604
290
1789
2110
18
16
2609
2122
1753
548
96
1026
1682
1666
752
2356
654
1664
624
2661
1892
2331
2280
838
1268
1640
2382
1334
1448
2004
692
688
184
150
2671
656
174
272
2792
2154
1018
10
1816
1794
1824
1294
1184
2698
1899
420
206
1106
1206
482
1074
2604
2412
2170
638
610
876
778
1658
2057
768
2425
2658
2401
1336
2270
398
2093
1945
2262
2435
2218
2386
1940
2348
744
2800
2306
244
908
2352
2313
2133
2648
348
2430
1266
1152
126
698
1174
1334
1136
1436
1956
2276
552
858
696
1600
2228
236
2716
504
1616
198
428
2155
2237
590
2192
2434
1827
1430
566
2311
484
2222
2066
2210
2214
1550
2518
2072
1436
950
698
948
402
378
260
2217
1256
716
2254
878
1839
1368
896
130
108
992
2254
2102
2382
1546
1999
2618
2429
788
84
692
1030
1234
1208
258
2219
2054
1390
970
1148
300
2047
1374
1394
280
372
316
2392
2428
936
192
2021
2282
1356
624
1757
752
2204
1008
58
2281
2170
2336
62
650
2414
2254
1638
84
268
1290
1320
680
392
206
2226
246
2226
762
208
2107
984
2489
1288
2034
2308
2198
1706
2390
698
310
716
30
1094
72
1250
1336
1818
152
452
764
234
546
2345
1356
292
772
1504
2116
2599
2362
2351
1900
318
1536
826
2607
1488
122
266
2543
1422
84
1404
894
598
72
1010
2028
162
1160
2073
2083
2010
1510
2347
2116
2149
282
1580
180
1536
2825
1984
1790
12
664
2278
1908
936
2244
2428
2114
674
1116
2436
18
722
1116
1366
488
20
1778
1985
2202
18
2721
1936
308
1272
2085
340
432
432
2662
2228
394
468
1106
2490
1640
248
2344
2102
2498
376
728
226
2564
1132
528
1826
1190
1876
1990
2413
960
2310
608
1928
1130
1778
72
2534
950
2221
1018
1414
1662
1302
2181
1518
2188
642
2012
1742
2052
558
36
2353
2170
372
230
1266
1911
2136
2346
1094
714
646
2036
2107
924
2251
650
2507
798
1803
1924
2194
1626
2102
1566
1672
416
702
2261
718
1626
2078
1054
100
160
2266
1504
1816
1899
1676
2025
66
2141
1356
1104
2185
806
1158
2547
456
2243
104
788
1618
50
416
1690
758
96
410
1274
46
528
2380
2015
906
2194
1370
