2316
2381
2221
476
86
2143
2117
740
2273
564
2295
1292
772
2648
1560
272
1346
2397
2515
382
1276
958
654
662
856
852
408
1328
1014
534
2212
2301
1584
2694
2006
14
12
990
118
1546
876
2204
1945
562
2303
2764
710
2191
2205
1294
2002
346
510
566
2426
2249
194
2513
632
1887
90
786
2118
944
362
2454
1256
926
2267
2532
1620
386
836
1638
980
950
1032
1580
2715
282
478
2113
630
1262
2280
2452
1462
50
1190
2028
2215
166
462
1718
758
1344
2094
18
102
304
894
52
1254
1338
2042
2041
470
1786
1726
2280
2
2517
2540
1062
2216
1030
2569
2218
1230
2129
452
2292
1030
2207
608
1805
1786
2341
158
2100
2331
968
1230
694
936
262
2030
2542
2078
1594
424
780
2335
576
2533
1922
820
30
2492
2250
1338
1775
458
858
2495
1390
462
2475
2108
2452
712
2144
1838
2162
1096
2008
2440
170
932
2330
2563
662
1653
138
1364
2636
546
1120
890
2263
692
306
190
588
2322
2042
2277
2392
464
648
2302
2043
1856
2598
1364
2547
2063
310
1724
118
1124
2289
2429
1082
1096
1070
2088
742
1050
1240
662
496
1600
642
2877
4
606
590
280
2489
922
1278
2202
306
2480
122
2063
1448
2284
2132
172
594
1236
2466
2021
530
2280
1626
1470
1874
1640
2446
284
394
542
1378
1946
1856
2456
744
1702
2535
872
904
2715
578
1710
1680
902
700
166
2169
2532
1744
1963
2334
384
792
2012
1208
1566
2576
50
1442
1122
234
2432
2112
364
2221
2184
2265
2325
724
2082
1884
338
28
662
178
1462
170
2256
2123
38
2237
402
44
852
130
448
282
2216
1716
116
2152
2224
2695
1322
2211
120
1756
1380
2068
152
312
2458
26
352
1754
2377
2540
554
430
1236
746
2207
1969
2766
656
1344
322
2283
2222
2140
1082
2284
1928
394
836
1482
682
610
284
660
698
838
162
1928
2024
1924
1304
2256
1756
2219
358
1432
2499
2207
1895
418
1662
92
256
2150
1322
420
2186
914
2140
1506
936
2392
2548
1386
60
1718
2627
2070
2025
34
1678
1871
2404
478
2086
632
76
878
2382
2213
1370
2405
2300
240
1993
164
2691
548
940
122
2180
352
2179
1360
2735
814
1792
476
122
1304
672
1242
2080
2427
1486
200
1762
166
2353
2670
1783
2200
2454
2702
1792
2854
584
2184
24
2305
1548
2188
2281
2557
26
650
1773
2520
1122
2210
648
2524
936
848
1508
1102
2302
2095
2088
2181
1352
2499
2120
2384
2163
2542
834
1948
1936
320
2254
724
1574
746
2084
514
2340
966
232
694
1656
1054
1610
196
352
1898
20
1162
216
1010
1746
470
2264
458
3026
1950
2324
1228
2240
72
2636
1154
2451
1406
1474
994
208
2427
92
2109
230
986
2494
1752
778
2064
2201
940
148
1745
1212
1046
412
136
1092
1302
774
36
2317
176
682
2450
2410
1088
510
2333
2275
1240
2062
2077
1959
1831
2280
2260
2305
650
1808
842
1474
2092
12
350
18
2454
2120
1921
1118
2278
276
2584
1174
966
2159
2044
1118
1806
3169
486
2184
1370
528
2340
270
1794
1596
1044
1080
90
606
1576
2564
2170
2192
2502
2312
672
482
54
1880
822
1932
214
2030
2400
214
10
1698
974
1400
2438
68
858
926
382
2189
1947
2300
70
1218
860
860
2182
728
2353
46
604
1286
518
1034
1780
556
1160
2310
26
2116
292
704
2609
694
1284
2421
2281
2611
1220
1424
2349
1905
2108
2190
2499
2291
366
122
818
1734
2203
370
2187
20
2208
2282
2345
2087
2076
104
1328
2130
2200
2230
1240
2202
2251
2654
232
2190
1660
986
102
390
1164
2756
1042
84
848
140
378
804
390
308
1973
542
1480
2221
794
344
896
940
2155
2206
2089
2430
1372
2038
2474
1654
2361
1370
2278
362
2460
1914
48
254
342
1658
1670
2112
1320
2209
760
1036
2566
958
1841
1976
388
2131
2467
2114
1336
148
2275
678
924
1872
358
18
490
436
1612
1784
1503
732
408
2112
2290
230
8
2767
2327
2404
2242
1280
1812
2485
900
474
2242
2130
1390
2536
436
204
2340
948
2060
140
1668
260
2442
2447
2425
1680
1004
2137
2196
2445
2623
1876
2353
2099
2167
1789
422
2254
2404
1022
2345
2412
2274
70
2580
266
556
1218
2541
2289
2200
726
848
360
2426
1122
2362
494
2226
2006
410
2115
2424
1280
78
596
1859
2236
1818
540
408
976
804
1242
2582
2156
1152
300
1792
1084
2442
750
144
270
2276
1508
792
2053
2406
1830
552
410
1962
542
190
408
1276
866
288
1136
424
1034
2243
2063
1450
958
2077
508
672
878
1880
2008
2204
2602
280
2348
1862
894
2457
590
1192
1501
2006
260
2561
2460
2116
300
946
1060
1880
1340
546
776
1274
478
2332
722
1940
2453
474
32
1738
520
2124
372
2254
1022
690
1760
1424
1762
328
84
600
68
1068
570
1886
258
576
2163
580
2422
2538
1056
486
2156
1018
640
2313
748
444
960
32
516
2130
2314
2340
702
2144
2343
1802
772
694
1988
1770
1240
208
516
990
854
2231
2233
2060
60
700
2474
2338
2615
1306
1004
20
888
1094
542
2148
104
2463
670
2139
3052
54
1048
1714
410
2274
1702
1795
348
552
2019
1038
74
134
422
882
1672
712
582
2285
512
2109
1537
464
2208
290
1006
2152
666
2774
1700
1116
766
2177
2020
1528
2499
466
136
746
488
338
2581
1992
2388
1794
218
2566
44
2328
938
2162
2236
1702
80
2132
1570
2629
1186
1754
832
398
876
2121
2267
1804
222
356
2316
1362
1932
490
706
1066
2356
2669
2588
1442
128
130
288
432
1204
2427
2330
2502
2215
670
298
1329
192
2534
392
1956
170
2323
2771
434
2754
10
1913
338
2392
1420
1975
1662
452
2050
2401
278
1880
2303
18
2223
1943
2072
1970
1698
2299
1476
1460
296
1642
1624
1056
314
1482
828
2740
2613
564
374
1728
2151
1398
1847
428
2522
502
640
1176
772
2527
632
378
380
956
294
358
962
308
458
2113
806
2117
1900
236
816
2278
1724
506
2202
242
2163
2332
202
2621
604
2742
1258
2308
152
1724
2137
1598
100
1070
680
1240
2527
1362
1562
616
2258
10
274
82
706
674
804
52
1871
1014
1614
2167
236
180
996
582
1462
2676
780
2256
908
130
1368
2177
2257
430
1997
344
2337
2417
436
2235
2003
402
702
1156
2539
778
568
190
1696
980
836
2790
2034
1182
1590
2100
138
2397
2332
1516
1274
992
2064
1686
1421
2223
398
1504
1220
486
222
1600
1368
2388
1228
236
2437
956
1972
2551
1968
1332
802
580
2461
1460
748
2447
1038
2203
2172
1138
1448
2188
204
2795
668
912
532
238
2222
1774
1905
122
1180
796
96
2458
282
1764
2272
1042
554
298
2407
260
1058
1130
2745
1278
738
728
2260
130
428
1170
106
2290
314
2513
1042
2222
2723
2550
1296
1500
340
2443
970
514
2105
1814
1938
1866
2537
470
1556
2317
1930
2136
760
992
2455
1984
1016
584
1562
548
828
2058
2404
66
2020
2287
228
104
1669
2304
2089
158
638
780
772
420
1034
2102
1768
1772
542
1566
172
2286
2003
2056
2437
238
1803
1980
2170
2421
624
1426
1964
2139
650
458
1830
2628
286
508
1868
2308
1004
2158
686
18
1948
2046
632
2375
1378
2402
2071
2307
134
1985
636
1916
1174
866
1856
1598
2251
2711
1192
2433
1056
1676
1298
862
1608
2014
418
866
556
122
1484
2104
2125
972
238
2502
504
238
1748
718
914
1624
2092
2174
1412
1804
2073
554
1087
384
60
74
92
156
1118
470
1894
2242
2189
1354
1422
2427
2008
906
588
384
1006
2716
1830
376
1784
2146
2004
834
2167
800
1306
1794
2264
2130
1835
1344
92
614
492
412
1050
1942
1898
2266
52
810
2362
790
24
256
2044
2090
924
1144
1874
2626
2431
162
670
1306
2216
2191
2701
1178
1946
242
1102
2315
274
596
2128
98
742
2062
2536
272
840
1748
2315
798
2587
2010
1184
856
1714
2595
2062
2280
2348
2336
560
1100
2088
2149
70
1984
270
64
2413
1810
1058
2191
2504
306
2040
176
1046
514
1528
366
1446
2521
326
1234
286
60
1206
1752
2444
1502
870
758
1056
916
516
40
296
24
2244
76
2630
2117
2331
2408
726
48
2407
2529
2108
2702
728
2121
1148
1116
332
1900
1860
606
284
768
1068
810
216
1782
1018
2382
332
2206
2302
2035
326
2252
224
238
1144
2233
382
382
1124
1144
456
504
2155
168
978
2399
1917
222
106
2223
1582
2016
1112
2342
242
1526
490
2032
422
442
1940
1836
208
326
1024
840
2407
2479
324
2237
840
2188
620
1260
2640
1918
1937
1270
2194
998
2159
14
1018
2421
1963
366
2148
2060
1710
2237
214
676
48
80
1422
664
2623
662
588
1844
1314
190
988
2072
450
2242
2143
900
864
2420
1270
1734
2369
2675
1840
140
2366
2124
1877
2028
2258
614
1901
2482
2494
666
438
630
420
574
2437
1148
116
1132
226
528
2160
214
402
1310
120
2374
820
1696
404
1708
272
510
1150
1792
388
1546
1976
294
2062
386
316
1199
1324
2
1746
320
96
1946
2817
2241
2321
536
2306
1998
2249
2425
2096
534
2012
2290
484
532
994
732
1460
1853
1094
866
256
2691
2189
2224
2068
1406
458
94
2258
60
2244
208
1078
312
398
2269
72
1518
512
2615
2476
140
302
236
1737
2188
2312
842
2639
1864
906
990
2573
34
2255
1614
6
1418
110
190
1326
520
2433
1956
1812
2703
2336
2286
1500
172
90
2167
1178
1268
2208
2712
464
2181
72
644
2622
178
1594
906
542
912
414
2339
1592
2122
1860
410
2527
1398
1930
100
640
2050
1556
2429
252
850
1937
256
628
746
1522
2231
522
1410
638
2338
792
1160
178
1939
560
112
2019
2616
1718
962
1961
160
316
334
2296
806
2381
2835
2081
1938
530
2
556
1998
2462
308
2346
1214
596
870
2562
2647
16
2413
2621
2212
2137
2269
282
1740
314
854
388
64
1108
694
2768
258
1288
226
306
684
2308
2067
2242
2585
110
30
1937
402
2195
288
2526
2343
2016
458
228
522
2009
524
1928
740
324
400
2769
2382
2016
1973
550
2221
492
436
2410
2140
690
2224
170
60
1220
2285
2483
2508
168
670
2041
906
492
256
568
2365
96
604
2499
114
1892
2244
690
558
1024
1012
2550
1740
2170
1404
602
1572
2253
2147
2208
164
64
2233
2182
962
430
764
1967
2790
2231
2252
2412
2266
2547
1887
2465
18
1712
1906
2433
1114
1520
1620
142
1288
974
2258
4516
2277
938
2724
600
702
444
464
1296
740
1478
1929
2487
600
940
2276
2225
2578
2100
2041
2246
346
2430
812
1116
2022
860
306
696
670
524
2032
1558
2052
268
314
604
1925
2589
2427
1851
1886
578
1094
2388
874
632
506
1842
712
658
1772
2195
1036
1626
800
602
882
902
950
1808
2299
2169
2216
1008
182
860
1316
1378
574
2431
1164
258
364
1696
220
756
2276
926
1022
1760
2444
1594
2418
1420
378
1750
2446
144
2285
1172
290
624
1146
286
2006
1294
2335
402
164
454
660
598
1436
1388
128
1070
1828
2604
1755
2534
1476
1456
2478
2411
1796
2028
144
914
1200
1256
2292
2264
2250
2102
128
718
262
1848
2398
34
1530
1806
910
190
2260
1464
1946
404
388
148
942
454
1366
366
1654
6
2203
2816
122
896
2224
2364
950
502
1210
750
2068
1330
2603
530
34
196
476
766
892
44
134
2259
558
1422
266
1244
324
2543
386
24
1594
1771
1166
2591
940
2535
2240
1660
2223
852
992
2218
1758
120
1873
938
2194
2647
106
618
886
2348
2008
754
1428
730
202
1624
2193
282
800
2523
148
2311
2367
2470
736
446
2345
534
1466
1056
6
2192
376
162
1854
376
2600
2262
1984
1530
1342
512
378
1360
2559
2451
156
1264
276
1158
778
1034
530
1810
724
2250
2434
402
68
760
750
622
1006
558
236
1938
1606
2267
36
1904
1730
2424
2141
2603
840
1406
636
146
484
2379
14
2384
2594
2366
2166
540
924
1010
2814
788
1644
836
394
170
968
1076
196
2297
198
2687
586
382
626
684
246
180
194
1408
1088
800
2620
1650
1930
2055
518
2156
74
1054
2436
2370
2595
622
550
1410
2631
1982
2587
2648
2286
2174
1246
2506
104
1669
2506
296
182
638
1306
432
2670
1902
1760
1720
628
1148
1280
484
266
1732
2470
880
1718
2476
1396
2496
4
2459
2537
2028
2624
2148
1502
272
2387
2715
2030
646
2618
2098
2422
1909
2362
2560
2071
2409
2378
2477
1060
2504
82
1028
1382
916
720
2140
432
2580
1408
2558
1170
686
1142
2264
1146
1068
534
2454
912
474
2235
2242
2394
716
878
2246
2382
1638
840
1732
12
1418
142
2239
1386
1162
648
2376
350
2157
96
1498
158
60
816
8
2041
2624
228
750
2529
758
2151
536
2280
860
2293
2328
184
922
2176
490
928
1166
700
1462
800
596
2094
2016
2532
1896
1266
138
2122
1822
882
600
1954
2309
1494
2174
2250
2038
1176
932
1230
1940
280
868
2043
1482
1028
1426
2316
2290
880
134
1092
206
2517
1674
2901
144
2107
2143
2377
2259
260
2438
2589
1656
1618
968
232
856
2383
526
2504
144
164
180
1694
1990
2165
124
494
552
2175
484
670
1908
2521
458
2212
534
234
2115
1014
1710
2011
722
80
146
2284
264
266
2250
1466
2142
1548
1172
610
48
1198
210
2536
2209
960
1050
456
890
242
2521
1910
2394
578
1859
280
2295
2087
30
676
1926
2648
1104
2200
2673
2109
466
2252
608
224
1230
394
1892
794
2353
1360
194
1032
1032
2553
2108
2192
1138
278
2038
1110
2397
1888
798
2672
2450
2051
682
1430
2214
100
1354
1348
580
1438
132
1374
2375
1931
816
494
250
852
46
610
564
2145
358
2786
1686
206
1202
118
1580
2195
22
2312
2070
2092
392
910
712
1950
722
288
2248
2272
2071
1464
2743
1824
2170
1935
234
2386
2322
2639
2268
2542
2340
142
2437
822
2406
968
2125
2388
882
2014
232
852
1392
1795
2407
2173
2529
1544
272
70
2379
1656
1783
2410
1830
1910
234
434
2661
1982
954
2273
120
482
664
742
2532
2491
2231
2355
648
2422
1382
508
2058
812
866
2459
584
328
178
1362
836
2574
2079
1726
1500
1118
1230
1396
308
2701
2561
2370
1518
736
2337
1060
2448
460
2286
1798
1514
3008
234
140
1206
1082
2414
524
2467
380
2308
156
2156
1774
1228
944
24
1148
2312
34
584
120
142
892
1012
2386
2064
1746
2174
1880
2403
1734
2596
568
1370
2113
2372
1204
2396
90
636
1104
266
1732
1114
542
684
280
2357
156
468
52
576
322
2377
2483
1380
1282
2154
1560
2356
26
2015
180
338
2108
2183
1330
676
154
2548
292
1340
2464
358
590
2550
794
632
532
2320
2423
16
2511
1612
1178
1162
2239
270
2382
1940
210
558
322
1878
228
724
1594
2174
382
1214
106
1100
662
2395
1450
436
2356
2027
886
976
1108
2180
1346
414
2444
646
1676
2464
60
2170
2467
1160
2089
684
100
2673
564
1118
1340
1512
2192
430
2016
2631
386
2129
768
236
2410
4
900
1200
2495
1680
2114
216
728
2486
1090
2578
1650
1620
406
2377
698
2082
944
2396
604
890
2289
2347
1304
2328
1284
2244
1914
328
2160
220
2455
1824
1160
916
2272
878
380
958
2125
2110
874
2360
902
1902
1604
2033
534
1840
1296
112
1424
2329
2262
2327
2232
1973
100
644
798
1514
2073
2288
792
2449
1090
2181
1552
580
166
2296
2172
320
2110
2307
320
2288
1886
1742
2351
1426
1220
2405
2639
64
1320
2164
392
1742
448
42
186
1548
862
984
1956
1958
728
1874
116
1656
1822
2246
130
1708
2531
1316
1290
1074
2444
1384
224
852
760
1272
806
2222
1166
1936
2742
42
728
1278
1052
2361
950
884
684
2144
2044
1438
1668
4
380
170
130
560
2614
598
430
974
52
2328
2516
376
874
2045
1678
2240
1152
2298
1863
722
2538
1892
670
408
1790
1166
2311
1278
948
662
2459
584
152
814
2260
2071
1050
312
2134
1814
2180
462
2654
1804
2532
858
694
2235
1222
2223
1737
1352
224
162
644
2077
2519
1028
1854
2226
1600
1488
668
876
484
2439
768
2435
2270
542
1626
572
2197
1916
1276
2472
1908
564
2288
2158
76
2485
2421
460
1656
2190
304
1880
1456
1494
736
680
1236
1426
2635
990
336
1586
626
2560
2544
2176
914
2273
2375
422
2350
1724
1900
466
2310
2056
570
2337
360
2040
940
250
250
2608
642
1196
1981
296
1180
1824
1176
1686
1234
346
2914
1058
2197
496
2543
1218
656
172
2428
2242
2688
72
388
802
1892
2393
636
80
2299
2075
1470
1370
2511
1390
514
696
2560
1864
1652
708
224
1746
698
276
2186
96
2141
402
1914
210
360
1256
2379
710
2052
1614
1580
8
452
1014
2263
1018
672
844
2293
188
856
178
1026
2081
2322
2708
1234
274
1789
176
2021
2320
1818
2076
1840
2648
464
1730
244
494
1226
278
452
264
2469
614
940
414
2316
846
2471
298
442
516
2030
2558
4
2420
2373
1588
2340
1730
2082
1562
606
2131
1142
80
2668
250
478
2208
2209
2499
20
2343
1600
1993
736
716
2219
2383
2442
138
1474
1186
2053
2020
1222
918
100
114
1356
2536
1094
752
2478
2520
726
2022
2559
1134
496
2215
224
2302
1066
540
94
322
1852
1704
2112
940
152
602
148
374
368
2380
2351
1510
2386
908
20
2261
1356
962
1288
2
144
1108
1420
234
974
224
2253
1724
2005
2359
2528
728
1875
1196
2117
646
722
2236
120
434
226
256
318
262
2466
412
44
2148
1614
62
500
602
1126
1620
2290
2722
32
2330
1372
2152
284
24
46
860
674
2371
296
72
2109
244
1934
312
2020
2455
932
10
834
2028
758
1828
1450
76
446
478
134
70
2141
288
298
954
524
1288
512
500
2223
936
1010
134
212
52
2068
2553
2383
1296
236
718
956
2186
2260
2003
1524
714
2010
1050
324
10
338
1786
2147
2276
2124
2118
460
560
2255
2269
2445
1899
276
112
996
598
892
1376
376
1960
2308
2189
1566
1781
142
1028
908
602
1782
914
2497
128
636
1170
860
2302
216
1934
2312
150
1502
270
1074
1784
116
2252
108
1136
192
2194
1028
2527
124
160
978
890
2508
1984
202
2420
1596
28
2375
2294
1366
1798
90
1370
732
162
2064
1614
478
2551
72
1048
1858
496
1018
1366
2246
1930
1260
226
2032
2463
2058
1142
2200
2486
1216
794
2703
1893
2150
382
2338
2670
620
894
2322
2414
38
732
672
764
2160
242
352
384
1060
1496
1570
2446
632
1358
186
2686
2421
620
62
1656
14
792
250
1986
2268
478
48
2175
1956
212
362
2109
1338
2158
774
1498
1422
2372
2379
122
2501
1672
44
2602
2548
278
98
1362
2272
1410
2445
2668
2482
1144
310
888
2734
3033
2354
118
776
1392
2118
408
2105
132
1460
206
474
314
184
2526
2413
1082
2497
2687
1088
1296
428
168
210
2253
1734
4
2252
738
2183
1074
2380
612
1312
1658
2268
1350
1354
1508
820
972
880
810
1822
2060
2457
1853
626
2032
1782
1712
1286
2012
616
2208
2449
558
1284
1300
1156
1600
2455
2325
2223
1416
1144
2128
1278
282
1408
2320
1854
522
1906
2546
474
1606
556
2004
2221
2255
2084
2357
1942
526
1246
1226
1256
40
1188
116
1416
1256
898
2054
900
2725
2269
860
2630
506
852
1917
32
2390
2610
1856
2319
1654
1294
1076
2390
2029
772
2008
2005
2060
166
1352
1434
3070
2046
328
1850
200
1894
1690
1328
2267
724
2038
258
740
1206
2672
2320
954
2384
1520
226
80
922
2126
1644
2336
1937
1192
790
2000
2421
2511
2380
2491
2577
1056
2136
134
2200
948
2301
206
40
684
1294
792
2212
156
2049
1868
2164
1720
2193
2344
1992
814
2199
1038
1774
2337
2214
2244
2330
952
1022
36
80
1138
2120
1920
2014
56
1180
758
2184
2464
2710
1840
2138
2018
1468
2855
1968
2104
390
284
418
2515
40
778
1436
694
1624
2215
2375
1226
2071
1426
80
1280
736
1470
2376
36
2464
2655
1224
2368
24
2250
1790
28
1610
826
2348
1690
2285
1044
12
2119
1672
2313
1040
906
1358
550
460
10
1394
2579
472
1614
686
1898
1334
1164
218
138
2176
1330
840
850
904
1436
50
2339
434
2352
1970
1698
1916
968
1236
2880
38
238
448
1078
1854
420
372
1594
666
2320
1922
2702
2155
1000
2364
2050
1720
2026
1610
1566
792
2104
1166
1866
376
1466
2705
2151
564
998
186
2544
2331
630
2167
1528
284
1774
446
1969
2458
1322
2124
1866
382
1496
2793
934
414
2508
1978
810
684
1166
526
2230
2332
1794
606
2117
860
2370
2070
1890
260
448
152
1883
834
1778
1778
2497
1066
2355
1034
392
236
596
116
156
2452
356
614
76
2282
716
2348
1308
1474
1992
696
138
1942
96
1900
2216
150
1080
926
208
1864
682
1800
106
882
166
1174
308
516
2523
2517
130
1936
140
324
540
152
538
2493
1830
2381
2222
786
116
1320
2248
1765
1078
1076
476
466
826
2529
2
202
216
1172
2048
2141
662
2616
118
1400
2052
172
1350
2356
1740
1206
590
1971
2394
238
872
1538
2042
202
1981
2374
1800
2456
620
2031
2691
1532
1694
1586
2173
1078
1626
1150
546
254
816
858
592
1180
2026
2294
1252
914
2478
1106
1812
2207
1382
2655
2394
1914
1244
308
2222
1236
864
858
12
1378
786
1342
1955
1926
554
50
2162
1988
1457
788
2506
306
1090
1562
580
262
842
966
2112
552
1834
102
2318
2492
250
2629
132
2028
702
1180
242
1542
92
1184
270
2346
1534
924
402
2092
2022
696
2111
1562
1740
2474
2529
2070
2152
56
2229
2164
2352
1240
66
1874
2572
418
1632
518
1448
2585
262
2408
180
1604
1814
72
1738
598
1908
1010
1726
2627
616
2208
1178
2343
2476
1894
624
810
2432
346
276
1088
400
2610
568
764
2590
1956
2229
2258
326
2334
1122
822
1654
1962
2400
1268
2610
2125
1312
468
1839
168
2424
578
2124
606
2038
248
2068
2264
620
2213
1952
2228
400
406
124
1692
2046
2017
2089
458
420
2151
894
2493
1142
1330
1344
806
260
1580
724
2224
2384
442
1550
200
1788
1608
44
1981
1144
1528
2005
1734
1090
434
582
1912
1534
1616
768
752
1068
452
2299
1738
2061
988
2472
1666
1986
2100
1452
492
1108
1260
2428
46
1682
948
2326
2221
2121
720
464
2034
536
2077
384
464
302
1320
2321
2215
474
2220
262
2005
2515
2522
798
652
938
886
830
1178
1484
628
2688
2516
2186
536
564
406
1440
408
462
274
262
2085
364
2147
616
1654
348
1826
168
698
168
2
1620
840
1878
470
2310
1046
2407
2178
1296
198
1038
1618
2839
1682
684
1384
716
1692
1332
2078
864
558
1890
586
370
644
1838
2056
1422
20
78
2461
1913
94
1550
1832
1432
126
598
1116
694
1704
2427
1208
226
2092
2161
2390
2062
958
808
518
1606
264
2496
550
1758
384
2389
2278
1240
384
60
108
2571
346
2286
64
676
2344
1552
358
2305
964
2378
1020
298
198
2207
2711
286
1216
1722
614
320
2705
1860
1658
128
1014
1993
78
898
566
390
906
1448
2384
2184
628
380
286
2646
1703
962
1246
2353
2028
474
342
1800
734
864
1950
2470
2030
2618
2032
2122
1702
460
778
2504
2404
46
198
250
2012
1644
2654
68
2509
570
2235
1274
1508
2228
2092
50
572
1414
2119
1458
2409
2458
1886
1376
2327
20
2176
2274
1150
956
1720
544
2441
1610
2467
334
2348
94
1458
2381
2166
1620
2019
1914
190
1458
2112
1795
1102
4
1890
2347
2660
2641
516
626
694
1108
2061
1552
1713
2442
238
1368
2315
1528
2571
1498
874
32
1988
818
882
980
534
836
2610
2644
920
2315
2568
1652
68
1146
2677
2379
2489
2322
2080
1010
340
1252
1106
872
2102
876
398
882
1336
1460
348
2302
1900
1352
2192
1554
2336
1154
1124
230
162
784
2462
2759
782
1870
2412
288
564
2571
1196
2180
1486
1076
2166
896
2223
80
2356
1928
2358
1983
1532
1282
1844
986
1404
2300
2312
1972
2547
1072
2266
484
2412
1258
942
1164
2223
292
160
420
178
1336
1700
2328
1136
1136
2483
1804
1350
544
2092
134
2325
2403
2273
78
684
3222
2325
2377
1605
830
16
656
904
2392
1558
2300
2006
446
2420
850
436
1372
1220
210
1522
2452
2574
904
686
224
644
558
2564
2
1536
752
160
224
992
1894
496
2071
2403
962
2298
2174
1154
612
700
968
1118
996
2341
2316
1576
2483
190
2285
84
2353
698
1524
2787
2149
1656
30
1028
1986
130
484
588
826
2253
1848
1542
758
2482
2450
730
1128
976
192
210
164
962
1978
344
866
2415
2532
2422
50
1922
1074
1104
384
1222
1308
2553
218
372
1656
1448
802
330
2473
668
2305
1510
1186
1176
280
260
526
2485
2590
204
2172
2565
716
180
560
2424
848
1584
920
2169
544
1967
2349
1294
1386
1546
2042
1046
2099
254
1368
430
1184
382
1162
2050
1977
200
2080
796
2038
930
2282
2086
674
1278
1800
2362
2457
1340
126
2201
2457
1678
852
390
2769
2342
682
1758
2097
2140
2026
1945
1568
1160
806
150
1944
2434
2237
1344
604
1924
1360
1664
1945
1750
2371
920
2663
2100
260
288
24
596
2284
248
388
894
2464
2793
2615
482
1987
660
1058
294
2343
2453
816
458
2560
414
1076
1608
2735
1420
1780
422
816
2190
1552
1110
2193
2199
2099
104
1752
1314
46
544
2372
2132
2753
482
2095
366
914
2238
2368
1996
2216
1394
226
2463
656
2157
318
1518
2508
2399
1788
354
1900
288
182
680
1462
2335
2143
2060
4
856
2105
1650
1804
1116
298
2286
254
650
2148
2258
1972
464
2702
1180
378
262
1210
2604
10
1548
1322
2505
2436
2033
274
1084
1476
1638
2368
2254
1426
2611
1586
2263
2169
2450
834
2287
2086
1262
114
2265
2355
2497
46
2246
136
2490
884
732
2369
2489
2588
1630
370
398
46
670
2410
2603
2328
2584
634
272
1468
906
502
2256
1360
920
2006
2115
120
1496
742
1912
710
2356
796
594
2369
202
1814
2074
2324
1906
1926
2353
1892
520
474
1578
2296
946
1498
2618
1070
2480
1070
1016
1550
288
2137
596
2288
2289
2036
1374
528
1506
1682
1927
558
1038
106
878
756
550
158
2690
598
2375
1766
2124
538
1358
1740
2230
2164
2230
580
1692
990
1650
1950
154
1408
2210
2339
1832
1228
480
1944
2193
196
2083
478
850
1502
1602
358
384
1382
2334
150
298
2335
1769
2
2146
592
1188
1871
784
1836
658
2125
988
492
1846
2262
2598
2510
1918
2068
938
1934
176
280
2374
2217
284
658
160
1646
1512
1813
396
726
818
2324
2125
2347
2401
2389
2609
510
1912
2150
318
2422
1218
1492
1096
1126
2027
2447
888
462
2441
2641
1540
218
660
752
1468
128
438
1314
2134
348
2195
868
1434
350
498
1891
2393
2402
2186
2540
2118
208
1450
304
884
570
398
2264
2255
640
28
1986
72
2488
614
158
2153
890
2286
2409
252
2374
914
1542
2222
1964
724
198
922
2145
2230
2548
1502
2252
152
2614
2568
626
2312
770
2457
462
2026
1668
760
82
820
2121
16
1128
2176
1066
1452
2393
584
260
48
696
410
2372
1990
2208
22
3029
2118
754
122
558
432
452
1894
570
212
2363
2268
306
440
1330
1294
2020
1600
412
2290
2737
2245
1134
2323
2151
2096
754
2190
186
1878
118
1440
1180
1530
66
318
2530
634
612
728
2068
1440
1977
740
2380
594
802
956
2286
1018
30
1876
1880
2080
1646
2212
250
420
98
422
238
1998
1580
1020
1478
162
428
186
72
726
2256
42
2372
408
2455
182
890
342
2323
2461
1000
1454
2203
774
68
2296
956
162
2200
412
2392
2191
1174
2382
492
88
1720
1630
1688
1738
956
2254
1852
406
268
300
70
1564
798
2530
786
1853
628
1340
1943
2521
422
140
2178
786
182
1040
1106
144
264
2631
1670
1478
1264
138
2238
786
1344
804
1508
2328
2078
1548
2274
1198
104
1248
588
2009
740
370
1942
820
442
32
304
1062
1630
2590
2367
2544
564
770
562
160
2648
488
66
2590
2197
1496
1024
704
1286
2302
1754
836
708
1900
192
192
2160
2127
724
2524
2246
382
602
1494
1648
380
2043
1568
442
724
374
1310
2246
2401
2073
278
1238
2444
2112
1917
144
2297
218
2614
240
2025
404
1828
624
2222
1004
1450
2747
754
2238
1658
2471
530
1242
134
2490
1952
1936
182
2665
2562
416
630
70
2443
2296
2803
820
2829
2540
1448
2037
2223
1096
2117
2274
2407
488
154
2539
2739
1626
542
2083
1402
440
2379
812
2389
1164
2584
2343
432
1334
254
366
1824
1766
118
2148
2058
1803
204
1989
2629
2501
1476
1706
1096
2196
730
768
1258
1428
826
1778
1126
392
2380
1076
2462
976
2649
516
480
2385
2082
1488
1416
1582
1026
248
758
1304
360
1756
428
2115
374
2116
270
1292
1076
1322
1342
2120
290
310
1856
564
740
1318
2389
42
1286
2309
440
616
38
1304
1856
2126
1670
2428
2192
2656
2304
1110
2462
1794
1386
354
1980
1350
2457
2664
308
2022
2069
2308
1772
1396
198
2196
1544
1042
2755
2146
2431
322
2095
2072
632
948
312
852
2078
1338
2205
1922
2372
998
458
2023
1934
2153
1040
2238
2088
170
2576
2028
2337
2008
1949
1036
1168
1060
1962
2334
1846
1072
2640
468
2054
1030
2338
1080
1814
1880
848
1782
988
610
206
1446
596
1522
2058
460
1088
124
812
220
1472
2262
504
2279
828
182
200
52
290
2112
2315
356
98
78
556
98
1036
262
2442
2441
3126
2565
154
72
1144
1178
540
2011
840
2415
878
560
56
1873
406
2395
550
874
374
1136
450
4
2412
1684
370
2223
882
1022
458
1512
642
1968
1096
238
1943
90
2598
2117
2456
2355
2579
156
258
376
1951
2034
24
714
2323
42
292
818
1280
794
2443
908
2525
1162
796
1940
2124
1098
2405
2620
1336
1912
1244
184
2207
2076
1951
292
120
2391
1910
1020
294
1996
114
478
1679
2479
1284
556
288
2529
2278
2413
724
2122
2198
1791
2190
2123
2288
1258
98
1804
2716
778
2525
2351
632
1174
1498
182
2195
2486
470
782
2331
2610
2159
2289
1356
1498
114
2519
330
744
728
424
2214
2245
386
620
2383
1783
1906
292
1396
1744
2583
146
26
2152
1700
2429
884
798
168
210
1496
476
2162
1708
2538
48
8
2334
2242
1824
1526
1990
2466
2272
1152
2122
2084
2568
2064
430
1610
2198
1072
2400
1062
2480
1928
280
292
1692
1074
610
1824
1608
178
2079
1512
2248
1794
132
844
1310
2330
216
544
1388
2454
1480
654
1012
544
992
1995
108
28
1360
236
852
2438
960
976
138
684
1634
1962
2192
1428
2557
808
528
128
1632
200
886
2078
2368
346
2
2133
1028
576
70
2358
1298
388
1774
1682
1724
1346
2614
2506
866
2573
988
1186
688
2341
140
24
220
990
62
150
870
1378
2538
544
688
1965
1902
1958
1246
852
2532
1208
2592
2262
1868
778
326
2251
16
974
210
310
992
1642
1844
594
50
46
996
1538
578
2197
62
226
1726
920
1850
732
1214
2575
224
2092
1912
2210
24
1052
888
2318
2294
2032
1993
2172
1050
694
2742
858
1118
1026
2092
2005
144
8
2046
50
2
2629
880
444
1693
1576
1836
2311
462
128
2344
2136
1276
652
1970
388
26
2626
1072
34
72
350
284
2547
636
2436
390
2006
926
1809
1662
16
570
1110
2395
1470
2322
1991
2308
210
1372
1844
514
2061
1872
2372
632
944
2596
2035
582
2370
1550
1046
1006
1945
1416
1298
676
1156
2549
2532
2326
2362
698
1220
2173
1152
882
1014
2510
2209
1910
1026
2396
1370
2486
982
970
1724
1594
406
1042
1384
494
1098
294
2137
1564
1608
2406
2489
2007
48
2426
1914
1724
2658
1552
1086
706
1372
870
2453
2307
2701
1400
598
180
714
652
2606
884
994
1938
2482
372
2165
976
2383
502
1294
102
428
2536
574
1788
1496
2060
888
834
1736
1816
40
320
48
764
2101
2418
580
1242
1096
152
1226
106
1742
304
1156
2301
1420
346
838
1664
658
350
1232
1268
280
398
94
2468
370
586
1534
1110
1002
2277
406
1224
26
1158
32
2540
326
2305
122
178
210
980
2444
268
2283
462
748
1144
1624
2158
836
2304
1910
474
840
1660
2368
1536
136
980
2160
110
2687
322
130
1881
2460
2222
1300
684
232
234
2489
554
224
1004
312
134
66
418
288
2050
2203
2485
90
2351
506
278
2174
656
2520
410
984
2512
2236
504
1898
2622
1977
698
2370
2379
1773
1106
2369
2170
20
2351
2507
2258
2435
1280
550
498
1882
1914
972
1376
668
940
2161
324
320
1430
568
428
142
2556
424
1058
204
2422
1902
292
78
148
2370
2272
1684
2087
986
2131
2032
2325
2689
1889
1724
1378
2406
2140
2064
1984
2073
882
658
1038
1980
2688
2273
2255
62
2348
1609
2062
42
2359
682
586
342
886
2577
2092
1452
2197
1506
2
1735
2635
176
1889
2349
1762
364
288
1872
2348
184
644
2342
438
2446
2342
512
2325
1124
2453
228
1602
176
610
332
1992
2654
1092
2202
2304
536
424
1310
616
1932
2310
1996
1754
1070
2530
2414
2278
304
1100
828
1528
2335
1008
2291
708
1222
2014
640
584
1486
372
2226
2145
16
2332
2199
2340
1308
34
1914
2458
1956
2279
2484
276
2266
1548
584
602
1478
2005
92
748
1204
2429
596
1242
1934
668
2085
2621
2097
248
2310
1056
932
1844
948
1260
604
322
622
2358
2026
380
806
336
2201
2128
860
2202
2239
2340
734
188
1958
2068
1530
150
2387
2025
2337
1554
1530
128
2274
416
2565
1040
2157
536
170
642
2310
148
574
2026
2726
1468
2056
228
1468
2286
2187
2649
1624
544
1597
2314
494
1762
276
292
780
854
2113
786
434
1306
364
2460
2273
758
1865
212
2432
204
2049
1414
2434
2457
2460
620
484
2316
846
2038
1650
2470
624
1264
1338
324
1936
2074
2204
198
1090
796
2048
2418
1378
286
540
2219
2380
2632
674
1982
1254
1336
1702
2478
484
1232
2169
648
52
2407
510
2034
1156
1564
1930
8
2094
556
2246
2144
1126
1864
816
2271
1550
32
1058
1876
2415
852
1020
1388
2176
676
1802
2180
2062
1733
2419
116
534
1822
1520
62
1240
84
2571
882
88
2530
1066
394
300
366
702
3282
2272
696
1254
398
1996
1130
1772
200
746
816
2321
156
2804
2433
1408
2094
650
1528
2
1752
2176
54
2832
2041
1716
2088
2236
6
2301
2365
72
1554
134
172
2764
2166
1172
1278
100
2416
1618
328
1984
2388
60
2364
414
870
2072
1088
1630
1810
1234
1532
1214
526
352
700
46
2119
1030
1915
570
2076
2061
958
1234
1470
2160
104
732
532
2376
2760
676
2100
66
1892
1106
256
634
2267
240
1886
1834
2054
340
284
1180
158
590
1510
90
130
834
1872
604
2048
2532
2453
308
1348
22
1884
2431
1342
6
2300
1023
338
550
396
2052
320
2609
2094
192
1504
568
