1078
382
204
1528
2461
100
52
502
2145
2192
2569
1903
470
630
586
2304
2036
1994
2006
2304
2048
1652
1988
720
1274
1446
2396
1972
640
1652
1734
2273
1714
2142
1210
2365
1824
2092
1436
2481
188
1736
2111
2318
2314
2414
2084
1122
1934
2113
406
1832
1622
2261
2231
2132
2216
2376
328
1940
730
522
1686
162
1967
2326
598
1250
2494
2324
1972
106
2994
1262
2094
824
580
2424
2055
96
2376
774
2181
852
1296
2098
2270
1738
1160
2
1034
1486
54
2244
2057
2232
1440
1406
382
218
968
1476
544
2336
8
434
1462
2066
2066
1720
2052
2187
2235
2374
444
2669
2555
734
376
766
1792
2571
318
910
2651
1640
1380
474
94
1764
2384
2261
1750
1162
422
1186
1596
2006
180
274
2557
1934
426
2429
1726
772
1640
818
180
394
542
1322
2498
1666
2156
2377
84
374
1806
2288
1264
214
2499
1394
814
358
2039
632
1420
1584
398
2545
1032
2082
2435
404
2402
826
2334
1326
2599
382
1916
2600
1354
2482
1550
108
998
1770
1967
6
278
2920
1520
766
692
1696
1602
486
52
1596
838
1420
1944
680
1076
1266
2125
2084
18
808
118
2046
494
2136
1192
220
480
2309
2428
698
1917
64
2402
872
318
644
1820
88
742
1266
1362
1152
60
2371
1496
1736
2234
2182
2024
430
2299
2318
1482
2090
1266
2132
1926
18
2
514
1302
2375
134
2347
1030
2459
122
56
844
1772
1402
2202
26
2297
678
1116
52
1560
908
902
904
198
2052
2387
2114
2561
2580
2148
124
1952
1482
1877
1178
2105
1597
2619
628
16
406
2259
700
1986
2178
1692
2015
2269
570
2156
386
2608
2303
366
1032
2022
1736
120
1226
2237
2229
136
1494
2065
2396
1854
1700
1632
1468
1682
294
940
952
2657
676
2052
2615
106
2411
72
2124
1804
346
2238
2390
960
1392
2000
2343
820
442
1354
1861
514
1494
2176
734
2670
1884
2458
2281
1434
2374
1376
2200
2089
1656
990
952
2074
2014
80
2188
286
1914
666
1883
2640
1060
2342
2402
602
574
1928
1538
1122
228
876
246
2233
1116
2368
436
1328
1470
766
1292
908
2562
1586
1829
44
1020
122
2213
1278
1228
1510
2245
2403
508
2211
32
1192
604
2421
72
1566
264
2614
1570
98
1526
1014
2560
832
1372
276
1032
540
2493
264
1450
162
2386
1100
2748
1974
492
826
2168
94
2245
358
222
2505
2382
1612
460
38
1496
920
2620
2042
846
2175
2603
2188
270
464
110
150
2022
1820
2162
1302
1506
10
2236
2370
72
552
714
2104
2832
2561
96
2056
1100
2212
342
734
1622
704
148
2136
1250
2199
1086
324
2130
188
1294
2253
784
238
2047
2394
530
1366
1858
986
1340
2288
2257
2003
1650
1722
2180
1434
712
2432
182
2282
460
144
2323
2212
2077
2636
940
320
2325
1916
2322
1330
2313
66
1436
844
50
1738
1292
2653
2058
1208
632
286
682
326
2113
1628
692
2001
2204
2094
946
1012
702
556
1838
440
676
2270
2424
1756
2060
2069
2214
298
666
2413
846
112
1152
2320
326
2174
158
860
1034
534
1646
1344
2448
86
1832
1432
252
468
390
1486
1560
808
2083
1064
2665
1114
720
524
1396
1925
1148
648
496
626
1124
14
2242
2449
144
1504
2060
2533
306
962
52
1790
1058
62
10
1628
2028
1174
1544
382
1086
420
52
2776
352
1679
2117
2182
1862
74
158
2206
2409
2163
1869
294
1898
592
2278
812
1126
938
1394
472
2335
1468
292
358
2045
420
2302
600
416
1098
2157
1090
2794
804
1994
2458
6
2186
2328
614
2567
228
218
318
2170
610
2444
2446
2324
860
824
724
600
1525
30
2352
1182
640
1772
1884
2581
1408
144
2135
4
2424
1236
1112
1354
1258
1616
634
1060
360
1374
298
814
458
146
1718
1634
286
598
2331
2012
948
3148
2114
2348
572
686
1958
2540
1030
44
422
2595
980
1390
688
2227
276
494
418
2180
2269
2751
1352
2292
1530
2228
860
878
762
490
1366
1642
2150
1072
2034
1004
2416
2395
1144
234
2613
1634
2358
2139
1374
1544
472
1686
2678
2312
2374
2217
2350
1678
234
348
2620
486
356
1772
2365
1036
826
1670
2183
426
12
892
2287
2188
36
534
2274
226
810
54
1346
2292
378
2082
2571
1122
1592
2124
1836
1536
442
2669
38
1006
1448
384
1028
858
1684
1002
2170
228
490
32
1764
2094
116
746
2369
182
1462
2207
2078
938
332
2418
2460
2309
1332
114
2283
416
2654
450
454
462
1472
390
882
928
2375
652
2050
74
422
454
2198
664
2502
1738
54
630
1908
2290
2059
1180
178
1993
436
276
820
776
48
2575
2634
642
404
3734
2186
1018
2331
1578
720
2132
1054
76
244
280
952
50
1992
296
178
2612
84
150
2081
170
1576
328
1206
2488
956
740
428
1124
1654
2243
368
764
1592
2291
332
2325
152
2232
1982
1334
1204
362
2148
2580
1550
92
220
814
644
2161
684
2182
1980
32
2242
542
1468
2270
694
1154
140
1552
2307
924
242
1100
700
1000
154
1890
2497
1404
2354
74
620
462
1310
2177
2164
276
2513
2177
458
2441
1248
1352
84
168
1808
1384
134
816
1837
504
1950
130
410
1824
190
2312
2125
252
2419
732
1676
38
2212
1920
1516
1708
488
1138
868
96
318
2138
634
2312
2146
258
2519
344
58
2052
1937
1678
2153
1684
1070
994
604
1586
572
1596
802
320
2010
1338
1556
2374
2684
2266
774
488
588
454
2572
1202
2372
1088
458
1941
1034
1338
2713
120
1605
1964
2389
16
4
1176
414
2158
2628
986
150
1302
744
740
104
1718
2230
1344
342
608
1316
160
350
1006
188
944
584
524
376
800
2378
904
278
948
430
640
1574
632
1378
1662
222
1857
2317
2418
1616
1928
1020
2260
1002
10
2468
2556
2432
252
2103
852
1728
2706
582
568
1146
622
380
630
700
2292
2056
664
832
2098
2209
2337
1676
10
176
2366
14
2074
490
252
2362
1392
2009
1094
2171
170
2182
2047
2467
2376
1340
914
1416
2287
252
506
2303
2373
590
680
462
2196
2167
270
676
2054
2486
2103
740
1460
522
1574
2047
1270
602
364
1458
422
366
2290
2558
1856
24
2529
2600
192
2407
2310
2332
574
2638
554
1222
340
2693
1392
2006
810
1076
2208
914
2372
226
1906
248
90
2538
2374
326
426
1755
2263
466
550
378
950
1038
1436
1522
982
2336
1344
904
1440
1124
570
414
1984
1940
1086
434
1598
548
2573
1370
24
472
2169
2114
2389
764
1760
34
2503
1272
2164
960
2082
1714
1906
2588
1284
92
2189
1082
2183
2423
1624
176
2305
2449
992
936
378
1336
158
542
1240
1666
2020
1972
2413
1192
48
378
1786
1420
2118
46
1783
466
2319
218
2262
2362
176
2539
922
2266
2367
758
326
1988
2265
2354
2080
1184
2397
1174
2472
1853
1108
496
900
1706
2083
1316
1280
2024
60
2210
112
2446
1338
1138
1494
2054
64
2578
750
2751
1634
2385
1946
828
958
952
1436
2269
2183
2626
590
2377
2293
1300
80
2192
728
2653
2368
340
1744
508
1812
26
2505
986
2379
1258
850
656
2173
2110
2642
2273
1374
2198
724
270
2399
2258
1270
210
2252
278
1044
522
960
2119
176
1536
2054
282
628
2349
1086
1150
2526
2480
2046
1904
430
2007
1094
1418
2067
912
2668
366
1288
1042
1962
20
2462
1404
522
22
2629
1690
564
148
622
376
1332
2018
1250
2240
434
2691
1726
2197
520
2072
1858
2343
2116
66
1908
296
412
2062
146
714
1128
2275
2421
1248
2391
2270
714
832
1808
718
1542
2044
1910
2510
1040
22
1951
1978
2459
34
780
390
2493
2444
2593
1096
1448
1134
286
876
826
642
2220
2662
1608
2157
102
452
1636
1102
264
1788
76
346
1808
2428
2649
568
2752
34
412
386
308
1320
652
712
2165
136
2346
2230
1412
1550
1242
1888
992
1296
1122
1893
250
806
1288
1426
2827
412
1302
344
140
234
2652
1838
190
2165
694
1566
2230
1964
1086
1807
2473
1216
744
1626
1046
2446
2300
1298
1214
410
1312
2238
88
780
982
1664
2176
2114
2150
1186
2517
2072
1386
2517
2135
1782
132
686
452
136
66
1803
330
1354
1170
90
452
1308
510
836
2393
2135
580
2366
666
1514
1150
2410
2073
306
1194
550
2451
1128
1008
214
110
598
1954
30
596
2205
220
2403
2267
868
2100
2570
460
2128
222
2413
276
126
2553
1628
1064
532
514
1021
1580
310
380
2494
1752
206
1366
2278
2147
724
2296
1354
2648
930
2548
130
1410
2472
2504
330
1790
1600
124
1026
1993
510
2232
48
400
2378
1490
2090
2467
1750
8
94
1810
1100
302
120
2255
208
332
1338
246
2244
2249
472
2097
2126
328
1410
2397
1098
982
186
520
258
1412
936
2039
1258
2376
2371
748
2253
2780
1666
492
434
228
2026
250
2360
92
152
1464
570
2536
196
930
2530
2511
832
1012
2235
1376
2174
2236
2284
2234
2533
2142
1972
2123
1060
2056
1062
2489
264
494
2513
1090
1576
1036
2070
320
2542
1400
90
936
306
640
368
2030
2213
1796
570
2271
1242
1000
712
120
2391
252
1883
2397
2092
1883
1290
106
2050
2254
2290
232
2414
2323
2264
744
2169
316
924
958
2099
230
2139
1812
1764
2407
2108
1946
84
1706
124
1817
1120
2080
370
2159
562
2322
2580
1222
1992
2096
256
2214
2590
124
264
96
2626
2550
2501
140
202
710
1658
2494
438
766
1820
2440
822
1838
2278
2260
1158
1538
2796
2278
2445
348
350
1694
66
460
1921
340
1900
1166
1920
2508
734
1642
1190
952
1058
122
1050
222
2276
1162
1670
1320
94
2309
2532
574
2235
2370
718
828
2305
2289
316
2331
2106
2879
2031
2459
142
1674
1090
898
100
1304
1394
2384
2264
642
240
1866
682
2287
184
964
2350
1940
790
2866
1490
1830
2733
288
800
918
832
2124
2626
574
1692
2548
2730
648
1930
1711
768
496
1942
2411
130
946
2141
520
2519
1868
2290
2390
920
2299
688
734
636
2100
242
2432
2092
826
410
330
754
1916
1692
1880
2250
2194
1717
1210
1102
2125
60
866
2223
1808
2026
2359
1681
626
2382
1892
878
666
2358
1178
2072
2593
2348
2500
2452
1148
2116
152
2283
1138
564
180
1258
646
2692
1572
1930
2056
486
2700
150
534
494
2118
252
1998
2102
2473
2566
400
2460
774
2148
228
2207
456
2530
1682
1989
1452
634
2312
2598
322
164
1458
580
972
2652
1880
780
2524
1628
1546
1492
112
194
1096
814
1088
632
2802
2343
2421
2127
1102
872
1516
524
2290
440
1502
858
1592
648
430
1426
1438
582
290
406
2060
2142
1830
924
928
2380
1796
594
2385
348
274
324
742
4
1946
2305
1296
1866
2071
2249
2266
628
2416
538
2549
1764
2242
206
2723
1710
2158
1602
992
206
1568
1486
950
2210
546
1210
2289
782
2355
1754
508
2206
1944
2571
1448
152
2116
1322
1703
312
1552
1296
392
14
2323
1728
2275
2381
1276
2378
144
596
686
998
2403
606
2176
1104
1854
420
520
364
1864
2268
988
960
468
1226
420
996
1846
50
1396
382
1839
656
2370
924
2143
850
1490
2664
2452
1834
446
886
704
20
1202
2579
488
1548
2578
1474
2227
2026
1446
1771
1482
614
2283
2066
1622
690
2264
2259
1486
488
1968
2090
2362
2078
2445
2022
1180
2539
2674
1144
1896
112
338
2326
1102
2179
1442
772
2042
428
1088
2050
1016
66
2086
2201
1184
2282
2605
2218
330
1942
2061
1146
2297
292
714
1374
952
2677
566
1472
756
382
760
1366
2169
2514
1669
2006
112
1973
592
2092
780
1588
2149
928
2435
718
1226
2472
1106
800
2155
236
368
1046
2220
1734
2396
2142
1406
1018
730
1520
6
758
1390
1008
920
2150
252
2016
1128
2144
982
2225
2480
2441
194
1924
2538
1618
1620
386
2041
862
120
2174
2547
2207
2669
688
210
2290
192
370
1230
468
88
2398
1090
2742
286
404
2177
1910
732
2091
2459
1941
1426
222
2455
2352
2002
1498
2021
754
2378
1366
166
292
206
2231
1414
1618
738
1334
1226
2834
2466
424
1000
2277
1934
2150
2488
100
2335
2431
2313
2226
2446
170
808
1226
762
1986
1210
2385
1482
2448
20
1128
2362
908
478
664
1106
510
670
1686
2446
2078
2084
2552
1268
2254
14
2007
376
586
760
1220
2308
56
1418
1764
276
2106
1492
422
856
2466
2414
124
2294
178
1750
748
172
2593
2486
858
1850
2028
2443
378
426
2410
386
1568
2229
1776
134
1968
2164
436
1044
812
1370
466
2503
1236
2582
556
1226
2152
2015
832
1404
1421
680
2366
44
912
2083
2260
646
1874
1972
2108
1144
2108
950
2404
1230
2180
1394
2285
744
2712
1846
198
2133
1494
892
340
1882
2230
1332
2290
1580
156
982
130
2229
1016
642
944
1366
1776
2722
816
1264
1936
1388
74
2250
1078
1498
2368
234
1180
2049
176
16
1920
2254
526
1534
1364
152
2344
994
370
298
440
52
368
2227
386
2272
8
350
1847
1904
582
2706
2125
288
1112
1881
1803
2096
1264
1234
94
14
2297
454
714
2120
1416
242
794
522
1654
1524
2743
462
1190
274
226
1000
1862
2416
1778
232
932
992
2487
1972
282
1338
2492
2274
1655
270
2042
444
2236
2229
622
2216
854
914
782
264
2147
926
1638
1546
482
2144
258
2400
1640
2394
2106
2
2428
1480
710
738
2339
990
1913
810
2460
220
2448
482
2250
2429
1138
2347
270
532
1274
1540
808
2439
2151
2011
2062
794
452
2369
490
192
1556
1356
1868
920
792
118
2650
2523
1884
926
1680
2380
1318
2447
4
190
2533
2462
3519
2305
210
1996
1376
576
946
1410
2203
2346
2194
1234
2290
2009
256
2700
984
2040
1106
2106
530
2161
2038
454
140
2631
2369
312
404
2077
2548
1861
2231
2317
1042
2182
308
2022
284
1760
1644
1668
2097
2218
1438
136
2309
2408
2114
356
1318
2143
820
670
544
1817
2287
1986
536
334
1999
164
1198
454
598
872
1520
310
546
360
1064
2346
1586
2372
2730
552
22
870
1956
356
2115
1966
328
2473
2250
556
2124
970
2155
2290
2352
1332
2010
2596
1190
36
598
236
1258
1070
1982
1128
1934
322
680
2116
70
602
1914
1616
2442
2276
1624
178
1298
1424
2178
2358
2427
810
458
2110
276
262
1198
1000
320
762
500
2144
2326
20
210
102
4
392
2317
142
244
1888
280
578
1762
2536
2086
2062
2489
2374
808
826
336
1926
460
2334
400
1670
2329
2307
378
1752
1420
650
2382
310
2566
896
554
432
420
1066
2412
1808
1832
406
372
1490
108
2852
1434
1816
458
1834
1798
2200
2134
2105
24
1918
1316
2421
2287
2568
940
1228
2710
2635
1692
2181
2450
282
2434
2379
974
886
396
814
2172
1326
258
140
1726
2547
144
812
936
1130
508
306
446
374
1232
1812
1984
1342
1176
2404
922
2058
112
1290
538
316
1856
2606
804
2303
390
1634
2216
2496
1554
1672
886
2300
210
244
512
630
2338
1884
2465
1286
2578
542
234
2195
1374
752
434
4
1466
2269
2436
156
846
2168
2340
2104
1574
2398
1468
50
2310
2300
2424
1878
948
2434
1112
642
742
572
1905
2228
8
408
948
898
1722
940
34
662
166
16
2122
1986
602
1684
1060
1312
346
822
1096
2218
2036
256
512
150
2551
318
166
2193
1822
680
1342
1138
800
136
622
72
2097
1851
1362
698
826
288
1394
66
2478
330
498
1074
358
314
1374
2288
2022
760
364
166
2450
1584
506
198
2647
2280
2443
2198
1576
2161
2529
454
1570
2552
1452
352
234
1741
112
2566
1160
2472
2077
1712
1022
930
2575
2586
700
2387
2034
2233
1060
2390
1004
2159
16
620
370
20
1908
1856
1250
74
2597
1940
1440
1452
2275
2042
1186
1718
526
50
1054
2399
2406
2247
630
2245
3118
754
1422
216
1024
1028
284
1378
1796
740
68
68
1741
2433
1196
308
688
2151
2154
914
2590
556
1278
2473
288
630
1358
2148
2441
790
2611
776
1754
1666
732
2516
2143
2182
2108
140
2346
2486
2467
2382
1134
2642
1752
140
444
1520
2185
1444
672
1180
2439
1646
510
2135
916
2424
1876
2142
2299
884
144
44
32
2365
952
122
386
278
666
1948
2025
822
1729
1252
2192
2276
2826
1296
448
1856
2172
2515
2194
2054
350
308
2332
1560
600
722
2743
816
640
2605
620
2103
846
1194
766
1086
2261
938
2214
142
100
1494
192
466
182
390
2112
524
534
1976
2548
862
978
280
2008
1242
548
2231
1494
2441
688
2406
1980
240
2229
234
572
1406
1080
1034
368
202
676
2078
440
2263
2505
346
2250
2040
2630
1056
2263
2098
2531
1006
160
1184
814
1326
1920
1844
2076
1992
2054
2136
2036
206
2156
2080
1718
2317
200
238
252
330
490
2503
22
2026
1814
906
198
484
1812
1218
140
1916
630
1985
2372
2438
1042
1600
1426
2356
632
98
2560
2304
1008
1540
2432
2308
1468
362
278
670
18
988
444
1980
2004
1698
2220
672
1754
1748
1302
248
1622
42
1882
1693
782
2158
1358
808
326
1558
650
1408
1900
506
2261
50
484
756
874
2461
1676
180
2322
2354
764
272
910
2427
2423
2084
1114
1842
2312
26
408
524
834
824
2385
2208
2268
758
2480
2094
1736
1886
154
2337
1132
674
1714
2534
1898
2572
678
152
2506
1864
84
670
2427
1124
174
940
1096
1352
2284
6
474
618
964
396
822
1274
640
1544
106
80
2040
282
440
2283
2437
2412
402
98
862
2104
1004
2578
1216
1060
1364
1506
102
1484
2131
2214
1288
1326
1530
1930
2498
2611
2184
538
872
300
2381
2317
1012
24
478
2577
1926
2246
436
328
2292
950
174
898
1266
2570
2377
1822
1576
1146
2470
1330
486
60
2267
2380
2140
396
956
2204
102
1006
914
1898
578
1244
2341
2300
2197
434
1554
684
724
2404
132
2515
1424
2310
2488
1060
1180
2487
116
2491
84
1726
1034
658
2214
2164
2210
88
2533
432
2250
1164
40
1786
956
1104
900
2241
526
1919
2155
1975
2529
666
156
890
306
350
2006
214
2402
204
2326
2348
1726
276
1659
540
2771
546
70
760
1236
1891
1968
2048
1952
398
1876
274
996
1522
1026
2179
978
992
236
202
1824
1358
174
1438
2469
358
2634
526
2313
908
630
2827
654
1412
2102
2179
764
2290
2611
2242
2053
1440
2223
2202
68
662
2010
2342
1996
40
2118
2451
400
1324
580
368
2018
998
2132
2192
2542
2334
1610
672
2298
2048
1002
1866
2273
234
2303
1924
2240
1144
44
180
1212
2260
2118
2534
2976
1810
108
1068
2044
2641
498
652
2383
2022
142
446
210
2268
2500
1504
694
932
2130
1728
1770
1094
258
2282
88
2215
2154
414
778
856
716
2314
2123
1979
2310
1424
830
1132
2840
2316
2068
336
2090
1182
1428
1928
278
886
2121
1912
174
306
1444
2246
2282
2070
970
2596
1616
960
2681
2074
146
2033
1174
1010
1902
1680
522
2338
1626
190
588
2833
572
670
2485
1786
436
1032
1128
696
552
2588
2562
290
2634
2546
1322
2483
1058
2431
2658
2436
1480
1706
1424
1342
516
4
2454
2038
2310
142
702
2791
2537
580
2
1250
716
1308
2012
2051
2426
2427
2242
450
1784
2418
1078
454
376
2010
1174
552
2194
1502
404
2058
1690
1704
1934
966
2044
1114
912
418
1524
332
2294
1058
1002
2373
338
906
1020
1580
2116
1846
76
1130
998
684
2488
1142
2795
604
668
2104
858
1162
4
384
2193
2095
66
1304
334
2340
234
312
266
2023
954
2068
2008
1408
1152
1764
2379
212
2221
2243
348
2336
322
204
1796
2155
1662
2283
2050
2329
248
2311
2541
952
172
606
1426
2470
1314
22
2453
276
1941
214
2234
1030
2270
2189
820
742
2733
2168
490
394
1108
2238
214
1570
2345
1396
826
974
286
1604
218
388
892
1340
2546
706
1756
454
890
1744
652
380
882
958
1016
1576
152
2632
806
1492
592
16
178
736
1220
46
1002
1880
2225
2198
532
1226
2594
28
2870
226
1930
1162
388
1508
104
1176
138
1754
1422
1858
208
820
214
2356
1732
1268
970
1942
1698
2285
1020
22
128
1714
334
2115
1838
2491
2019
520
346
2413
1767
918
1178
2282
1604
2232
396
2831
2601
1510
310
2437
2212
678
858
410
408
946
308
2234
1957
152
1444
170
2148
958
1284
368
322
546
944
2038
150
1600
848
2185
2532
86
2198
360
1262
872
264
710
880
872
2260
304
524
2003
2545
1412
2093
2095
2414
2589
2241
506
2364
584
2172
2027
2541
136
2203
1656
2511
1930
2128
294
1852
1884
766
10
106
664
1966
496
1806
732
2182
458
990
2657
1436
1348
554
728
590
1961
638
2
1652
322
2397
1162
1910
78
2668
1812
60
34
2072
2548
128
930
268
1512
2091
1434
774
488
1580
1672
2215
100
1332
606
160
2418
2299
856
2451
2371
226
2522
622
618
634
2183
2397
1726
122
1528
2021
2334
1923
2230
104
2219
2610
522
1210
2309
768
2230
1930
822
2252
70
52
136
1280
74
270
1997
2598
2629
928
394
462
1446
1586
2012
158
1216
558
716
1972
2320
2455
826
2604
424
1454
1292
1542
2082
2286
458
1150
2489
362
314
746
2142
2227
434
2272
2029
1914
932
1974
1930
1260
2294
710
2359
2210
1630
1328
236
886
142
304
2408
556
150
2155
2465
1742
1286
26
1192
128
1454
2932
52
2099
1977
68
210
1268
460
86
2152
444
1160
2452
1038
730
816
812
1522
2819
222
2576
1894
2337
1146
1112
1436
436
1246
2138
124
1598
1976
2444
564
230
2424
246
918
1318
2668
460
2148
2274
546
790
1132
1522
718
1208
2364
18
2206
2316
1236
588
2086
788
2118
1528
558
528
1876
1950
1116
1278
218
1232
944
990
1444
622
2194
342
764
2497
492
1867
2332
1910
1448
754
484
270
1222
1120
250
2164
564
1594
118
1436
2325
70
142
182
1816
92
786
188
2352
1162
2244
2142
1756
2566
2188
2425
1998
1020
34
832
406
226
786
2050
324
1803
668
2229
568
1568
30
132
2611
1942
1953
2186
2549
358
1386
1843
260
1122
2433
1340
1534
2465
2670
2441
584
2069
2446
2209
896
2484
2604
2198
434
2437
2390
1212
2378
2742
2064
1628
522
1988
2308
1948
2207
348
278
806
1944
2349
144
520
412
1242
188
552
2275
2472
820
2529
812
2137
2129
626
1134
62
234
1832
632
834
2463
1672
1110
1842
2370
2170
2599
2147
644
2070
454
2473
1814
2680
2262
1664
560
2439
240
1743
292
2065
1262
1176
914
2333
2376
758
2175
1004
2583
666
784
2256
718
2392
1034
2376
700
270
344
2590
1468
1430
168
1130
2504
32
698
1230
364
1925
316
2708
2098
2294
1180
2356
2170
2382
2232
1980
466
42
1332
1076
2089
1116
998
2260
2048
998
2148
2022
1374
160
408
2233
670
656
1912
30
2226
32
2480
2155
2124
752
1082
176
2258
498
24
2549
520
2574
2053
1484
220
100
2307
506
2105
326
268
2087
1202
2360
1694
2671
830
190
976
72
1058
1160
1220
2084
478
1172
2122
516
32
832
1626
88
2232
2200
1532
1180
162
2083
466
1706
2366
1412
2424
14
1326
2336
30
2353
742
462
112
166
2536
180
1054
946
490
1732
2172
2346
898
2440
958
1148
2314
2231
188
810
848
748
536
196
560
120
1908
318
28
2417
208
2479
176
2044
824
2392
1152
2278
18
1446
2048
2181
468
2115
1433
2527
1250
2485
2391
688
324
168
688
2135
1048
232
1076
212
334
2232
282
668
2150
2309
1913
2205
450
944
2032
1776
368
2263
1766
1774
2255
688
1316
136
550
1524
58
556
2006
1402
2351
670
1714
622
2344
1988
170
344
2190
1400
1456
744
858
1470
446
2436
122
724
416
2392
2200
182
2377
1118
744
2487
2056
620
310
1418
1986
638
2506
1762
1907
388
2108
1574
424
1022
448
854
874
2461
624
38
2036
2659
236
1140
810
426
488
122
496
2262
1002
326
868
2262
88
438
2753
372
222
2382
1919
2650
1930
1796
2264
1982
474
2228
496
154
2218
2575
2379
2322
2138
1650
2410
406
132
302
868
1034
2667
2540
2604
1530
422
2400
334
20
328
352
1642
2223
744
756
1084
694
808
338
254
1516
2122
1938
1596
1718
226
2629
2292
2467
1853
2348
2535
2216
248
1944
554
1790
1210
300
708
1158
2124
934
1598
1706
2180
1208
2770
2140
2337
364
2230
302
114
832
2473
624
2619
604
1654
1748
2343
422
1246
2617
616
1638
2445
1602
408
100
2151
270
386
2344
1708
1332
1278
1936
1478
72
1983
2348
2084
1326
2697
2552
296
208
164
100
2690
2412
2051
1668
102
1384
2481
2424
1841
812
188
740
1406
2252
1538
836
2295
480
1042
1896
2004
18
1006
1782
426
1758
1138
1510
108
1978
1110
2616
626
776
190
664
1764
36
1933
408
954
1656
12
78
646
2747
2414
532
1308
2437
2205
18
622
318
536
964
60
2163
2637
1818
2106
2362
1058
2202
2176
1484
344
2177
2477
514
902
576
1134
224
2085
1508
480
854
1264
1720
1464
254
2445
94
504
1930
1650
2159
2336
18
1706
2646
872
738
232
1919
2330
862
2380
1036
2453
968
1214
2346
2310
668
668
1580
1514
2213
682
2155
238
178
2418
1198
530
144
450
528
1298
2386
1010
478
1220
162
1454
1186
1064
310
650
988
2166
254
1048
2308
32
1626
296
1849
2225
2003
1460
2554
506
120
2105
406
1000
2350
2092
2228
1156
1592
330
386
372
1164
728
2217
2387
946
2571
532
2312
710
478
870
2554
306
2374
1260
314
2187
1486
72
1470
436
252
960
2519
2400
2142
42
762
868
1646
268
2295
2015
806
2541
8
430
2575
2185
632
66
134
1788
1830
822
1902
634
314
2267
878
1900
1712
1660
856
422
2352
2397
2340
1875
1722
158
582
2523
588
2226
2471
70
1907
1872
686
972
2188
240
1580
554
1746
1408
1624
962
2355
48
38
620
1791
2408
2046
2389
1844
24
956
2194
1440
2494
620
1486
62
2090
382
2136
2184
1152
156
1714
1178
2716
1368
1002
2515
2072
1316
162
322
2739
78
628
1562
2076
2558
1936
176
1556
34
1880
50
2502
1905
1096
164
1875
2442
1778
2651
1246
126
260
1928
956
654
1904
2055
1066
1611
428
2400
2391
2481
2293
492
52
752
2559
1154
1636
338
998
1010
1086
734
2463
654
1926
1474
348
2541
1334
812
1848
2661
2598
920
1046
1394
2265
2308
2690
1668
1980
790
2116
618
2526
760
182
102
2558
1062
2071
2517
1062
1104
2110
2384
1260
566
472
1843
678
2478
222
2078
94
2239
400
2211
1942
1944
2356
660
2347
2267
2400
2247
2529
254
2711
1050
2583
1799
610
2546
394
426
350
36
186
2286
618
354
2691
1090
2278
610
2054
2286
238
4
2255
2074
2441
1991
84
766
2278
1206
658
2258
1920
2411
1954
1768
1060
180
2218
512
560
2140
1502
72
2282
1416
108
2339
516
150
2271
2472
2351
484
426
1628
334
902
2548
384
2206
1826
102
142
120
1889
550
1838
2247
1246
1138
612
304
1212
2211
1848
1078
528
230
660
52
402
1914
18
736
510
1666
636
2605
412
1210
2048
1102
2362
1914
1298
162
54
602
1838
774
1948
2347
700
2699
438
1388
2006
1746
926
82
2026
2596
288
598
218
916
94
1160
1670
1942
2364
1310
2408
1124
322
760
2095
2213
438
1942
2493
1796
1180
1578
1358
2540
2063
1754
488
82
196
552
2187
94
1060
2482
2553
2178
2336
2556
2244
134
2096
912
2625
894
928
318
1506
1124
1878
52
236
334
2539
2282
884
2213
992
674
682
1936
802
2536
916
40
340
2186
1222
1296
2382
1416
1798
1828
2230
1692
2194
166
836
1056
1534
1128
1170
2634
2312
2152
1504
914
1026
2319
1460
2402
1960
1886
136
2292
518
414
654
914
618
1064
794
1826
366
130
2561
2840
1823
1820
1816
72
2247
2178
1246
60
972
2236
2328
388
136
2240
2345
1662
2284
1610
598
2629
406
914
1182
1340
540
1592
2613
546
1328
1986
2474
2389
1050
42
1392
112
2552
1270
2610
1963
1892
2180
1260
1802
150
1002
2351
304
2038
2511
2657
114
698
2124
632
896
790
112
1698
1518
2370
1941
614
30
2169
28
368
510
28
1002
1892
216
2514
734
286
2092
2336
82
3419
1676
772
2531
828
634
1704
1982
1660
1550
2450
2059
170
84
384
1262
2363
574
202
110
810
534
524
2260
10
1726
1858
1936
42
1704
562
1060
204
2384
2063
1112
548
378
952
1896
2575
1014
2320
726
2018
386
2316
2669
2508
164
888
2
1543
662
1962
1116
612
2218
2423
82
2279
2129
1822
96
1222
464
272
2388
2280
188
1966
1022
2089
1755
248
1662
2583
888
1616
1436
942
1290
1876
2588
2171
792
368
1014
2244
2149
3049
2319
2238
532
524
282
2173
974
194
1858
2498
2449
2231
2229
2129
2336
1752
512
1408
452
702
452
64
2004
2616
622
1588
2464
2555
1452
28
1250
1802
2567
932
2538
716
968
970
696
2068
1162
510
2320
1106
912
198
614
912
2214
516
464
2508
770
2367
2279
298
2650
142
2588
324
512
2462
1428
1268
1612
2012
1906
1980
2753
2550
1166
2191
1156
74
878
2214
2600
1890
166
2369
2028
592
1968
2409
28
492
2440
2016
2176
152
1170
2167
34
2668
1488
2161
578
716
2164
2438
2076
146
2302
2247
2306
1078
388
616
1628
2100
2073
2118
1975
1044
2798
2013
2484
808
2136
2353
492
2596
2504
542
358
400
1150
2509
522
314
1006
664
1954
1942
556
1736
952
1738
506
24
1196
1342
646
1048
2119
2256
126
1000
868
982
20
228
990
2528
2218
2329
900
2569
628
156
2438
188
2398
2026
178
2354
450
1606
2146
2289
548
2402
1140
892
1546
686
702
324
1774
2208
2044
872
484
96
1614
1274
1254
894
806
2322
1314
1040
1836
1426
2126
1616
2283
1600
1012
2180
2090
2032
1578
1892
2336
74
2073
2225
2146
1870
1578
2382
1046
2570
2176
1026
2182
656
354
2654
1811
2482
1478
418
1986
2471
2258
138
2010
302
100
2426
80
1546
2527
1610
664
1692
2696
1998
6
1917
970
1224
1942
2378
2194
2706
1216
2254
1404
2289
1968
1382
2671
2091
2191
348
662
702
10
2172
1698
1384
2168
1966
344
2433
1962
44
450
2126
558
1272
952
2223
442
2403
1108
1400
446
2598
2258
216
12
340
1406
2340
1054
2269
1860
548
2329
1096
2372
98
2335
130
288
680
1210
2089
1418
2428
2149
752
82
2276
890
2437
700
502
642
2488
2154
1980
1096
254
2187
2642
2159
470
1610
92
1480
1414
662
2148
2091
1788
1728
650
1746
612
1901
1724
2231
558
1790
440
1388
360
212
2493
1290
2131
1752
2469
1839
1816
656
1140
2560
688
348
2384
2115
98
356
1450
56
164
1460
2030
2611
506
446
2186
2351
1842
292
2625
2219
2096
1972
2640
2555
1937
2025
1946
560
140
1282
376
1530
1100
112
2290
2525
2168
1836
1900
2355
2231
116
40
2124
24
150
1744
2190
1240
116
2046
2672
2311
862
1644
1848
640
1880
888
1522
1072
110
152
2443
476
2541
648
1102
2436
282
2129
972
2096
248
1438
1743
2256
1914
1052
444
330
454
2642
2526
994
620
1901
2400
1810
2190
680
1866
962
2124
618
1404
1767
172
2338
2321
116
2282
932
2079
808
122
1736
2372
1897
2648
1446
286
2560
2622
2430
114
464
762
100
2597
212
582
626
1140
1957
174
1108
216
2250
1568
2531
1671
476
456
1634
2290
814
2611
2267
1418
2032
1986
722
1690
612
1250
2471
2611
148
2086
600
1022
1802
2070
662
642
946
2523
1884
430
838
298
676
48
2248
674
1921
688
1380
1302
2016
950
52
2457
2238
2049
538
190
1798
280
284
2223
1500
1152
1484
40
1912
658
2096
2260
2002
2395
486
1146
418
260
442
2467
1362
60
1864
338
2531
2286
2215
906
612
298
1736
278
2697
2067
144
24
1028
560
1028
2208
354
1260
2102
894
2126
2228
1464
66
2125
1884
342
98
2067
118
302
2145
812
1570
748
36
2388
684
1632
2354
540
2087
2339
2008
1120
254
1900
2062
222
1666
892
1908
1490
1014
76
2340
2077
1908
1134
2088
1902
2373
1144
594
2019
1400
1796
686
1200
2383
2253
604
1266
1400
360
2095
848
1326
692
2118
92
2572
2002
422
2160
1622
552
1912
1943
2603
886
400
2770
270
334
2559
2494
1172
718
626
280
2165
1246
2382
556
2485
472
546
2256
600
444
128
2591
2174
98
2133
46
2378
302
340
1116
2116
102
34
2417
2308
1554
1596
1384
2047
1965
2208
1418
2046
184
1412
670
2608
978
426
2032
868
1058
784
2532
2454
2288
612
1064
228
2871
292
1872
202
208
1680
766
238
240
1142
138
2012
488
1891
2679
1060
8
2462
942
894
2294
2607
1188
862
2502
2583
1110
1745
1198
1598
604
158
716
604
2214
472
270
2504
2107
476
2322
1244
326
278
2170
2497
2264
430
1750
2061
1464
2257
2166
468
122
2063
2156
1436
1917
1368
88
968
230
1544
1452
2130
1942
956
2283
806
2038
644
2051
708
2695
1786
2532
2466
134
2749
1948
274
530
2197
1340
632
282
2406
2220
1688
2136
2756
2291
774
2522
96
2539
726
1954
1832
2069
28
426
1178
200
118
286
494
1979
1908
1510
1268
1348
2555
372
750
2000
640
2632
78
82
2396
2191
1464
732
32
2177
2431
1362
314
2372
1124
1136
254
494
2240
1828
2045
1244
250
250
2359
576
1202
1418
2415
1800
120
1176
2309
1116
1904
1414
1712
2625
2188
1324
464
2810
2326
652
2444
44
2084
2008
2430
2297
1728
2259
2056
2064
1118
1158
416
856
2161
1184
134
380
552
2319
2211
698
1818
272
304
2463
2406
1995
890
382
348
486
984
822
1284
516
640
1134
2392
2270
1704
958
212
2116
476
502
2304
2321
716
1884
2168
820
12
1302
2514
292
2426
2279
212
216
294
394
2432
706
2054
1358
1817
58
2319
120
1324
224
1252
2214
1904
1426
742
470
1758
612
124
1398
1926
670
742
534
1512
534
1214
1914
110
418
2312
2095
2077
122
1226
616
264
734
1012
456
214
2378
1526
276
1210
1566
4
1522
2462
396
96
154
808
198
2212
2180
1044
2405
2382
870
2401
720
2861
78
920
966
372
2428
1194
2523
124
2494
1908
2700
1100
2580
2630
856
2196
328
1510
1376
326
186
688
2220
2274
764
2012
270
1560
2041
1814
50
2733
708
1500
1554
882
1060
256
2464
2474
2110
2168
2106
530
2038
1472
2436
168
926
2303
2492
304
170
432
1960
574
324
1152
2460
430
266
1206
2222
2196
550
2368
778
558
556
52
6
2316
632
2259
24
2175
36
440
1976
1024
1726
1138
2505
1076
1390
1576
454
2268
2348
2195
2129
268
528
1576
602
1552
2282
1528
2234
1983
268
294
164
64
2049
202
2122
2479
2058
340
2289
774
2060
2430
802
1977
2704
2059
762
852
536
1246
1346
1794
938
162
728
702
1046
2106
3198
1338
668
160
2369
1826
1422
2270
740
800
2192
24
2197
2230
624
2177
2475
16
380
1084
1664
2315
926
1732
10
180
286
2216
2113
510
2152
484
266
2163
1440
1378
2497
60
2106
192
1244
2027
132
2501
1022
2829
