1586
2158
1106
174
1844
966
1470
928
994
364
786
1276
2181
2608
1990
2183
2461
458
238
1214
2181
2008
596
1761
2198
2348
2294
2070
332
2203
708
1204
2170
2402
2258
2599
1799
1682
934
2180
1064
542
2390
2392
2670
974
346
376
550
2284
2625
824
880
2238
1856
2160
136
292
1998
1750
2445
1891
1188
936
2262
1925
2202
1852
894
188
2345
2394
1712
2012
1382
1336
482
2295
2657
984
696
978
90
1742
1440
2168
1184
1802
2110
162
274
1082
2292
718
1388
570
204
992
656
40
1740
2019
558
612
1869
1376
462
732
502
1936
2159
126
526
2208
234
408
858
1230
3039
958
2263
2645
752
298
86
296
2234
2314
576
1104
1146
2455
332
2048
2483
192
524
2301
1156
2330
846
648
1160
352
2265
44
2027
594
1344
1516
1260
2079
2385
2198
1092
896
840
676
632
1338
2071
1230
2513
490
826
2118
2208
1114
1538
34
1324
18
84
144
1156
1546
502
516
1588
1504
2128
2035
1852
374
524
442
268
1266
2632
378
278
1920
630
2476
1746
2155
434
2095
2567
164
1336
2704
1582
2363
440
1783
452
2376
620
2404
108
710
2211
586
2827
120
122
2026
108
184
2295
2625
370
190
134
2347
1886
616
608
2607
326
1726
94
338
1905
902
1296
220
2260
1132
288
2638
1272
1314
2383
1936
850
168
1276
204
1414
2048
2302
1330
1862
350
892
74
1484
442
2255
1954
126
630
2466
2384
2238
396
2129
2453
1995
366
576
1386
1820
2236
1362
1254
730
1759
746
594
144
144
1642
170
1320
2306
2266
1062
2496
2405
2397
2117
962
2028
2384
1110
1779
824
52
580
2542
2129
680
388
2046
108
2273
2313
100
2204
1282
2044
2316
2257
1754
518
538
24
1340
170
618
2295
1776
1168
438
832
2644
2615
2034
914
2018
2379
2153
2314
2561
700
618
2266
2018
1064
48
564
584
46
2490
1166
2115
584
832
986
1930
1034
1870
328
1422
90
2380
1088
218
2475
124
598
2316
680
1092
598
1888
2678
248
830
1632
2759
2323
630
2641
1974
2360
1973
6
844
456
2143
432
16
508
416
106
1304
1074
2191
878
890
1284
974
48
462
2181
478
620
2098
1480
1342
96
1104
1288
264
1929
336
2362
784
1134
2233
2540
1920
340
1502
2352
2590
2467
1924
1146
1080
1346
580
1126
1224
2365
2385
2071
558
892
1226
456
1900
2462
46
834
2212
466
2208
2272
718
1754
272
2098
1858
2142
2185
722
264
1980
2194
2408
2305
768
334
2340
1750
1186
564
1902
1828
818
2177
964
2505
2464
136
1226
172
2525
1444
106
2100
2281
682
998
2376
1500
222
134
1694
2159
846
1056
2418
20
1410
826
1844
228
2244
2382
540
2266
426
676
1194
2148
2171
626
52
1818
516
1554
2026
2166
1234
308
2490
2300
844
1720
710
2330
2490
1972
822
878
924
1792
1528
2600
2260
712
1048
2032
972
512
2275
2260
184
1098
728
1098
1830
376
2409
1438
1310
1986
76
2209
378
466
1086
1634
4
56
2584
196
2292
2307
232
776
42
2219
274
2540
2128
2223
198
2074
186
488
1852
2472
620
2262
752
2454
2264
436
2357
2036
2309
1378
530
2206
2146
150
2999
2455
772
690
2303
544
540
730
132
1112
2314
1358
716
134
2144
2276
1666
976
1178
1733
818
1894
1270
248
2076
1210
584
1254
924
1592
718
138
1108
928
1006
2348
2418
2454
584
1538
1322
1342
1288
2214
230
2336
1300
412
2124
414
168
512
1318
1394
2311
2282
258
496
896
632
2366
562
1216
1502
74
952
10
2478
2168
2269
592
518
2621
2406
426
2140
2266
1382
1478
22
2221
1200
2616
2596
1438
402
1506
2481
2089
212
160
466
496
2366
2433
2337
210
2133
824
704
2513
2172
2240
496
532
420
178
120
1758
1498
386
2137
78
504
1454
2320
556
846
2562
2176
1328
1648
200
122
442
1636
1840
998
1873
2370
6
2088
182
102
26
1588
144
2454
2134
384
2555
2491
578
2454
1654
1902
1636
488
606
968
570
172
142
738
1004
1514
1746
2122
2604
2261
1596
2110
2620
2156
978
238
966
2131
2413
2027
210
864
2435
358
392
252
808
968
360
2249
2260
2572
2566
1853
490
118
44
2305
2374
2008
500
474
1576
690
82
2322
588
2246
1284
1760
320
464
2075
1952
2482
1024
1852
1769
958
2066
2235
1172
1958
1083
1110
2500
2283
2060
2397
1998
2253
362
1783
758
2651
2155
2347
2491
1086
1272
2222
274
2365
818
2421
372
2394
566
556
1274
2561
1786
1536
1094
1658
2265
2212
2612
334
166
1152
296
1354
370
2173
1018
454
2298
1052
204
1654
498
1148
332
2152
2472
734
2433
224
52
2556
1070
2527
440
1950
510
1124
2211
2191
92
436
2214
966
1909
1990
2159
1802
1994
1368
552
2012
1916
174
1702
2206
982
614
600
1922
310
780
2299
2458
1504
1978
2471
2143
28
1972
1510
1240
324
1534
2248
2176
2562
608
986
1074
1692
1539
866
886
1917
796
2336
1826
264
612
1712
222
246
1538
2025
1694
314
2202
2061
426
2040
1044
524
1738
318
2408
570
2087
1480
1971
2428
1288
142
672
2199
2233
324
216
1536
2115
1224
334
520
512
366
1568
1626
2251
1470
1780
990
2059
2150
1116
1306
194
2012
2581
24
1786
1915
116
62
832
882
2208
2607
50
346
1578
234
750
2495
2278
274
398
782
2102
1950
208
2192
1888
574
1985
2536
2366
2378
84
100
2417
1316
1734
248
2327
12
1122
2608
116
954
1154
1478
2109
2086
2029
2056
2020
2290
2120
142
1190
240
2659
1122
282
934
664
2604
80
860
2466
2418
464
2
340
432
276
1356
304
2008
290
146
1206
282
524
272
2860
2240
306
2343
298
1870
2118
768
490
1790
1766
444
1544
2240
1804
102
702
736
2714
2313
1390
474
690
140
2141
2294
752
1720
1422
2282
2355
650
878
770
310
2129
2658
864
1474
1810
2012
318
2524
844
2324
70
320
610
422
1056
2275
334
1144
2172
1018
74
2489
2562
2578
2483
2158
840
2083
42
1538
2629
128
804
934
2163
2330
648
1014
2036
2519
889
1738
602
2798
1752
2206
546
2192
2566
1034
794
632
2113
2251
686
400
46
328
458
2430
2092
2142
1853
2486
688
1673
2611
672
740
1644
918
2916
1114
88
2542
1925
768
818
442
2059
2631
2302
2134
102
1120
710
906
2235
1128
584
1818
136
390
1915
1919
2493
110
164
2531
592
1150
222
2176
2540
2413
554
236
48
770
684
1572
318
372
436
1402
524
340
532
636
2079
2240
2201
448
548
2060
2386
378
1134
1734
2479
616
1456
1800
312
2349
2223
134
124
2048
2329
2308
2344
518
438
330
28
36
1314
692
2005
252
1370
2364
956
152
172
1344
296
106
698
646
2004
156
656
318
520
596
1042
1542
2393
1694
1866
2394
262
656
2290
420
734
1370
26
2546
2160
2312
2242
2197
1150
564
306
1334
1752
152
770
712
1326
2476
2224
302
1324
350
2292
656
498
210
1798
498
2319
1918
548
1526
480
2040
2600
2146
1146
1170
868
2117
270
2239
620
438
44
534
414
742
2519
326
94
2259
1198
1472
414
566
196
156
58
1907
70
1114
2685
2144
394
2096
188
2404
2258
2572
1999
986
1900
2720
2228
934
568
96
58
1294
2181
2592
2108
348
100
830
2446
2357
216
2458
2354
1724
762
176
1392
2132
832
790
762
2302
2125
2256
1688
2264
1834
2496
442
272
926
1378
2196
2618
2229
1156
240
718
1260
2350
2528
2163
678
1328
352
2354
542
946
218
568
2447
2539
852
1588
994
2695
2274
2583
676
816
2492
1252
1704
164
2372
2202
2703
2413
2464
2410
280
650
966
2388
2511
1772
1426
198
2462
1900
2548
1086
2261
1060
2175
1400
704
1278
532
1044
182
1661
710
2094
2526
2606
2614
1330
1054
2503
2545
848
576
1394
1284
460
2460
468
2118
1022
968
2184
1806
892
1348
640
2080
1030
184
518
2073
2046
2100
2377
2368
412
296
54
2022
2231
2399
2403
282
340
986
1042
2061
790
2078
2145
2289
2348
1858
2080
2562
2503
1652
796
634
2614
1786
1546
2328
1770
176
2352
590
40
2181
1522
2336
50
1980
2221
144
1314
2512
2045
466
1450
208
178
864
2314
2076
148
2667
2051
702
2206
1260
1062
224
2404
514
2537
1278
3156
2330
2508
210
2213
1968
1134
594
430
36
464
2404
14
2346
952
1818
2549
342
1060
1566
2351
474
620
494
1830
756
2284
1162
1100
110
1084
2443
2732
414
312
1918
942
1788
186
2585
1702
682
2554
2366
68
264
1038
2358
1018
2642
2331
368
936
32
464
52
116
262
1070
2203
1756
308
2154
734
1430
2387
2017
2178
810
476
940
1432
510
2096
884
2562
2481
2378
1294
2498
2073
1849
260
62
2285
1787
2432
682
42
2203
1628
2829
2120
538
2430
2082
2286
1518
524
330
2262
1832
242
2568
2077
2695
2480
1472
2402
2218
2191
956
510
392
42
862
2250
1226
1552
1412
1598
10
308
2462
1344
942
396
1312
1372
374
1098
2435
2365
2254
910
602
1492
1584
1168
2390
1162
2237
1654
2385
1560
2223
1346
880
1140
112
2148
2329
1148
428
818
1232
1184
2376
1690
338
1352
2078
998
6
90
850
180
632
998
2460
1400
1340
2263
1780
1626
2080
852
1636
2238
132
2525
1456
520
648
456
1610
2393
2547
1580
2482
1670
556
1196
340
2286
64
564
1310
154
2279
2338
604
1380
1402
530
1906
1504
2410
2010
1292
630
2648
656
2108
982
542
2154
288
212
564
1868
1584
500
38
298
48
2485
952
1102
2592
688
200
2287
2670
1334
998
470
1708
2544
1328
1767
806
806
130
2464
1946
2106
2332
2190
948
720
370
1592
816
2382
1076
2598
400
2406
118
960
160
216
2121
2116
984
2357
1856
1794
2156
2508
2280
950
2648
2116
514
1532
946
412
1562
2499
2442
540
1164
2191
1518
56
1156
2253
556
2632
254
2383
1246
774
1550
104
1392
1822
150
2117
132
314
2161
602
1894
2212
978
2267
128
994
1080
252
1940
920
2018
2132
436
2011
1374
2473
52
168
1508
1100
364
480
2313
1526
2314
1664
2266
2258
2379
2298
2607
1932
956
450
596
460
2311
2340
2179
2278
538
2126
2358
2404
2290
1844
38
84
892
1244
2281
1102
2150
512
2010
576
2344
404
2348
12
2587
2178
2452
178
602
520
232
164
348
2226
262
2084
2174
1686
2530
1960
720
1794
1108
1130
90
2478
116
6
258
2096
830
2438
1720
1897
1258
1686
886
544
2495
2432
236
970
642
948
296
1520
1924
1914
2044
1062
714
1835
1278
754
3015
1592
2045
1744
2244
494
1788
1088
2615
8
1370
1952
706
418
1718
558
408
2070
2182
66
2094
2294
2009
2305
602
2227
18
342
2588
704
2421
1650
2173
2334
2230
1628
2308
1046
1270
1086
1918
1282
506
2284
2009
1272
426
412
354
1422
74
584
2636
2225
300
2590
192
1182
2253
1142
1900
2475
1792
2953
2014
2282
1356
2078
64
846
2404
1588
1530
1524
928
2302
2485
1960
1054
1880
2335
2178
2271
2429
1926
2072
2498
2194
230
2331
70
1526
2424
200
2202
964
2710
930
134
2559
478
2114
2061
2261
426
2378
74
2104
2272
2710
792
1470
692
600
1476
462
1266
1318
446
258
1784
542
1900
672
1114
2497
2191
524
568
2660
1354
2334
550
2236
2390
2511
650
1728
2555
2751
2528
2363
1958
1822
944
4
270
2173
2411
376
566
1302
46
442
100
1990
1516
2128
948
2517
2078
2173
1848
720
512
1722
2545
2027
1974
64
444
640
1278
2238
2214
84
2172
848
240
2468
2398
576
740
2695
1306
2360
2601
842
2122
2395
456
1620
1096
1816
1354
2285
1784
336
2597
2273
514
798
580
1584
2338
1904
362
838
568
74
2158
2232
1402
1911
2509
160
324
96
426
2455
852
2582
2625
2320
390
52
62
290
1000
206
1868
642
1436
774
440
2580
374
1130
2011
1020
52
1484
662
106
1400
2008
2114
2292
654
768
50
2689
2005
814
936
2199
330
2524
196
2024
2554
1112
1722
2435
446
2133
1512
262
414
1970
1176
1448
790
90
152
2383
1922
266
1694
2427
2650
866
1132
1631
2137
876
88
2459
1288
426
96
266
1736
348
272
2559
2679
170
1518
738
2120
2337
998
2260
770
48
6
2073
292
502
2304
2349
18
606
864
2633
1676
2058
2526
1640
746
34
432
320
572
2230
1722
570
1072
46
2511
1720
368
1066
2152
1212
596
2528
1600
2637
2499
2457
1222
2733
1420
2439
2359
428
700
146
2343
474
2366
2347
294
2583
2021
234
914
1040
2294
2320
3168
758
1296
2685
178
1736
590
208
512
2349
2300
1130
2118
2507
494
938
1940
2388
1814
28
2141
1992
766
2142
34
754
2449
2588
618
228
984
1934
22
554
2276
1556
412
2328
300
534
688
2020
1786
2635
2494
2410
428
2522
838
2096
2515
502
1336
2378
354
1374
164
452
1240
444
346
1390
2534
238
2140
2218
346
338
1148
2053
1701
1913
922
814
2425
2795
2340
388
1178
98
1610
38
596
2276
508
1318
1060
834
118
2502
2432
1690
1256
672
2618
2390
2028
960
416
2044
294
2380
1466
2052
594
1962
1496
336
1762
2328
2068
1994
2361
132
1272
988
2581
1958
2096
264
2208
64
884
2552
2430
422
2049
200
858
2440
16
2339
2153
1736
28
436
582
66
498
1388
140
2056
2524
290
2562
1028
1348
2411
496
706
1490
142
1918
298
174
204
2154
730
2227
1993
444
2285
470
1006
2376
1126
1254
1014
2331
152
2625
714
2236
1912
1168
206
2527
2125
332
2338
2248
134
2352
414
2622
860
1690
356
2315
1248
674
238
662
848
2448
2160
2380
2028
2204
1148
1744
80
2495
2211
320
888
1494
46
2233
1900
370
2393
1140
108
2448
2358
516
46
2372
312
1620
336
130
2178
2595
206
1693
1066
1582
2199
2239
1520
166
2082
1188
2546
2000
2148
822
1982
1074
2058
2018
2490
2060
2603
1857
1470
1506
1800
988
1132
338
2342
2214
1092
2085
666
1360
2013
226
1550
1378
1250
2182
2484
972
1130
802
2687
652
2291
1106
1386
2082
2315
2461
386
744
1140
280
618
1972
2422
1596
732
2415
342
1460
2218
2314
1780
2285
1002
354
2416
768
1860
8
484
1620
1754
2358
1616
354
238
888
644
1450
300
612
2557
620
674
2216
260
680
2359
1252
1170
2557
1662
1082
1662
302
2610
1848
2453
1042
698
2041
1702
776
650
14
1044
82
466
2715
2416
608
938
462
2306
2148
1446
212
1898
2410
2207
1858
136
1504
1136
2320
2114
1666
2343
144
282
1720
1864
440
1948
2104
1524
486
118
406
722
2331
2447
2098
1094
122
784
1500
2282
2059
1956
2284
2500
2292
2375
1198
2451
2074
366
260
1564
1538
1086
1040
2398
2328
404
914
2146
1198
154
2076
2358
850
1526
1666
36
2235
2350
732
740
1006
110
302
876
952
68
834
152
120
306
386
504
2486
1964
594
1112
130
2046
2300
284
1885
2675
872
314
1662
2280
2591
2252
2220
1772
152
1890
2326
768
680
1508
668
2152
1070
1532
192
2266
970
2278
1104
2430
2396
1364
420
1000
396
368
818
2322
2383
1450
1234
86
808
2235
254
790
2324
454
2125
702
2311
2483
1971
70
2267
1656
402
2301
2419
2489
256
1148
1392
392
1784
1821
2346
414
1300
346
10
64
2246
530
22
328
1422
1222
2229
654
548
360
1894
98
78
474
2055
682
886
498
1300
2439
2088
832
636
2441
260
1386
1730
2584
2290
284
2278
2032
1042
760
1774
2327
346
2361
2270
2006
246
142
2502
62
2188
352
2298
466
2680
544
258
802
2230
2258
2388
800
1854
1056
122
166
326
1708
2216
1300
2629
1608
42
2260
1110
2011
154
1900
2364
382
2115
2754
868
146
428
972
2602
226
1128
1624
1396
832
2697
1929
2106
2130
964
680
522
2028
1983
1899
1026
268
852
2052
1656
142
258
1104
350
2425
772
322
1945
1688
1060
1810
1967
2180
1928
858
2219
2105
2452
304
342
1458
906
2162
216
2353
590
1370
2363
496
1272
2399
274
1438
2644
1572
2321
102
1220
46
1104
274
12
478
840
46
216
1532
258
1282
304
828
1498
1644
698
1972
364
1464
164
114
1983
2204
2354
800
1762
758
2547
468
1935
2432
160
2478
2039
996
2600
2130
40
1642
942
816
842
2270
412
706
1316
2380
2096
244
2244
108
416
862
2195
1380
1994
916
46
2068
36
336
2409
2465
2095
2684
1164
1338
2282
448
1664
810
2625
1843
2641
348
452
450
1048
2534
1236
2714
1760
2626
670
2214
1930
732
1806
2480
1116
692
1272
2014
882
152
2371
552
2268
1992
582
512
2242
20
1428
1526
538
794
2568
1660
1524
1356
1386
498
2042
236
342
1578
288
2204
1380
2388
1644
2092
2309
78
212
2314
2305
2427
1460
860
2486
2831
1498
1186
636
1524
1975
2671
1512
2530
2073
672
2430
1690
380
1454
126
392
288
274
2
818
1292
758
1398
2417
1068
1134
1160
2445
338
2784
418
2638
1034
2757
2189
2231
2437
658
244
1036
1232
1024
314
2298
1632
2068
378
2501
2686
2483
1989
402
1280
1516
1754
556
1256
630
244
274
1060
1342
2746
1348
1518
756
422
758
2525
1632
1982
200
1716
328
2030
142
2037
476
1890
1822
1126
2093
2498
406
2370
2306
2086
262
1964
2014
1070
1974
1678
1712
2521
1072
2334
404
428
2228
1356
1844
1554
1658
260
2421
326
2191
2479
1877
312
2517
828
866
2132
512
1242
1574
1182
2069
1198
440
1120
1258
366
634
214
1170
868
812
2403
2496
2154
800
1706
1010
1220
2557
1915
610
684
1196
2369
2234
2242
1250
852
896
1846
908
1328
1654
2073
666
1537
242
1578
1476
1528
944
2261
2605
1184
152
1096
2520
1078
2235
1152
1612
1294
2132
2034
106
558
934
550
1888
798
1002
1110
1338
2554
170
1865
246
1238
1284
2111
540
544
58
532
6
1004
2604
874
10
258
1214
454
1454
1282
1970
348
2287
148
1990
2241
1152
2045
2003
1981
2274
930
610
2153
1618
974
118
2004
2281
528
708
996
2614
310
2476
838
1798
290
1632
2635
1628
18
250
414
1906
660
2300
658
498
346
370
1854
2508
1584
452
2628
954
2486
2122
248
1912
2040
1016
818
1116
1294
502
1692
1496
2023
1486
16
1276
1322
1852
2658
2373
824
2333
2341
1910
2110
328
1026
1594
1974
166
1746
1832
756
952
2188
308
354
2068
390
1998
2279
2348
1228
982
158
2826
646
2291
2175
2501
2476
660
2089
2433
2006
1284
802
1540
1578
2138
536
2268
2086
780
166
1036
218
2547
694
1312
2282
2214
2404
2292
1596
820
578
398
1984
1618
682
502
868
2279
362
786
742
2361
2268
1298
24
2378
616
644
662
2350
1566
2204
88
156
464
2205
1876
1468
2404
2114
2412
1740
510
412
1346
708
1022
312
1548
1494
2209
722
22
178
1878
2510
430
320
462
2026
2048
2459
402
2414
526
1166
2017
1482
2446
2848
162
1386
2394
926
2751
1624
1610
582
1022
270
2250
496
2490
2058
2332
1144
874
18
1436
1584
2222
832
1426
1082
2025
190
2191
2664
2198
2026
1166
270
2312
594
326
48
1508
2048
2436
1206
1778
1058
2552
1376
1316
2221
1924
1630
2194
2701
2314
2299
2439
350
1390
1238
428
84
224
752
2326
2208
220
1960
1262
2252
302
2369
2348
574
846
2446
426
1142
2370
1092
1338
20
996
1971
1012
2503
1076
714
388
2345
1972
394
492
1472
1318
2565
1540
486
158
2231
22
686
1140
2456
404
644
2497
662
2494
1730
448
2417
1108
126
1310
1712
2062
32
162
658
142
186
1498
1690
2482
1058
1476
954
2132
398
2328
194
160
490
1467
2068
2150
2315
508
2174
1768
300
242
332
2426
1744
2519
2312
2521
1230
332
1634
2351
1954
2422
1906
1676
1732
896
2068
1772
214
2091
974
888
2577
884
1122
1990
1102
2084
410
734
2321
2023
1728
588
2119
2281
744
24
2417
2178
2332
2320
1198
294
1987
2328
1510
2122
26
196
2224
1128
620
2283
2007
490
506
1900
1334
2974
2695
354
796
2315
1982
242
2470
1718
2086
2290
2388
38
320
786
2437
766
2183
1769
316
136
760
2129
2510
1610
816
2291
746
1152
716
682
702
2214
950
978
1890
818
230
1784
2140
2391
2251
256
626
2067
1904
924
776
58
446
1918
1630
1110
1326
1775
1896
1398
502
2550
1174
384
2291
2115
148
1280
370
364
1258
1004
2282
2566
2161
660
1846
2055
308
514
162
364
146
1949
140
2221
1122
180
628
610
16
24
1664
328
1611
2511
168
940
2547
2268
2336
662
2274
952
18
976
182
2057
2835
1606
2330
2385
1714
1610
2290
46
1876
248
814
2443
2158
1192
2196
278
672
1594
1898
420
1326
1960
2175
1526
968
2563
2514
650
224
2409
546
1086
1646
1530
408
2187
2358
660
942
2640
522
418
1046
400
14
272
1774
2326
2093
1908
436
478
2133
158
1932
62
2485
1772
298
480
2377
1965
2341
1670
498
876
1723
78
476
250
2096
1844
2128
2077
774
2416
2391
2488
1898
224
604
648
1318
42
2002
2347
2317
1692
2226
766
1276
174
172
808
1644
2340
988
1916
446
2388
1028
2604
410
366
142
468
2204
1720
2448
1982
158
2138
2478
746
1094
830
1228
1042
26
118
106
2436
1426
74
600
656
1824
1782
2468
1512
2277
2451
1962
2210
1861
566
976
626
2212
1142
2014
1952
2360
252
2074
2205
2212
2111
1082
1959
256
2270
2262
1464
552
2601
2602
2625
1832
862
2075
2006
2427
492
118
86
2169
2334
454
2401
256
2413
2517
118
2352
1583
2472
286
2430
2058
1374
1546
306
1038
1046
224
262
98
916
2259
550
2163
316
2106
1993
852
218
888
2093
970
72
1434
182
2110
2302
1356
566
406
542
260
1212
212
1829
758
2343
2350
2143
1556
44
426
734
924
2345
2216
154
2192
2151
2183
2524
1638
1198
482
1212
2494
480
2024
1436
254
344
1008
1462
2456
1935
278
104
276
314
628
182
1330
1502
2181
2218
2045
2236
200
1676
268
430
386
2358
206
294
1218
2795
1828
1988
348
2373
2541
2520
2035
958
2493
2040
288
1304
1198
646
448
798
2579
2
256
198
918
758
424
618
2823
300
1034
1660
790
662
2223
130
1800
2098
858
44
1772
2404
588
236
520
1268
1426
2329
116
1212
2537
1624
1188
1400
556
394
1354
2174
648
830
860
2078
1018
1960
822
2500
694
142
940
2003
1388
2355
258
164
2081
326
1332
1258
358
190
2057
908
698
2309
2619
1990
452
424
2301
284
406
2360
2327
2399
642
162
102
64
1344
1012
274
1224
1590
2332
948
1522
2398
1156
852
1016
978
3478
764
2239
1404
2129
706
1744
2457
1928
380
228
2314
1268
288
1993
2451
530
682
1402
168
2011
2662
2140
2195
1734
552
2159
2292
962
646
298
2416
336
1924
408
2242
2558
232
2694
1837
2267
1020
1416
2305
1466
2048
2422
590
2143
2188
964
2564
928
2047
1186
2620
2018
2444
522
114
608
28
596
330
558
2494
1136
384
674
10
700
2436
662
450
496
2561
646
24
926
2026
1218
1568
2590
938
582
1000
720
2440
6
364
370
1848
314
2613
2341
38
2348
1470
2038
2264
2305
1118
1933
592
384
2120
320
1302
806
2362
852
66
2405
3070
438
2351
2461
414
1452
1010
2359
2537
100
796
1422
84
2192
1906
840
2503
1336
74
2223
1706
2120
830
356
2643
832
2273
2404
216
2384
490
1996
1617
780
1776
1364
930
74
886
1658
266
1990
84
2224
1436
324
2588
2397
222
2861
652
1959
942
368
2192
1178
2332
1268
124
1822
2577
1072
380
1546
152
218
2249
398
1975
794
2235
2329
2396
930
2010
1386
1294
546
412
2188
2355
2026
1050
1835
148
910
2126
1923
2518
1764
2150
2046
492
2276
1116
2037
1592
2235
1552
1032
1502
506
138
846
1458
212
2493
2304
634
1492
828
552
1989
860
990
134
2016
1100
1654
2049
2064
234
2212
280
768
54
62
1028
500
484
542
1148
1706
2948
1284
696
606
2336
2488
1002
126
44
2287
2626
1815
2048
1592
1762
2469
652
1176
2539
120
1368
306
1911
434
2028
182
970
2370
928
1856
860
792
440
6
850
124
1084
874
2237
1498
2101
180
2441
528
918
90
2159
2152
352
566
380
826
1773
2533
2184
134
620
2056
1783
2311
2182
2551
2794
408
2066
176
710
896
2265
166
2346
2226
232
2326
300
1026
2208
398
2089
14
2284
844
2588
1240
1672
92
2083
960
2307
2216
450
2308
2321
2335
2483
642
2566
2525
2369
2448
1406
2412
310
1076
1010
2178
702
370
2343
2320
2398
2578
2428
2223
1918
2517
1703
2469
2144
920
326
970
582
178
1992
2562
1066
102
412
2204
1024
2799
2010
2409
146
988
1712
2081
2237
1676
1010
1752
654
150
1104
614
2176
1510
1520
770
382
2714
16
2232
2284
606
2293
1840
1682
48
972
2366
2370
1260
2142
1002
1648
2441
952
24
1088
664
1422
1454
510
2300
2154
1644
1512
2230
2290
1120
1118
840
804
174
190
2644
672
2222
1951
2188
2151
1532
2567
292
318
2391
1492
1322
1038
1960
2154
2272
326
1900
892
1997
12
2632
2340
1648
146
1248
442
98
720
1908
1496
1862
904
602
316
2062
868
1970
2014
1360
1940
1788
2426
2550
2443
2468
2556
2531
1802
822
2406
1364
682
1504
1194
224
2341
2217
2043
410
540
2094
1716
684
38
812
1620
1578
1872
1916
772
1178
346
650
1186
1876
948
2400
1012
1732
636
2315
242
356
140
1706
2591
1120
2217
178
340
2004
2111
1380
2014
510
2210
1172
2242
778
2220
368
2192
2019
674
588
1374
888
1128
1480
1692
1710
338
978
1664
2240
32
224
2408
1710
94
2218
2414
232
2330
1250
1186
1574
146
1995
1540
902
390
374
152
490
1906
1994
2318
1416
1702
2501
2145
1716
310
1122
1246
838
1064
1418
1807
1510
2272
1102
1576
2138
518
384
26
986
2083
2236
1502
20
1408
1306
128
74
2209
1362
848
2882
620
144
1152
156
1094
102
1994
48
252
220
1176
2076
254
1416
1070
1420
502
124
882
2198
762
2127
2253
2138
1196
2118
1174
1152
1965
1438
736
372
2143
2373
508
1789
2513
116
1226
658
246
2483
518
2362
738
1880
1010
1812
700
2219
1638
2481
384
1308
476
1312
98
2106
88
1962
622
2256
2378
1480
2342
666
1990
1320
2546
512
580
1090
2025
1006
2257
2078
2019
2476
2365
2229
4
2298
366
2122
192
2238
2564
696
230
660
344
2045
90
1148
1294
544
1040
1232
1708
2413
1996
2370
2282
1434
490
2654
1388
92
1867
1018
544
1278
284
122
1726
666
2389
2388
2452
2415
900
1016
862
2685
876
260
2464
1222
64
514
2642
218
1058
1404
606
516
458
2385
258
1738
800
430
2408
1759
1176
1632
1492
424
286
2354
1428
830
2279
1108
1655
1830
416
2298
2110
2109
1260
762
238
36
2046
70
2556
674
76
540
274
128
1496
2492
1100
1030
1268
1206
2276
2050
1112
1176
2156
1968
2252
2160
1438
2388
482
2189
2432
52
872
1170
2160
2425
1748
2352
2355
1546
898
114
904
680
706
1146
350
88
332
2333
178
2283
1082
652
218
816
1594
2572
1732
770
3036
2592
2300
234
2169
2368
766
2342
66
2497
2536
1878
2558
2514
726
2416
1388
1136
2178
2168
120
2391
1952
2247
82
1336
1508
2493
948
890
1864
1614
2625
2073
1304
862
702
1644
230
2422
1664
2090
1318
200
1932
2290
2130
1982
6
2274
2341
72
1658
336
2208
1474
1220
1688
2476
420
636
2255
1882
1761
622
1606
454
2090
822
1282
2507
2449
1844
894
1414
808
1410
868
2198
574
2466
932
1876
2311
348
2584
2336
4
2203
452
54
904
1064
338
1680
2097
1586
2688
1182
2319
534
1050
506
1642
2181
1562
930
1870
614
620
1854
2399
700
1550
142
2573
1640
566
1436
36
2274
2245
1714
1266
2036
1224
2509
2143
36
2382
1162
2146
2451
1282
1738
228
2166
2251
388
1050
76
1256
2391
2172
2438
498
662
424
578
2285
1164
74
2258
1947
2521
84
1981
92
1414
234
618
2263
2371
2673
2384
1450
1264
1148
2304
338
372
2334
2522
2222
40
2133
1626
1184
1626
2362
128
1979
1462
1718
324
362
496
2010
2140
1596
620
1608
498
2259
2646
1446
36
2449
2458
1796
1881
284
1256
2257
974
1384
1018
342
280
1130
664
2054
28
702
958
648
504
1268
710
880
1901
2251
1504
2062
748
462
556
796
710
722
2759
520
2144
376
362
2105
2422
1286
1627
2330
2501
310
1088
2259
2625
376
740
2535
2410
348
594
2410
1392
1604
594
504
1904
558
1332
2582
2122
12
1272
116
1096
1924
1975
2472
1941
2400
258
1130
800
778
234
1642
2234
202
120
240
1952
1404
2317
1600
392
482
1864
1986
2092
530
1440
2404
768
2046
244
750
2052
158
118
2038
420
2334
296
510
1420
1582
650
740
1372
1812
1572
1106
2451
1324
1402
112
2220
1150
1286
90
2123
660
138
2435
1758
2348
2483
1074
1760
1244
2484
350
166
746
320
2
2216
2029
2594
2200
2470
2543
734
2056
2125
1370
780
346
1066
362
750
2368
126
2581
316
2491
2519
218
2210
2142
74
2670
1915
2007
150
22
1308
224
636
1372
880
436
110
1822
892
1796
2321
2200
1166
2084
2113
920
718
1400
1973
142
994
1276
1588
1288
1534
134
2724
2271
474
354
1874
94
118
2179
536
2044
1592
1240
668
2112
2531
2254
20
2061
1060
364
1122
444
2164
458
2502
2089
1866
1518
1942
2331
2180
2475
1944
956
2074
60
2519
1838
1288
2546
2567
2678
1994
1332
1608
1644
2181
874
1614
1522
1264
1810
2004
2250
2287
138
2406
44
1422
2394
570
102
1250
1296
878
892
922
1412
2466
726
2387
2270
1294
730
398
134
70
2316
2323
502
2380
610
660
2550
2438
2486
688
600
540
2464
706
84
636
1995
938
2319
1897
786
300
2150
2337
2153
2024
724
668
2054
2405
1616
1566
2148
324
1220
588
2451
516
1695
1976
162
2540
2343
1238
4
356
228
1838
386
2507
2482
940
1864
2080
1572
2340
118
2018
118
2195
2529
2167
944
428
344
414
286
632
1642
2382
1636
2513
2209
564
428
316
1522
1130
852
822
198
2088
2453
1432
1532
44
320
386
786
1802
2400
2120
2357
34
1794
1874
560
294
2440
1280
2258
2551
378
348
474
2472
256
2608
2398
1078
2444
2245
1288
2361
1716
2245
2192
1976
1264
1966
1853
2158
1854
2095
2564
278
622
434
2408
572
220
498
654
534
648
2498
246
1250
862
934
772
2141
2546
2360
382
1176
16
2164
424
420
2076
1650
2250
2544
528
322
2484
504
2170
1282
554
856
50
2
364
568
82
1976
1280
264
104
2260
976
1050
2088
110
2164
532
2333
2512
760
1542
120
824
698
1016
2070
258
2076
2564
632
2259
2407
254
310
352
362
708
478
194
2449
2184
404
10
2391
2458
774
2158
2304
1238
110
428
2388
2560
1008
1096
2533
1596
420
2246
1508
884
2562
2588
2561
144
472
1835
2455
2436
244
1566
804
2767
1604
466
502
446
1662
62
1076
338
182
1826
1344
2444
950
1202
2514
1024
342
1520
2389
1236
1646
132
878
302
2214
132
2236
2657
1224
1056
174
2264
722
2697
56
460
1796
1344
292
2166
324
2429
1062
2270
1392
2297
1537
982
2619
2254
328
876
32
1470
1750
1616
2549
2
494
1098
962
1744
1893
2561
378
1338
8
2242
1750
1290
1098
752
460
106
2538
664
1254
1446
554
1666
1762
2272
528
2188
2106
1770
732
2489
40
2557
1890
2303
694
2494
592
2364
1448
2350
2066
282
2098
2266
1920
402
108
1204
1266
2114
152
2185
1784
2578
2518
1322
488
1608
1182
1688
908
458
258
358
718
400
882
2524
2058
704
1212
1676
1478
2302
2263
586
218
2096
978
2394
1356
398
56
1388
908
2306
2276
2723
2333
474
1244
1318
150
20
698
2124
1210
1122
136
682
1716
1218
2313
408
124
2050
2389
1668
2020
686
862
1991
790
2221
906
76
2089
992
1928
1538
2348
2648
442
1812
2225
312
1978
1244
46
2404
464
2169
574
2026
1582
466
2329
440
2278
260
2297
1956
558
394
2071
952
1865
1694
54
228
1408
2574
808
1656
1460
2466
1660
2281
304
1142
580
582
114
2064
2450
1024
2079
1856
1642
2546
1052
1204
1366
1630
6
2124
160
1268
1444
880
142
2466
126
1534
2279
554
1623
628
740
2112
2037
2685
282
1548
2205
44
2432
2056
360
286
658
2103
2199
520
1802
22
2317
2364
458
662
252
212
2093
2466
1438
1801
1544
132
2304
2008
2245
850
3244
1672
1094
2247
564
2342
2418
2569
1538
494
1244
2614
2480
1012
594
1078
2738
2194
614
1990
1935
2002
722
2273
868
1232
1812
2214
2301
1188
666
2096
1376
2284
1472
304
2302
1851
2491
1814
2222
2606
2488
2386
1514
1728
2253
1314
1242
224
522
604
796
1482
2538
1036
1456
2584
298
2095
1380
1859
82
1024
1506
264
454
2236
480
1927
1992
1956
2165
386
1144
1600
354
564
1060
46
648
2415
2424
1388
1052
780
2452
8
96
1366
2247
352
30
2544
204
1768
248
530
1180
2498
2130
538
2303
872
2346
2575
66
1840
1320
48
790
486
426
546
1024
252
2296
2040
2407
416
2414
2581
20
2696
536
2562
744
2281
190
2141
2160
22
2232
778
1942
1756
1877
464
220
156
1822
1134
686
2184
2328
110
742
654
2113
1042
614
2320
2616
124
98
146
2168
2442
1384
1388
1800
1268
2147
550
2310
762
2587
28
2545
146
494
2370
2643
364
296
28
84
950
2532
218
2280
2206
1814
1772
2071
162
1402
2302
2076
2380
1454
114
734
2712
2562
1830
514
2183
840
1300
1412
124
1102
604
2071
1242
1668
2121
290
1985
224
1468
870
1856
2190
156
166
1704
498
2593
1498
314
2091
694
898
102
580
1346
2515
436
2489
70
2555
2325
1720
724
1040
812
682
758
236
2149
1588
320
1987
2283
810
1366
1078
2460
1150
1988
390
944
2372
1948
2462
388
206
1586
264
2093
1990
820
910
288
1752
506
334
180
144
1272
520
390
78
360
1334
854
602
898
228
478
298
652
1240
2096
578
792
2301
2249
386
148
460
386
2241
2442
2021
634
954
520
804
1240
578
1434
930
96
2146
2203
62
224
2069
2319
1058
170
1676
704
2388
1222
178
910
2300
552
694
2036
2617
2359
1620
878
158
1634
316
2082
1612
216
2156
2129
1130
2355
2173
2390
560
1646
1064
2408
1860
2231
352
1738
2080
2068
658
2126
2044
1810
198
754
72
1288
1274
2357
2406
1978
462
2006
142
370
228
2277
2477
2290
272
224
118
84
2210
2182
1096
1160
1144
1056
1990
86
678
1136
240
356
2523
1140
2062
272
1718
2296
6
2068
2006
464
1096
2113
2490
854
1980
532
1958
1500
1502
1340
2357
1802
1900
1995
992
2337
2263
2480
2099
344
444
2291
2685
688
84
1244
2072
1248
150
2072
700
2192
20
758
2191
1892
3236
326
138
1618
2449
640
1554
68
2145
398
16
2235
1062
1490
1756
1558
1826
850
864
572
2458
184
2072
902
2523
430
110
278
2291
944
2276
2071
1204
338
1314
390
1216
