550
1520
556
1672
1816
1811
2163
2029
300
636
1664
2423
900
2681
1792
2
2333
1969
14
1620
2178
2348
2634
304
2210
1988
1858
842
2785
392
450
648
2004
590
144
1328
2229
614
2403
92
1404
170
856
1034
276
88
156
1034
338
2327
2161
446
1024
1492
356
2042
2703
2295
2306
2667
1770
524
686
1484
702
1704
24
30
1448
34
172
56
2700
1604
2492
2144
398
416
2382
2512
546
446
378
2147
1902
6
322
566
1396
2224
194
890
2036
164
2206
2060
266
2294
1120
498
1982
1240
2256
1752
498
2140
124
2052
2607
2548
972
1494
1088
1848
1916
674
954
144
1032
136
20
1082
48
772
396
2087
2261
2310
1244
1348
2530
580
2464
2539
48
2603
178
2416
2378
1790
1856
254
182
524
2674
252
1126
2333
1933
430
1960
1904
1782
768
2254
1036
550
920
824
30
1280
688
2409
2568
2312
1638
360
256
2059
264
2471
2649
2330
924
1754
780
1066
1120
2178
36
2415
2379
316
2528
1102
32
2289
2375
200
2238
620
2337
422
2572
1936
1202
240
2124
160
1240
2567
1024
964
330
312
2575
2156
94
2375
358
1140
608
2056
2478
2498
1498
2732
230
1100
2304
324
496
752
362
1466
350
138
278
362
4
614
1711
878
2081
2259
14
274
112
404
296
136
1240
1096
2324
1224
1832
2191
304
758
1903
824
2264
1308
1978
924
2388
136
248
2286
1558
1212
236
296
2161
2187
1414
2424
724
1072
1206
1404
774
2410
554
2133
2596
1739
724
1482
2559
1248
2456
1994
764
660
496
2169
814
2420
2321
2316
864
1774
2110
482
1984
502
1402
2181
18
2244
836
142
2239
2481
1142
970
1384
2486
442
690
1939
1264
710
670
280
530
824
36
100
792
2429
1468
236
360
2220
1536
2303
790
18
1200
532
192
2269
1680
1636
684
2464
866
1280
776
2487
1810
1060
478
1266
2224
1034
108
668
160
2147
422
2329
2370
2132
1920
114
792
2097
2696
116
2641
1944
98
2549
1356
2444
848
1750
282
242
2340
400
2312
1440
276
864
2286
190
1092
984
1662
2267
1664
908
1366
194
2490
448
510
2070
2540
2137
1002
2546
1682
888
1104
686
1098
1768
1560
1700
1060
2271
1914
1826
1080
258
162
2476
278
2539
16
1052
2383
2251
2006
2237
722
2271
2379
1310
362
1985
1524
2152
2314
102
724
1212
100
180
1990
352
2284
642
72
1482
2385
1400
2126
204
720
2243
164
2218
1324
1400
1086
258
2353
2322
1232
1234
2048
508
2394
2331
608
1860
1790
2355
976
764
848
2648
1006
1162
96
624
680
2336
2102
1908
478
310
1743
2255
300
102
266
766
584
792
2597
1256
2372
1720
2602
104
1882
126
696
512
1484
2136
162
1002
2220
1248
108
22
48
1392
1615
1854
2274
1702
200
2104
2252
1160
2068
802
42
550
1518
366
2402
994
448
628
1634
2465
392
438
1934
2071
2460
1486
2218
1194
2286
1743
2241
1930
2204
580
1040
2197
1080
34
18
2731
788
716
72
908
2313
1124
462
438
1584
934
32
648
2192
2220
618
304
1496
2492
822
142
1598
1682
1786
990
2357
874
498
2114
1876
2547
1920
182
1064
564
1140
1506
2611
1158
436
2326
1973
1674
1012
1979
946
2360
1895
2381
2043
2417
228
382
256
2180
550
476
1408
2421
2079
296
2447
288
454
644
856
832
2006
862
944
1086
92
1016
2371
534
2194
2270
1644
2193
2047
212
100
2244
886
1098
1934
958
2303
2183
210
384
1244
1406
2155
1390
2038
2796
1532
472
120
1997
406
2176
2173
56
2397
1518
2423
1278
1602
496
1100
554
2435
904
1418
270
578
10
1578
560
2673
1744
1660
644
1032
980
560
2546
152
210
58
1216
2258
2205
332
718
1898
2281
2228
2703
1686
2265
1860
1048
2486
2332
2194
100
1986
2526
2881
320
1412
822
176
1821
2379
2295
298
1330
2550
1238
2501
814
1714
2092
750
2186
1028
2308
2690
2523
372
168
500
866
638
290
2920
52
584
1824
1504
2384
2143
974
2276
2366
1450
422
2101
1322
2124
2377
2454
1636
640
918
2118
1632
444
992
2729
2441
2056
2317
2592
958
1584
2204
1981
2395
2584
1248
2665
2413
1746
824
2047
2001
1450
984
2126
1404
1232
620
336
322
1778
2256
2499
98
2481
1440
1220
1344
2296
1080
2314
1146
2010
1975
2463
1366
706
14
2004
202
2154
2296
2178
2690
354
1740
486
2448
326
320
1284
1306
2411
2466
2498
860
838
122
462
2657
1038
2354
670
226
438
2082
750
428
102
62
2432
1354
686
918
1988
1642
2585
138
2414
1460
1786
548
2179
1480
2395
334
1290
2421
590
2227
238
820
620
382
2134
462
354
2302
412
1951
312
2428
284
1872
84
18
2332
210
2103
100
324
1426
2180
700
60
306
1038
714
1442
2338
110
600
2237
708
1064
1960
1831
1930
272
1362
94
2115
1936
886
700
1940
2284
1938
546
362
228
768
222
344
662
360
100
2409
2454
1865
62
708
492
1214
1920
312
984
212
1934
540
2429
608
736
756
456
1936
28
352
1088
2121
2391
196
2593
2411
1042
498
328
802
362
208
216
1350
864
948
172
492
562
672
58
264
10
418
2230
1900
1862
58
532
704
1160
320
1914
458
1090
952
1360
246
1612
1950
2337
222
2350
572
262
450
1218
490
1584
1294
2407
1685
308
602
150
2150
2228
700
794
970
2397
2440
2210
898
2372
150
190
764
748
2288
2266
2470
1972
428
220
1532
750
786
288
1056
366
728
812
78
2217
2632
1988
334
504
2252
2389
1046
1278
1026
2040
2044
1352
2080
2422
2439
1646
1070
2310
226
1040
2310
1216
2321
2620
738
196
2681
2236
1330
1056
676
2322
716
2140
446
1954
1196
1678
1986
1863
746
1148
1968
1164
450
92
910
202
2479
356
856
686
394
1104
2228
120
2027
1162
1306
1757
2540
2210
552
234
1758
20
262
468
444
560
1410
92
2202
2206
2137
1236
1694
1715
1278
760
684
1306
310
2004
2031
1656
854
384
1806
726
740
1886
1792
1716
2340
2167
2124
26
1050
1234
704
1848
2376
676
2316
1943
1416
2318
252
2574
2374
18
2347
1742
448
1452
2312
1598
2406
2229
446
1376
2406
866
2231
1000
1232
1570
1516
428
682
1816
252
738
1908
1812
2245
800
480
894
26
2419
2070
1252
506
2649
2155
1376
2261
1740
1650
490
2393
1644
1180
2250
880
20
574
2294
2293
40
2420
2157
1486
590
2078
800
984
2227
2503
1994
1362
2641
788
682
2561
18
450
1026
304
1626
2333
1953
2483
1560
616
2219
2094
2681
288
950
1488
1476
1140
2349
440
1688
2391
512
1368
122
1020
1862
648
2395
1520
878
158
1704
1454
114
908
2260
1999
2535
1108
748
760
2504
2328
692
2013
814
996
2408
946
706
168
1576
660
190
2454
180
184
2391
1514
1552
746
2362
1378
1858
1324
178
1846
12
368
2215
2759
2017
2577
1274
2452
2596
114
1954
650
2137
1802
2649
1082
2125
898
2160
856
1991
2342
2360
688
1432
486
1742
2351
2548
2303
1912
702
1872
1778
2501
2108
1338
124
844
1952
1194
184
2139
820
34
320
182
558
2238
192
776
154
742
2444
1798
2223
316
2725
1848
350
496
1838
106
178
40
606
2313
1198
514
2347
2614
1470
2122
920
162
304
4
88
1536
2161
2269
2334
1550
46
2299
2437
652
1624
254
276
340
310
2295
14
704
504
36
1570
628
1818
2355
1990
864
1916
140
328
50
1104
2430
1946
2561
1508
2504
2231
2543
72
1464
752
802
1194
1268
2451
176
2031
2401
378
876
430
1418
2212
1836
306
1872
582
2439
2216
526
558
2161
1236
140
1220
1062
2472
76
1304
314
32
164
2649
2302
114
2522
868
1004
1574
24
1908
2592
62
258
1418
2314
2256
2631
396
926
1840
1050
846
2227
110
552
1890
1966
2423
2714
286
596
762
1308
1950
604
62
1146
612
2417
904
396
94
784
548
2048
2493
300
2520
1622
618
2583
714
1244
534
796
2242
752
2030
2312
944
1515
1566
2325
1256
2492
2374
1554
672
1686
2654
320
2188
74
2136
84
2014
1278
330
1921
264
786
680
2701
2333
1318
2221
592
2460
798
1348
1411
916
2004
1464
930
1600
264
180
190
2688
2317
62
2325
1144
914
2124
378
1876
2373
2066
2601
976
1370
808
408
2263
2216
2273
2354
384
940
2394
1956
198
2266
330
1166
2031
298
2163
140
2314
524
2332
748
2318
620
746
1670
358
2152
104
326
1230
258
2228
1740
1080
894
862
2511
1002
1764
2158
356
166
2380
940
444
106
500
1222
1418
2305
2699
2504
2018
1286
576
4
1026
848
2040
904
508
2096
1102
1032
1358
840
10
1036
124
502
76
1550
1270
1716
1992
1292
1028
2172
1138
1222
394
1076
986
788
60
2533
764
2312
2090
572
1865
3192
1318
1956
420
1840
896
1054
252
1034
1168
1380
66
790
150
936
760
2403
2272
2441
2356
1786
2410
2388
1922
1920
2535
472
898
2292
276
2393
12
1354
86
894
2261
536
1096
2549
838
1050
1805
2459
1968
548
62
806
1032
602
1148
2405
632
136
2346
1824
18
984
2447
676
2062
1292
2313
698
1986
1822
256
1022
2615
2064
214
60
34
1448
790
190
1540
2046
1964
2511
2333
524
1012
156
2477
1943
1743
684
2566
42
248
2192
978
1308
1966
2374
102
34
2314
228
2427
1394
826
2600
1910
2278
790
2385
584
1176
1092
2527
2191
2591
2347
2292
806
1370
404
942
2006
2607
2444
560
660
562
1566
718
522
2532
2202
352
2144
706
2381
332
1330
2654
1436
2370
352
2699
2090
284
266
2125
2482
1784
674
2153
2033
2404
2717
2011
428
2581
2276
58
106
2535
2669
680
1711
168
240
330
2334
1106
1788
2046
200
890
1931
2304
2194
744
624
2380
1062
2654
2296
2358
818
1270
2047
2757
1670
462
1052
1970
262
2717
858
1496
270
1999
166
2649
2449
1422
328
1026
1520
1334
2042
1018
1690
2327
574
74
1200
1807
1452
1488
2176
2302
1256
198
460
2552
860
1240
218
2281
796
1966
2441
2158
20
2134
70
2425
436
364
2280
1534
2128
650
496
550
304
228
1880
86
1996
2468
962
1438
142
614
2690
2621
1658
1628
2122
2351
780
1556
2798
2053
118
376
1232
312
2472
1688
2047
158
184
2575
2777
2478
1580
252
584
2312
690
1766
606
506
2276
350
676
1962
1618
1074
2266
2151
2020
266
772
530
932
1738
110
3628
70
522
366
1006
2103
862
984
2365
588
120
654
1624
146
114
418
2134
1676
1700
150
666
2256
366
1736
2288
298
1218
2433
992
2180
12
82
1943
2376
2155
298
2110
2608
502
1218
1416
1930
2370
2560
112
56
2462
2128
440
298
2006
868
2295
426
1172
1238
784
644
2224
1962
1662
688
1504
2040
2211
430
1749
1274
1892
2386
1206
206
2333
278
1953
488
2071
2010
1454
296
718
1104
998
326
2292
560
2467
458
2120
2404
354
2056
1924
2240
2455
114
1026
2661
8
1716
950
558
2375
2584
554
68
258
2766
1482
1918
530
506
714
798
2417
236
702
82
2378
896
552
1704
1678
2209
2181
862
1776
2485
524
1080
1984
2269
2309
350
2396
2059
282
676
2565
1904
580
1748
1120
234
2234
2528
827
478
122
2028
1997
520
894
2444
748
48
58
2238
1168
1658
1930
2634
932
2535
236
2632
2203
564
324
38
242
2462
2123
2612
478
560
2312
2541
2184
2461
888
1076
338
188
2474
2061
938
118
1890
706
458
2613
2159
598
810
1758
1090
520
36
2462
1662
1786
722
2198
1040
2058
1994
1782
520
2489
1038
2245
1766
2171
2516
2095
2325
2628
2355
2020
1340
1901
208
1900
554
532
986
2514
2468
2209
2706
1242
2054
824
2094
1772
1128
2412
1140
622
2172
98
2001
2404
2194
1712
1250
1842
904
34
350
2746
812
2438
2258
2271
2161
2127
814
352
1520
784
234
1674
732
918
550
158
2118
686
2486
1966
1868
766
232
634
212
2241
2699
580
1164
1618
2095
2185
1102
2520
1222
2429
146
284
572
346
372
2431
286
492
224
2399
2630
672
2560
1511
1114
2269
2571
1642
2120
1206
1870
756
1028
376
2584
918
1952
2343
2
1670
2522
2774
2238
638
2020
418
1534
686
356
2278
154
2313
2286
86
2556
1752
1204
522
2634
924
226
2609
2510
2225
738
404
1674
1302
10
930
2632
1252
748
616
312
2698
316
1564
910
1192
2142
174
2572
280
128
1548
1634
2644
1222
372
72
290
1052
852
898
2466
2276
1998
1698
848
2673
2485
1340
2180
2330
2499
2361
2294
2032
1636
1530
1594
2342
318
396
780
782
2323
2218
2304
1552
2070
1502
1816
1140
1008
450
2309
758
1600
1234
2048
1544
1994
2136
922
1902
1964
1266
1496
2009
982
1984
680
54
1462
252
316
1794
952
2216
654
452
66
708
816
2328
2733
2639
2404
178
2454
1466
2292
262
770
1378
606
1982
1494
564
2129
1200
442
2072
2477
1848
1650
2085
1888
96
1322
1842
1798
2032
2213
1462
2256
874
1558
86
678
1044
1020
766
290
2514
452
320
1984
2177
1820
1696
2085
806
158
436
332
966
2603
1590
2190
2414
1142
1918
3095
1946
2491
1512
800
214
1924
114
998
1796
1681
2313
1502
888
2299
2596
2111
28
1282
2302
300
84
174
1618
2319
2412
2454
138
68
2232
308
130
2514
68
2675
2258
558
546
2134
516
944
2380
2096
2123
2136
266
2437
2213
2565
1738
2196
786
1010
1208
552
2235
2370
44
24
898
2235
1854
106
2383
152
2138
1843
2410
368
1726
82
830
1262
2244
2297
1935
598
250
978
450
646
284
2221
2708
1312
2555
1614
2437
38
1080
570
1286
1322
254
504
1792
262
988
24
286
96
2290
2432
2444
2206
2307
1000
1166
848
952
1442
1228
304
2224
2508
1284
1820
2418
1953
2310
2382
1720
1804
1788
22
16
2174
388
1592
2323
598
1814
1532
388
1006
2363
1808
1494
1346
244
1710
498
1660
1184
2213
2135
1818
310
92
94
362
366
2207
1678
1874
1010
816
246
2430
2237
336
916
706
912
2126
852
1837
1522
1322
1524
2259
1604
1582
954
642
16
2253
634
1178
2303
2036
916
28
980
1390
2421
510
2064
136
236
1030
2303
526
2518
2388
2293
2020
2100
1430
1670
1478
2188
2597
2139
98
1854
2149
38
410
2541
626
264
694
540
224
2240
2216
2324
2268
470
242
2500
2566
122
2112
2247
2162
1442
2246
192
446
1984
52
1006
542
1416
1876
2360
84
1504
154
2348
2693
62
1194
812
64
1394
716
1792
954
1440
1821
1632
1868
2266
858
86
1940
90
338
2243
326
334
1990
2564
1542
1000
342
16
276
836
90
2124
1090
2214
2346
574
316
2332
2327
132
40
2440
1720
1602
384
386
718
678
2386
534
2133
950
880
2276
1558
934
2096
698
2168
1702
1822
1530
2034
342
1807
1332
2279
1152
314
70
1652
1847
690
2138
1798
2114
360
906
140
2634
2004
2011
270
2032
1436
2256
166
1030
2302
2310
1396
1452
2192
2513
1066
1054
1220
1308
638
396
298
778
160
836
1330
2145
2622
2214
1346
2044
2197
860
1364
344
454
882
1008
1214
640
340
2220
1196
1202
2282
2511
776
1628
496
888
2580
1364
278
950
2260
268
776
1925
308
1050
2470
1206
2356
2579
60
1490
1042
198
2419
632
1746
10
2372
1028
842
1762
2240
2629
188
468
1006
2148
2037
2201
1974
2520
740
2185
2068
2042
430
2028
1402
2388
410
242
2357
2503
620
112
2498
512
992
2108
634
830
674
502
854
132
380
2499
1240
1902
1410
446
1114
1476
22
666
2123
2862
662
2339
1288
2493
2401
1858
1148
470
414
2172
634
2174
1562
314
1426
2208
876
1280
2732
2183
2004
2339
2032
2415
1142
1318
2398
2380
2398
934
1376
2494
862
2032
1654
1692
2510
2050
1904
458
4299
72
1314
2344
486
1678
1914
2178
184
52
816
2217
522
2024
270
1186
2826
300
1482
2510
2248
168
2089
874
1744
1859
438
854
178
980
2400
1744
2104
1038
2147
80
1698
1128
2010
2022
2446
1372
218
2215
1622
2690
2489
1488
1244
284
2312
470
2658
1340
724
1832
2286
2109
1954
2642
880
1936
258
2513
2186
164
1584
2148
1900
1460
746
426
328
2390
562
2062
1360
1898
2188
1484
792
2620
1684
54
520
1464
232
2264
2385
1584
668
2110
1756
1356
842
430
1288
2533
604
966
722
154
828
422
2320
280
992
272
2260
1342
362
554
318
2007
2267
2379
1774
610
1792
1194
1206
1330
2059
632
2481
2242
1230
680
1198
526
164
120
568
644
802
3214
1170
760
2142
426
1942
1248
482
1366
2646
1981
1578
2387
64
2050
130
1514
1174
506
450
48
1794
140
506
2216
148
2260
636
2005
160
554
1190
1038
2211
680
224
636
2185
1640
2356
636
1288
1332
452
470
126
2436
2444
736
1708
1402
2422
1136
2358
1494
240
532
486
638
74
1544
388
32
2657
892
770
68
430
1498
1564
2232
374
2498
1934
1638
440
146
100
2
742
142
2
1278
1358
2380
268
268
1558
1919
1070
126
2382
2834
2574
1326
2528
1212
1660
58
2517
944
58
2581
1430
134
1952
2236
3066
2401
2150
1294
924
2528
2110
2012
62
1802
2365
1140
294
1290
1874
1804
858
2152
1512
2128
1030
2423
1770
88
2394
1396
2321
138
768
2542
806
552
2467
2337
350
2115
2028
728
244
1848
2435
60
1070
108
1000
182
994
382
2202
2179
512
470
384
82
446
718
446
2467
898
1132
172
592
1550
2410
374
290
1482
12
2088
108
2510
1578
2161
1166
612
1614
606
1378
1520
776
2573
2358
2184
764
380
2198
674
2418
1070
56
2576
1622
1412
2217
1578
1370
494
1710
2214
50
1916
1823
152
1436
420
2454
1060
1660
1092
2374
212
742
1000
566
450
638
1320
1268
150
758
990
2305
844
1366
2669
210
1110
1314
1094
2666
1900
2460
2344
146
2297
2214
2259
2407
2264
954
440
1288
238
2360
1940
62
910
98
1440
2318
1580
1076
1862
2185
812
1146
586
1969
2351
1520
618
1208
1378
1847
2148
1020
464
1316
1358
2088
460
1896
2475
2444
82
982
918
2036
2370
650
1030
2281
1152
540
1064
2413
2036
2639
182
1954
2230
2234
1612
410
66
996
418
120
1504
1660
1994
2246
2164
1722
946
2218
2366
816
378
544
782
306
1336
772
1749
1130
866
2270
2120
2872
2178
330
472
1924
2533
2305
1464
2117
2389
2038
834
2116
2224
256
718
276
2086
1064
1302
238
422
414
1770
1814
874
2144
2179
626
1040
2147
2137
334
1394
110
2654
2184
444
814
448
682
1142
2014
2337
704
1884
2024
586
1310
204
604
936
2296
192
1861
1380
2501
688
2391
1182
620
236
434
1064
2241
340
952
386
2425
1194
2069
792
402
1912
906
2666
498
2381
1272
60
2341
220
1608
540
912
836
2512
818
1955
2018
1098
390
642
810
2366
1148
2102
394
208
2361
2256
2624
876
800
2060
2373
2141
1958
204
1536
2184
974
2446
2237
1192
1150
2028
532
806
260
348
1576
690
2072
656
732
2238
2024
578
620
2568
2064
2333
2144
1760
2063
1516
1622
488
2044
404
2140
2404
678
2402
1704
2026
1796
2208
2307
740
2152
1528
1356
1776
2060
1956
2347
2295
188
710
1276
186
1342
2356
302
746
572
2067
746
2188
2249
2129
2145
2516
2347
312
614
2457
24
852
1018
1282
2042
2211
818
2155
1831
1292
692
1072
124
2428
1524
2070
502
204
2042
538
1010
2325
870
1084
1898
460
108
18
900
1344
2067
2356
306
116
2430
2495
2299
436
22
1268
1934
2374
1390
136
2124
1064
3048
576
480
2296
2026
2064
1824
576
100
758
2684
14
2310
2
1032
496
2438
1662
86
2299
2579
576
2
2293
2583
1910
1496
2904
38
2364
1674
1154
784
666
716
2407
2323
1862
2156
2259
2280
358
1238
900
2116
534
1120
1160
1975
782
1769
1096
732
666
2242
2389
72
2077
822
476
770
566
880
2253
2122
1884
1348
968
540
2242
1286
230
2144
296
20
282
764
1408
1022
1326
2239
190
128
2040
2496
698
2648
902
2108
646
510
2365
2434
566
184
2674
2222
1684
2145
156
1882
338
1819
2207
1995
2522
2050
1010
694
1606
2290
946
2050
784
62
316
2224
298
2172
1958
2221
2465
6
1891
2222
240
1122
8
2378
652
524
302
1662
534
970
2252
578
964
2080
2032
2696
2069
902
1406
914
1326
1346
2624
410
2063
1950
178
1842
1196
334
170
2048
2209
1744
166
534
2047
2373
744
2410
276
592
2026
1126
506
136
2168
210
1915
2446
1340
558
2262
2032
1036
1906
1658
264
1897
2619
2330
1124
1848
1496
2418
1482
1078
312
2364
1942
388
2475
562
512
458
712
856
2256
68
234
2197
2395
1890
484
2275
148
2087
2271
1060
1298
2273
2455
2416
2314
1010
1124
2386
496
2008
290
1302
242
1594
478
2334
400
424
1206
890
978
50
2396
14
186
220
2329
1546
1346
1082
1853
2363
2447
556
94
1964
914
2252
2545
1342
1737
258
624
738
624
1782
1036
2472
318
1720
182
1414
786
2198
24
1222
432
2431
112
356
2526
1612
94
1978
2239
2085
186
304
552
78
792
90
2143
1022
108
1914
2401
706
2145
2447
2407
2517
658
184
2484
118
970
438
600
390
2212
402
1818
602
184
2200
678
2281
1294
1972
1364
1286
2495
2479
698
1404
2367
1300
2319
534
2224
1742
1202
2335
2401
510
2304
682
2514
1830
14
114
1486
2290
588
2359
2186
1860
3959
2425
978
1306
850
282
1954
2075
1418
2327
2274
1060
198
1765
1062
1102
776
1860
1320
2455
2666
926
2353
860
1574
2374
132
2497
2460
2332
354
910
1934
24
188
126
2026
2401
1898
1696
1896
800
1314
2216
2512
750
2118
1422
2285
1934
2257
22
104
646
2152
2502
1832
1184
2006
1796
1178
2178
1936
238
1823
1600
2486
2232
1020
1662
2147
936
1106
2190
2157
2239
2461
1430
182
2532
2134
2829
2010
606
1336
1292
2313
942
2172
788
1290
2274
792
1530
92
2178
516
2264
322
1509
182
1146
1392
414
38
2561
600
2330
2193
2056
1330
2712
126
2163
2364
518
2107
1718
2391
766
2572
1864
2299
1196
792
2303
2557
2417
616
214
238
414
480
236
2826
1378
2641
2256
916
1961
260
2367
1276
974
2090
1572
1210
2180
28
2218
1608
2537
2246
832
826
2409
1809
766
1852
2226
188
202
1000
2547
998
92
2301
2583
2316
1506
674
2447
760
564
1266
946
104
472
506
1820
2344
1740
314
422
2331
452
1730
2142
82
2375
812
326
1130
784
420
1412
836
740
1928
1298
638
1194
1566
2458
88
664
954
256
752
340
1386
2484
488
168
2670
642
2087
2579
1438
142
856
1562
756
540
174
2118
1314
2690
1974
672
866
1044
2419
1729
2141
1230
740
1454
2163
504
910
2736
2182
1632
144
1360
1070
1396
12
2355
122
118
812
1128
2212
2421
2013
756
816
1678
2440
1442
2506
504
1740
186
74
356
1006
2078
2446
1044
900
1282
2540
218
2074
1126
344
1282
6
344
156
356
276
60
2421
992
1933
2409
706
2215
8
2102
780
884
2184
2238
2110
2501
2200
728
2494
344
754
1836
2354
1130
1172
704
452
2494
200
356
2628
510
1833
1478
746
962
1434
1578
1820
2089
2311
2049
132
2220
1592
2465
224
1404
1206
890
2268
932
768
480
2167
876
514
2581
408
1086
424
1964
1174
724
1240
872
1394
2367
488
2171
2453
2446
2613
1370
1922
2336
918
54
2141
2639
1232
268
200
2210
2208
1500
724
396
2236
1995
1615
16
2012
912
548
2266
2044
2956
1300
1838
1738
2538
938
1518
1726
1930
2466
2449
1910
2208
1326
1072
356
456
1842
2314
2350
1612
1254
164
854
454
4
1286
2391
2066
2936
1672
600
2460
514
154
228
1144
888
576
1168
926
284
1959
2068
2077
714
522
2135
1936
64
1929
242
932
1338
1254
1738
1902
1322
2526
2503
2321
152
28
1774
150
872
2045
2232
770
1888
2006
1474
2126
2301
340
2282
810
144
176
198
128
254
52
250
320
2530
2543
2547
1370
2487
348
2406
516
122
2299
2179
356
364
178
540
900
940
2570
1198
1981
1990
538
104
2440
318
436
2413
1833
612
726
2264
1960
1158
1528
2094
2470
772
288
1724
430
1890
1382
314
496
1192
480
598
960
2108
256
108
1824
2236
1290
1942
520
30
306
444
576
2257
3352
1146
2368
2260
1888
1806
2062
1472
2016
388
856
736
326
2112
624
1800
1704
2088
376
278
956
2507
42
1352
736
246
2443
56
2061
1330
2454
2314
2544
474
2016
1294
410
2413
444
2040
2351
2130
1006
2036
2244
180
2402
10
2438
636
390
22
2183
2392
874
568
1048
2337
714
1054
1766
2586
1718
2444
2113
850
2116
690
1298
2706
1977
556
1044
2381
224
1604
2084
2192
2200
794
996
1768
2298
756
176
890
2302
468
2586
194
2108
1044
1390
1636
190
2028
586
672
120
170
1548
366
2188
1734
854
708
210
2655
956
2033
2068
2059
1134
2052
178
436
2539
2186
1790
2537
1580
626
1262
438
1704
462
2389
2006
1987
878
540
2221
650
868
2280
1240
590
1986
2131
1242
92
2383
2410
368
36
2308
896
352
2552
662
1364
534
2322
244
440
552
2399
2551
1930
2434
146
674
2019
232
1104
1394
490
170
714
1754
408
2728
1968
2806
1006
2382
596
988
1622
1264
2328
124
1828
68
2206
858
2528
1012
2112
2256
404
2039
380
2376
570
588
1946
2553
132
386
1750
746
1626
1700
1164
2594
1220
2020
1560
266
302
228
2293
1913
2518
2958
2624
2191
2664
2110
1582
1776
726
1824
250
100
1518
908
372
1726
2020
822
2464
2224
2292
404
1680
210
852
1308
888
110
2428
534
2135
88
2222
368
1852
594
2628
1408
2078
2356
1250
602
242
1606
2576
1426
914
550
2183
370
2050
1248
224
1204
326
2494
344
498
2639
1380
1908
260
354
294
248
1058
1376
2252
62
504
2108
606
262
2606
2212
1096
1406
832
2485
1448
2565
1838
2142
1560
2285
1982
2143
2496
164
1983
74
1134
920
622
2196
882
992
2291
1242
710
1734
844
102
2052
46
1868
192
1120
2407
342
838
2379
1418
2203
890
1942
1910
64
1000
2430
900
2298
2137
134
2705
2363
2068
2396
906
2155
298
1110
238
2214
738
2121
1908
592
1532
718
2228
1554
70
1682
20
2254
2116
1710
2000
2403
834
352
2260
520
58
300
1704
72
1116
2283
720
2316
296
800
1446
108
260
1706
2138
1997
2235
176
2040
74
474
664
166
2194
2448
854
180
1350
278
1576
438
4
1482
2315
314
2535
1506
2462
976
2546
544
1042
332
2294
1600
2234
2345
1368
2183
1308
2535
214
1632
1076
1782
2460
2646
120
226
1646
12
1562
2251
1885
2638
2042
2529
1684
2047
2504
812
2525
134
754
78
1410
2479
2326
2159
952
422
926
608
754
2171
1856
2136
200
388
1968
516
1360
676
1668
2234
434
556
1830
666
8
236
44
318
80
794
1184
2340
1747
512
2144
352
676
270
1002
1382
2296
12
300
366
2478
1306
1478
134
456
1762
306
1692
352
2506
2265
208
2277
528
2392
1539
126
582
2128
846
2125
844
1078
2033
1406
1474
2387
2710
992
1925
2151
1618
2470
1816
1982
458
2389
1550
970
1434
2189
286
138
1640
1196
1810
2200
1442
2496
412
1772
2247
2352
2212
1354
1046
1332
1798
2061
2191
1254
2181
2241
2169
108
828
634
2190
1050
1076
1140
834
130
814
880
1754
2564
1952
2476
1968
214
2379
306
1378
576
2500
2446
48
1672
2422
1532
1078
42
2527
542
440
2337
2370
2054
1070
730
808
2102
1158
1092
2363
1646
2360
678
872
2159
2247
1378
278
1870
1804
182
348
452
2096
24
1074
2552
2310
1906
2693
28
230
492
2
870
2196
2070
2060
336
202
368
784
2266
1883
198
352
2294
108
914
2200
1548
1954
2508
998
2049
1122
592
162
2181
18
100
418
1392
1996
1282
746
2283
1108
1522
1820
1498
654
1908
618
686
2643
2306
2234
566
2366
1824
2095
2390
1692
422
1114
2599
1332
280
6
2487
542
2135
1938
2319
664
2126
878
2399
2189
1810
498
1272
2359
242
130
2364
2032
1960
814
2210
2163
2233
352
1428
1376
2080
428
2565
2454
1484
872
2308
634
1312
110
2090
76
2162
454
2051
2259
676
2157
956
2294
2635
804
340
812
1424
388
422
1670
360
2213
2159
1998
1874
376
2524
172
648
2394
1614
492
876
1322
2278
1122
1170
2748
248
1136
1522
2323
2450
942
552
128
248
338
276
1952
654
214
562
290
2455
1284
1678
2164
252
1184
2467
536
2135
8
1892
2082
42
2230
828
1870
162
306
390
1506
2456
2589
964
1502
2425
2058
2459
1530
424
28
1821
918
2292
426
2228
2114
270
1672
2205
676
94
820
2200
2043
2230
110
1230
560
1020
522
2557
32
626
74
2104
198
978
2511
1254
2329
2633
1064
2440
186
602
332
2160
598
2448
16
2088
2480
1526
434
1776
2502
1326
1074
94
744
630
1628
542
1058
1216
52
110
370
2557
1852
2220
1326
966
2306
994
178
2297
1748
1560
500
364
192
1522
2653
2296
2630
50
1184
750
596
486
2243
120
2684
880
736
1642
2049
2391
2464
962
400
564
3047
1510
636
1132
30
696
52
2336
1604
2320
256
982
2406
2163
1176
2394
666
1730
316
1912
232
736
1064
1492
806
1948
2644
64
248
2539
2088
486
1716
314
2019
76
866
650
872
1997
2609
1836
2009
2128
2532
1610
1768
2312
764
1888
244
2000
24
2185
1932
156
2426
744
16
620
1108
136
262
1966
1278
2170
2515
2462
1030
1895
132
2122
378
740
2280
2227
2088
300
550
408
2126
1952
2068
962
572
884
294
68
2463
464
1586
1930
2070
380
612
210
930
2088
1934
2370
2177
594
1292
1820
172
428
706
2314
128
2449
2830
24
1386
796
6
1960
1748
1737
228
1917
1428
2322
684
94
1160
342
1570
256
348
2332
2374
678
2300
550
1104
724
2037
2233
444
750
1320
1094
800
292
2421
2317
2204
1650
2106
2688
1813
394
1010
930
140
2090
2104
2442
176
196
2318
62
2356
1542
3253
2545
2232
2621
992
1012
1026
380
2019
2916
522
292
1680
760
730
2238
2145
966
2329
94
8
440
2087
1192
474
150
216
372
956
98
1984
878
2332
490
64
260
1368
1935
1458
242
2207
1188
734
912
2146
2174
760
42
2587
1920
1000
252
2473
1679
2178
1770
304
1726
2054
942
1068
1488
1414
72
946
1344
1702
1436
256
478
2699
2238
1486
832
988
626
2284
2616
152
1804
1260
214
2405
2099
1544
1660
2629
1144
406
308
616
1417
1868
300
702
762
2340
894
1656
434
416
1252
2177
1316
2727
2275
330
922
1614
1486
2707
886
608
2404
46
1910
2360
1140
2358
68
874
2526
962
390
740
984
2077
2430
238
1758
540
1208
2665
2184
2302
244
2336
1342
646
2471
2051
2280
600
130
2142
1600
856
2524
1908
2508
1052
1554
2216
686
730
1078
1935
2412
14
338
554
750
2034
1438
2100
1886
510
1432
1410
1660
234
1746
2058
630
2572
2002
2036
1646
946
1910
2199
1014
198
6
2543
662
1366
2366
498
94
1134
1394
1122
2252
884
1608
1666
462
112
390
550
898
492
2430
2012
382
1042
1038
2380
1604
906
1262
2368
740
748
2653
426
352
2410
1838
2403
1968
1212
198
2126
256
102
1660
1062
956
2378
2289
16
2005
184
26
60
1262
1174
2108
714
748
1312
2151
1098
992
468
1704
2148
2026
726
2067
220
1774
654
420
1556
524
630
104
2590
596
878
1018
538
1990
950
156
1824
1146
1990
1797
2211
2498
94
2354
2504
1997
550
1594
1216
1010
2254
2362
1612
2508
2341
738
2151
836
902
88
1812
322
904
10
952
264
2213
1468
276
226
192
354
1196
1518
1961
1937
184
2241
300
26
764
1523
748
2555
2592
2736
1406
1922
1644
2789
1712
1074
106
2275
868
2115
1896
2321
498
2143
2219
1068
2053
310
2596
2378
1276
1514
2278
106
644
72
1786
436
2133
234
2380
2052
2416
940
948
1350
450
354
1592
414
2620
876
558
2134
1416
298
1838
1144
1312
2176
988
2262
1118
704
250
80
2396
1122
2154
2000
1322
2129
2519
514
486
2335
1036
1766
2246
1936
402
2092
346
1392
434
2115
1158
1516
266
2096
2210
1994
2599
2392
2592
1346
2054
1954
2188
690
1895
596
766
756
1174
102
2523
1908
1002
1841
2046
2230
1816
490
2148
2554
1134
476
2058
2096
2185
176
1080
160
346
470
1442
1392
150
2248
708
174
774
892
1568
12
236
2284
1614
2464
596
608
1870
2243
202
774
384
2547
2192
2566
1006
1550
2540
566
1916
1182
446
1494
960
526
126
110
2192
846
146
2345
988
1678
1370
2188
2330
1080
2080
1909
94
1446
334
2310
616
324
1948
1102
1876
1084
818
2441
62
902
1038
240
1661
16
2740
1008
422
472
2372
2134
1966
1470
448
1208
870
384
2338
1416
936
2048
400
748
2252
2012
1438
1334
2396
1372
1926
730
1374
1998
186
26
1624
2337
274
2484
204
34
236
2320
288
2538
354
494
2263
2327
2273
1816
2172
812
762
918
1858
1832
2092
300
426
80
652
2175
2691
2227
636
498
2117
2444
296
418
602
318
86
1922
760
594
842
2747
734
2223
238
2428
1414
468
2102
310
206
588
2330
2029
754
2284
184
826
602
1804
232
1284
956
464
218
1806
1176
2622
1754
2247
586
826
12
2428
366
644
2276
1034
1212
1156
2377
618
2358
2020
2472
732
84
2623
2670
62
556
2016
2307
2377
2453
2422
1476
2030
724
2442
2119
486
2531
66
176
126
2063
2329
1272
1656
174
632
2083
1172
220
158
600
638
160
2199
78
2318
530
2468
1386
2200
132
1712
440
850
2052
270
2770
592
1935
1152
78
2028
1016
1362
26
2026
2567
2401
404
2538
898
1850
104
1899
1578
2678
2508
498
2453
1214
770
1602
482
956
586
22
320
856
916
1058
298
1908
284
2227
2082
2172
522
536
1170
284
2340
2028
1938
696
8
150
990
2455
2114
384
178
56
2097
2211
1896
374
934
2071
2217
842
1204
628
512
2600
1130
1346
1032
380
2196
2067
124
1887
570
1570
1994
574
358
2306
1402
832
2868
1478
644
2456
1846
2103
1997
2152
1436
2456
2474
2384
826
1898
1292
312
954
2203
780
820
88
1158
2388
386
518
354
868
914
1026
908
2441
2127
2088
244
2299
482
1304
2097
2340
166
772
482
1428
1238
2540
1556
2404
2062
2697
1330
2194
1957
1146
2342
1318
1086
1390
1354
2415
1046
950
2361
326
1362
1180
1006
2208
1136
2537
2305
1754
414
1548
830
2389
6
388
152
202
1366
750
2726
2105
2451
150
2556
584
104
1492
2598
2037
2699
728
2643
18
2203
2331
1426
2436
480
270
2368
2302
2456
2402
544
2373
2337
418
60
908
744
68
144
642
1622
1670
1318
2053
960
1954
860
2288
254
2150
1718
2216
2268
458
928
484
236
2350
1818
1514
204
2356
94
2246
2244
1524
416
2312
980
2170
718
1404
1640
1334
868
2484
868
2270
2547
1678
2548
2346
940
1246
2390
412
2341
468
2481
1682
614
2266
1226
1512
790
46
296
1304
536
