234
776
2522
450
460
2118
516
1524
2285
1562
1676
18
2357
1412
764
366
332
1908
2289
1364
234
1212
1072
1966
1889
1190
808
2221
242
1562
2451
1008
1252
1356
1282
2501
2160
1154
14
568
520
928
642
988
636
2637
400
2072
1532
660
276
2623
308
2014
424
2187
2353
1550
104
1268
2081
960
2493
2335
2076
438
2088
1588
1362
2050
626
616
2206
390
388
1324
114
194
1710
2524
30
240
812
2327
856
442
2742
150
430
1118
2641
1434
2390
1868
2476
2403
2532
1716
168
988
2290
544
2501
970
2306
238
1963
2330
1958
1172
2633
2355
400
1654
1218
196
1226
1554
2176
370
1794
1002
2107
494
2189
136
370
208
2299
2254
2460
530
1588
462
1548
2508
1382
1026
1068
1386
252
1968
822
164
326
754
1210
508
528
2174
508
1999
2513
938
2441
1516
440
122
798
2561
304
250
942
462
442
1456
2431
572
1804
300
1548
874
2099
2213
20
602
148
2444
1656
606
1682
2118
1683
1980
2161
2531
1332
1981
284
220
636
988
1760
542
1594
2111
298
2108
924
784
24
2430
2419
214
254
884
2156
1130
898
1744
524
98
1296
2092
2252
1070
2903
420
2238
360
290
1844
1312
1192
1830
1798
438
152
2154
246
1528
2234
438
1138
874
1262
2483
364
2274
1782
2563
1542
876
956
1182
2026
308
428
1766
2143
1832
100
2056
2577
2339
1182
2294
1370
220
2134
376
1218
2032
1128
1036
1440
1630
1118
1094
1808
242
880
2413
140
2427
2164
732
2195
712
2079
2391
1778
1566
2313
40
708
1880
2459
252
212
150
2226
386
1438
1188
382
648
1923
2032
662
134
1460
1548
2369
870
1340
20
2451
2444
2292
1036
374
892
114
564
306
230
2214
48
1932
1440
1740
2339
198
28
2272
2659
874
2616
16
2215
518
2436
1606
2348
2327
200
1384
1458
682
2158
1477
2136
76
2420
2233
84
232
1030
2244
1422
164
554
1418
1422
1884
154
586
2114
2195
2540
1142
934
1977
862
2461
632
1038
514
1883
1602
314
1038
678
188
1858
2439
2236
1798
2012
1394
2135
16
506
572
1246
2322
1094
426
206
230
2296
1186
100
742
2053
2672
450
132
1498
2092
1512
496
1626
2285
20
2367
150
2004
2474
936
1604
14
338
1280
1887
1568
484
568
2213
2349
1782
2202
674
472
1468
1948
1282
834
710
394
1790
664
1626
2261
2227
1886
2183
1174
776
222
74
1909
2625
1132
2368
350
162
1738
1978
2207
144
1950
1394
1753
192
2106
806
1870
2431
2670
904
2148
2233
2647
2150
2232
118
714
2488
1640
1128
2367
198
1110
2320
2604
1900
1168
1972
2435
976
2330
2126
158
460
4
2550
1388
2095
2162
2612
2343
558
2232
376
2698
350
2346
1192
2129
2407
272
624
1696
1594
852
708
2133
2880
696
2273
1594
2532
1600
598
824
84
2466
1390
1076
2843
1432
48
292
732
18
1650
1078
288
1110
1740
2340
78
2031
126
1761
2108
2194
74
1034
1002
2360
1372
1954
1544
660
630
1662
2653
2551
888
2462
1194
2636
2426
2506
1568
952
112
830
2267
2209
908
958
2145
1220
548
664
102
2445
982
1204
246
2456
54
2421
1788
712
1804
154
2001
602
1532
2411
2702
38
556
96
432
322
646
1888
680
2758
2268
594
2008
418
968
2320
206
180
324
790
314
1110
522
1026
1140
2109
508
1208
1352
1086
2111
764
230
210
710
80
2329
2701
430
1752
1436
1622
250
112
2359
2292
756
2273
80
680
1944
292
2286
1876
1748
2092
2838
1712
1016
2406
746
1851
748
2627
1320
2302
2198
1300
2364
224
1300
2392
2320
1542
2684
1959
2240
2050
456
1200
318
800
272
224
1338
1192
1286
760
518
1118
530
1924
1304
516
196
2217
140
2212
2035
2125
2620
796
724
2004
2238
386
2308
2230
218
2689
1784
1718
2427
1126
752
1386
2684
1734
1330
1406
2780
2302
2110
1406
472
138
2223
1916
2569
1136
1919
2495
2540
1842
1850
1032
2807
1888
2308
1564
2063
2132
122
704
560
794
26
2493
904
1324
1888
2144
2176
1016
820
2291
2473
208
2600
1532
1712
218
934
2822
2630
240
1768
2128
394
890
2127
698
1306
2580
2579
246
2239
1702
1372
60
40
1702
744
862
2605
46
624
666
148
250
572
180
2462
2638
2630
1896
1296
1842
2062
2394
1030
570
250
176
612
12
1456
902
122
834
1248
996
1484
1090
208
212
244
2101
642
2606
1936
86
2194
530
10
2619
310
2552
698
1861
1522
2475
1176
1788
1906
1172
2345
1968
30
1148
2159
1998
634
2308
398
1660
1088
2115
510
1998
72
192
1258
906
936
2385
1562
2176
2106
284
184
988
2022
2633
58
2444
2496
1484
2211
2313
784
1816
1837
90
410
1990
518
1943
1022
682
1998
1246
1846
2172
1134
254
680
1382
496
84
1198
8
222
2309
2550
2377
1308
950
124
378
274
1284
428
1848
2178
2597
792
698
2137
580
586
2237
996
2468
80
44
1858
2458
1958
2439
284
310
590
356
1272
674
2146
622
178
2185
2474
2184
2591
508
2523
48
2347
616
2474
1911
412
770
1694
2333
44
2217
2043
1610
2679
2440
100
106
162
928
1616
2140
700
1744
1668
192
2056
522
1032
350
680
2483
2287
450
2214
2187
2158
846
2158
2528
2318
1212
938
274
1756
364
692
514
2301
406
1296
116
40
2666
1092
432
1274
2212
2570
430
586
2574
1568
1896
1076
684
1182
52
2475
2144
1892
1210
2363
2704
1710
6
262
1278
2248
1876
1390
2537
2197
2256
2603
2060
1992
2356
590
2214
2024
1466
1953
1642
802
726
2594
258
2014
2260
2032
2174
756
886
1810
222
2375
246
1488
1046
1821
1731
2307
2434
204
1218
890
782
2524
744
2194
422
48
248
18
2507
1988
1314
542
44
466
308
1086
2324
972
2386
754
30
2058
2135
816
1995
1649
914
1242
2270
1752
18
38
480
48
1306
526
784
126
2022
756
2392
396
802
1868
2434
988
840
84
2180
2153
2234
1994
1982
236
1496
2005
2790
62
2606
1258
2422
2394
2317
554
386
2062
2401
2415
1496
572
1004
204
934
1864
1928
2370
228
566
588
2450
1182
700
2219
1328
1921
1458
664
1452
2576
1018
1768
2375
1002
1024
2180
2461
268
2330
818
1716
1248
32
1516
1376
1316
610
1552
2100
248
528
1420
2187
1306
2480
412
2334
148
2509
722
406
670
2395
2412
2340
450
1364
1240
2238
978
1558
410
700
1958
758
1072
524
464
1822
2056
2539
336
1860
2445
732
2742
690
2058
938
1865
478
366
1166
2549
2244
2557
2161
528
916
1620
386
438
2372
1260
2634
1864
754
1882
900
988
568
1502
1026
2247
894
258
648
880
2256
1518
676
2291
1544
2043
2376
814
72
714
2038
910
962
2648
312
776
328
640
1658
478
1771
364
1284
114
2131
2371
1068
486
1498
2047
1244
1016
282
2339
1016
1072
1480
2315
2154
478
546
2114
1930
1198
2022
1686
1040
2441
2073
2222
3357
2238
2726
1546
1666
158
2585
2476
2246
610
1794
2631
804
2600
1244
402
1648
226
994
2421
166
74
310
540
718
1942
1993
890
2372
690
858
868
1827
528
1090
1984
1424
636
614
562
1000
2308
970
1971
2411
2161
1218
564
92
2294
80
490
1110
2602
356
1828
250
966
1178
688
2293
2592
492
1366
2121
1084
2166
1696
2244
2674
2284
1860
18
1580
1322
92
346
700
2300
1640
2360
2156
2188
164
228
2133
1106
312
1854
1318
332
696
70
326
1958
662
2180
2518
194
1634
2166
2354
754
398
2079
752
2142
2576
324
2458
604
352
1120
2303
88
2144
960
256
1310
2407
2553
2452
570
170
130
998
836
286
2143
2399
648
1060
868
1774
2474
2090
478
2490
2688
12
210
38
2700
34
2361
1256
782
496
492
2124
780
2270
560
1292
2326
10
1754
1280
2401
2379
2776
2438
1976
2437
1929
1684
1718
552
902
1126
2242
2477
2527
2086
1966
2191
2207
870
1692
2187
2386
2617
1270
1302
2423
1656
42
2405
2429
812
1922
2264
610
1204
2159
2578
272
1978
1851
70
2475
2447
680
2576
74
1966
616
2330
1270
2317
412
2102
840
128
936
452
630
2272
1548
1894
2277
1098
786
2654
1434
560
2206
2265
1164
1132
1104
2237
426
2270
958
512
598
326
2148
2853
1862
1552
1602
1454
376
802
1952
2363
322
2432
2345
238
2267
2181
2396
2465
988
2309
334
2281
2762
2288
1482
310
1572
42
1542
514
2372
1922
2195
314
2660
1164
2000
2030
592
958
1250
34
2200
190
1106
2519
2012
2643
530
26
448
126
2364
362
1880
1728
1372
524
188
2197
26
856
984
244
1908
2280
584
836
940
2688
1908
2246
2152
80
862
126
2066
1997
900
1768
1114
1870
2561
2405
2244
370
2293
2202
2154
1222
2312
1972
342
670
2152
2535
1342
2168
1488
346
1418
706
630
1570
2696
96
1803
2114
1292
898
1772
2268
1498
672
1178
1108
2153
2077
2644
844
1008
2500
956
1428
1642
1970
1114
1872
174
1044
2231
214
1236
632
260
2148
60
284
2283
52
2601
858
486
242
310
1968
1466
1014
1278
2075
506
2424
262
612
2305
2573
964
2345
2603
506
454
586
484
728
1673
992
2274
2262
602
2323
876
2594
2052
766
1050
2229
2072
886
1142
1500
2278
622
704
1720
2313
2139
90
412
1140
1148
2586
2334
1658
2360
304
1774
1824
744
444
2138
1943
1172
1978
2634
48
2610
2164
1490
1973
2178
2443
2304
2665
58
2332
470
110
66
1134
1488
556
2152
64
718
2806
100
2256
186
2428
2198
1002
1312
514
172
2498
2430
2662
2126
1066
2633
2706
2262
2734
720
2692
814
2329
2199
1919
1354
814
170
2103
2327
582
470
404
2310
2712
1628
2280
1834
1120
2601
2097
2260
1230
2202
734
270
1370
2052
1844
2512
1414
2426
1114
1156
1034
252
2379
1338
1330
148
1172
1240
810
2213
2192
976
2068
188
1108
1984
692
2585
1510
102
234
296
668
1548
1056
966
248
70
2510
1212
1566
734
2262
84
570
556
2472
2652
1018
1214
1686
2113
2076
2018
1872
2490
142
2253
1988
1106
2033
534
2429
1266
2454
356
1064
1894
1206
688
1808
2335
794
578
930
2385
1884
344
560
1452
548
2160
860
50
2167
608
588
1716
2392
400
592
668
1462
1594
16
566
16
776
1984
2307
460
534
2336
92
2449
1156
1506
788
2405
2376
68
542
2558
136
50
2116
1124
316
2089
2298
1712
1661
2082
1002
2398
320
2420
480
352
530
5117
6
2167
2227
1160
420
1064
54
1464
522
1222
1334
164
1636
2379
766
2686
1896
2249
92
396
2422
90
850
2539
2304
2623
250
58
2163
2545
2337
2538
270
258
972
2118
2063
1294
1560
2480
1710
2289
2479
164
2343
1186
2378
360
2369
366
1624
1874
380
2035
1288
652
2327
472
1768
2208
314
2240
1312
224
704
1754
594
164
2345
2637
1776
594
1881
448
318
2485
1358
1992
338
1952
402
322
1512
854
2062
1962
1258
2469
1278
1160
1610
2384
1274
1182
886
376
908
560
1851
1218
1260
1975
1883
2258
1826
1270
256
1060
454
2237
2470
2338
678
1698
2227
1993
1502
2316
1446
1577
90
356
2414
1690
6
1862
1246
2325
1126
1532
1614
2452
124
2380
1975
280
2647
940
1114
2315
914
1506
1736
1066
574
240
2326
940
2451
2047
100
1740
2244
2389
622
2274
932
484
338
2486
1330
120
200
160
1064
40
2310
2367
1284
360
1302
2223
1052
1146
1968
2244
16
1130
54
2428
1524
70
492
80
1702
1958
274
1520
622
82
522
1964
1114
82
1860
906
1204
20
2045
2781
714
274
352
1222
684
2135
1862
1964
188
1909
1132
1190
2092
866
514
704
632
1194
1414
1288
68
2090
764
68
1652
1904
1004
2346
1476
2585
714
2424
2224
2576
822
532
670
2144
728
636
18
1004
2388
1939
2197
516
1000
1310
2282
2341
2398
2235
1868
2514
574
18
2503
744
1958
2348
818
254
2460
760
2472
1952
898
534
758
1620
2022
200
1528
2402
1789
1032
462
1434
2304
1862
2144
522
2414
1214
1510
2522
790
960
894
2251
2216
662
1266
754
168
1592
790
840
1388
1376
2316
1076
1410
232
686
2664
2359
24
554
294
8
1996
2041
254
64
240
20
282
1896
1342
1851
2057
744
1326
828
1650
2390
406
1416
1730
510
2404
1196
828
2191
496
2429
2238
208
2425
1668
2355
2206
58
1016
1168
466
766
26
2227
130
168
2208
2356
224
580
1638
2018
1883
452
2233
2646
2498
2250
38
2514
318
1988
1146
416
1362
1620
1730
1916
2545
654
2415
1062
610
596
762
2081
2868
2200
2140
374
2700
986
2199
924
564
60
616
2228
338
1678
2070
192
1318
1520
228
1834
2340
2254
1328
272
1108
1590
2263
2558
2358
768
1664
2316
466
136
1180
1456
100
464
2305
2577
596
522
764
482
2278
898
498
1863
56
148
1726
2030
2789
1102
98
2483
1830
318
1170
894
120
118
2334
230
2305
1646
2488
614
1228
2287
682
1436
2446
1086
1350
386
716
1406
2607
942
2127
2227
1690
986
2331
1432
434
2116
786
890
914
2282
2400
2794
2204
2023
1348
2451
1812
620
1902
2549
2720
2166
1234
82
904
2332
950
2227
2448
794
1084
2380
1942
1752
952
2374
2320
2237
622
144
666
1296
2469
508
428
338
1832
412
2044
1304
2269
2270
2392
1384
510
416
2474
1948
2382
2238
654
1494
1030
2195
2578
2240
1166
1828
38
2314
1432
2334
776
818
2216
1112
2529
476
1498
2672
1036
224
2235
28
1458
564
2016
1212
2095
40
294
2154
54
2488
2139
1202
1108
2462
1002
376
2191
2048
392
2560
1050
2563
1860
2166
2543
580
1926
2627
1234
760
2213
276
62
320
698
56
66
484
170
1036
1318
636
2446
856
1008
1686
2483
428
2319
2525
102
1412
508
442
1360
66
1040
2305
2102
1208
174
1666
2260
2674
650
728
448
440
358
2231
2239
932
2407
2581
2223
2149
292
2213
6
1889
1688
842
940
2217
706
2628
1698
136
2275
2237
272
1980
2479
1750
2165
2577
2211
2773
1662
2085
2044
1368
356
1200
280
1294
1904
2151
648
2114
958
784
2645
1546
948
2111
942
1044
790
2138
76
2199
2506
2252
920
2181
964
826
1907
1988
2086
2162
1204
2561
534
334
1954
2524
516
1084
1018
2336
2412
1810
2058
1726
2475
2116
1999
2612
1895
806
1936
52
378
2315
2538
2525
1192
428
2379
2070
270
102
2142
2461
2072
910
982
420
2370
2259
2041
320
1356
2116
310
822
524
1198
452
2623
702
2509
570
1472
198
2383
2282
108
2558
2323
2526
1552
2422
144
2604
2330
222
1186
1932
2340
1038
1712
2818
2067
2754
2158
2368
164
2365
1841
1778
2341
2519
1192
2070
938
2106
384
1990
2903
866
2430
2246
2151
964
2623
1982
954
868
2529
2299
2481
2139
702
2025
100
2396
196
292
814
880
1492
532
2038
408
1160
2278
16
176
2511
1434
1466
2448
376
516
1408
28
2200
1450
1516
784
1544
1928
650
810
1838
2244
298
2497
650
192
1938
58
82
838
1012
2050
1062
284
92
60
2480
2161
2491
660
482
250
254
2200
2144
530
264
1352
1410
2164
42
1654
612
2
884
234
1504
2227
2464
422
2424
276
1872
304
2238
308
1965
500
2382
1524
1818
522
2309
224
1286
2050
1084
2629
1616
2563
432
1572
1486
2624
1340
98
1174
2555
2221
2267
42
1986
1876
2664
938
344
2153
1478
346
180
2455
226
1404
1544
414
184
1078
826
370
2038
564
426
1684
2767
940
748
1982
2253
366
1872
274
1888
140
478
2178
302
2292
226
1214
2028
2458
1764
1428
2538
926
128
864
80
2134
56
604
784
2677
1426
34
2358
1542
108
88
790
808
496
374
2004
90
2188
1564
1902
1120
2482
1542
2177
1662
136
26
384
1590
1742
1893
1782
1174
330
1676
2286
2163
1402
2387
1056
286
1214
248
1618
1348
2215
2092
806
678
1598
1074
464
2341
1266
754
1116
108
420
1276
2039
26
132
2091
160
2150
2464
792
1873
430
838
736
1408
1830
1146
1330
1718
966
1994
1204
262
1862
1142
2425
2298
622
1058
1738
2407
156
2401
2042
2096
22
1508
2121
2073
1102
62
32
32
242
2851
1130
2070
1930
530
962
530
68
398
246
2222
1608
52
2077
1852
2019
2452
850
1246
2195
2512
1969
144
1885
110
936
376
222
2218
262
550
2155
2277
146
2427
2213
1084
136
2481
1992
2311
68
818
312
2087
378
2529
72
1584
790
954
2181
1460
2271
2278
576
1270
2186
2545
1618
1928
944
2426
752
1943
2535
1182
1420
2470
558
274
1768
784
758
250
1082
762
456
2160
2215
424
898
2535
2179
798
1104
2220
1694
2000
1949
2494
2582
2210
2669
640
1218
2554
1699
208
2381
934
2216
876
682
260
122
2643
2539
326
640
2148
2260
924
2343
2339
2243
2644
1048
2043
202
126
1922
1462
258
1010
2541
660
2638
1566
2027
1450
182
1452
1772
686
1765
1950
2377
2535
1596
536
2176
662
1058
1810
2552
328
168
2064
608
754
538
1520
696
152
2263
1464
2467
2743
2542
988
1730
1979
2259
1586
1430
2465
2724
2227
224
422
2523
778
918
1008
602
1418
296
2532
496
884
612
1967
334
2264
1869
756
686
194
728
2314
536
728
16
108
268
2238
2513
640
1436
192
232
2312
2215
1296
846
2351
2408
474
2360
188
992
1450
1566
940
446
2010
1672
266
1920
1226
656
2268
2310
2126
138
2440
1230
1698
1966
2293
374
1762
1488
2671
668
2194
438
538
730
1872
806
996
2032
1176
634
2336
118
2604
2622
134
4
134
1944
124
1940
1510
1432
232
210
364
930
2074
1284
264
648
2409
1092
414
2453
1040
2628
882
2389
136
934
988
2584
290
1833
1186
1719
1868
1230
916
296
80
480
2126
4
764
2138
54
2090
2096
1878
2296
1372
2017
2331
220
300
2380
992
1902
1620
2249
2247
2181
352
1154
1678
746
654
378
360
466
1796
2359
280
804
212
470
1858
564
2643
1172
1280
2112
538
1964
1805
2078
2372
2144
1416
2553
2409
2415
170
1932
1522
1563
1478
472
1986
2092
320
1714
2329
2428
350
78
2579
2271
522
1928
262
690
814
2336
910
326
846
2322
2375
1092
244
120
10
2018
2090
1216
736
188
270
1050
1598
1698
1971
2116
1416
1436
510
2618
1006
2387
1028
2312
210
2720
1762
2192
934
1680
1296
1064
2102
288
1220
338
496
158
226
1322
150
618
870
2540
736
2225
2241
2489
428
312
564
346
1320
20
408
2708
656
2545
1610
452
356
456
1340
850
134
2375
1922
1982
2365
2345
538
2649
1532
32
928
1298
2030
334
278
2997
2361
566
204
1364
2007
2254
146
2556
1194
1712
1558
2212
1644
40
1314
562
298
168
2299
634
188
2139
1314
718
484
2707
2274
1132
1598
1094
520
2375
486
580
846
640
1522
2093
2054
2371
2500
2171
574
680
988
196
2349
1844
1376
1864
48
754
2297
2891
2076
118
2447
446
874
354
2420
2460
2120
2202
2258
714
2567
498
1392
2106
256
2552
116
6
410
1884
426
204
914
274
726
148
416
1848
586
2305
2999
104
166
288
198
106
1838
2019
2118
1314
148
518
62
706
328
1997
2082
1861
1392
1280
2259
776
1002
248
2340
122
422
1120
466
1935
1788
2307
584
180
2087
1460
2234
224
190
1142
958
2160
2125
922
502
1812
2458
402
156
2314
30
68
1230
128
1973
1590
2254
2274
1654
310
594
1426
2182
1972
1446
1762
1326
1697
2072
442
1976
2400
542
2643
1370
1126
2409
664
2042
1968
2704
350
1242
390
922
2328
160
1890
562
2555
2046
1120
1594
2358
2675
2697
2106
212
338
1180
2322
1658
182
928
546
342
660
1676
2383
2491
2237
2395
46
2210
1442
2671
354
2016
2250
1878
2054
420
2298
326
436
1650
192
1838
534
1368
1898
2374
1116
2233
2117
2084
666
530
2562
1358
644
356
2111
16
1160
1464
1554
1060
494
918
1234
2248
754
2457
494
1306
56
2180
548
2301
844
1474
2212
2335
1782
2588
2263
2454
2150
582
2114
2071
914
1420
2110
1148
816
2513
1574
1072
1616
948
1350
1906
1454
1380
146
744
1432
2399
332
2381
340
2674
1882
798
2600
294
102
1920
2288
206
206
16
486
476
646
156
1498
1674
312
2178
1248
1058
610
564
2345
1800
1068
2254
2419
2098
2300
2356
1446
582
2140
486
2199
2177
482
2339
2569
2644
1530
1118
160
2124
2096
1206
1536
980
1945
2106
1829
1098
2214
1266
2164
2432
2010
120
1984
2622
384
944
644
2065
2106
120
2118
854
508
456
2486
1562
1010
160
2221
1846
2472
2277
2523
528
416
838
1454
288
264
2118
202
2493
178
406
2370
1473
926
580
2620
748
2148
492
1656
2119
2602
1596
2374
2588
1898
2186
1530
2204
26
2014
2000
104
1028
2138
2901
56
1130
672
150
984
1300
824
2246
2100
2425
1194
178
362
268
1126
1074
2720
772
2315
2214
528
1404
726
2068
1318
1786
300
386
2524
290
224
2257
114
2162
984
2550
176
1974
2602
1732
300
1776
2259
836
518
2282
820
1164
972
2244
370
354
1898
1256
112
260
1971
2466
2154
2404
1430
410
604
2206
2119
2176
968
862
1848
734
2485
990
564
2218
856
128
2484
218
2408
1634
590
914
2708
550
2145
1714
366
770
2385
902
954
2027
1204
1674
2654
794
1928
1958
2108
818
176
1174
2566
2272
980
792
2288
196
1508
542
2664
2232
758
2449
2325
2208
2443
2034
2360
2073
308
362
2162
1840
2159
120
218
1082
2415
74
2518
2341
2230
2124
402
2154
1676
308
96
2220
560
316
452
234
2315
214
818
2045
588
2118
2290
278
2560
1596
1606
1744
1670
710
1452
2058
1893
26
468
2045
1098
2578
318
928
2387
2194
204
2428
424
2326
580
252
2
626
42
2214
128
1476
1414
2382
1942
266
2622
1072
470
1136
2058
334
222
2114
798
106
900
1500
2308
1696
2340
4
2340
2419
102
1032
1638
1882
754
430
1248
980
2271
678
2184
1576
2639
1128
1928
1430
1122
170
284
660
2318
1632
1010
1390
1685
464
2573
2583
1798
1048
1160
642
1781
2063
6
732
2842
2336
1200
2510
102
1194
1994
2604
82
456
720
1999
2566
1887
1054
664
2617
636
158
1730
2395
1766
2196
1226
1420
2592
2218
2120
2247
798
774
462
1736
2337
1248
122
1034
486
1526
586
2
1674
1196
688
1528
442
174
2
2637
2354
76
1402
610
204
2244
2112
376
336
1798
534
1682
1400
1714
222
1108
2450
548
2172
552
276
1352
2103
2430
1342
2126
656
1897
2022
1304
344
2076
282
2320
2115
158
2164
1578
540
1172
2054
768
336
2392
634
544
66
920
1274
936
2044
176
2605
432
246
380
792
1292
2036
2892
2258
142
842
2671
52
2084
2123
2060
2292
1956
618
1372
1154
2074
272
72
2283
1310
2030
1080
222
844
828
2328
632
598
124
2338
1875
2231
2711
200
172
2078
2472
1693
698
1178
304
400
2502
1524
2159
304
1586
774
2680
1839
1402
174
2079
1772
538
2396
982
2494
1858
1430
2194
2235
58
1992
2134
2113
2439
584
1076
1612
524
2080
2550
2150
1040
1364
348
2160
232
436
1176
1222
2351
1220
2415
1804
718
2423
690
252
2416
1887
238
1752
352
2363
2087
1146
2275
2463
1044
1714
78
246
2432
100
262
2032
2
412
2636
2134
1444
336
2002
874
2474
1280
2353
2403
1104
1678
1598
1950
576
244
950
2119
482
12
1912
268
1258
2343
2363
2087
2496
2680
1044
1010
1766
1971
1132
2180
2561
1676
2115
2519
2183
2374
1836
1620
112
2493
274
1042
910
242
2446
892
1552
226
856
2096
1690
130
1454
1476
766
2482
2073
234
2347
256
432
1452
2395
610
1438
638
1926
386
1428
2413
2625
1214
1388
298
2587
374
2735
2188
672
1726
1378
2164
880
1330
2117
2427
330
988
1972
1620
890
1542
2315
2362
2018
170
1982
846
28
1528
2182
928
2255
1078
2331
1828
42
2053
1454
310
14
324
1472
566
112
560
1424
2095
2169
804
542
966
2037
2182
332
976
1120
688
1112
734
1196
578
252
1884
1972
2300
1336
694
1100
2228
584
1490
1206
30
258
1356
1378
1368
2285
1680
292
966
224
538
2469
76
2164
2050
624
354
1308
520
826
2297
2287
44
770
2092
2088
1290
802
376
912
2230
1943
2253
328
614
1862
1026
96
2483
1660
2186
1584
16
1200
1946
392
756
994
2744
2107
1652
930
230
1582
2502
2068
1432
2455
2412
524
192
2088
2148
674
820
2302
662
708
1096
338
628
2460
2246
2457
2457
2396
686
1528
2132
56
754
488
2332
424
2581
520
750
234
1224
1968
2199
2386
340
2182
2575
854
240
1382
1810
108
604
2612
2235
202
1194
1699
1254
1606
388
226
1534
1208
1144
940
1910
2290
1016
98
1138
268
2585
1522
94
2123
2456
2118
368
132
132
82
1712
424
1176
2466
1088
2026
938
1386
2232
2632
676
36
2157
2004
150
522
1032
788
280
2081
2263
2263
66
904
1670
194
2377
2147
938
2584
314
182
510
1216
614
1668
2302
2481
662
532
2280
332
170
746
1342
2054
770
2140
836
520
550
974
1346
548
158
536
272
1278
2059
900
112
2508
1758
2150
2853
2218
1254
132
2906
108
128
1702
868
1092
2702
48
592
1940
1206
346
96
2003
2031
2545
1420
2438
2155
82
1030
2190
1326
220
2083
2321
1782
1534
2300
2512
1655
84
1124
670
2369
1100
1950
1006
1838
238
2568
1756
1288
1016
602
2325
1120
814
2372
1106
732
396
2402
68
2107
330
156
2338
656
1926
336
1056
2285
2387
792
1925
2115
478
300
1484
1946
572
1856
1568
1466
2175
2486
2200
2108
114
156
902
80
132
922
1550
2218
2378
628
1298
1850
1176
1462
702
220
1646
1208
592
268
742
1058
1842
2286
2478
1130
2400
346
330
2523
2302
126
1014
834
420
1772
2534
940
130
2201
644
2262
2317
2421
42
2096
516
2278
2048
1486
2263
2167
1790
1788
2071
2494
1965
150
282
742
136
1844
556
554
768
1850
248
106
70
780
82
2131
58
2333
1852
1718
1580
2134
2120
40
1166
346
32
754
136
768
2217
292
952
412
1072
906
518
102
2491
2261
2224
382
180
998
2339
134
136
2385
730
1460
2378
572
2601
1326
2681
496
2595
2353
574
1848
2397
1114
2089
536
1444
1220
1248
1108
486
2191
1702
176
352
670
996
1428
288
2710
1168
730
2547
2360
26
324
2221
2016
194
2356
1104
564
1634
2197
2446
2634
2200
174
1404
462
2300
2324
2162
1868
114
2038
2224
1164
1088
190
48
2185
2653
1664
1068
2089
2067
1876
942
2001
540
216
2360
1853
94
626
2190
494
900
2098
1364
244
2401
1402
2197
952
1602
1392
2265
2447
1178
2588
2434
998
1140
130
2309
1404
2473
154
2210
128
934
2056
1976
776
766
2555
334
1466
1614
1476
2213
1206
2231
568
2540
624
2167
1748
1000
1144
2521
2366
38
2340
2540
432
782
2301
2332
90
914
2276
386
1460
444
1324
414
2626
2530
1236
2612
1844
762
366
2159
2272
366
1706
1094
228
1910
2060
396
166
140
2472
620
1074
38
2301
604
558
168
2281
2058
414
1828
2242
598
1232
1566
294
496
942
302
2516
1927
2228
2631
1282
956
1991
108
470
548
1548
1898
418
240
722
2134
1811
1416
766
698
848
1360
486
40
2294
2712
466
2289
2184
2256
986
432
2030
2326
1430
2587
2608
2133
780
1466
1154
326
2310
816
1210
308
2518
506
596
538
392
816
272
1294
2406
440
2241
988
2441
2296
2539
2366
1406
1714
2257
378
750
1500
584
1480
74
2552
156
50
2381
1436
50
1220
198
452
2387
302
58
2223
2354
1226
322
950
1476
110
2326
1942
1420
852
738
746
416
1794
2234
1929
12
34
1076
100
84
2077
1538
560
1690
2659
1040
922
340
184
2484
2267
806
2112
174
2416
210
2413
2209
2083
316
1278
628
2589
586
1870
346
2389
48
860
1774
2274
2173
352
714
1904
984
1210
1642
2472
668
946
226
1980
2225
456
1924
366
2422
1968
2430
2084
2056
2090
2493
2072
710
1632
1270
998
2320
1186
1284
2411
766
1430
1444
1286
22
2462
1782
622
2303
1983
486
726
2730
2171
646
614
914
34
92
826
2013
164
400
2641
424
1058
140
1082
78
112
602
2347
816
1568
894
986
696
2004
430
472
230
2183
714
1264
1606
702
2344
444
2178
268
2120
302
2264
1164
546
1674
2440
268
2314
416
498
1258
2022
1396
1542
642
840
314
886
1362
1374
1548
1094
2353
1718
258
1890
352
2357
230
366
1848
1038
82
1530
2130
780
1972
174
462
518
524
1568
1188
50
2807
786
1358
1084
2246
726
256
2264
2180
898
1088
148
2837
642
2764
2574
546
476
1848
512
912
2436
846
2272
1984
2197
1830
2160
1428
476
1984
2242
722
644
306
1914
2431
1684
1770
2451
938
320
522
2428
1410
166
2347
614
110
1160
2273
1948
824
370
408
1194
2352
2113
106
2513
2566
1784
2503
1014
478
42
2495
398
2758
82
428
638
838
2450
1228
454
734
986
2020
862
24
1538
830
2381
1620
1818
244
1558
1518
42
18
1908
1598
2448
1668
2386
2304
2464
2295
426
2491
1092
1260
638
486
1540
800
1947
910
1060
1262
864
258
562
2230
1240
2337
1874
248
2104
1980
10
662
1508
2162
1956
406
2230
2048
2431
2388
156
974
1324
56
174
350
2320
2558
290
2552
732
1584
838
740
880
1660
180
252
2323
320
874
490
700
2334
60
314
70
1826
658
940
408
932
2563
62
2471
214
2189
1036
570
336
468
2514
1778
2406
2028
1803
584
518
2088
48
2279
1266
2319
1442
342
874
2226
2034
2114
558
240
1046
940
2456
2271
154
2553
660
1008
2809
536
26
2261
2199
2109
1312
306
1634
1468
1408
766
2167
476
1252
1954
632
1993
420
566
2487
1338
174
1272
362
1376
2404
1194
1022
458
2680
200
1132
2534
980
434
30
1840
2265
1960
886
436
2082
2206
2370
272
2275
2568
746
1738
2356
2197
10
1917
2075
1316
2608
2405
2464
420
2092
442
2245
1985
2336
1874
1600
206
2605
1302
2430
2261
1664
86
1276
1652
302
794
1882
590
1048
2027
1998
2382
1290
2558
1986
234
604
2310
2000
654
358
2532
10
2264
458
900
1330
1520
2370
244
1018
2362
180
1678
2119
524
32
102
1020
1874
2327
1546
1148
654
1859
546
2419
2301
1148
1940
2062
138
1828
1238
2082
426
562
282
236
942
682
2251
480
48
1904
2152
550
1120
2398
1886
2229
506
170
1428
1498
1710
2118
2056
2619
210
1808
462
2253
2625
2516
2336
1788
722
1014
158
454
1454
944
718
182
266
62
672
820
214
1732
56
2195
642
804
1082
96
1342
606
2379
1592
478
1900
1602
1986
58
1300
722
1672
256
2550
2187
1352
1474
608
2141
1326
2384
2116
368
2163
916
2322
2165
1356
664
1652
738
1136
656
1102
2093
936
968
4
456
556
2300
458
1354
2301
2238
2211
2386
1828
730
780
1408
218
182
1996
1314
1730
114
2646
40
2998
2573
2580
2562
1548
1074
1682
1218
2555
754
488
94
1292
574
106
2926
554
606
1108
1486
1270
1332
516
422
918
2196
2220
2069
2592
248
1596
1548
2291
258
2393
182
1450
2525
1408
2218
342
40
1902
2231
2018
214
2455
2056
1528
782
2214
1460
246
94
822
94
2588
684
718
2039
274
2633
2716
2705
338
2610
316
1166
1056
2292
1984
2379
1728
368
2547
222
252
194
90
1090
550
2076
812
248
2161
148
800
2120
1544
216
2568
1232
2146
1232
2083
2083
2214
362
2098
590
532
1548
2013
480
2822
2466
636
900
1318
486
1192
2555
1958
1162
312
2076
428
6
454
2116
1404
2376
2354
88
340
1828
730
808
1556
2384
1448
2660
2528
1872
2059
1902
968
518
2459
102
280
1928
256
74
1022
2461
2230
566
1366
2010
1574
2214
2402
618
2396
2504
2702
2669
2058
2764
24
106
2915
1096
578
2538
1466
860
1903
860
1941
2486
150
584
2169
956
456
2078
1222
156
1870
2421
1936
2397
236
94
2164
1638
1998
788
1836
2245
232
1504
304
2224
434
1404
2126
716
2152
1360
2235
2294
2103
42
366
1608
1034
1214
1646
2516
2015
420
2688
400
586
2037
1018
1957
292
1208
836
230
864
2551
738
98
78
1356
208
18
1939
1426
826
2104
2444
2207
174
714
2409
1622
2182
188
2205
26
2094
2644
254
150
2308
2235
1434
2356
842
2292
168
1344
102
1918
458
2474
2099
202
2471
740
2228
334
2447
2155
46
1680
2384
1560
106
2324
2438
2469
210
1548
1932
2557
1566
2333
1825
2293
2367
1304
312
1192
1422
2544
2637
462
300
2574
2018
2030
58
1160
1726
1906
870
104
82
652
1198
2312
1682
2256
928
2303
2436
2214
2144
1508
1396
532
1116
920
2321
2386
2162
864
1826
1332
228
1148
2037
954
2395
540
410
1130
1738
2262
556
2742
204
1456
448
202
2061
1482
292
556
2323
1328
2170
714
2101
1928
626
792
100
1918
880
556
106
1675
2064
182
562
1923
2199
62
646
2112
136
2376
2491
758
570
2411
1304
1066
2094
984
426
162
2289
1500
2173
2139
606
2468
2269
94
808
1880
614
812
2199
2701
266
2274
2556
2060
2348
3075
1698
164
1514
1248
1876
1784
726
1362
2049
1742
632
136
2480
964
2514
2146
218
368
1022
1468
2202
2418
1234
72
1342
756
74
1698
320
1676
16
2216
2104
172
758
316
472
2087
1294
62
2527
2261
1160
592
22
652
2612
2182
2325
760
1762
1426
932
1600
1824
988
1740
1924
2236
186
868
1742
1872
404
2038
2112
2144
64
2557
52
2755
140
2454
298
2220
474
992
1070
1952
288
458
1866
1014
78
2148
2273
2427
866
668
58
2415
1494
2278
2168
720
1342
2710
1266
2136
2098
2312
770
2370
2059
1912
2364
282
2205
1750
310
1660
1188
1876
694
1942
2476
530
1208
828
2328
1402
572
2438
2098
910
2514
654
2370
2167
398
510
2055
468
920
1210
2135
808
288
2176
2208
2555
1072
910
1590
42
476
2914
2057
2631
86
2224
2112
2032
438
606
2274
2638
378
2578
2955
2155
444
2225
1504
2648
134
28
1062
280
906
446
2611
750
2385
2388
260
332
638
730
2259
2447
2127
376
2466
644
178
1426
1924
1246
2716
14
372
2634
692
506
1790
2540
2406
84
2087
486
2586
1832
2511
2043
2383
1684
1322
1967
378
2030
858
2458
760
1918
562
918
784
106
510
2230
2097
1016
2338
1656
1624
752
704
2334
456
904
2150
686
2554
368
588
264
178
2620
376
1308
2270
676
1618
1922
2527
306
2411
1080
236
644
448
1488
798
2449
2358
178
146
600
2372
2610
554
1020
2783
2430
1390
1202
2330
818
926
570
162
286
334
1046
1446
232
64
2518
396
1138
1930
2054
2353
454
1694
1596
1937
240
656
1758
1753
134
2174
476
1658
1750
2259
454
1108
86
1686
1328
2332
10
2094
2226
114
108
1164
2196
2560
186
2004
644
1492
2302
2111
2350
2108
158
1854
462
2016
374
216
1282
1532
570
970
1192
996
2318
684
1652
2491
614
510
998
602
192
2057
2320
2041
1882
2408
378
1632
2382
2539
1338
830
2417
1252
2370
300
1998
2344
2330
2207
1398
988
2448
