314
1392
2451
698
506
2203
2228
2481
880
2203
2606
644
1504
2336
1416
2138
572
642
818
588
1988
2641
496
442
1842
786
2049
822
478
892
282
1012
170
762
2221
2189
2228
2632
1554
530
518
2575
1952
2377
74
1954
314
2249
788
2376
2484
176
556
2283
2087
492
1880
410
2066
1532
1946
178
2200
332
2175
878
540
2313
90
2671
1528
1054
2498
2542
1256
2349
950
1920
42
2180
1560
1322
2255
2264
2697
388
2428
1514
1094
200
284
1644
2404
1841
26
2434
1292
2086
66
14
2673
2313
548
2350
2002
2418
1508
134
2421
392
2225
2432
2104
332
464
1544
2515
1360
1840
2604
1702
2746
824
146
1036
2777
1342
2514
800
2221
738
422
2418
2472
1991
74
1228
384
2455
1068
212
2360
696
2489
2425
970
2313
588
1846
1148
2450
1284
1036
1890
2370
2141
1428
2446
28
384
2015
278
720
2809
2258
1314
32
2113
48
1572
2356
2223
2400
654
1560
2609
654
2446
1596
1528
498
1919
1494
2474
2424
2692
322
1980
1056
1824
2056
370
1912
1974
1886
1914
366
2174
3430
2132
602
1354
54
2220
2570
308
2431
1874
2157
448
2275
972
840
2543
806
1612
228
1790
138
300
2592
978
1286
2258
554
1650
542
1850
540
2241
1396
2570
2381
938
598
2519
2410
2241
210
2222
226
624
2382
842
2455
566
964
232
932
4
2185
1228
1118
546
1418
266
1614
182
1962
252
774
2574
448
376
1957
954
1060
556
1999
1100
196
1872
296
864
1518
2152
628
1546
926
738
444
318
2772
914
136
2444
670
190
2248
2107
1946
2377
32
2377
260
2571
246
1779
174
2244
1638
374
2037
1954
2327
1192
2142
912
2056
476
974
196
1899
1312
384
2154
490
486
260
2262
280
2093
2131
2232
1294
2567
2543
258
516
1348
2541
1892
840
132
844
346
2402
1610
2244
48
750
2078
2662
2227
562
1510
934
1962
1040
2563
1884
1977
1670
2573
2392
2087
1318
2143
2660
2089
64
3777
174
2072
770
914
688
2454
566
906
1432
344
1146
740
958
2223
1104
630
340
2176
2478
290
782
410
2663
2336
1488
746
1640
2029
1556
1348
2235
1382
2434
2385
458
1702
1466
448
2105
86
2587
2218
2439
120
1700
286
2282
1016
2596
2581
510
18
1140
2443
490
2312
2688
232
2732
950
2794
1422
128
2028
192
2531
2265
158
1142
530
886
142
1078
1724
398
2026
782
328
940
2409
10
2246
490
194
972
380
2041
848
2372
102
962
1132
2804
418
452
2426
162
1969
2504
2056
244
2081
714
988
988
58
2998
1464
1684
286
2218
1704
672
2100
58
1952
2572
2260
2448
88
182
2445
1758
556
1920
2065
10
1194
2220
1502
686
722
1504
330
2447
1888
100
800
1908
734
678
1334
2549
2198
2535
2324
808
1662
1236
2272
316
1448
2583
1378
1770
2691
2354
1945
2317
160
2388
152
140
2052
22
286
422
1360
632
2202
480
1058
674
636
2507
872
1708
1988
256
1604
1200
2310
446
310
2035
1476
1314
1556
210
76
504
2134
204
1298
878
638
354
2503
212
776
2222
1718
2567
2590
600
994
1654
2534
2333
1436
1392
2296
2106
880
182
2158
1830
2479
2067
236
1078
2410
332
2601
636
2008
2526
2325
432
164
1050
1582
358
1174
1404
1058
2621
1288
2784
2008
720
532
984
1062
2261
1458
2342
1730
334
948
2459
1038
246
2260
2675
2032
2237
2227
556
2141
1426
2488
150
2299
2240
6
2281
2089
2487
2162
2294
2015
992
1456
2444
1500
2533
632
1250
478
1652
2546
1950
2272
2120
2178
1406
2471
834
590
1072
1000
2431
1006
110
332
628
114
1828
324
1759
1504
220
2453
2700
264
1743
1514
206
404
528
918
984
1400
2054
1378
1508
2244
2328
254
2550
512
2322
936
2169
2388
568
1710
1040
2315
486
2088
1946
2606
324
1026
916
2450
84
1068
1606
2381
1934
2579
1146
2206
2468
136
848
2359
1798
1780
1959
2354
1666
1510
1895
2028
1392
2271
1160
2450
474
862
74
1050
424
924
54
2257
2310
864
2428
1152
506
636
538
926
2070
294
284
444
2103
456
1276
2080
1286
2142
646
2268
804
1452
666
2105
802
880
2383
530
1799
2206
28
458
1720
1164
52
2152
1336
2108
6
1922
2180
2180
2075
1544
380
58
2223
944
1296
1208
274
2223
2411
1800
2231
1334
1844
2486
2422
2259
2262
1584
1066
200
652
2740
2437
2325
2013
2290
510
2096
2437
2029
1010
398
756
1190
1402
2019
2340
2796
968
478
2712
2452
260
1132
1636
286
1944
778
348
214
2151
2431
1795
2030
2092
400
716
2153
2081
322
2266
560
634
2310
2132
2711
1430
2077
2395
646
2298
238
1074
1694
2292
2279
968
222
118
1090
534
214
2136
1332
2597
1906
860
418
100
2370
228
2321
1768
768
2192
618
1178
722
466
390
2314
344
682
2510
980
1206
54
984
980
1180
2066
1956
292
1786
334
2390
138
1496
2162
1338
1170
2895
1790
2171
774
176
2525
1937
2038
1176
676
1806
604
1592
810
2244
2201
508
182
694
1368
1140
246
2005
2383
2246
1901
2392
1838
508
676
1412
808
2310
2502
86
878
2587
1772
2141
1222
2236
2475
882
810
2205
1356
128
334
1000
24
576
522
2445
1142
250
286
2555
2124
334
698
2514
2115
1020
738
1811
2212
2225
1980
1909
586
1434
390
316
1184
854
1242
1158
1562
484
2243
2621
962
1168
766
2
2339
1804
2154
1230
760
754
2101
2222
1842
282
2584
2231
536
1124
308
1574
2690
348
490
726
386
2490
1330
1512
592
2219
814
1937
2305
262
2026
2592
2714
302
1320
2188
2605
922
172
260
2080
1909
2123
2250
2217
2176
1536
94
1264
2580
204
2252
1336
2086
324
1264
574
1036
126
2482
2507
2502
492
2219
576
2285
1997
34
792
2756
2299
708
786
1908
1864
2447
2456
1114
1220
1909
1444
492
2136
716
972
588
2568
186
2468
2388
1058
552
600
300
1482
2293
2971
62
858
2197
58
2493
2051
2084
2326
1462
734
432
2092
2488
502
2412
2686
2030
342
1694
2128
916
1857
2114
2348
2690
1426
2200
2488
942
2717
1568
668
1150
290
1910
2538
1220
2461
128
1498
106
1891
1734
1584
1388
530
322
2143
240
2574
634
2462
2288
1004
104
2090
574
474
1452
1166
826
1348
2225
1978
2401
578
928
470
1830
98
1170
836
784
550
740
420
524
2396
1346
134
982
880
2218
1398
2012
1478
1977
438
338
1878
2362
564
2336
1140
580
578
2617
2395
1578
1006
334
652
2123
2158
1991
2093
1619
2402
2400
1266
1634
872
316
150
1622
2379
252
936
2469
1010
1120
754
952
2296
572
2020
54
2131
522
600
1430
216
1068
2259
844
1944
1368
1440
2754
2478
1761
1370
828
1204
732
2349
410
2431
1870
2329
482
2190
98
2422
174
2775
1246
2276
1036
346
1648
2048
2516
568
368
474
902
2175
574
14
2591
2407
1052
914
1950
100
90
906
694
82
2338
1490
546
904
850
534
580
882
2032
2396
1016
2329
18
2086
370
2569
2181
2433
910
2247
2070
890
2539
2359
1826
270
242
412
498
366
2066
1178
2127
1876
72
2408
2237
952
2033
564
194
2256
1308
228
1666
600
786
2174
1638
766
2286
2516
12
2298
2039
2376
348
2111
298
140
1376
2401
226
248
192
2088
1822
2287
2227
2088
1126
446
1112
2334
76
580
2182
300
244
1576
352
1915
1896
72
2234
8
1826
2518
2171
2300
2084
1406
2065
1266
2368
1120
1428
1090
10
266
76
1764
1228
2252
58
1842
444
2416
2162
386
972
1382
1200
1999
184
1174
2241
368
1310
2552
2366
1020
494
2492
1586
2732
238
1192
752
1732
162
2380
2102
418
2254
2583
920
2592
1268
944
1340
2231
2558
2328
192
980
516
472
298
2078
230
2201
208
2216
2474
2089
40
2444
1410
2406
470
256
2633
2274
1426
174
1116
2016
780
1442
486
2138
1888
960
1416
2042
650
2319
2476
2580
316
2285
1176
450
644
130
1616
72
1738
2091
164
734
1548
2173
2215
1994
2222
1674
1310
712
1616
2424
262
2540
2320
2493
2068
2218
868
1718
1038
1040
2264
2090
1806
506
356
2540
624
1240
1820
2513
648
2654
2491
354
2300
502
2566
276
46
32
764
2196
2404
100
774
628
770
190
1737
1410
772
2514
1580
2083
26
1736
2467
1766
1628
880
666
2284
726
2138
2293
378
2398
1084
2076
474
396
20
1070
256
304
534
290
1592
568
2449
1078
2105
2176
2189
10
400
1026
830
1106
952
1164
438
2052
1076
1919
1470
2157
434
512
804
1330
414
2271
1448
2631
1934
1230
1970
2372
1840
1300
1808
2658
1134
2102
964
258
664
368
1326
530
196
1552
862
1634
18
1070
2231
1914
2442
698
1406
144
2550
646
368
2222
1072
2157
1855
2199
2286
226
2360
948
92
1678
1894
422
2342
2326
684
244
412
52
2026
2061
556
1004
1490
1484
2398
2121
2267
1180
1346
412
2513
2635
1888
10
750
220
1764
2448
358
2111
516
928
414
2372
1897
188
1066
262
362
546
1736
688
2428
66
448
2743
2136
1110
1882
2808
1088
766
2342
1872
1274
18
1860
780
2528
2220
1952
2194
1766
612
448
2053
650
2237
650
1088
734
1807
2215
1904
2334
2010
2181
1939
1796
118
2126
288
482
486
2006
18
520
2103
2389
1350
2141
2194
1980
2131
664
2082
42
1986
390
2621
2223
2174
1072
914
1292
2418
2019
436
366
1430
2340
124
1934
1664
2376
2028
2094
444
420
1138
524
2348
2474
2594
2219
1712
1618
1910
522
2028
1916
778
2351
2179
1454
2509
1952
692
298
1926
2200
1734
1872
884
1855
2122
420
1126
776
2448
216
1986
1320
934
2021
1790
2236
698
588
1032
1296
2542
132
2153
2279
264
842
784
2000
2291
2306
704
740
2022
1604
1204
2540
958
2414
2549
1478
212
2678
2776
428
894
2008
2260
2396
428
2227
386
708
2377
378
792
2323
1406
392
2396
836
1394
2149
682
2228
2158
2114
656
574
2174
780
1896
462
96
2391
576
804
514
126
982
90
8
2027
840
1720
634
78
1178
1546
672
2098
1362
652
1556
12
1725
2351
708
2553
560
1544
2323
1552
2340
2501
1842
2208
148
1060
2330
2006
1376
790
2453
92
540
1262
2420
410
2369
50
2197
1830
2170
14
1456
748
1064
674
1572
2472
716
2059
1934
876
988
1654
850
270
806
1036
2418
30
2618
2164
1280
2176
1949
646
830
1068
1214
1350
344
176
2082
1922
52
2031
1994
2469
714
1698
550
16
1330
530
338
1180
2028
2161
2104
2545
2136
1822
2529
2401
232
1500
274
102
346
2413
2342
264
2433
962
314
1703
278
2061
2807
1256
1208
680
1030
556
362
986
1850
2067
78
1016
2248
394
610
2642
2191
2455
84
500
2307
338
2453
2038
18
2330
810
1951
30
518
2113
2796
960
1868
2006
2301
1712
34
1064
1862
2729
2673
2254
964
2555
2787
2306
204
1796
648
2246
110
736
384
1064
2214
656
80
1268
1950
2422
52
52
2642
1344
2306
690
2267
2066
1492
990
1708
2360
612
1020
1360
2239
1354
2378
410
2070
1604
2013
968
242
492
2516
124
886
66
956
730
2502
196
624
1486
468
1566
414
18
1863
1540
1991
2066
2460
1546
2573
1896
1558
742
412
2095
2246
2049
988
1766
922
1994
2135
2336
1276
1882
418
60
382
646
2352
746
2190
2253
284
1248
298
2662
710
564
2210
1274
1556
816
2311
1902
22
2563
2127
2472
1434
1572
1156
776
2471
2554
1260
2201
206
62
1974
14
300
1566
792
2511
2059
2306
806
614
1998
2113
2186
510
236
2225
2114
100
1950
456
2173
2564
1942
2482
2208
556
832
1010
640
2185
1698
168
318
2281
2256
1898
2231
662
1020
2259
652
2329
1894
226
822
2356
924
934
1102
778
2214
1438
16
2777
610
2588
992
926
2110
118
2063
2628
2445
670
328
2341
1532
1336
758
1072
472
736
1734
660
2134
2030
1949
88
2628
718
1034
2724
40
2214
2295
1006
2292
44
730
1274
766
1610
2004
1242
1912
1558
742
1590
214
1646
2260
122
666
1224
2240
1780
802
2524
2196
928
1840
2036
2582
2330
1406
2054
594
2241
1116
592
994
1702
460
778
478
1788
312
2074
574
1124
58
2377
2236
1048
2158
894
2427
2619
2030
700
2526
2074
2185
2212
1612
394
2414
824
1344
2052
1832
594
2482
2686
1760
1012
992
1214
334
2128
302
356
496
2014
22
676
62
2534
280
2471
1926
808
2218
2480
2579
686
326
866
196
2206
2214
2583
866
202
2364
2119
2445
2103
4
1400
1028
1168
56
888
820
1939
846
928
2168
270
708
852
2629
1006
1228
1034
110
800
144
2592
1684
1274
122
500
710
2433
2073
1176
274
978
36
84
470
1905
292
2479
332
1054
1374
1132
288
182
2207
118
84
736
1304
2265
2254
2548
264
2329
506
712
204
630
2186
1638
788
1680
860
2260
1624
2430
120
2211
1286
1728
1674
1486
1162
2138
2176
872
536
1980
704
1462
1660
2658
24
6
1973
2325
2149
2219
406
2078
2702
2543
790
1206
1604
866
360
2338
984
2050
218
196
2256
2083
2132
1248
2246
2070
2136
746
1010
1228
2258
2104
1554
2275
1416
276
1012
6
2224
8
1480
2309
186
2587
1206
1190
156
742
2363
788
1746
40
220
2085
756
400
1310
1514
304
664
1620
650
942
86
414
2638
2381
860
244
14
342
168
2357
1858
542
1220
660
300
994
1838
1040
1304
1130
828
530
112
1622
2375
552
2233
950
1220
1911
708
660
2105
548
1428
2070
2271
212
500
878
226
458
2381
816
2240
722
444
2540
78
82
2182
1560
618
344
1700
1136
2233
2148
2134
236
406
52
520
2175
116
2523
1970
2135
116
1220
1954
704
232
2278
410
2520
2568
2140
20
2293
1366
122
406
1420
654
2246
1965
1870
182
1762
2160
862
406
1858
1036
826
2317
380
1550
2277
302
692
576
962
1044
2180
2194
1274
314
2167
2166
700
1988
494
1616
446
94
88
2478
316
112
1076
888
630
1750
2520
144
2529
536
1194
2195
132
2420
1098
2036
1794
1484
686
2258
1126
284
1874
930
1654
84
1382
996
612
8
818
2272
2118
76
280
712
650
1432
148
1332
2339
184
1883
790
1430
2162
2147
1566
848
198
1590
1254
2204
530
2436
2659
2076
2572
2572
64
804
1304
2587
2115
2100
2356
2446
2225
1214
2059
2071
348
936
2082
50
2034
2106
108
2463
546
2096
596
1276
2193
2265
2478
2458
2334
306
2330
1676
2116
2612
2357
1136
1142
796
2122
208
666
2971
2459
1614
490
2084
266
2409
2204
2480
2020
546
2144
142
2465
832
600
1556
1706
460
2410
624
546
788
1616
2010
420
436
322
1854
98
260
2282
2480
1236
1979
2536
754
2403
2146
1682
2214
174
2674
222
486
496
248
438
2140
2627
1156
1500
896
36
366
382
116
446
694
246
2266
1804
258
102
2244
382
616
188
330
1006
1262
88
316
2194
2631
2638
572
2284
498
2334
1172
462
2628
2094
2749
46
340
1232
150
1974
212
322
910
870
1904
2341
1610
2524
2316
1370
2675
1488
194
2630
1909
2540
348
80
2303
1320
484
264
2028
2644
1910
2514
1490
1090
2032
1328
1292
482
2280
202
1176
94
216
2106
752
854
1762
1036
2114
246
2276
854
28
1254
2088
1518
2661
2388
1182
2108
2235
2327
432
2302
626
2277
920
1378
12
2070
770
114
764
342
2339
702
2140
1194
2521
1610
116
1022
2340
2351
1930
2405
1022
2541
148
2068
1136
2213
466
2131
2242
2259
520
134
1878
390
340
1898
570
996
1448
2164
2265
474
2181
2444
2756
322
198
1054
694
438
1696
4
66
2128
302
2254
416
454
1494
602
596
1842
300
1998
1730
758
118
1096
2398
1194
1975
2012
558
1802
1252
1286
328
2643
1644
896
854
558
1318
2097
1490
614
164
2361
296
318
2326
2121
1330
432
2256
824
1970
2385
2566
728
2139
2259
688
144
2175
82
1052
2352
2262
1030
2124
2369
2212
1616
1050
1150
1528
284
1596
2400
306
616
12
374
1182
1308
1094
1188
102
2572
838
2456
840
434
1861
760
746
374
1148
2346
1514
1949
2239
2584
950
550
2631
2714
2145
1782
2422
1374
912
1842
586
300
28
104
2583
350
2505
352
522
2548
2068
2435
70
894
192
156
1166
1522
2260
732
1142
1018
1696
1070
2207
2042
18
1856
44
1586
500
90
2515
2088
1560
1722
1993
2185
1676
2524
2458
2571
24
122
208
436
1044
1588
2465
170
1686
36
2558
1873
164
220
2406
2197
1608
1999
2240
1244
1724
712
2247
1884
2744
128
758
1140
492
4
1968
2369
1550
1240
2004
1928
2614
404
2114
48
2541
818
660
368
1824
832
430
2123
976
1486
1120
2470
180
2238
798
1983
2455
3133
2215
2227
2349
2102
1106
2470
2062
1871
832
2514
668
1723
2404
220
2452
2241
1356
2590
2529
452
1306
768
576
206
2225
2616
36
832
2406
2038
1152
1680
382
112
334
2330
332
2340
2336
2513
1590
1880
1988
776
2164
2341
478
420
40
560
620
704
1764
994
1490
134
278
238
526
1908
1990
1346
4
2118
2391
484
2075
1808
2605
2216
2304
584
68
38
1148
2171
2421
2081
1394
306
122
1920
2748
596
1883
2372
2366
398
2484
2106
2112
1586
1028
2042
1770
652
608
2604
2161
536
382
474
810
1034
588
1210
1788
1766
2060
52
2461
1076
238
1484
2226
2076
2134
2155
1514
2304
206
294
472
32
2200
1184
1146
386
480
352
202
1605
1918
1971
2385
2016
182
2413
704
328
1324
1154
208
1334
166
592
2368
632
1440
2248
670
1976
2466
2431
2668
2313
2272
2520
1822
2029
2304
1560
756
700
686
376
1396
848
296
218
112
1748
572
668
2255
422
1458
642
1900
2196
2240
2403
2605
2366
262
1532
1206
350
2058
2274
2464
298
1222
634
884
2388
1304
414
2681
1560
2185
216
892
2682
2178
1394
404
1174
48
2374
2222
2132
110
1490
240
232
2232
2428
1082
1966
606
2454
2098
498
1170
242
618
1870
2339
848
2035
236
500
488
20
2210
2448
1244
726
1206
1586
1868
2202
1614
1914
978
2580
54
2208
212
698
174
2674
2650
460
534
604
1124
2360
766
1134
2669
334
892
416
158
1324
614
1400
514
2383
628
1736
142
18
1260
438
1576
480
2419
434
1532
2025
232
1963
2141
1208
2247
2613
888
942
2487
2158
1382
222
642
158
146
806
2607
2158
986
1116
1256
2292
1006
2032
1832
244
1634
1406
2271
2527
2354
946
1432
1856
1892
958
2403
2147
442
2412
1320
322
2434
2306
740
102
720
3077
400
1472
1742
2010
2428
752
2680
320
246
3274
422
546
1946
1038
736
294
1296
1992
2474
1120
1446
1078
2624
1646
20
2375
1878
2418
1984
822
2620
140
1236
1696
2191
2002
1640
2426
248
822
2062
2424
810
1490
1174
94
2607
2293
798
2079
1078
1906
2126
420
324
370
2252
818
2283
1554
1925
1630
104
320
1292
2
992
598
1290
36
390
2097
816
1772
860
292
2089
2280
464
1056
2427
128
1034
496
2703
1526
1426
2177
2521
414
306
672
2212
2702
610
54
1854
2350
584
1686
798
206
1010
1972
722
2259
2315
1957
530
250
1280
2228
388
1416
120
2218
2495
776
408
2407
2180
2618
2171
1294
1408
138
2267
236
1654
596
764
1941
2464
2177
286
770
2406
1688
1610
1370
2050
342
876
2549
2075
930
506
2218
1880
246
1658
2076
1004
686
2244
1600
2152
2600
2081
1666
2410
712
2254
12
1120
2020
1302
2653
432
506
2318
578
2480
1008
348
454
1975
494
2153
2586
2693
1960
2507
258
2402
108
2423
146
726
2773
316
1394
24
2172
2194
2082
2108
764
2264
2707
630
2352
414
2468
2065
1520
1712
1298
998
2616
2268
868
798
2471
240
2404
236
2194
1078
1814
1252
2387
1984
784
240
1862
914
814
1326
42
412
898
278
172
1756
2084
2371
166
2388
810
588
2248
2492
656
2274
2388
640
1388
696
2194
2517
332
1806
212
2095
2271
788
2577
2229
864
2290
1704
166
1574
1176
838
148
1450
2300
550
1196
2076
284
2675
1676
2098
1708
450
1835
2403
2182
152
2242
346
1096
46
1616
2319
982
2114
1990
808
1458
368
1816
2648
322
1354
502
872
144
1444
944
196
312
342
1430
1942
368
514
806
598
1462
1926
1764
140
244
2091
2553
26
580
836
432
2092
2320
2196
1098
2335
1388
874
678
1766
2074
1474
442
1008
1348
92
1702
1414
1980
680
734
1960
2348
2122
2316
1378
2542
2112
392
716
2469
520
170
1668
2299
2553
20
2387
398
2262
2424
1858
1718
2122
2510
784
2140
888
798
2250
2030
1136
2338
2011
2273
1292
2439
2520
1208
894
226
2575
352
1846
606
2096
2319
294
2281
2449
146
2389
1646
2433
504
496
200
186
926
912
850
308
1426
2283
2128
974
2327
2078
2198
1864
1590
2163
382
1562
1727
848
462
468
612
358
2396
314
1898
2378
2178
1186
2413
476
284
238
1360
1422
1742
1790
1646
546
298
1679
2222
1012
338
1623
1815
448
2342
92
2417
796
912
148
378
2528
2442
1954
2240
2106
574
426
1919
1608
1982
2079
1048
410
1574
2396
656
2798
812
2242
2190
2560
952
404
1052
2072
2028
2336
1864
1570
1486
1664
62
2066
834
46
6
2499
2307
688
1510
1967
2464
2492
1554
1724
1718
2074
2116
724
1352
2740
2020
2022
1088
918
152
1986
1787
678
2142
750
2128
2574
88
1240
74
2332
2213
2271
2223
2713
1144
24
2000
2424
2179
550
1454
1192
432
1066
1010
728
2312
850
2183
276
1344
2391
540
2214
1590
2133
1980
796
1456
142
2638
1848
602
990
72
2098
1236
846
1796
2212
732
378
702
134
1408
1969
1068
2521
194
60
2674
770
2998
118
2156
478
102
120
1478
1994
1884
2355
126
968
232
1846
728
1630
746
1844
1120
170
2138
1008
2336
1846
1992
276
308
1502
2277
702
2123
514
266
1616
244
472
2524
1740
2205
312
2245
96
2507
1914
844
1340
690
184
1544
2061
2137
30
2295
120
548
404
844
2314
1846
528
2264
1124
1134
2529
280
1330
2030
2006
424
1078
2787
2123
2038
2333
1228
2218
78
2579
96
2203
218
2372
2463
1586
2237
624
1566
1604
1672
34
2182
2103
312
1006
2290
2581
1320
1220
560
2505
1916
1873
334
658
1126
1052
1400
76
982
2146
2059
1544
12
504
1362
1994
2311
220
2340
364
1758
1610
1626
768
240
2492
1528
2082
426
1607
1061
2179
558
766
2251
680
1474
470
2012
2266
536
2111
1142
618
2224
1020
2014
240
1935
2150
2649
1062
922
266
1962
908
2211
2219
2304
1042
280
724
306
1082
676
1734
1502
134
1346
2141
88
536
2519
1154
2005
568
3225
2253
1576
852
2651
2429
1758
1892
2092
540
1972
2059
236
1942
2280
148
2381
1314
2074
1052
2494
2480
2486
2472
610
1934
2268
1432
1180
1896
2345
816
84
2354
2472
1142
2140
1496
196
772
168
1050
1834
1002
2152
1806
2391
448
696
406
1856
2284
1188
264
1784
868
2454
1006
398
1622
2130
338
2423
2028
1446
2007
110
2555
936
1104
8
2523
312
224
2224
1770
116
1076
2078
1102
2061
316
906
2232
1280
824
1002
2443
1664
638
928
710
2432
2364
510
176
724
1042
1911
720
426
686
280
1282
1054
1542
1216
568
140
1486
2596
676
1860
24
2056
556
142
436
494
2482
654
1000
1820
1900
372
1954
2306
60
604
1754
652
386
1562
52
750
762
2454
360
1764
726
484
2288
2348
1054
76
2195
2191
2674
1978
2393
2377
1070
1402
2207
24
1985
162
2021
2276
328
556
2471
1844
942
798
1724
264
2229
1978
1624
2024
1986
2172
2131
1492
792
2524
1690
2605
2221
1752
288
1720
594
1732
1374
2068
664
1446
606
108
1738
726
1562
2999
850
88
52
2207
2006
2339
2490
1426
2473
678
1378
162
1182
268
2078
2198
2416
1866
342
1088
118
2
250
2618
2193
208
6
112
2971
2156
2588
650
2631
1414
714
834
2442
2218
134
788
450
2648
1224
332
2130
1216
1056
1918
2242
668
76
502
104
1000
2524
6
62
1182
2231
330
2002
630
456
644
2414
1266
1574
2298
668
2571
1416
2202
1942
1190
2460
1352
1306
552
872
1052
2197
514
1642
1060
2229
1604
868
1208
2047
652
276
2577
292
766
2250
1940
572
2019
586
472
296
390
362
630
1954
1936
920
352
168
282
102
2304
236
790
254
940
410
1930
998
2455
2404
234
1797
2464
1984
2090
266
1004
1090
422
1550
1036
50
1298
2474
76
1999
232
214
2303
38
604
398
1172
2458
330
1747
408
2229
2461
1548
2169
1510
680
52
2352
372
1474
2088
1128
830
2480
216
2
2430
332
710
2112
142
1484
1862
1124
2044
472
1236
276
1578
1845
1228
1676
40
366
148
1208
2627
2386
1974
1972
1770
6
2165
2288
722
2148
162
1990
2319
1958
96
1020
978
2610
1488
600
2224
272
1689
1290
2330
2107
1480
1648
1066
1240
2331
836
2493
826
1458
2486
2115
48
164
510
1154
928
2164
414
770
104
1776
2291
2018
1874
2349
2225
344
1142
248
2310
1302
128
2680
308
1226
772
516
964
2265
1719
1512
364
1054
32
1796
2215
2519
1286
2571
2737
1138
2717
932
1712
834
210
2206
1434
1844
106
180
110
2050
1982
284
1304
20
8
642
2331
1314
598
1038
840
690
528
470
2104
2587
1832
174
504
810
1296
128
12
926
1208
1430
2136
456
370
1672
2577
242
2466
8
392
1570
2134
1214
288
1891
2282
1682
2296
1550
2250
2310
2407
2243
604
2074
1046
88
1938
1895
914
1928
232
414
678
782
2388
280
114
2157
344
1214
876
2267
1003
616
682
302
2263
1911
334
2128
2063
196
2516
1126
620
2078
1438
2143
222
184
2446
2599
20
1210
102
240
2528
668
1742
868
1316
736
1142
1646
600
2128
2072
2134
1628
698
1624
1978
1626
2576
1350
1056
190
806
354
2065
2134
2114
2064
744
1280
988
534
228
2511
2036
162
2334
1887
2292
672
1836
512
554
2090
2488
954
610
966
278
1950
146
650
430
642
1344
2062
802
484
478
2665
298
628
48
2140
164
596
34
174
1498
842
934
472
364
518
522
2030
2480
658
628
2308
1042
1122
2226
2016
1840
2360
428
2005
1734
564
2430
1652
110
2205
1378
926
198
824
992
946
112
1020
966
2550
2237
1598
2389
2510
2314
2002
1842
1136
504
2536
880
482
2038
728
1681
1754
2228
678
1376
778
1256
2733
1814
2184
1284
1300
2013
520
36
212
760
210
426
2106
2138
978
2094
796
1622
1858
976
2077
1454
544
114
900
568
556
804
2260
404
2456
2397
166
2631
2208
2376
1890
358
1340
1762
1426
820
456
2202
2339
2086
902
2237
816
106
2391
824
1272
1482
2042
1644
186
1410
2515
706
2325
1404
404
2252
572
888
1336
1116
2051
382
240
1156
2297
1672
526
852
2121
1262
2302
932
650
248
858
2226
390
1710
2002
316
2350
2650
2380
254
492
1172
2163
208
592
2599
1322
438
2578
2402
1880
2246
1794
196
1664
1144
2487
594
2056
916
450
606
10
2620
2191
540
2255
2112
2040
1334
2223
48
2396
2067
1896
988
956
2050
754
1064
1240
36
2231
798
518
1654
2548
490
2680
2365
2164
2433
2379
740
770
1796
436
656
1752
2255
2785
2421
1030
1868
284
500
2260
2413
2312
770
1798
2035
146
632
2269
688
608
928
458
2353
182
2417
52
2061
344
1308
982
870
2291
1788
2140
942
2291
1062
1970
2633
2266
2441
32
1768
2298
2488
2512
1764
74
2102
568
332
290
226
1881
2316
1146
638
1522
1912
44
2455
390
2064
348
348
2568
2838
1738
1286
1434
686
2126
2611
434
2227
2523
968
2347
958
1024
2672
172
220
226
166
2471
1980
2608
2043
1576
1354
1514
1714
2445
778
48
2082
766
2353
1094
668
122
16
2195
718
1906
378
540
30
642
1910
1920
2228
2233
1968
1272
1820
1466
1014
1364
2014
2178
2369
1292
1516
1900
1989
2076
1404
2164
1660
2171
28
2191
2412
560
2125
740
1881
378
124
490
2572
1048
570
226
138
1891
158
2650
2296
992
2248
1528
1018
2055
2113
1068
100
2362
104
554
864
2206
1332
238
2518
44
2346
2251
354
2145
40
502
286
2158
1794
282
186
676
2452
584
864
2052
2520
2283
2109
12
1945
684
496
1242
178
1820
2074
2157
1976
422
960
280
2142
1260
840
1292
1282
100
242
2022
1104
172
114
1674
814
1572
2454
280
244
1973
2212
2273
2431
2053
218
2592
180
2694
48
1944
2139
1128
136
2621
2067
1494
1700
2573
226
2458
1992
492
1852
1162
538
1080
2427
348
2164
692
2564
678
564
2347
412
388
2121
2426
138
2
2205
2151
1152
1522
1056
962
782
1242
696
1710
534
742
572
2660
1758
1910
1863
588
114
938
2282
580
270
1130
2519
2034
1871
754
1858
592
2142
2377
1995
2444
1200
10
1068
1104
802
1880
476
1888
2394
2429
2591
148
282
1783
178
2450
1054
852
1004
2109
1490
216
2737
1056
1590
596
1526
332
1572
2065
2451
644
130
2018
2437
492
1802
1032
2312
86
2023
266
524
804
1648
190
2514
1120
746
264
1262
2430
1506
262
1350
1800
1960
258
1214
1660
2104
1682
2252
2071
2296
184
436
132
2372
2503
1276
668
2546
818
1420
492
126
644
2132
2208
944
2530
692
752
2414
2442
938
1782
48
1868
100
1202
2302
2582
2260
2539
2541
2208
414
436
2086
614
498
1947
384
1080
1814
950
902
2430
22
210
1824
54
2312
1022
2399
2673
474
2298
2449
1746
100
2099
1064
80
792
616
526
366
1362
2077
396
1196
858
366
1188
2312
130
2150
1690
448
1334
2491
38
2149
390
2150
152
1450
2618
990
852
368
1370
1604
102
2194
2611
1262
1372
2064
2473
602
16
908
2162
136
1180
6
2258
1388
38
786
1880
644
1837
2068
260
1140
2480
410
2122
282
600
1596
2213
362
2044
1504
124
12
518
1568
2545
1662
128
1508
2403
2100
258
2352
2293
90
2250
1612
2426
2546
822
1202
2080
2267
2423
2352
2012
1264
140
660
2254
732
2061
1294
2365
1728
1462
1620
648
2663
1872
1920
2289
872
542
2384
912
1282
154
2353
1936
2536
2275
176
852
1078
1268
2183
2027
2065
2286
2249
482
790
728
20
1750
1642
678
2061
294
346
2327
1960
2
2300
2433
870
2270
210
2042
1218
762
1980
2169
40
1554
2258
1452
58
118
1874
2096
2300
1900
1820
656
650
782
2132
2375
474
2474
916
1228
1228
1546
1598
1852
1928
1384
440
2341
1492
1650
102
2405
402
478
2537
572
1058
714
1546
2472
322
1182
664
2056
2532
1444
1568
1964
2145
932
370
2148
1300
1458
42
2321
10
1894
1254
172
1288
2205
2269
1104
2666
1616
740
1214
880
308
2016
728
1878
176
4
888
390
2305
2444
2333
1170
2394
782
2247
580
2498
488
2322
1008
2021
1314
1490
262
2145
2456
1620
2323
2368
900
1574
2309
2495
2367
2312
2020
2288
2667
1262
2256
1354
2659
1122
642
336
966
2271
1976
2414
466
1528
2123
1690
160
1308
1242
1002
1528
2085
2168
84
34
1174
2289
884
2777
1314
2352
2561
2469
192
462
802
1088
2230
2175
1682
2430
2290
1722
680
628
982
2576
1010
2059
456
1354
2304
50
4
2262
346
2253
1188
1364
296
1084
202
2215
654
2604
1458
2501
4
1968
596
2511
2567
2336
738
976
2680
2424
2078
2023
1388
24
1706
656
2722
836
1100
1092
180
1200
1953
2238
262
486
1150
670
2234
958
762
2433
2010
80
1942
596
2487
1682
1172
404
2498
2189
892
1996
388
1730
420
1422
650
2430
154
2623
48
308
2331
2664
2252
1830
1172
1955
714
240
996
58
2086
1748
2410
2283
2399
694
688
2576
1112
398
2462
1198
2336
226
1984
2364
2329
552
340
2012
624
884
1634
2217
1564
512
10
2408
252
1977
162
280
518
950
1816
114
922
1068
2278
298
822
2569
278
762
1542
1846
2234
330
326
14
578
106
98
2499
2476
2310
2159
2499
178
1502
738
878
2064
118
2057
2146
2654
2409
1923
932
318
716
1422
1214
2043
2452
1006
2165
438
772
1296
766
1380
470
1344
788
1940
1014
1070
2547
2300
726
4
632
966
1110
1436
214
788
1930
28
1304
2230
732
2229
352
134
722
698
1412
1402
640
1558
336
2189
2209
104
2532
1298
2358
764
2461
1822
2747
296
1248
2216
802
684
2364
808
706
2040
190
428
2550
2608
126
344
694
848
490
2644
1426
1226
1678
154
668
798
242
2750
2033
64
2578
2600
2556
2451
1062
2446
2496
210
518
2574
1640
894
2263
1556
174
584
1628
2289
2504
1510
1166
1050
2674
2751
2231
2135
282
238
1716
308
2116
560
1618
2446
2324
2362
360
2140
168
2626
2734
2024
188
232
2494
1702
970
2160
1756
1124
490
2052
2513
190
2468
2152
2382
1418
1476
298
408
242
1678
642
2063
2242
120
1910
140
742
2072
1126
308
772
2362
1983
816
1458
2189
272
570
2395
1176
360
2400
2230
1194
1214
892
2175
1290
306
1894
830
1526
1662
346
2452
868
868
544
686
66
764
1592
2040
304
1418
1686
42
2352
1830
2275
1382
1814
2334
184
2520
2116
1560
2290
200
2550
1798
490
956
688
834
1348
832
620
270
2491
2298
58
896
2197
1744
12
2152
2531
798
2024
1066
82
454
302
1416
98
2642
1026
1090
2228
1384
2052
2095
2114
450
2224
2286
122
56
280
1834
1300
2445
1993
274
124
1662
2482
2074
456
10
2356
2539
116
1174
166
794
2715
2375
2261
364
1086
822
2137
1514
708
318
2647
2464
2402
136
1991
2437
672
2140
2378
1274
554
828
2178
1646
2568
1948
1584
806
2025
1300
632
876
1188
2588
1754
756
1488
2617
818
776
1580
74
1018
770
54
438
2464
90
2470
2327
2002
1905
2178
2652
550
1590
272
1758
2075
920
462
2386
498
2253
2148
2165
1538
2040
658
1078
826
2252
1958
422
862
1410
1190
800
176
1688
684
1999
290
906
146
562
1674
1796
1378
110
1148
1088
454
1106
748
2706
294
162
256
2192
98
1908
1756
70
370
122
1870
620
2384
1542
978
12
488
1116
2075
1216
2192
662
680
662
844
202
2173
2661
510
1998
1724
614
1746
352
2312
1256
198
844
2164
754
2254
720
2160
1907
2476
1140
1854
552
2163
610
1170
2495
2000
1280
876
488
16
16
14
2343
2228
2692
542
584
1126
1136
2193
1312
2174
2231
100
330
2340
2066
1106
2251
2644
956
2223
664
1314
158
814
856
2187
1250
434
2352
792
1722
2575
2216
436
2424
2202
2255
206
1030
430
2473
1294
1318
768
316
2095
2103
838
2354
798
328
2263
1142
776
1604
460
324
1172
2029
1578
2369
536
1168
1444
1892
280
2312
294
448
1610
2026
1840
1670
220
2740
1998
1332
2524
1174
2258
2190
406
1324
2665
1658
1700
2116
1052
2519
1852
206
2417
1440
188
2358
766
322
40
2307
1490
180
2107
1142
2114
898
1228
888
638
2067
2139
520
602
2267
1482
486
600
720
1010
862
1010
4158
2448
2095
382
1030
1470
386
2304
1072
2235
1522
2362
192
142
2062
438
1718
746
2613
396
208
1324
1320
2064
820
1302
1805
1864
2601
2444
1236
1828
1392
1418
76
2433
1808
