2351
2249
1220
2097
482
2068
2999
1956
68
1910
2232
1642
1793
482
230
1332
2430
440
1841
2374
338
1894
2400
272
2418
2139
622
1790
312
2271
1694
1500
762
2112
1827
254
1646
298
254
736
2030
2105
252
1876
1889
2494
518
1966
2080
1024
2317
2138
1598
1629
2374
1080
2340
882
976
332
168
2119
1606
1687
574
1418
1868
398
220
1907
88
1971
1404
80
1823
1954
2044
664
2189
524
2069
2000
2160
1862
906
2312
494
2086
2160
358
558
586
1370
1956
2220
2363
2468
2232
1970
250
1923
1903
94
532
1794
2331
2167
394
1160
1812
310
354
926
484
1666
2008
1600
130
1282
1963
1953
18
56
130
1965
1447
1982
878
1582
2205
182
446
70
358
1274
2240
748
1536
2549
794
1352
1328
156
712
2248
2373
1014
3079
36
1432
686
2130
216
738
626
1864
1190
2023
912
484
1058
236
2032
1484
2207
2396
326
1112
1952
2186
26
938
2396
2462
2482
2196
134
672
2311
262
1548
1703
700
1046
512
1634
1286
1574
2033
1398
2370
2048
34
2015
824
1656
1256
978
2244
1134
2335
2093
2194
834
172
302
706
1456
2083
1706
2168
966
1124
2161
1953
130
2332
1272
1887
1324
2167
2265
20
2287
210
2103
196
150
1006
2389
1971
538
816
1054
1406
2385
2216
2120
2050
222
816
2525
2320
266
2386
886
790
1680
1286
2120
1224
2145
124
306
808
1829
698
2210
1338
442
598
1922
1714
1032
2140
322
998
1858
2127
2320
2048
1640
1308
1710
342
2122
88
1212
2034
230
532
1945
242
1428
2314
2099
2091
2441
1990
2107
2308
2287
1921
288
606
2345
2114
402
1856
302
486
142
2142
30
1512
284
1930
80
2228
1698
2222
2094
2288
1690
880
1318
1316
1006
1996
402
2413
1963
456
2351
1140
368
1052
2428
2084
346
1948
1156
2029
2147
2133
452
238
1382
2009
2067
2377
2305
70
518
1234
1266
920
286
1008
2528
892
2332
220
296
808
1798
2363
2
1742
612
74
130
1993
180
2012
1850
2037
1156
2387
1410
1910
1975
1714
2676
1793
1674
862
2039
466
1894
1791
456
496
94
94
902
1430
2469
568
32
362
732
2185
828
2285
34
580
1168
380
1048
490
454
24
1974
2398
2
2374
124
114
852
2170
1140
18
56
1681
388
536
1972
1899
2171
952
314
358
2013
1488
548
548
1944
1374
772
2223
1144
22
56
1052
602
2369
492
2161
1954
1400
1298
2328
2213
560
1774
1346
542
464
744
2093
1066
1809
516
1172
478
580
2051
1942
644
364
932
2406
2460
1600
1930
1418
2215
742
372
614
1004
2454
1903
2492
856
492
2256
570
1918
1300
2097
1260
2151
260
2382
8
2904
2318
2503
2475
2048
2265
2401
324
2145
2344
2483
2290
340
1224
1973
152
1030
1518
1464
442
704
1512
650
1446
754
2712
2217
1330
404
1540
2264
5348
212
1814
1712
2184
1928
610
1444
2083
1588
2011
1034
2129
2182
86
926
618
1604
1468
2195
170
2234
2335
1950
1488
1676
1440
2375
2094
1564
1182
1032
1474
566
2318
258
308
50
436
830
900
2248
2200
156
2254
1086
1200
110
4
468
588
2330
1600
2344
734
2261
1154
1919
2296
2454
2110
2150
534
484
2502
1482
2413
2197
110
1984
158
182
538
1062
998
1604
1866
1454
1704
2369
1826
1599
2162
1130
3598
442
88
2377
254
1434
2448
454
148
1920
2224
742
2203
1904
194
530
2215
630
880
52
2488
966
1906
996
148
2019
126
384
692
2167
2463
1688
2262
1611
2213
24
1886
1058
1224
664
980
272
888
482
214
2716
1018
918
80
2289
2252
500
2494
802
2400
2097
1933
744
430
1284
2144
628
398
650
2199
2391
946
1964
2220
2629
1950
2202
2228
2189
492
1885
2305
1995
2116
2173
1344
1860
1454
936
2375
902
1474
248
790
502
1168
1094
1930
1342
498
1322
44
564
626
1971
2425
1780
2117
70
182
48
2064
314
1612
2021
2381
1462
1854
2032
978
1950
1066
2223
800
2292
2391
632
990
1026
592
284
442
1774
1550
2175
332
2169
1967
2226
2733
2958
1146
1776
506
2149
88
1936
208
2350
800
898
144
722
1490
528
2124
1204
258
2075
2433
1356
2073
2125
1923
1162
2286
2262
132
410
2676
2134
2051
944
890
2518
2385
2004
536
886
130
368
1946
74
80
696
2168
462
2517
668
2479
1190
726
328
1134
770
480
274
1640
390
2130
328
232
1670
1694
272
1758
2151
342
2413
778
908
66
140
2290
650
438
740
408
2431
2085
2201
1292
2181
1865
2174
2246
2355
1920
84
2159
1706
2067
250
2224
120
228
2271
510
632
1824
506
622
194
354
304
992
1242
2212
1306
824
1844
36
2399
586
1992
556
608
4
1576
2191
266
1958
2293
194
2260
606
2084
2429
2057
518
1678
732
2146
2034
1288
1510
724
2412
430
1796
1162
2137
568
620
742
1570
1778
870
2497
2219
756
1854
2156
264
2261
968
740
850
2599
962
532
2041
608
1916
700
30
1522
2150
2154
2114
478
648
294
2259
2063
644
454
1804
2472
530
2597
478
456
796
1242
2370
1878
8
2085
864
2102
2226
272
2480
622
2517
1450
1226
210
2299
1955
202
1972
52
90
498
1612
1454
2265
2331
870
1864
2010
932
696
1090
1886
1758
2000
2309
2236
614
2314
208
532
2341
484
294
2074
2481
254
1514
142
2198
2088
286
1894
698
416
818
480
346
1954
2359
138
2190
2473
1384
140
562
516
1704
1570
476
112
1912
908
26
274
2222
1688
506
338
2244
1879
2237
1826
844
364
194
780
194
144
202
762
2376
1578
744
1350
832
2321
2006
272
2199
510
172
2132
1696
1406
396
936
2346
2373
1454
2313
2204
878
2395
88
2330
1944
1858
1068
2224
1250
2166
1330
1224
1760
2264
240
1936
2286
1868
2046
174
2002
2343
654
914
284
1416
2386
492
2082
1554
2096
2237
700
900
1652
2224
1809
2238
2355
2400
1224
2108
2404
2256
1920
2110
434
2116
2330
2232
260
598
1224
14
2262
1570
2154
1090
2016
890
74
2821
1498
2118
1288
2281
340
322
1460
2285
1454
770
1916
970
630
2215
2277
2112
2362
1364
1849
2162
442
2130
2180
364
2223
228
1666
204
1578
946
1476
926
1712
2208
2175
332
1234
1272
1024
2613
2430
1806
1474
956
2274
1374
2110
1172
574
812
58
1954
118
904
842
2399
572
898
460
1522
2153
330
348
2304
2410
732
1030
688
2218
2255
2073
2011
2454
1922
1888
486
2019
46
280
28
968
58
2194
90
1116
2001
1488
96
866
792
1020
1718
1382
2198
2217
1854
2008
1424
218
2133
858
346
1636
676
158
706
1442
1348
2201
2266
240
858
430
2028
106
366
1566
2202
1080
534
1874
392
102
1910
804
2372
1967
442
2059
2212
1048
2283
216
2367
1620
1973
564
342
1140
18
2480
2176
2160
2150
2389
458
462
502
912
1008
2228
802
772
56
82
1176
268
2515
2216
1348
2076
3036
80
2119
960
2331
322
214
266
290
344
828
900
14
848
318
1304
2281
2072
1870
878
2170
638
812
2096
1736
442
1298
68
2007
2431
2182
1158
256
1890
2325
1892
512
570
166
922
2245
390
2128
2264
1224
1668
2366
1258
378
2132
162
292
240
806
528
1726
2389
12
174
780
818
724
2286
2223
540
208
2204
2447
1022
752
704
1536
1993
506
498
2225
1188
410
1481
2494
338
644
1762
1072
2142
384
2425
1540
1420
2076
2435
1714
1152
994
90
1332
2152
284
1754
2315
1122
1422
512
1170
2449
1076
1908
1576
324
14
2236
824
2348
2202
22
394
2153
58
770
544
1092
1492
2222
1939
2068
436
128
2376
2196
2129
126
754
120
462
1730
216
2156
408
1848
734
1790
2266
1514
1286
1230
2515
2078
800
2178
1824
2189
1486
600
2097
18
1068
1010
2141
1054
2510
220
2080
1910
2348
2171
1398
124
2406
214
1768
1350
2224
2334
2346
500
314
30
256
26
1450
1601
796
934
2362
1950
384
406
534
1980
2380
650
874
2181
274
722
1450
1424
2448
260
450
826
454
2085
1989
2204
642
2513
1976
2343
6
1210
1228
1898
14
304
876
2069
966
924
2353
1374
2321
1208
2355
650
442
2030
1932
940
2295
236
558
250
2041
790
1244
2360
948
856
300
2286
2070
818
626
228
648
1472
888
2229
116
438
2433
874
2420
214
272
552
46
1052
798
2376
142
122
772
2308
320
1797
572
18
2015
260
520
270
730
990
2295
2165
2287
2213
1214
1288
2278
988
830
1969
1996
244
1940
2081
142
2381
2425
316
2390
506
2212
1786
1120
2090
328
86
938
2080
606
1994
54
1656
1818
538
920
28
176
1038
104
1982
2301
366
2407
1030
2203
456
1947
182
1770
1096
638
742
1782
2170
924
380
2002
624
2352
1705
2447
1859
1156
1860
2217
2164
2354
2294
552
