2074
30
1783
2291
1238
452
266
892
856
2287
1804
2009
733
1640
108
298
966
616
2099
344
1440
856
2108
814
510
2269
440
244
2199
1892
2247
1370
196
2190
2098
1176
2341
540
1274
1004
2218
1403
1848
248
10
1342
2342
1990
1182
2218
2299
74
296
2278
1746
1252
1931
2087
2054
1814
656
2504
2010
162
388
1318
300
1485
2159
1064
2234
738
250
1960
1190
1354
1704
512
392
2090
1992
2351
1778
1890
1420
402
12
1196
1390
1978
2353
2307
336
168
134
2505
2114
1394
2049
270
108
2249
1736
226
682
458
332
2284
784
684
2423
2371
1254
1424
388
2206
486
662
870
2310
774
2287
1690
2442
2462
556
768
318
2184
784
1204
170
2321
210
1909
636
1446
644
1958
310
2293
160
1580
484
1882
150
2064
732
1182
440
2166
1332
2266
102
876
2070
2164
1026
8
1766
1774
604
16
2327
1966
206
2252
112
106
546
1964
1558
2394
2108
1322
220
418
738
2280
1158
882
2109
2332
1030
1358
1164
1818
654
1786
2079
1846
710
418
2195
1222
1898
1973
2094
2
1692
1008
1020
250
1942
2893
2208
350
218
544
1816
2270
1898
444
1792
1997
1950
2469
138
202
1812
2392
1963
172
72
438
122
2215
364
330
2287
144
2167
2374
2101
654
356
2484
478
194
2017
1142
928
1903
1873
1646
1234
2215
826
1796
1975
2018
2246
434
2157
1788
202
550
2343
1895
1210
24
1958
2515
534
188
2147
46
74
144
2194
1508
1426
1672
1206
1514
2402
190
290
1002
912
2383
912
2300
1504
154
2247
108
2386
930
744
2549
2274
238
140
2210
780
426
2071
558
538
2282
860
1004
918
2100
8
1578
1434
2326
1572
100
824
98
1228
1968
208
1274
2224
1446
106
694
620
616
2504
102
1430
2144
1094
2297
1762
1722
2110
214
374
932
3018
792
272
2390
1908
910
2033
556
354
2018
1556
296
214
1002
2224
1502
1018
2082
2087
1868
200
1290
2149
220
2437
1929
1774
712
1488
1264
138
2008
2229
46
1322
2359
298
1572
1858
2091
1116
1082
762
2090
2178
2015
696
1908
464
402
508
636
596
1976
854
2061
936
1346
1430
2102
526
1306
428
548
2631
354
660
1846
1904
2291
1422
994
2120
1324
2439
892
484
282
1398
1232
2489
2513
2362
618
2026
1022
818
798
510
144
744
2360
366
2059
430
1146
2255
306
2317
622
2514
1444
528
2053
2515
2130
1892
2228
900
2431
1965
2397
1078
2228
998
2131
2501
2284
2243
1748
2227
98
2115
1028
848
2367
2101
1702
1472
604
2480
522
1882
272
2305
1724
2359
1574
1178
938
1528
2050
2313
2276
1128
216
1845
1348
2217
2293
2136
1090
2366
60
1184
2256
4
2341
1432
480
604
2301
318
2500
298
2272
1753
196
854
674
2583
680
2046
2031
58
134
1292
562
2250
262
50
1102
1676
900
1762
1568
2166
2474
1958
2158
2237
1670
1862
268
898
276
54
1422
2212
1806
160
2024
2146
324
2388
320
1036
628
296
1878
1990
130
1945
2426
2294
1632
1498
58
658
2146
598
1848
2315
2649
2309
1822
1092
128
806
1994
88
388
2334
190
1642
1146
730
2224
1224
2367
314
1908
338
1846
750
2148
2040
578
254
154
1144
732
1748
438
2166
2419
220
700
60
438
862
2256
1702
326
1897
1950
734
1614
996
110
1508
1340
1946
2639
1914
746
970
982
1310
470
1090
856
446
1906
388
1394
1102
14
1120
1724
306
512
2114
2247
186
688
2124
2202
2151
916
1384
2057
262
1490
2175
1166
1960
1986
2408
354
510
1150
2092
2207
1188
806
1696
1186
250
2548
2279
210
128
422
1288
1124
2156
1880
2331
592
1680
440
340
2110
1196
2087
1386
1374
1052
1678
92
90
2145
2140
2345
130
236
2126
256
2269
2381
1806
1226
218
1562
2286
2705
2458
2312
4039
254
178
930
1104
802
854
2090
1286
1596
776
110
948
2162
1983
2389
128
994
1977
1718
2297
1558
1082
960
264
542
1684
1708
1144
914
282
412
290
1691
666
734
718
84
412
48
2114
316
2484
460
1704
262
406
1956
1802
14
602
1086
1128
888
2251
482
2576
2136
2165
566
206
378
558
2271
1202
1878
1966
2752
428
1518
2193
1076
1142
416
750
1780
564
1358
358
570
1194
856
1120
2149
2374
1794
1954
648
1625
1708
24
1346
806
1080
2373
1056
2415
526
238
1130
720
1676
2590
1908
2227
1988
270
184
294
2351
2231
656
1374
1598
2074
2488
1602
18
798
360
2143
2144
1854
424
2238
542
1702
1674
2513
414
1968
770
2153
1482
498
716
1899
272
508
1072
1210
454
1876
2099
1804
1930
344
2291
1780
2510
1650
1920
1938
2412
2139
132
768
310
912
1444
902
2236
1412
2230
682
1926
1558
2152
1904
1907
2404
1975
334
2200
1810
1544
1526
208
2426
780
2851
1894
736
1864
572
1790
554
852
206
786
2540
348
462
1340
2062
864
160
1214
624
274
2380
968
372
2272
186
658
2243
2511
2037
1898
692
822
2311
2334
1524
2469
34
2213
2230
734
2064
2186
2213
2395
26
840
342
1734
720
1518
2217
1332
2242
360
798
1732
2466
1810
246
392
798
1470
2256
2462
2146
524
2329
426
1318
1174
2291
10
2161
2011
2216
890
712
2211
2280
1989
1664
526
196
1840
306
650
1354
632
1894
2195
386
2510
396
1992
668
2275
1977
1612
228
832
2365
2238
76
2255
84
38
2175
2439
2280
2433
770
1956
250
788
2288
542
1804
108
1679
2160
1752
1888
2138
440
2297
2492
1940
2294
336
2476
538
1188
2109
546
148
2095
948
1624
2436
1590
1104
418
2526
254
262
2016
2200
124
396
610
2352
942
2162
2489
2272
2480
916
736
248
2238
2256
262
2350
2328
434
2110
2454
2104
314
1005
1552
1920
1566
2165
1734
444
2075
920
1270
1814
2351
1264
2510
2209
2572
1900
1864
38
2182
1026
2015
1302
140
1958
478
794
2123
1620
744
882
696
264
2343
434
2595
2211
436
964
1878
852
1394
144
2217
184
2047
1464
2241
2417
1364
852
1512
996
2535
104
518
2340
1498
2291
872
1644
672
1870
2337
560
2071
110
750
122
1094
1400
2037
1268
1210
2118
54
2110
2024
2180
318
1180
1452
610
2384
458
830
2425
326
1114
74
754
290
2252
1933
1960
570
2407
2184
800
2004
2649
1230
324
1430
2365
456
2007
1492
1458
550
1000
2413
1296
2424
214
786
2288
1368
1957
1684
1558
114
2227
2084
196
2305
2526
2168
734
2172
162
2430
1528
756
2418
2284
1843
782
138
2226
2590
2183
2228
2264
2256
1128
1394
266
2109
370
844
2004
452
2183
2138
586
310
1720
772
478
396
2270
72
1558
198
526
1548
1604
938
68
1972
2203
120
6
770
2037
2106
1890
482
1654
2290
1042
1694
2163
1088
74
938
192
1572
4
1392
1066
384
2466
2260
2006
1708
1212
472
152
2189
1084
1893
642
1622
1830
1636
1910
2268
804
1916
2357
1256
1574
812
158
2431
2344
1873
106
68
106
142
1290
312
2301
1146
532
1416
2288
2301
2242
1402
2255
2010
2216
64
1466
1660
1500
466
1156
646
316
596
1924
2356
110
2122
1078
1748
126
2200
556
1096
2119
2038
292
708
2397
110
2246
2246
1048
2011
2198
1462
2339
754
1322
718
8
168
2121
2133
2266
314
240
2307
302
656
2475
1286
1877
274
1492
2878
1682
1522
2068
14
444
126
2236
2598
1860
2032
2117
164
2012
1448
2590
2163
1970
2010
554
50
1076
810
588
2290
1816
502
958
1324
356
294
930
2250
1196
650
632
1400
2361
1022
2670
1422
1528
372
2139
2270
2410
1779
898
12
2046
90
2294
486
2
2456
492
440
2236
396
2136
1216
1130
1935
2050
2423
812
1953
188
2060
2249
1170
2359
2032
186
2007
138
1808
738
1042
830
2147
2258
606
46
1244
332
1406
392
502
1982
3113
704
1942
2451
2168
2223
56
1286
2028
1530
872
972
640
2146
960
2685
2193
1927
748
1272
1586
256
432
154
382
1816
1738
1966
134
508
380
508
376
2676
2234
348
1210
1792
736
1843
2298
2389
72
1738
1644
1662
724
1904
2053
96
1950
80
1777
670
56
2195
2380
56
352
764
702
2191
2115
1812
1238
2109
2074
190
1981
2103
2147
1630
486
416
1036
1144
2072
530
2094
2290
52
2174
2232
2424
848
1270
524
2356
1388
502
2797
10
278
2210
2043
2027
2428
660
1975
158
2110
2367
1926
254
2048
120
354
702
286
636
164
970
2202
2277
1930
2092
1668
16
316
2066
1014
288
2175
446
156
836
1212
2103
2000
78
2436
172
368
1936
2288
1226
2119
222
2066
470
394
1782
396
1556
1396
110
1943
2087
2162
2077
208
2086
198
2183
594
2328
1960
2306
1926
684
286
1120
1625
1442
56
1094
2453
1104
2257
2214
2245
1696
738
504
158
1260
1036
2243
240
2265
344
