914
1720
1986
52
2330
1124
1454
376
588
868
1154
2082
1895
22
1146
1847
2420
310
2363
524
1637
472
834
404
132
1911
1236
1538
194
1178
1638
410
1974
160
750
402
1652
2214
1566
1174
2379
2169
1204
1786
1944
168
2418
244
2394
1092
2258
2197
1895
2159
2180
1208
1620
2318
1144
2100
930
1712
1418
1963
846
642
1500
2082
1338
2210
1594
432
216
426
2199
452
2105
2107
502
2331
2285
1969
280
1206
1538
80
1542
166
1879
672
76
2240
744
1965
1921
2266
122
1686
236
392
92
982
744
2255
922
2279
376
906
916
642
1725
1884
2219
1974
2284
640
448
180
542
18
1854
104
2089
514
1466
2106
220
840
342
1877
1030
2181
1945
1912
2001
2288
1162
1348
1638
230
536
1518
2
2267
444
666
2205
2401
272
378
1110
2139
2546
556
1058
2201
232
52
408
2068
1306
2264
1616
2092
2368
2215
972
1976
1258
2242
2448
26
166
2229
2078
48
2081
492
2408
548
2196
2298
122
2356
324
614
926
2225
300
1940
866
2218
2055
2370
152
560
642
456
416
504
2432
2343
584
746
1890
2043
2042
2023
344
1116
2668
108
2380
2169
2239
32
1611
368
692
474
2225
264
1008
1494
426
374
572
100
2269
478
104
2024
1148
2060
1806
1606
806
1860
1072
916
542
2401
392
2142
1088
296
2258
2313
310
2363
2033
2062
2681
1933
1028
1654
558
1386
280
588
2335
1026
860
1906
334
1376
494
86
2258
328
1674
1712
1751
46
2303
982
2198
492
406
2139
1460
448
2638
554
424
786
2026
1684
124
2255
192
1869
774
960
1390
1020
928
454
2139
930
312
1292
20
2373
2073
128
1458
2476
1982
616
1384
1991
852
810
270
1014
1372
2147
452
1704
2158
1886
310
1862
1863
668
364
2444
1072
2458
354
1390
1646
1962
986
738
12
220
446
1172
2135
416
2350
348
1282
384
2308
2499
1890
2288
2295
2443
802
1036
1912
1704
280
1722
2084
272
2218
40
1028
502
1979
1130
134
62
2508
1172
2118
1642
2047
848
2353
1282
1604
516
798
2380
826
450
1656
2840
1630
2099
1254
2459
1992
518
2306
2083
48
240
1520
1248
408
250
818
392
930
406
2382
2492
2365
2244
832
1240
418
1410
2324
1678
2023
1218
892
1250
1104
1328
2233
2027
1959
672
528
2047
450
1062
978
660
2164
18
2352
908
174
1230
232
766
2109
1278
822
768
2297
2247
2241
1864
1296
2124
44
40
2423
1462
2002
1310
142
2067
2008
794
1716
52
12
270
492
40
1470
2267
2082
2438
2195
2064
1224
2330
218
1648
2316
2372
1730
514
1816
140
2265
710
104
170
1897
560
1934
2293
2347
1128
2347
78
1982
1184
1030
1676
1306
214
696
1024
1448
738
2069
426
2715
1606
522
2307
772
1408
1910
696
2164
1696
2264
2331
2099
2141
2125
2164
104
2387
2075
196
2325
1966
2320
64
2176
840
918
2479
864
2078
486
318
2129
114
2153
1806
1084
302
264
1962
2346
1698
1978
224
2333
1734
2151
2046
2006
168
180
1282
2118
1991
444
1861
878
1564
492
732
1520
268
2011
2290
2187
1804
298
1218
2218
2162
1981
1446
1124
1854
2169
1632
100
1424
2014
2057
2445
844
2189
2371
2242
1542
266
2252
446
148
452
1946
874
2387
26
2214
392
1726
2380
2294
1328
498
588
930
20
2286
332
2038
1988
458
1680
258
1336
1366
2383
1144
448
2519
1825
766
696
1608
628
1967
1330
746
782
1114
2054
2274
906
1516
284
2385
496
230
1124
72
442
522
1194
482
634
398
2186
524
48
2588
744
2231
1939
2
2528
2166
2294
2168
1516
2067
1778
2271
764
2529
1992
318
2022
4
612
736
1888
1178
176
326
952
1298
248
2556
2372
1736
1748
358
1914
986
720
704
804
2946
2174
1488
1618
1346
600
1866
2548
568
310
1887
1912
590
1951
1852
130
1636
662
904
1765
2266
2004
1980
38
696
1766
2796
2048
172
110
38
1771
1652
870
850
478
1910
928
548
2392
302
2137
1824
1272
1450
98
2222
2071
904
1958
1492
1472
2280
1554
670
2145
2087
2256
2511
972
2144
2092
66
624
74
828
2312
570
416
278
1016
836
212
82
2302
1901
1020
316
2100
1032
2417
1848
1514
1632
22
2428
1964
2131
782
2311
662
2538
772
2167
2556
350
1164
2509
1666
2347
252
1424
1306
2259
1020
960
216
1739
178
1688
914
926
32
1262
2151
2130
1836
728
2188
812
1366
552
64
1532
2488
524
2475
1826
1968
1852
2002
96
2072
1579
2337
100
1428
966
616
2358
1138
2092
2998
2118
2167
1690
1456
2049
1960
534
1084
628
1859
956
458
466
290
2408
2083
2201
2220
2179
2344
310
1976
158
104
1939
262
1218
2447
2448
1590
2248
2004
2256
2158
2388
2150
336
960
2428
2086
2101
54
298
1112
1254
2
642
962
394
2242
1962
300
2359
2170
1896
2334
282
612
2356
2342
2080
1012
1246
580
1446
1776
322
2639
1530
1466
1550
112
2128
1372
1148
1002
272
1884
1010
1944
1851
1140
972
52
1704
2246
2228
2244
680
512
2211
1224
2390
1340
1991
2416
1983
1120
1986
146
2588
2319
2677
2267
1799
1064
1564
406
940
1150
956
2041
146
598
1951
1825
384
1698
2100
772
1148
8
2397
162
192
2085
226
58
2209
980
1042
94
132
978
2106
734
160
1254
2173
1244
1764
44
2214
2462
540
994
2517
270
1784
2173
1454
206
2066
720
2565
2188
1898
1958
1362
630
910
1334
1767
1090
678
1921
2430
1992
870
800
1588
346
2117
482
2464
288
2040
134
1078
2573
2236
234
1530
1176
2177
2289
112
332
174
938
2326
454
2065
1286
56
1954
538
588
62
1226
252
1945
1492
1532
206
1902
734
1164
1038
1680
1198
1406
168
2255
1004
1648
64
1162
138
894
310
276
324
562
2000
2201
202
1632
214
1026
564
58
500
1900
776
2261
1904
1166
2081
2446
2059
196
2138
1072
1240
1242
306
1954
2384
2226
2240
2088
1472
650
24
646
390
1038
2139
406
62
2300
16
138
862
526
2221
2499
4
116
326
2282
2408
968
566
550
438
1954
1288
2014
1422
920
1010
1578
1965
2070
1738
1428
642
166
2038
1294
1942
444
1748
6673
2097
106
1774
2145
1468
1838
1744
396
2346
800
1150
908
1282
1918
658
1542
2176
168
1878
2346
2117
2186
376
2283
376
1897
274
212
2365
1853
2555
2129
946
1060
428
2026
1901
2251
1952
26
1200
868
1982
1570
2188
246
694
2313
2278
572
942
2246
2023
1618
794
156
2059
1978
1186
624
2433
980
724
1204
2376
2120
1760
1112
526
1786
372
1994
1678
2299
784
1666
1989
962
850
2243
1162
502
2265
1484
2227
566
2187
2291
2080
1796
716
2183
1896
1881
1234
408
1104
696
864
214
1052
502
22
22
700
2076
2002
1010
1842
294
156
1462
378
928
2838
2553
2311
80
1026
990
2298
864
1580
610
1496
950
1853
2213
2153
2270
2325
132
1208
994
2334
14
2056
1646
1808
1168
316
1036
18
2391
1750
1508
672
778
68
2290
82
2104
1848
2442
1418
396
434
2310
2122
940
2376
4
950
1392
1216
2091
1888
562
2305
2505
2281
1366
336
304
2306
156
1428
1918
226
240
762
1878
174
1716
358
1551
2287
2264
390
2324
1048
2479
110
2195
608
2248
2005
128
1142
2353
2135
738
1644
2014
924
580
322
642
1816
2357
2150
1134
792
176
2350
298
104
2227
1064
402
1236
1987
1848
1488
828
550
1696
676
240
2342
1064
902
784
2318
500
258
170
1801
1850
1642
1616
1016
2194
532
1970
1612
1146
1394
2368
2460
1396
2329
340
1377
2030
168
792
2395
1448
2094
2129
2399
840
8
1878
1535
1874
1104
294
1504
148
978
2197
608
2194
1884
1854
1552
1869
658
1670
2220
2314
2206
2248
2096
708
36
82
2589
262
250
2173
920
2112
960
52
410
2190
2369
884
758
1010
370
2021
2331
2096
1838
2154
1196
992
358
2139
544
2118
2093
2151
2323
1586
1230
402
2225
234
2408
742
362
194
2471
896
942
1348
902
2179
476
2274
108
514
388
1510
2556
2052
2192
2363
1212
1355
2006
1692
486
284
2394
2110
2548
2314
2190
314
1842
190
1883
454
146
46
798
1977
1662
62
1968
1598
542
2176
334
496
1302
976
2162
2122
1695
252
460
208
2329
1852
2282
2090
1702
1146
2156
1270
2277
2522
536
1216
166
34
546
246
164
208
184
152
2232
2269
1278
2235
662
334
1973
2217
2240
2289
488
480
554
420
2056
1478
1873
2296
1590
178
1676
434
106
194
228
696
1920
1416
1230
2091
224
104
438
454
274
2230
568
98
1897
122
430
1244
1874
2275
2124
730
1708
662
1172
494
468
958
2117
106
2385
804
1630
800
2257
1857
2240
1144
2292
460
2575
102
968
1740
680
2038
2086
248
706
2210
264
