322
24
854
1442
2458
1346
1434
174
2070
1618
450
2084
412
2160
1754
984
2107
2254
1996
134
110
2242
2017
544
2333
688
956
134
1814
2080
1148
76
2016
1536
1432
1088
2454
948
2033
3294
1306
2022
2199
456
2243
1408
110
2030
1416
2598
302
1780
2358
1438
1414
828
42
910
1710
1842
2100
2469
1867
2076
90
2216
1520
778
722
610
1334
138
2260
592
694
2225
730
1052
768
1672
1332
798
1882
756
736
2426
2303
1964
1772
1796
272
62
426
2240
2287
374
1758
2385
1631
1882
124
1280
1142
868
2416
814
732
1788
210
1012
380
116
150
2036
2434
2340
2993
2247
2042
2224
2151
126
1818
2622
2356
1082
1904
2326
970
2137
472
1886
2090
348
1046
736
1338
2518
2135
2443
122
2098
1701
2356
952
2122
426
88
2101
2183
696
2140
1504
1578
2799
2353
2341
1018
1949
848
772
320
2044
980
1590
2354
2282
210
2271
810
2204
754
1694
1290
398
26
2406
2406
744
1910
784
2435
1770
2442
134
1646
1298
2011
10
1134
934
12
2377
2378
838
2165
1672
1969
252
1965
886
1048
2096
2044
60
2187
2058
852
268
2287
2060
1506
2146
2449
2084
186
2257
2986
1891
1248
2162
384
932
2110
2298
1887
1946
1878
220
1372
1606
1182
926
2109
2257
1088
1382
418
1778
2201
2025
630
1226
50
1032
2406
1796
2093
110
1264
1969
2069
952
1044
1048
452
202
226
2092
376
2448
1783
2875
328
2406
1708
2471
1831
2510
1686
344
1908
1084
1468
1102
1588
1092
2195
2022
1948
726
738
896
1366
728
2
1768
282
1726
772
2026
878
2471
606
2378
2179
1484
58
2513
1092
1896
888
990
2271
1876
98
1668
2050
2281
622
382
16
248
256
2135
302
960
2222
108
1556
2239
354
2252
2046
1896
2070
1418
518
2133
1228
1893
2155
388
16
2249
68
1756
724
2267
102
446
1985
1674
146
1954
2167
916
2454
2171
2388
96
1518
300
638
362
2239
3344
1976
2355
722
2
1040
194
704
2142
408
474
1630
1844
2546
1330
2218
2159
734
1524
768
212
216
284
654
972
2115
718
1921
672
360
494
2070
490
1774
704
1919
2025
296
1754
1588
2100
120
1188
2467
1658
818
2306
2192
804
2054
2403
1386
1888
2232
272
2216
96
1972
2245
180
2335
2407
822
2160
596
2370
768
1958
1034
1348
830
550
70
1086
1811
2324
1502
730
390
2321
2139
354
244
234
1818
2108
2354
1987
900
710
1938
220
1876
1846
122
1740
1340
2308
430
2406
384
1694
1856
1416
2487
918
1542
2016
114
2577
138
360
2477
800
2264
226
1698
1840
962
962
2324
2006
2220
2168
1804
1188
1878
2042
6
1552
1008
1100
2310
1954
8
106
2318
380
162
734
2395
1846
380
1638
2016
2476
2430
1358
1156
2657
2142
2147
1909
2218
1904
452
194
2294
1965
826
662
290
2673
1416
2138
2549
1474
1808
2038
2089
574
700
434
2285
162
244
2255
202
672
824
1922
1959
1606
1142
972
1142
286
488
150
2174
1306
24
1686
164
950
2356
910
1980
2379
1625
216
1490
470
902
2041
1194
594
1196
1250
1218
338
2377
52
2554
1886
1536
60
1930
570
534
736
1032
912
252
1330
1746
232
2486
2095
1283
2098
2229
1052
320
1418
150
1580
1176
558
2331
2273
2303
708
1122
1528
36
670
1178
288
4
514
870
1396
598
1208
1624
2188
1802
298
1626
2031
400
344
2316
2093
1484
2334
2138
608
4209
2318
996
1018
40
390
1308
1220
436
84
1132
1346
1710
2198
2414
44
134
692
1776
250
1995
2139
324
1098
2372
732
2387
42
210
1232
832
2216
2031
1516
434
2414
1779
222
2304
852
1699
762
386
2440
1585
676
646
2007
758
2636
2466
2419
2178
2158
520
2136
22
1384
1537
650
22
2193
2455
1018
2480
246
316
2341
2103
2434
808
1392
1028
796
336
1366
218
1244
92
828
266
178
162
2054
1334
512
2214
2062
840
1412
1622
74
1572
818
190
2454
110
392
996
436
1718
1058
2149
1512
814
1146
2200
2200
894
2065
2442
2342
1456
1564
280
2475
1815
478
1986
84
726
2464
690
498
1922
2133
84
150
712
746
2064
1614
2052
504
702
2105
2393
60
1914
376
150
2418
1498
1773
354
1853
230
62
1484
1903
694
384
840
1082
264
932
2758
2176
2110
1436
108
1896
186
62
2023
2202
1568
1186
2595
250
586
2112
1514
2419
2271
1698
1968
1962
2204
1478
510
422
48
2211
808
2207
2304
1016
350
1716
480
86
1288
1780
432
134
1230
1976
434
852
1658
2091
1944
700
2210
2109
928
1314
172
1190
332
2350
2200
2166
1644
2413
1588
2137
2318
2132
184
16
140
324
592
2080
1360
2089
980
2336
354
186
498
1534
1158
76
2209
76
938
1000
2129
1090
2626
704
1268
794
624
2005
688
2481
2085
590
762
1078
532
1548
714
802
2325
36
454
2503
2087
1248
118
2005
64
566
618
1238
782
866
1010
1614
1903
2029
88
1368
1506
1926
662
1264
1054
452
1968
1857
46
1484
1168
1356
954
2465
388
356
1060
2640
1776
224
1976
972
1160
722
490
1264
186
892
1948
110
2020
2282
2203
2256
2083
2585
724
1082
1748
750
368
1538
2117
374
998
1108
1860
1018
702
778
2122
774
520
244
1244
1748
66
1940
270
1917
2093
2249
428
2106
2256
1486
792
2377
1136
2168
1698
2593
2119
336
2386
1026
146
2161
1662
1684
1206
990
2085
524
54
2080
1662
1311
396
1484
44
1364
682
1778
838
4
2153
1820
448
236
1226
640
2314
2009
2071
700
2162
2057
2454
820
650
1767
36
840
1752
2125
2284
438
2136
568
2364
2256
556
2049
2280
992
2232
832
2370
1484
478
1272
602
1739
1002
2147
20
1828
1208
1368
926
838
658
2428
1178
258
636
2167
1706
2595
1774
2332
1428
1706
1708
962
1905
890
744
220
1138
1828
670
420
1682
2333
2336
208
160
1278
1590
560
1130
2004
214
1866
1922
68
550
1380
224
1896
492
2036
2199
604
42
460
252
1106
2240
1852
1932
1412
1088
2577
334
924
1630
656
1126
96
940
2353
86
2464
2187
316
2087
342
810
1908
2657
2109
1206
204
1290
2065
2459
2124
492
2109
484
1888
2251
522
2306
580
878
222
2310
1918
32
1636
1042
546
1346
1016
1280
1534
1466
640
410
1540
2285
302
2203
2203
730
664
1118
1078
612
2398
322
1254
614
1646
2074
2355
1370
946
2162
580
2114
2178
1152
1300
2340
1925
978
2487
2403
1038
1903
1140
764
2181
1100
1114
1836
1176
648
2383
2207
692
148
396
804
2259
236
280
2236
760
676
2242
2293
606
846
60
760
554
1814
1862
2348
2377
2330
2199
852
476
638
568
1364
300
2241
1864
2177
98
286
2327
1961
2298
218
2510
154
2672
1598
2094
328
2052
2556
400
24
1670
1788
2274
1012
216
2423
1997
1890
130
976
2413
558
1084
2162
2299
1720
612
470
2111
466
30
2416
2336
2230
2044
1906
1822
466
1242
354
1022
110
1896
1940
122
2795
2068
392
522
2177
2574
856
2253
1168
1652
16
1230
1816
1062
1126
2540
2430
1736
2209
1706
2154
632
2386
1686
1360
2369
694
784
758
1753
1940
70
876
2014
1712
2459
1989
418
2284
238
98
1992
2309
146
236
354
1124
22
490
2452
304
1340
2590
2180
2418
2305
1190
784
530
232
1238
710
132
2128
652
1824
1788
928
1554
1014
2374
1096
1120
2201
1642
2103
2315
420
574
1888
1264
1280
1506
2384
1686
300
2258
2310
478
1200
248
2047
772
58
2183
90
920
1392
1020
982
2479
1940
1684
2121
58
2292
846
2330
1328
2549
2520
1901
66
614
1894
188
762
2335
2075
2250
1819
1516
328
2263
892
1638
1066
2467
286
2433
716
1705
1536
2091
54
486
892
966
2129
1964
2091
2188
210
1434
2326
50
1822
248
2004
1962
2099
170
2117
164
1056
1016
2221
786
648
746
2225
1974
508
722
210
1170
1196
2236
470
980
268
2250
2262
330
2517
1416
574
1160
542
500
112
2024
2927
2222
1146
150
656
152
194
2353
2197
2306
728
2382
2110
2301
2
718
1878
896
270
2225
1809
2199
2354
2201
510
908
2044
2026
2061
880
1626
2379
728
710
600
820
2285
2230
166
2203
156
1939
238
1086
454
68
788
1006
1510
110
1050
714
1222
2207
2576
796
494
960
1838
810
1738
2104
2207
2359
174
254
2442
2025
1442
2010
2522
1727
2362
1879
1886
398
2446
918
2059
2129
2203
2330
1696
392
288
70
310
346
674
2273
84
1400
1896
240
526
816
1994
1852
646
288
62
2243
1314
902
1910
2422
1206
1964
954
682
950
228
2246
1986
134
1016
2014
46
498
1964
1096
2178
532
144
2337
2231
1004
1536
650
962
506
1996
550
1082
832
2451
1857
704
2209
202
2156
520
934
208
2006
686
938
