514
1886
2424
1934
2062
1438
2002
2054
1818
1296
834
1821
1330
2563
2239
1942
1392
2209
2402
764
2240
1967
2185
2448
82
2179
2060
1877
1620
1108
792
2245
2061
2262
2257
1072
948
1996
2008
100
2160
2090
864
2230
630
1060
274
1032
920
2319
188
2212
1170
530
530
820
1908
2085
178
1502
2076
520
1748
530
306
2257
1598
1240
848
152
636
2223
306
112
1829
2242
754
2156
138
474
2232
752
310
1695
2224
1940
1532
6
2143
478
2345
1778
858
1656
2300
1360
2190
900
1656
1872
1919
1562
1074
398
780
2055
548
1944
1860
2189
1470
2228
1114
2057
2187
1396
2006
2047
604
1995
1991
158
1786
2353
62
1370
1826
2436
2067
260
1638
60
2155
354
1728
1692
36
632
232
2442
2418
2664
2098
1743
2154
2058
518
3114
2307
1903
60
2054
2105
1746
592
2207
1236
112
2125
504
546
1590
2293
1328
286
340
2133
2208
976
1664
2300
954
956
2212
2130
1773
1976
906
798
876
348
164
2012
2376
2215
2021
1186
630
1276
1638
1818
1174
2041
714
1280
1531
2001
2090
2070
2102
1978
258
2105
2205
2068
698
2140
242
2066
1963
1536
570
2218
1568
2118
2233
450
1650
1284
370
2334
180
2048
646
1917
2102
570
102
2216
2376
638
2034
2278
192
1522
1672
88
828
324
2146
872
734
1989
1638
324
860
2440
744
522
1888
1862
332
468
1921
532
338
2307
1328
2093
186
72
282
1062
996
918
2292
1837
1070
1438
322
174
2237
2396
422
884
1660
2103
1182
1871
2313
2226
2362
190
2132
264
1090
252
2599
2025
406
2087
2194
142
2142
842
1078
1472
2048
1888
1639
2491
882
1985
1830
502
2240
288
80
142
370
1952
2164
584
962
178
394
964
2021
2172
530
1590
466
2338
232
1376
682
1490
1476
882
2706
1328
2302
1790
816
462
914
2068
792
816
872
1618
1290
1132
1016
986
804
2176
294
1308
118
2209
390
1765
2319
1300
1496
2220
1968
1508
2220
164
730
2084
2239
1965
1966
2129
2573
40
2361
2198
1727
12
240
1068
1074
2572
1566
428
1746
2095
2008
1826
616
2519
278
1584
1907
2118
250
1338
2240
2123
1414
626
1456
2087
686
2060
236
674
1613
1160
84
512
1302
2402
418
2015
2307
132
2307
1546
1746
470
2387
2511
312
1216
1062
976
1889
310
1950
1510
2072
1122
2082
2126
2548
288
974
2111
1028
372
2458
1910
842
2230
94
752
1070
876
42
164
1646
2022
2596
1845
2596
948
2014
378
50
778
2283
2000
1923
1329
1948
2360
2079
1518
1120
2166
1684
394
1957
2111
950
1984
1919
2308
2106
476
1699
904
50
2378
1886
290
2377
854
1408
2093
952
2494
1608
428
2283
10
788
1262
410
1604
566
1490
1958
1690
1794
234
282
1500
598
934
1380
1692
1930
2468
2528
856
1334
276
512
1792
280
1892
1048
1086
1646
1804
2472
646
2069
2059
408
256
2331
2008
62
2084
656
1933
370
2333
1600
2142
2172
1945
412
348
1594
1776
1374
2103
1164
626
1174
172
1811
1996
842
900
738
32
2102
2423
1796
222
2211
2091
2223
2718
2256
2116
594
678
2204
110
714
1108
540
1967
2008
448
1172
836
906
4
2261
676
1164
2480
596
2244
604
3117
1962
636
1610
2600
46
422
934
1756
886
916
726
274
1972
334
1460
216
2158
2528
1370
2566
1694
2255
2263
1964
762
1642
1814
270
918
1718
2144
150
252
1538
2225
744
2200
2241
738
804
152
132
1378
2283
2694
822
2391
1144
2002
1934
768
1976
2173
104
340
1756
2328
2016
340
2195
1378
1496
1392
140
998
2412
950
518
1336
2328
490
292
46
26
262
590
2259
1696
354
738
1204
1402
1886
2064
2096
12
596
874
150
460
318
1706
1180
1586
34
1608
792
628
2293
194
88
2305
426
342
626
2212
1374
1366
1602
498
24
860
1250
1726
742
94
558
872
1606
2150
1957
110
2053
182
2282
1957
2070
806
1830
1492
492
1538
2028
744
310
706
1192
2219
2105
372
2175
1330
1412
1290
664
2069
2131
2358
1940
146
1108
1930
2152
2662
40
50
808
1168
406
2036
1108
1830
740
1332
38
2373
704
732
2186
1096
2121
2025
460
1090
1968
2201
2206
264
1507
644
206
2434
1562
2225
1780
386
2234
1178
650
1871
274
2442
2062
1488
2890
530
248
746
1884
2138
1692
1946
258
1684
1018
754
150
2187
2034
1576
2398
434
2476
554
1568
2319
2234
294
1720
2188
1662
158
1338
1760
2403
2344
2609
1980
1794
288
290
2052
376
2097
514
392
1644
94
1905
426
58
1560
1096
702
2287
2218
2190
438
1801
318
1698
2390
800
406
32
1676
2020
84
2591
628
2344
2371
1514
122
2139
2471
670
1960
932
2027
2254
2204
2398
706
100
932
2026
1428
2269
2110
2122
20
428
20
832
2599
2373
24
2411
1098
1224
892
2381
1270
428
338
1726
2253
282
162
1554
756
2140
2256
2010
1182
2237
98
1176
710
138
688
808
2033
2463
422
236
244
490
452
1806
218
2473
682
556
774
280
58
140
288
536
2600
136
498
2381
622
1674
668
580
1832
2003
694
2097
2335
832
1306
2404
142
1690
1692
1912
162
1148
2544
46
1572
1970
2270
388
1202
962
2
1686
768
1258
2267
510
218
164
1934
850
2023
664
2314
1534
342
1770
2144
216
220
1162
1290
116
836
850
708
930
2272
244
1078
2411
2191
606
2223
874
2148
1054
1583
1822
244
2322
178
1947
498
90
750
1292
2393
1665
400
908
236
1202
1840
464
2248
2220
456
2386
1718
2380
470
364
1208
736
1994
614
2133
174
2248
514
982
2289
44
2173
2309
1922
434
1284
96
2902
1740
1516
1959
2190
2278
3159
216
1879
1908
2669
60
458
198
2249
2228
436
2154
626
60
1250
116
2162
2182
106
1008
1158
2117
2101
992
628
2404
178
404
890
436
858
1894
2241
2193
1802
2322
2131
192
2058
282
1574
474
716
712
254
176
828
2469
2147
156
1244
1886
1711
2162
1250
2055
46
1058
104
2176
2113
2028
1668
2057
132
2576
608
862
56
846
598
44
86
878
280
406
1052
432
808
514
2179
796
2210
630
1276
18
2162
642
1054
576
1796
346
2678
556
2205
362
2630
784
2262
876
1834
658
1606
1957
936
670
2147
804
298
846
1280
368
2664
2502
1981
436
2237
352
644
666
1200
2054
474
1936
1412
410
2284
2207
1896
572
160
248
1516
2273
1748
696
542
828
122
2347
894
148
2125
614
2206
2004
1742
630
1168
1834
1849
656
1176
316
2332
172
846
426
1988
416
1736
330
142
2259
770
200
1050
2290
2039
830
600
2048
1822
2266
1982
2229
1502
1388
394
2096
1150
2372
2256
236
2358
2118
765
246
460
2288
2290
1638
2669
312
2405
2588
186
1942
964
2265
96
1074
2090
2336
1702
770
1398
746
732
692
122
2404
352
190
2348
1685
366
938
2187
2131
2227
2665
882
1692
578
94
2271
1394
1068
2276
2502
1448
2354
1158
1180
1334
578
1998
2391
2024
692
590
866
1826
282
816
1836
394
406
54
2276
1230
1546
1766
2568
818
2043
2078
890
2283
2122
1030
2347
2384
1976
1653
1744
424
24
2156
2397
12
2023
88
490
1544
2002
170
86
2059
1274
260
2544
962
1580
1144
2365
206
1986
86
2523
2279
1893
118
2205
302
590
810
842
314
134
2020
2378
2120
238
1914
1402
432
608
126
988
756
2057
1510
1851
512
294
2100
1676
332
1584
2160
584
1648
2336
1046
630
1116
338
2003
1620
1232
2063
1520
2608
2442
2248
656
1326
1904
1130
2248
894
418
2267
1904
2322
2374
656
72
48
2136
1636
864
2381
2183
308
244
1518
960
588
998
2645
458
1284
2327
2403
302
1442
1270
460
1484
1956
248
310
536
2112
694
2030
814
1296
594
2404
2091
2380
1432
2361
2363
2091
2196
2266
1068
204
324
1154
1980
1102
1030
772
296
408
1270
514
2517
2237
556
2151
1854
896
1036
896
2033
224
2114
822
2030
1390
424
2338
1867
1806
2285
2041
394
2190
426
2432
616
1772
236
2202
1954
2175
718
2325
720
2375
1068
1022
908
2278
2030
496
414
2414
954
668
1306
112
2161
1693
1920
166
810
428
2181
266
2083
814
1822
10
2227
386
1995
474
2161
1510
42
1482
1294
368
1770
174
1214
2549
2158
2162
564
2421
2118
90
682
446
472
2134
1280
2542
2101
1788
1980
1804
2472
2146
632
2215
2226
1140
2335
484
624
2180
2088
1154
1498
1708
1864
702
90
780
720
440
96
2191
734
2215
148
1236
2104
2502
2591
2373
70
2601
698
1006
2209
1178
748
254
112
244
396
510
2544
2646
1710
566
2309
2733
2323
2053
1532
604
1954
1826
2424
1468
410
690
958
178
736
1466
6
146
696
2016
2
2231
2128
1124
560
420
2495
1024
568
872
