1262
618
434
22
2240
556
52
1878
2176
1068
2656
658
1935
1518
1840
576
724
422
178
72
2320
96
2214
768
588
1046
2483
132
66
2212
1022
994
1782
428
680
34
2049
1896
2313
2631
1460
2265
1972
212
204
1270
2257
1560
1174
206
1888
578
482
1146
48
944
268
2493
1960
150
2087
2319
764
1891
1528
2394
1913
1388
16
1542
336
2130
1908
1726
338
1978
586
1759
1887
2147
1220
2211
874
2217
2418
1973
2344
1352
2111
1955
864
754
228
2393
150
2474
1242
824
530
1850
2154
140
90
1972
726
2279
1578
2202
2165
24
778
2335
2328
2219
814
1172
712
938
372
2428
1997
96
772
1890
234
1812
2096
358
54
1988
2193
2150
1354
1700
1780
2186
2484
4
1232
1498
2177
990
1945
166
1868
76
2111
2268
2016
158
1078
1020
680
2231
328
1320
2241
1540
1500
274
2240
2061
798
2211
874
2047
2046
2280
20
144
604
1612
346
148
1584
2173
2024
2838
808
298
442
1500
1182
2485
1014
2199
362
1230
2424
1584
66
1090
1838
898
2123
486
2127
1822
722
1530
1692
988
816
2335
2334
166
1892
2342
2051
86
422
1910
2096
1778
66
1068
1048
728
360
1828
1442
1170
2306
320
780
2104
1511
952
1162
2452
1963
402
1032
1234
438
2051
1670
586
2229
2021
1644
76
1991
2064
2046
138
2839
2294
620
404
2352
2270
1986
1394
132
1144
1540
2192
1995
446
2399
1032
168
2373
1906
2082
1518
678
608
2246
1296
1178
1050
1002
1170
98
1100
2244
1168
1928
2211
494
2341
2059
1916
622
482
2409
1884
2170
2366
2229
244
2386
1776
734
640
2258
64
1482
2123
1796
1952
2360
2355
1236
2182
2276
224
980
1869
1867
1032
24
1859
2168
2048
68
1204
850
310
1604
780
2350
1927
206
2497
998
2050
542
62
1604
1924
1987
362
2515
1512
2285
882
1991
1652
1782
2358
2503
2058
1170
642
2296
2100
1076
784
1024
410
1969
1066
22
536
2191
244
2180
1934
2164
2038
2152
340
716
816
840
208
2314
1539
2028
70
66
1140
2274
678
1580
1268
1370
2029
1930
508
2208
2223
230
584
788
2064
2414
656
406
2005
776
1598
2081
1830
1901
2389
2344
2341
200
2098
154
358
2245
2483
408
1344
906
2002
1284
772
38
2125
324
1722
2270
792
824
740
2211
2359
2287
1801
1932
764
338
1434
2673
1774
712
2092
52
1232
672
488
2042
422
1940
2067
2199
236
2138
60
1822
746
2435
638
68
1440
2170
264
288
572
1350
420
116
110
162
1464
1905
1388
1736
940
1364
542
614
56
2386
196
306
1092
452
2111
874
2120
1376
1484
336
28
2133
2363
1262
198
1624
946
428
308
1068
2214
1198
1670
2232
1948
1092
314
676
2344
524
620
2019
1258
2052
2209
2286
2024
556
688
2070
2044
2296
762
2019
1888
350
2339
50
1672
2568
296
1052
306
1967
2168
1266
1502
282
1821
2362
1496
2249
1144
526
2047
1871
1668
1082
10
208
1210
1182
978
2043
458
1156
750
636
1184
130
458
854
2494
250
380
2437
550
428
2158
2333
1820
638
634
1710
14
2113
662
2159
202
1532
1594
1420
400
262
1931
1190
1000
2378
1947
2116
144
2387
538
2398
12
2202
2355
1140
1376
1142
796
2137
2194
2232
886
2360
130
364
388
412
162
1070
1764
1618
456
710
478
1905
1890
2316
350
926
2135
2223
426
60
1150
2064
1034
1932
1656
214
1066
2453
1598
618
2152
2201
1464
202
558
1714
260
1964
1040
1778
2310
308
1838
1720
1690
1760
1825
200
2030
2276
1052
346
948
748
1699
2262
804
1986
948
354
18
2162
634
40
2366
332
1902
790
216
90
2161
1384
560
904
2582
2034
4
572
182
1322
1940
854
1858
788
364
1842
2311
688
212
994
568
666
560
786
68
466
1462
1044
2294
880
1446
2103
1248
1965
290
2333
1100
934
2006
272
36
114
776
2246
1446
1900
726
134
2126
2379
2339
1002
638
540
982
470
1426
1260
480
1898
346
1306
1826
418
190
1786
1662
1064
2133
1924
808
3486
2040
1726
488
1926
156
796
2084
1440
1296
204
2268
32
2154
1268
164
1092
2047
270
684
812
434
70
2045
2052
232
388
930
418
524
1860
954
1130
560
224
2165
2306
1624
2158
180
1962
110
2425
94
240
1600
2143
1082
38
1822
1774
134
348
228
2326
1300
706
2278
1877
2375
1864
404
18
216
698
478
1962
2279
42
564
210
558
106
1770
2090
2571
1312
34
752
386
2282
2160
2427
2136
390
728
2434
78
1758
734
1713
1520
2679
620
1950
1088
2150
988
2477
1976
866
1294
2078
2469
118
232
1476
734
912
2038
1344
682
416
2522
1028
498
2503
2404
2544
212
1476
876
620
1650
2016
2144
1082
1002
90
168
2501
280
1368
2166
1594
1230
2292
1040
62
236
968
564
2394
634
2242
1786
1594
2110
562
2224
2358
2131
1718
2266
2246
364
446
430
2003
46
2213
2526
1280
1482
660
422
452
2116
776
870
2136
1382
2515
254
2007
936
2317
1148
292
876
2078
240
2470
202
2286
2361
1244
932
2008
178
336
2218
804
2387
2434
60
1470
2594
2172
2244
1534
950
1900
300
1430
1314
534
1763
2048
1860
2223
2102
2246
370
270
402
160
2239
1860
1122
2477
1922
1148
782
2056
48
550
1092
688
1940
2321
1008
640
2359
1320
388
668
1516
144
1720
268
2398
518
2003
886
1987
2223
496
2540
2469
88
1054
2207
1807
2091
1835
1056
2241
1692
466
2103
1258
2340
2181
74
2459
1703
2194
272
2376
1214
872
562
506
184
78
1734
748
2062
2287
1016
2369
1036
98
2453
1252
2094
162
86
696
1116
618
478
1913
1268
1104
688
1312
716
2149
2380
1034
2108
500
1777
1378
2163
2372
1716
640
2243
28
710
2239
892
2212
240
450
2266
2109
2347
760
2307
84
628
292
2060
1636
1410
1918
628
362
1950
2552
400
852
2292
1704
1706
394
414
766
2071
1396
2397
2343
2218
126
1930
416
2203
2113
2322
1989
2321
324
1870
1038
1042
1654
2177
2376
2074
1564
1668
396
2020
404
48
984
1598
166
130
2105
162
2452
340
2180
2253
370
2165
730
254
1590
2412
1170
1937
380
186
340
1741
1232
564
132
172
1678
904
1212
436
1256
582
366
500
254
2160
2389
1816
140
1942
314
2264
2254
1294
1984
656
1918
2075
220
264
1356
136
720
2057
1945
1056
388
2326
256
2013
1112
1036
2049
1992
2276
24
138
1026
1074
2316
190
26
476
1160
1018
1068
46
1004
862
2017
2283
1348
1653
110
2158
274
552
2120
2312
172
1578
398
1822
1300
2002
2013
94
2218
2004
230
214
1680
2051
1146
1950
1652
1172
654
2387
234
1856
1326
934
2147
680
1884
88
172
2209
2694
908
2438
522
2095
418
2053
1480
2583
2453
442
1678
1592
1214
1152
2364
66
1693
2377
350
1244
548
2086
1068
1862
292
328
280
2312
2367
1190
182
1550
1234
2429
2324
596
1738
2076
548
1292
2129
1860
198
1108
1816
2452
364
2365
1834
254
2240
262
446
1804
88
2000
214
1260
598
1304
12
5586
328
2307
2259
90
2223
2222
2301
1958
1236
1320
446
2064
2476
250
1738
160
624
220
1676
644
1072
422
1994
1074
1846
732
122
1214
2586
1372
2276
1652
266
2453
188
2305
94
2275
86
262
2288
1826
1584
1430
1248
2132
108
1968
1028
2120
1930
1826
866
2332
10
152
1398
54
1756
1500
2287
674
2086
788
174
374
2061
1848
974
80
440
2382
486
1340
1582
626
1606
316
234
918
1734
32
1442
986
662
1268
46
2630
2126
2002
1697
810
2125
2996
760
1164
1444
1192
704
1812
2038
324
1034
2414
1000
1766
96
720
1034
2326
2217
1992
2160
308
906
1230
2311
2461
1036
248
2213
1108
334
2323
566
152
220
814
2070
444
532
16
1899
1264
2383
144
550
2143
1975
674
382
266
2053
1530
2354
108
352
2474
584
546
2198
1036
2408
10
818
1224
1218
192
1983
318
824
536
1832
1258
362
2086
1446
936
1488
1380
254
2090
2254
2224
2348
2074
1416
2135
2115
1953
2231
52
2051
2022
384
672
1924
2215
2073
564
1480
2051
2314
2328
88
1530
332
920
310
702
1710
754
350
1312
2197
1932
2066
2270
1872
1996
394
1640
1334
1803
690
2346
2200
2545
472
76
112
984
862
2240
2128
894
2062
104
2250
2020
2238
2168
1984
1748
1998
1572
1288
1236
2236
274
2342
2676
2036
142
2202
2265
1304
288
840
2021
2204
2082
1684
1698
1168
2115
2204
2257
1010
2161
200
2123
1428
2
1860
844
420
2392
568
222
2134
1480
424
2956
128
22
2056
532
2246
450
1518
1676
326
2416
248
1673
284
2121
1944
1803
842
2066
840
2123
2077
1826
858
416
2045
2330
530
2189
400
350
356
2329
2274
142
2283
106
416
352
