2168
610
1614
1294
1396
294
1802
1238
20
680
1240
1868
540
2075
324
438
296
1052
2171
2075
740
2002
1358
368
2458
1931
520
2041
1426
1190
552
2045
2165
318
1552
2357
1088
418
604
994
22
1767
2033
522
2004
702
562
1990
1754
260
540
834
2166
888
116
2489
510
3352
320
114
1418
664
318
1814
1226
416
576
822
660
1310
1902
2256
746
1606
2373
1798
1929
1120
936
2291
2137
1126
2166
2048
1544
142
1494
1450
2061
2049
590
1242
340
110
2204
2427
1262
886
110
404
1320
1718
852
2304
534
2017
876
2314
2040
2156
1962
1040
1324
1122
48
818
260
1236
2092
652
282
2250
18
808
1600
266
1804
228
216
1400
1254
2138
1694
2031
1880
1310
1380
866
2182
1474
1426
716
198
2054
2273
2311
1931
764
168
388
1500
1472
2603
2024
250
684
52
2301
1818
594
2423
1082
426
2303
2291
1755
2177
2295
2062
1312
70
2493
1776
112
2292
394
1304
290
1564
664
500
2259
2097
2395
904
1576
372
466
560
2048
2015
660
2000
418
1822
2421
130
812
1894
834
764
1999
322
774
140
362
2310
184
354
700
444
394
596
240
2296
734
1898
1856
66
60
278
2297
508
1326
432
1436
1146
2486
600
2391
2056
2458
2253
1074
610
2057
348
1870
1550
1222
786
1772
2141
2016
162
764
2012
1082
1097
2250
2172
1020
2417
2339
786
2147
1752
1891
1980
558
478
890
2028
1604
98
330
756
2239
722
754
1897
1984
206
726
1178
892
74
2017
1220
2170
2098
534
132
738
486
158
2226
1536
416
858
1218
172
606
1446
1056
2307
1933
2272
1980
1252
2348
330
2227
166
2080
838
968
338
2149
2698
1906
1322
520
2213
1380
1446
850
1060
2361
1198
634
2070
1482
2056
948
2409
34
360
2512
1274
118
2143
316
838
100
4
2156
548
2188
2013
2250
2145
2406
2295
392
1858
386
2434
484
662
2472
2052
1072
32
598
2249
1094
2169
44
1657
1124
906
1198
506
334
524
2215
1248
2148
2169
1302
30
1859
2182
244
1550
1772
1954
2026
1903
2160
1382
1496
266
2035
2288
2629
574
1444
310
2790
1878
476
2457
1550
278
870
1288
2379
2206
2262
2079
570
1842
14
1588
2124
1924
680
416
2092
1000
1838
734
1572
2256
1650
594
2016
1740
2233
1162
1758
906
2284
2381
704
1122
338
2098
2391
446
428
880
1996
1466
756
998
596
812
1382
776
186
960
1794
2025
1676
1088
1388
1918
2150
2361
1959
2083
224
2328
824
128
1482
2034
1978
2263
1732
2206
1864
1158
2360
1904
1936
1981
1762
1552
750
1514
2028
2418
1712
1798
1056
530
1438
2308
2199
2200
2170
1260
990
132
2339
2265
814
2231
1724
144
1246
1282
1034
2345
2603
2360
2126
1650
1964
1883
88
1206
938
404
1408
1930
778
178
2040
1108
2334
2219
2076
1176
724
1416
1130
2053
2291
2201
142
922
1424
1954
2109
1864
2184
774
804
1654
2047
1808
2254
756
468
2294
1780
1853
6
476
740
878
362
1864
1290
668
2253
2169
742
1514
478
1665
478
224
312
374
2124
2167
714
468
1214
2386
166
500
1544
60
2332
2978
668
1796
298
2245
2314
2415
2450
1588
1018
2129
1144
672
1300
106
48
1932
516
950
1996
408
1032
1680
882
2014
2157
870
228
416
2311
2258
324
998
2355
2150
2436
1951
2100
2131
1861
2440
2303
2322
2294
944
1106
782
884
1356
96
696
2034
1179
1903
390
2026
2371
2124
526
1186
878
2088
1836
2142
360
1194
2191
424
1650
2313
2090
1058
1618
270
2603
1132
282
1468
58
486
1904
2189
1368
2420
1865
2237
1584
1436
2286
968
78
2163
1260
1863
842
850
1470
184
732
2257
1968
404
938
1300
448
1960
2480
684
738
2064
1927
1872
792
110
1838
1362
1100
550
2387
968
2548
2452
1762
1230
1746
1906
456
1986
1074
82
2200
318
2064
76
2267
1000
806
1916
2408
1014
332
752
856
876
84
2058
506
2131
2288
2344
1996
516
1562
2057
2055
1949
2430
1682
2183
2398
654
1843
498
2032
2162
404
680
2238
1730
2213
1771
1276
2243
1610
1856
674
778
2020
1132
1904
1962
2216
130
194
2244
1722
2411
1938
2378
934
2226
2075
220
2318
656
2501
48
1510
2176
1270
102
1170
1204
918
2078
956
2252
56
572
536
1202
176
2116
1644
826
608
746
1432
2249
2093
540
404
1308
652
2016
2332
1964
1300
96
50
558
2156
34
548
108
2412
2239
1796
1150
914
2430
360
200
1490
836
546
726
2275
666
2341
60
2479
406
1954
584
2235
136
914
1488
36
2313
1182
2395
214
1328
1082
70
768
390
2456
348
1098
1922
492
682
766
540
714
738
2419
1946
804
478
570
1889
1778
1082
2360
1823
382
616
1404
2097
186
1888
2057
2250
962
1260
1158
1670
2408
842
2157
1982
2342
1841
336
558
2046
1090
572
2118
2011
1926
1866
852
2284
2407
1950
2101
2085
1176
1034
28
356
532
734
1792
2367
2034
2164
240
2123
2291
2334
742
1884
564
188
2198
30
638
114
2514
2293
748
1528
2936
450
1052
2259
70
396
440
1707
2038
1801
1602
1450
1856
522
1156
728
2069
2272
590
180
1944
2197
1872
1004
1186
2076
562
80
368
1916
730
2075
250
596
2072
606
642
1921
462
472
1442
1864
1820
2239
264
506
2215
2059
1528
1610
908
1026
2127
1774
2349
2137
2242
2251
688
82
638
2248
2186
1555
442
106
1624
2075
1186
1050
2414
1460
418
458
1676
974
2144
1756
252
828
2101
1593
2160
180
26
1134
2187
2473
202
348
10
1900
2340
2996
1674
172
1184
224
1710
1868
1824
2438
1324
2099
270
856
688
16
64
278
168
710
266
236
898
728
340
906
2422
440
1816
2183
1198
448
108
696
882
1136
1064
2186
134
2173
2275
976
2489
2108
2110
1712
2257
728
882
1920
2224
1034
304
390
170
1902
1456
2292
196
358
1934
730
896
1766
1454
1771
1872
492
946
212
174
844
822
2214
920
1124
1748
342
2108
1220
1328
2240
1728
320
962
2426
1936
1476
978
40
2053
1746
2068
2302
2360
1434
484
770
2077
1488
1418
266
2106
2469
306
2130
1832
1386
574
2081
2145
2118
2355
388
3568
2004
2246
2436
708
2428
1574
1966
856
28
358
2210
1812
1010
602
1915
844
354
1498
446
680
2288
248
1836
1970
1638
136
1092
186
844
1446
866
2217
1446
2078
1876
86
726
1208
498
2202
478
2204
2285
2298
1826
462
2202
52
2394
1252
1699
2019
536
852
706
2350
1604
1809
2650
124
2088
462
246
2029
1122
1691
2398
766
604
1000
1306
2489
1688
1012
922
752
2194
940
206
2629
1840
1222
2179
2042
972
1214
136
2256
2166
246
486
2457
648
2472
1878
1862
1572
1078
218
676
2384
2365
1788
270
2188
816
2451
2532
828
446
12
1370
2213
1950
720
878
208
2248
2046
1472
838
698
1060
726
1913
916
50
1746
2152
274
1954
822
162
438
650
1232
94
2114
354
214
60
2094
1034
666
2260
2537
2417
2996
1756
946
548
16
2024
2254
2100
2273
2252
534
1562
1766
1686
2199
152
1104
2419
1464
2201
2150
238
2243
1982
410
376
1452
1866
238
692
590
60
1260
202
2455
768
1724
954
986
1088
2351
1938
1484
2171
2294
2270
1630
1426
494
92
2426
744
566
12
128
602
2379
2253
136
526
1194
1444
124
662
1536
1496
2076
1036
2389
24
300
384
242
28
894
2480
1164
2113
1200
2265
268
2372
2266
2488
768
2376
2215
236
2423
2147
1912
292
1252
2252
2256
412
2255
2281
2427
2004
2239
1540
378
2211
2265
2292
2021
1885
736
804
1152
2356
1943
1724
1366
574
2141
1406
2092
1012
1386
64
2079
2125
1937
850
496
2430
1192
380
1150
1642
188
682
758
2128
350
1562
2160
1961
1132
182
1812
1076
1192
256
3068
1084
2383
2095
48
1076
1510
866
278
776
2266
2180
240
2348
2602
894
1252
1821
1500
592
1992
2180
1732
2110
1750
2173
2108
986
1724
1002
1192
28
2301
570
450
2245
2081
1480
2143
2018
1916
1202
400
2361
748
600
1196
92
1856
1896
752
2469
44
1048
2130
1948
1730
2202
248
382
1672
296
2453
2052
1228
2423
1846
652
382
742
640
1522
978
132
2267
1688
798
34
2069
1388
622
386
2210
204
240
1816
2268
642
1430
850
1178
32
1852
202
1678
1320
1556
2371
190
1456
954
1958
1234
282
2387
440
110
568
944
586
2429
72
562
34
320
812
518
8
854
1106
1086
1582
936
2144
2288
578
1993
710
508
1392
2355
468
1354
390
2151
2263
1058
428
2114
2189
2090
1366
2414
1537
2184
2394
1176
3266
2268
2108
14
1416
522
686
8
2124
926
950
1838
454
2253
2132
1038
2088
44
1566
1284
652
1162
566
2381
34
604
58
1766
2376
780
742
800
2100
1268
