108
580
340
776
2206
864
1548
2333
1400
450
390
2312
1444
210
1404
1486
752
438
2143
1362
1462
1741
1120
828
2680
18
1732
1862
500
702
876
2146
2265
1424
1960
2335
2337
2546
1663
694
1546
1690
2217
42
1672
620
1602
2208
2086
210
2084
672
40
730
608
1036
1598
906
892
2039
1052
1254
1614
2008
1998
70
366
2227
1986
4
2328
274
2048
2120
512
292
1639
2055
2138
1074
2037
1382
628
514
1372
820
2319
482
2063
110
18
2073
74
890
2111
1320
1456
940
2060
538
1384
1538
1036
330
2020
48
728
476
1640
1114
94
2348
2078
1288
2200
1374
44
2019
1306
1975
1842
704
650
2396
840
546
2080
2535
1474
1725
2103
1947
732
2093
266
1874
982
1994
822
638
2122
2299
156
716
1116
2382
2030
2297
1064
1266
2432
2218
726
704
712
2348
466
2167
1538
852
2088
2172
796
272
1678
602
2346
128
276
788
1194
1694
2325
568
2389
2000
1874
38
1742
248
820
854
2228
204
1866
2242
974
1390
1350
2281
702
480
64
2339
1256
2210
2009
2354
1928
914
1728
1835
1892
2229
2910
330
1906
126
2036
270
1904
2244
1938
2463
2088
212
2069
2300
380
676
2108
1904
2356
538
488
888
800
2069
606
1022
2273
60
2206
2362
2234
1184
502
180
294
1568
84
2418
1082
2062
958
128
2358
1812
840
1190
2030
1622
2208
54
1482
1961
2209
622
1292
2150
690
2260
1090
2196
2087
310
382
1232
476
142
414
1556
418
2183
2427
1586
2204
1164
1332
1930
2251
1902
382
294
2152
2319
996
474
728
2207
2216
2258
2260
226
426
880
1792
1328
2084
2314
2352
2266
1698
1404
1744
2252
2014
1140
632
232
324
2086
1084
2091
954
2068
942
1226
2114
1286
2286
1989
880
1288
94
2352
12
756
1917
2127
1432
2019
2076
1112
90
1136
2125
2170
1276
74
1656
2134
436
1782
2005
476
1234
118
1734
1338
1498
598
2177
1154
116
626
2340
1828
1978
2360
4
244
502
1936
2189
208
2143
2062
2363
926
1138
1036
820
60
1128
992
42
456
742
1810
1596
776
1899
776
876
2174
1342
426
188
2322
2134
288
1615
1945
490
900
2088
1286
36
512
2215
150
858
2009
860
242
2397
1390
2648
52
736
2268
1550
196
2241
402
430
2341
2196
124
2306
2421
82
1674
1908
1926
1932
368
156
1612
1002
164
492
342
2093
182
62
1382
1876
1740
338
474
202
1014
2394
1966
1256
1634
2270
860
1784
1034
1416
2193
724
60
2152
500
472
548
1122
4
1472
2244
244
258
764
2112
1688
536
1552
1956
1378
2198
2335
2234
124
982
2371
1670
1794
2450
1798
2280
1610
2394
698
1364
666
594
2268
1224
2061
30
208
2496
960
416
2222
1162
2146
556
2295
1987
6
2647
2360
2022
2177
440
1503
1886
2472
2229
2066
2368
1160
142
1556
1140
218
462
52
1322
2310
616
618
594
2052
1442
512
1806
132
2716
1380
826
1368
2183
474
516
610
1394
1582
836
2074
10
2224
2146
1380
434
566
294
2518
994
764
1829
2301
192
1918
2152
1729
230
394
3290
312
1806
78
1466
2357
704
2181
1492
342
2035
2234
2381
2339
468
1876
492
2255
2187
1874
2357
1366
2109
1482
2102
1040
932
1976
2120
852
1400
1644
448
1196
2423
474
2209
170
890
922
1366
1028
2179
2056
16
50
332
2213
1252
1108
532
2146
106
1218
1922
2377
18
422
1568
1634
1718
1936
2206
2357
780
1060
206
66
580
412
2286
2188
1384
1998
1714
632
1907
2386
2172
1526
2100
336
2436
2512
660
1048
1384
1536
448
108
2226
670
1092
582
1662
660
2298
2164
1322
198
70
622
1458
2032
2067
1468
1004
1594
1987
2132
1970
664
122
702
624
936
1742
1648
680
1977
2307
108
1840
2108
548
1896
302
1548
2156
2326
976
2660
2567
646
486
2253
1920
1144
418
2136
596
424
238
124
668
1952
514
834
684
1626
1860
1692
1999
2377
264
918
2140
1994
2435
1052
410
2127
2150
30
1800
2165
1050
522
1804
2057
1938
274
1338
834
618
1490
2190
2755
926
1940
220
56
594
2331
2164
1002
2088
1896
1252
1864
2562
2030
2195
222
2088
1909
742
560
884
596
820
54
2063
354
44
982
542
1178
256
2288
2021
1414
30
1959
2154
1156
1004
2382
1950
746
1462
2039
2594
2278
56
2372
412
60
222
650
658
56
2211
1962
724
2196
1674
2182
2115
2417
2392
2325
2177
168
322
888
2324
466
262
1336
206
312
1396
846
610
1208
1444
1016
952
1064
1815
1282
300
106
1072
1755
2454
976
2108
394
1891
1006
1036
1408
674
698
1914
1502
2142
302
12
158
2047
2128
646
1981
2423
490
610
2150
2164
2838
672
2476
1388
1502
324
354
642
804
1106
320
2020
272
178
396
656
2143
1624
2210
2295
1358
1128
2154
1876
2306
670
2246
2485
396
2302
1908
458
2458
196
1975
2287
2068
1436
1170
2177
2323
2159
2308
2393
36
386
1550
1724
2367
780
448
1216
2121
1362
406
4640
186
2216
1008
2326
2100
2144
1584
52
966
1806
974
1614
458
1136
252
952
1802
1981
2229
2716
392
764
294
606
1364
1716
2388
762
1977
2022
712
2485
96
1890
2234
598
2334
928
2441
100
388
2520
210
1090
1384
1060
1280
2054
664
24
784
2516
1734
96
1084
490
2367
2426
2137
414
1832
2221
1342
978
918
740
1856
1600
2257
442
1692
2372
2249
2662
1772
80
720
1460
370
2325
1272
372
216
2039
400
1418
2523
1460
478
2089
2295
86
376
1807
2492
2355
654
2150
848
2230
1010
2299
1364
854
2080
1292
2278
80
2008
2218
262
1667
2203
1348
974
2363
2267
702
1660
762
1422
176
490
1352
380
1930
670
2228
2103
1918
2150
466
1654
2256
2372
1845
2033
1270
846
116
1758
2036
2216
3029
836
634
596
36
250
38
838
2323
1142
290
2366
2002
2189
992
714
2366
184
1390
2673
342
2325
2360
1707
2364
2408
1852
1274
1606
876
202
778
1600
1122
1558
2263
378
42
1298
1914
332
2107
1885
1442
2434
2209
1414
1802
178
1582
56
372
760
2150
2340
570
870
1434
1604
4
2395
1982
2286
1450
2251
2162
2126
2100
22
2254
1848
2196
38
1704
106
428
2958
494
2414
626
1474
1952
1074
1969
1174
734
2220
650
1854
2122
2071
2133
418
798
1040
860
1836
756
112
316
1370
2436
890
266
754
2166
1896
112
2136
370
118
764
1108
1258
2049
2084
394
1570
152
2201
1390
640
918
1128
2045
378
2126
2407
2289
2059
360
152
2009
1870
1774
478
1022
874
450
756
446
1873
1622
1884
680
2264
606
2011
750
996
2032
86
1740
1334
272
1608
1928
1052
2381
2270
42
2396
70
2272
2170
288
292
196
340
1910
2286
2032
2090
230
4
842
568
2089
542
2282
2391
906
834
2300
2129
1024
1342
612
846
1234
300
956
1910
422
556
2095
2338
1032
1850
1008
420
960
1122
2140
2082
1932
432
2260
448
790
110
1596
256
2259
66
300
272
1108
2359
2255
296
1740
98
2184
478
1978
1761
1352
1178
198
1772
392
2367
2280
2755
290
78
1026
2471
404
1728
52
1962
1132
2085
754
1388
1909
384
60
92
58
138
94
1708
1082
2244
1168
576
1152
2275
2140
2476
1188
2033
2088
2300
456
226
26
1150
390
2335
1312
1929
2137
2080
2285
44
336
2262
2401
1552
2089
518
1422
2040
2056
2124
1340
1396
530
2265
1124
1076
930
144
516
752
1242
174
1707
126
2562
714
702
1474
958
2357
110
1748
1424
582
2443
868
100
2263
1458
172
1734
192
1220
188
1042
2110
338
786
1850
268
2019
1832
2451
1156
792
3197
188
514
1931
1414
662
2426
2049
2057
1124
1434
1038
1853
1324
906
1995
2106
258
2163
900
2192
2307
788
578
1096
1957
2208
2302
2899
2094
2219
978
2206
1788
28
292
1836
56
2529
592
522
398
1678
2164
952
1944
2144
2299
2060
914
2270
1332
2499
2249
1937
1804
154
1997
1758
440
604
1612
472
1242
1898
2274
276
1242
840
672
506
2199
874
178
2000
504
254
312
764
2257
368
2145
2015
1354
800
1990
754
2186
1454
424
2350
54
1010
272
1330
1983
324
990
64
2261
136
2241
1358
2054
528
1832
1870
2168
1238
666
2313
832
212
2272
6
364
134
76
532
2295
494
1102
498
2402
1632
1809
2334
138
1220
2370
54
2299
1991
412
236
976
274
1786
1975
2036
1472
148
1262
1458
1473
1422
482
354
1814
1272
1730
1706
446
276
164
446
402
1350
1560
2054
2519
1290
1574
950
1910
2463
2407
2098
2105
1514
96
146
346
2196
2159
2068
1955
1910
432
1428
2279
2311
1692
1762
504
930
28
550
2178
870
630
142
2182
766
2384
370
2080
2222
956
720
2252
598
2268
620
1884
1082
1184
240
1983
118
176
2283
108
