258
826
220
1088
20
2339
40
1958
966
2078
38
86
268
2292
2289
904
2354
244
280
38
1016
2333
2114
132
822
1406
1292
2084
1202
530
1226
2256
218
962
166
2253
26
544
1082
2371
1152
1953
1248
508
1838
2175
14
1800
1036
1510
438
2167
2086
2315
100
212
1088
2272
1598
1426
800
1320
1574
594
298
2182
2258
632
1440
108
1584
2532
126
2111
2357
822
908
1963
2115
1430
2175
1644
548
2096
2287
116
208
1876
438
2370
282
2201
20
464
472
1344
2267
798
2254
876
1932
340
1624
2255
996
2116
1918
1556
1803
1822
2132
536
232
2222
618
888
2778
2140
1868
2100
2110
1386
1250
2361
1656
1762
1777
974
2088
2007
126
662
2158
1774
2310
1822
2460
2154
350
2238
890
322
2330
1772
1224
770
982
2541
2104
824
2348
526
638
2094
1758
1994
2108
2225
742
1876
704
146
1464
1922
1288
2136
378
1462
728
2014
1990
1252
2082
382
2402
2259
432
1552
2344
1776
594
554
1578
2410
1974
2391
1600
2118
1214
1042
1905
662
104
166
238
444
1481
2233
190
2262
8
500
666
2111
2392
1162
1046
1770
78
614
2393
1172
2375
2264
956
376
2082
1474
1954
368
2150
2458
2387
212
992
286
2184
1858
26
356
292
136
590
2055
852
2593
1534
1516
2337
950
1346
2373
390
1960
1074
2375
2442
606
822
1166
1166
740
584
1188
742
128
1938
388
1026
2069
2414
1356
388
2142
2122
2007
2280
414
2299
380
98
1378
374
588
72
2230
812
2373
164
432
2012
178
2670
160
1350
682
2266
1096
2042
648
944
56
842
908
134
674
344
606
660
98
280
1934
2025
2446
1630
1246
320
676
1988
1776
704
914
1706
208
2088
590
576
1254
2123
2090
1490
1568
1000
180
864
582
1652
1070
10
362
1882
348
22
1860
1290
2185
1945
2400
2271
1851
448
1480
2428
1446
1364
2207
1292
470
2234
2120
2428
2354
2248
2227
816
2302
84
1298
600
1056
836
1962
2126
24
740
370
2254
2242
2297
656
2297
238
1935
2391
2128
2283
252
1340
690
6
1672
1012
1544
948
114
2204
482
54
1926
406
926
942
594
2203
1770
1890
1426
2152
278
2413
2100
430
806
2059
444
1060
764
2028
2595
2145
2196
2447
738
1492
1832
898
192
96
1917
2214
2228
982
146
766
474
1096
130
1917
882
2551
1204
98
1952
208
728
2326
1848
2067
940
1863
640
1783
1050
194
2298
1414
970
924
760
354
1853
2428
476
568
2054
2294
852
1732
2025
888
636
1909
968
1574
1827
2155
2352
1988
72
922
1642
174
2182
1788
650
1094
2493
2130
2040
60
2336
2138
1944
2296
176
2228
1558
2178
1186
1446
2118
28
1983
2122
248
2155
2324
2278
418
1352
2159
374
420
10
1018
2219
2027
2349
582
1628
836
1362
98
1108
1314
1230
1964
670
2551
738
180
1734
1520
2078
2341
2017
2204
418
1538
2499
232
1971
562
1212
866
830
2290
2370
412
344
2191
2182
2102
2009
1664
2080
108
760
948
288
1224
2447
372
244
144
2272
2303
58
1102
1290
1414
756
1756
2212
2378
428
2180
514
846
2668
280
438
452
2078
1076
332
2261
744
478
2024
1814
58
2481
2494
2250
2039
256
1722
1570
2181
3550
2059
596
424
1280
2340
1950
1614
1920
2005
1588
202
1112
2330
238
846
1100
890
820
2093
2345
1360
1732
144
946
254
1885
818
1432
2715
1172
100
660
344
124
2012
2480
1120
1080
1748
2001
694
466
106
1986
524
2132
240
1916
2128
2345
1484
1194
2014
2319
648
620
368
240
1584
2045
566
2330
546
2154
2227
168
66
1600
156
2371
144
2379
294
1790
288
2009
1328
962
886
1994
722
2038
2322
994
1875
2412
1495
390
2182
1902
1448
376
2374
2223
2224
2132
2272
268
1698
1140
358
2144
2292
2532
1896
838
226
1956
2068
358
2260
1922
1218
1138
2210
64
806
2385
2491
1688
960
1960
236
1256
1760
1698
1132
1892
1484
102
1004
2024
2717
1454
1316
2152
2161
474
1142
622
2373
1234
2333
36
196
2366
2668
1674
1020
42
108
2052
976
2214
418
2028
2193
458
2320
1915
808
1980
1776
1974
176
1596
284
2182
854
454
186
296
736
2065
1516
262
1478
938
2247
298
2391
2472
628
1544
30
1590
1929
2438
2563
636
2563
2132
116
206
1198
2146
2222
1364
2200
1076
2501
1176
658
1922
842
270
642
1462
750
2209
292
614
1278
452
812
252
16
2186
996
410
5136
346
276
2067
2176
226
2012
2227
1897
2052
1968
2360
1868
1602
1206
1974
997
2
2416
936
340
10
1903
2422
480
2511
338
4
2096
656
1052
228
622
628
1014
1238
2392
1860
336
74
1884
1902
2000
1632
2154
1228
1926
274
714
2341
1078
2215
1414
2357
2168
518
464
2480
2105
2352
934
2040
1436
322
1512
1398
240
2207
1186
2146
2136
1488
30
114
60
2355
106
452
804
166
48
530
1310
198
232
1608
740
58
376
682
288
708
572
498
506
2316
2284
952
1962
184
60
104
2343
2503
1574
1920
358
506
1739
650
2399
1342
316
812
1620
1974
1342
250
344
1600
2498
320
1774
614
2413
2072
2006
168
782
1418
262
132
864
710
2140
54
2247
2220
2155
2174
156
942
1975
46
2144
446
2120
1644
2394
848
2335
648
2254
1538
124
1638
2054
1774
2392
2110
656
1974
688
1028
1869
828
2318
1044
720
276
986
1806
2004
536
2008
2443
2251
504
716
1762
2060
640
2297
1428
926
952
4460
2248
1923
2021
280
1030
282
1766
1124
984
522
1698
4
1724
3036
2160
1742
1612
1532
1008
36
1462
2472
2165
1484
178
2017
2355
210
1730
656
2366
2413
2739
2233
2174
2038
1224
150
1238
792
2324
338
2006
1158
1780
2121
910
1915
2131
686
968
1436
354
292
382
3679
1020
2214
344
1028
2
1160
2291
1162
286
928
2290
448
1727
2001
1630
2160
1494
1176
1698
988
492
1082
1458
1450
2319
1138
1590
2428
2587
562
1718
1552
418
2195
300
1154
1999
78
770
1066
136
2177
1286
680
344
82
380
966
1870
1756
2326
2140
692
124
1034
2540
1040
364
2429
2098
1921
1644
1962
912
2204
2264
2311
650
1718
948
1096
1260
2078
1996
1994
608
110
2094
202
414
162
2094
20
508
2167
300
464
1422
2037
430
28
722
346
370
1522
2086
2181
610
2073
1801
1124
2354
554
2409
1808
800
2230
2034
190
2108
1264
188
1933
504
1186
192
1216
1370
2048
124
2532
654
872
2329
2444
486
1848
2132
676
568
582
178
1654
634
118
20
614
288
1324
194
2145
1472
122
102
76
2229
2356
876
2258
1784
2270
272
636
310
2196
92
1850
258
2337
998
2080
2126
2384
602
1004
1508
2138
204
1310
1374
1458
1310
2178
174
1244
524
1926
1572
2085
298
2101
2150
64
2340
920
1136
1310
2146
2217
1396
1456
200
2321
1336
2071
2030
1216
490
2298
1810
298
348
2340
1608
314
1102
478
2046
360
656
204
3256
1708
2164
2216
440
1806
738
2136
1476
170
486
1682
1032
1926
878
2059
1016
2395
1796
1368
186
84
2523
1682
1260
2287
366
134
2196
1963
2424
2514
1502
1947
2013
1240
124
26
2254
26
1967
1944
2139
430
2261
212
2287
1592
346
1888
150
294
148
1190
328
1550
1282
2269
374
504
248
1682
1654
2302
474
2259
180
1550
216
2276
674
502
2267
1963
72
1076
2516
502
2160
986
2160
2220
2294
2294
1728
2197
1098
458
948
2138
2164
2267
16
2382
126
2272
1268
1350
1882
2286
2281
44
238
362
2383
2182
2472
166
2189
266
1460
810
242
86
2171
1686
1662
284
312
116
1692
2371
1664
1726
596
566
372
2379
2074
190
1941
606
564
2413
2089
1950
1364
1458
2178
850
382
2378
2492
988
428
2324
432
2055
666
2591
2522
2209
172
2160
98
1448
2129
416
1847
398
184
2148
2356
2241
1354
1338
238
2416
402
1450
10
1362
232
202
2338
818
1006
1982
1060
1939
2133
738
1074
368
308
1949
2464
1940
1062
2005
336
2261
246
504
212
904
554
742
600
2060
2143
1662
1256
1911
2318
2178
1432
2038
1892
626
660
1580
2129
1806
2049
414
2167
2026
1322
2069
1294
2073
476
452
1236
596
448
1098
468
2154
2079
658
2433
1710
560
1512
550
688
796
2224
2182
2015
8
2075
1296
1904
856
22
2416
2435
200
82
2262
1718
1758
2025
482
2012
2879
1158
196
618
2443
2331
144
2179
804
2324
352
1260
950
922
1760
504
202
2291
2016
2142
1282
1936
2301
2265
724
1094
94
558
1392
2023
754
1064
1560
908
1875
2035
2117
400
74
800
542
2104
2295
212
1248
2066
2411
328
2461
2015
866
2146
2070
426
828
1788
2390
2119
1182
2579
2272
212
1606
1200
1520
2186
680
1340
238
676
272
678
2311
1538
1160
318
1866
