1322
280
2228
2139
284
760
2838
1098
74
2344
666
446
90
1819
996
172
2354
1929
560
1798
1054
1316
1360
2152
1592
164
900
1880
290
1216
720
622
1948
10
1236
1392
2215
2049
984
512
2281
1946
456
1959
1562
1090
2316
708
2077
462
2080
2008
100
892
220
1758
1930
748
1718
102
574
654
2146
2356
1054
862
704
2099
396
2404
2408
2255
548
76
1516
1114
1686
2268
92
1256
2154
2128
1888
2092
478
228
448
686
284
780
1678
238
2491
2267
18
2285
688
462
2005
704
318
342
2474
2126
394
776
362
1684
1899
1924
2162
2320
2408
2157
1744
2323
2265
2307
118
424
1552
2242
1008
936
280
2059
1182
108
2231
1112
1830
2345
964
1616
170
2457
1376
514
128
890
250
2380
2128
1924
158
2196
1020
510
556
910
2179
1162
1452
2202
1396
532
2302
100
562
30
1108
1684
1184
2422
124
1072
2128
172
2508
2127
594
1556
1644
198
1786
74
64
1806
2502
2000
162
538
1768
2284
212
632
96
1314
2306
1032
2150
1892
1990
1254
890
1766
2160
1951
584
602
392
966
960
1294
1526
336
1306
440
2161
1824
1850
136
1494
120
1797
752
1652
2209
1784
1656
1941
2286
1282
2047
1939
1532
2388
606
1912
56
256
1118
80
2276
1066
2082
1534
588
2350
2336
1354
2664
2198
976
500
2112
2553
2173
548
2160
2098
2288
212
976
642
2196
570
138
1352
2033
2133
1108
1228
1897
1946
2202
2131
462
976
876
2010
316
438
1132
2135
2249
1864
790
596
444
1570
2214
246
2072
2251
250
2137
138
2371
2199
2481
1572
24
2480
1178
694
1993
2259
220
2229
800
1524
1836
814
1582
136
1598
298
1124
688
160
584
384
120
2212
1880
230
42
2102
1728
28
2129
1638
2056
924
48
210
246
2214
2022
2005
2170
286
2399
1831
74
1314
566
2024
2153
596
1871
2307
868
2221
790
570
582
2161
678
1276
2092
1908
826
1444
1558
812
1836
2020
584
228
2002
2173
1628
2052
96
642
1368
2596
2461
1628
2508
30
1330
796
2503
2222
1936
2490
1158
1776
1228
1899
1971
2559
462
1496
2418
2312
2504
1560
2154
1114
176
306
1358
2250
2108
232
2460
442
348
1146
232
2213
20
886
2086
1534
2132
564
1562
1146
2499
2119
74
2678
1148
972
2246
2378
2065
716
50
2299
636
2014
1624
116
336
2030
168
792
916
2443
332
2147
544
2329
348
1220
1898
534
1190
2382
2119
1346
2333
1482
2312
1240
1672
1874
2304
802
270
1931
2172
2332
1620
2622
908
1234
1058
2158
2301
974
162
1979
162
798
1964
104
1832
1702
156
2056
428
2240
1036
1202
786
1498
66
2180
1762
2121
1858
2510
2088
2244
1208
1300
1498
610
794
1848
2206
898
2263
108
1232
378
1936
1887
1018
826
198
2164
2293
1934
508
2213
1692
208
2084
314
366
374
148
582
2098
2427
1066
1823
118
2333
2270
656
1966
1546
1986
1987
424
984
2305
1740
226
2051
1990
208
780
2266
2170
638
742
518
1940
2129
178
36
2035
2292
1196
1958
1798
2369
1846
258
702
2148
1604
576
1790
2104
1426
1764
2467
1955
700
1630
2236
722
2006
802
2241
358
790
1986
2458
1124
194
468
2468
2053
994
1274
1810
1340
20
120
2418
260
1978
898
2484
572
404
126
718
498
2778
2669
1992
848
142
966
1452
2490
2058
182
174
302
1214
1096
374
1008
1574
2501
1552
922
1880
102
1660
280
2337
2339
528
2148
2513
2067
2229
2089
234
798
1334
958
32
1292
1948
814
2100
502
102
2083
266
558
1804
200
2460
708
2392
268
2381
550
2115
1614
2267
2270
2227
86
434
2286
2065
520
2204
2078
2206
1038
618
2281
2198
2141
244
788
1166
136
374
2280
2204
2183
2124
1803
2001
2135
2081
466
960
1933
1957
2376
2414
2206
144
276
512
712
1723
2207
2236
1474
1138
178
282
2144
840
634
2039
132
2165
508
2164
1202
1766
1936
270
2096
2377
68
272
708
404
858
1516
2263
1764
1903
264
138
744
1420
1694
2155
114
940
150
2178
1622
146
1058
1358
86
1993
2228
1326
808
2208
1114
590
1558
2259
1951
514
516
254
2302
2125
1448
662
1450
824
1745
2151
198
124
1270
2549
1510
1959
72
2414
800
1973
2458
1722
154
1484
2084
2034
2032
206
526
118
1080
2188
314
118
2127
1462
264
1180
582
2089
1480
654
2160
1622
1030
218
1488
1042
1312
2510
350
1568
1878
1939
1981
1524
756
1480
1104
1094
1896
1498
2308
2387
2548
2276
74
1852
146
2020
1030
2004
500
1601
736
490
2508
512
1778
1682
14
2015
2132
948
306
2008
2281
940
2120
1314
1088
1082
1274
2120
998
2000
2291
2651
2225
2328
726
2319
328
2460
670
640
1024
2339
608
2493
1971
718
2166
2088
1100
2438
1914
54
2224
2291
846
882
638
2033
926
562
1486
380
2162
1594
12
116
2134
286
2161
1312
2055
264
1196
342
1924
528
2342
74
1760
2393
2503
2211
352
974
1878
2138
2438
2294
542
216
2368
706
502
1062
618
2115
472
474
204
268
204
2461
1852
2171
952
714
1640
2027
2274
1745
2552
504
1322
1620
1735
2072
154
2427
2169
906
462
1840
2344
2088
1931
2058
76
1930
122
2386
2330
1030
636
870
1834
1906
368
2302
658
288
582
1595
2141
760
196
1312
422
1718
2419
1866
796
1760
222
2011
418
2052
190
2052
2077
1216
1118
698
1518
270
8
2288
302
2457
1008
12
2080
4
186
1122
2171
140
1884
2460
1774
910
2714
1829
1742
226
714
2488
244
116
2438
2
1995
362
2193
2076
1756
752
960
870
236
1190
2258
2114
1979
1108
2149
2415
2172
264
236
1966
1568
2154
740
1992
2255
1516
640
746
66
946
1797
1490
2282
394
2182
1264
756
1937
852
1828
694
2172
2133
2094
236
610
398
284
362
240
1110
348
828
62
2226
1669
484
1366
74
2478
2096
1182
1824
2434
2253
1400
982
926
822
1862
298
60
2085
304
2344
1062
692
350
462
190
2469
1961
2330
2117
1968
2332
2265
116
2126
834
2228
1246
596
1110
1012
570
1684
1965
336
1889
1274
2073
564
2792
590
2385
2251
898
2317
986
114
1108
1444
2478
2391
2020
3233
370
1987
2172
2283
260
2152
1959
632
2314
64
1729
2164
2140
1842
1334
548
760
2156
2217
1270
2028
1909
2256
2550
886
2173
1770
1288
1558
2200
838
2041
2058
2284
800
2123
2348
304
538
1744
10
20
972
1216
1548
1652
350
2260
286
2194
908
810
2483
744
2237
466
178
1605
1721
2133
1656
360
350
442
2314
460
2274
150
482
1712
276
2032
2124
2194
1907
2224
2205
1954
2082
2252
872
500
2100
258
658
1554
1847
1773
144
1991
2124
482
196
340
392
1272
690
1038
2087
2443
1664
2410
2184
1594
444
148
886
148
774
610
1856
50
1038
1850
560
2320
504
1546
2084
178
2158
484
320
642
1963
1440
2137
1736
2206
650
52
206
1980
80
2170
1806
688
162
1224
2486
624
2091
968
2470
2014
50
2276
2334
1556
86
2281
2391
1208
1680
68
710
2166
1921
1108
2092
580
2390
828
688
1894
304
1054
1340
2265
2292
402
1882
1186
2317
1812
2335
1546
1076
870
314
470
1810
1024
2404
1292
694
2056
2264
1722
1118
2412
206
406
1988
2512
1112
528
2254
1010
2024
2277
852
2036
2272
1282
1262
1402
134
60
2059
900
564
1456
968
20
1974
1328
318
1648
748
1444
1012
1112
96
236
1036
2566
644
1484
2629
2550
340
2418
1891
236
2206
176
554
2309
404
700
2919
1072
2297
194
2144
1092
738
6
488
2570
2283
632
1927
192
274
1058
1052
1590
296
262
172
1218
1012
2489
644
2242
1150
752
140
2389
1032
2286
128
2144
1042
2018
86
1248
2289
444
2427
2042
1594
2443
2242
780
436
74
1798
2358
1198
2082
1694
2158
1012
1952
36
136
526
874
1450
732
2412
30
2254
1920
592
1746
918
788
1396
1750
86
1334
2190
1840
2301
1916
362
1212
2160
838
1732
532
1288
1116
54
710
2046
996
244
1186
2232
2290
1314
1290
2265
1986
1238
290
944
2341
2336
1912
48
1506
866
328
1984
1941
282
1106
776
2256
926
1841
1434
950
270
252
1544
2413
2218
1178
2251
740
2331
1682
2055
296
562
2176
92
1194
2274
2060
742
1446
1490
1553
1180
658
1028
2406
2283
64
94
86
404
1344
262
608
242
2176
498
766
440
52
260
1628
166
2294
386
986
2200
344
386
70
628
942
2205
1902
2275
2310
1600
2974
1910
1867
2116
2242
2169
1280
680
1196
1616
2203
2237
2142
2517
884
1900
1182
166
168
914
1314
846
904
2314
1466
2131
218
1720
884
60
376
2285
1140
680
280
258
2256
654
1708
2264
1330
1082
2063
1124
1737
2339
1266
318
2323
2105
1598
1940
2144
276
2480
888
832
982
