282
2323
1973
42
376
820
2431
1520
588
382
388
2188
2369
2106
1060
16
2113
2109
1802
1911
1152
2263
456
770
2502
2199
2144
2286
572
2166
2200
202
2022
450
1984
2306
398
12
818
248
1960
292
2067
4
108
1842
24
1106
2390
652
330
900
2134
2210
2131
192
2334
8
418
504
706
2228
1424
226
2117
1618
1702
2084
714
1860
314
72
1804
468
2109
1987
2206
1981
202
56
410
1054
1916
98
2404
880
80
52
610
680
1828
2298
1724
406
666
2123
2155
40
1955
36
1934
2288
2466
1596
130
2173
2018
726
2119
1790
224
2326
584
852
40
1470
1840
10
2216
380
1160
456
358
1338
1843
58
2168
2380
2007
1816
1352
1947
890
400
2113
1416
1930
1160
2396
2176
1072
2564
610
1418
312
798
730
1614
574
1882
1680
1980
2287
2079
288
1946
462
2665
1838
1136
2362
2220
434
920
1890
466
1578
2314
808
560
910
676
890
810
1738
1885
1877
272
594
892
1940
2262
208
1764
1302
64
1644
252
358
2371
2577
626
510
58
2202
1168
2288
794
34
616
390
2004
2069
896
1260
1580
1947
2273
1430
88
2319
2185
332
2042
636
736
404
306
1967
1980
128
1881
1174
2124
398
774
296
216
584
310
2439
1972
176
150
2264
1500
2293
1844
392
2021
84
2396
2005
910
2213
2533
2501
1979
1490
244
514
848
1588
1438
2061
192
764
452
2127
1687
2403
2114
2101
2389
2172
1940
400
2064
896
2068
992
1576
2302
320
930
2098
1136
2166
2334
1148
996
2149
1120
1834
1448
1204
2374
2017
546
978
1076
2183
1200
2434
486
464
2369
1912
108
1224
2232
2072
504
344
1036
10
2393
1148
598
2354
374
2005
2449
1518
1624
2210
1618
906
654
116
820
2379
98
1971
2159
190
594
2401
1318
1138
2
22
1110
456
1752
1905
434
346
28
2134
2285
400
1018
2332
2282
906
1412
2360
26
558
988
2510
178
1684
358
870
40
2105
1941
1642
700
460
204
2133
454
1198
1322
484
1834
1648
534
1346
1977
708
950
12
808
448
2359
2180
402
486
414
2138
2163
2303
658
2164
670
340
1894
1772
2134
2210
1320
1892
1308
2363
864
602
1730
918
2411
204
2162
1560
2391
18
520
2246
570
2372
2192
2285
1824
1662
2213
136
2067
1240
2256
2195
480
2218
1276
1904
2620
868
722
1122
86
1272
1592
1330
182
1484
348
2363
1130
2031
2452
6
416
2335
258
2208
2312
2313
2191
1736
2361
2532
1202
1040
1534
2083
1324
2501
318
1234
794
2221
1080
2197
1877
2402
1032
1118
1098
1116
952
1888
58
2183
24
164
1908
2000
2240
128
2076
46
1994
2286
1976
814
2061
22
134
1815
1970
1644
2135
2250
286
2134
1772
2434
2275
2167
852
2136
2331
1884
1198
2384
802
1296
2301
1704
674
1348
1780
508
570
1178
178
2166
574
2556
790
2266
2058
1993
1458
1638
884
82
316
1974
2049
632
804
2285
1346
228
10
2331
372
1498
158
1148
588
2284
2066
2342
1360
1880
168
654
1022
958
370
514
1068
42
2104
498
2617
1376
1444
1811
774
2256
2125
1875
1940
2016
1292
2473
1955
2019
1943
2074
498
2083
1392
74
1208
2000
800
2129
674
732
376
1796
786
2296
474
1998
36
2223
1484
514
752
888
2310
2428
380
1793
1596
2329
244
210
2386
1566
86
2065
642
2316
150
1892
1452
390
430
34
2347
1578
434
110
2053
874
1304
514
1292
392
210
1570
2291
2325
1228
2084
466
198
2271
84
428
1468
2370
1994
58
174
944
234
2255
484
28
336
2178
1820
2316
1818
1514
2243
1854
76
392
1400
2348
910
2131
1900
1654
1048
2679
56
622
2148
1812
394
148
14
124
2068
14
398
2425
694
1314
474
2181
2264
1909
2160
262
1076
254
636
1228
1514
1814
2916
518
108
2276
1106
2326
1198
12
2153
1548
788
4
718
2287
622
2377
2264
374
708
2022
456
2463
1924
1993
42
1494
2306
2024
858
2249
474
2292
2170
182
1002
316
2080
2292
130
2314
178
696
190
2005
1728
2619
2514
1412
2199
1426
2024
1196
20
2081
36
132
334
2238
2105
1144
318
2034
854
2390
72
476
2
2237
2310
304
1969
2053
2004
2175
126
2410
2348
930
1690
1248
2357
816
822
2262
278
1921
2042
1158
1686
1354
1436
364
1598
778
286
236
766
92
2134
1768
2402
876
2078
586
634
1964
1884
1962
2183
1943
1030
1374
2224
1722
2317
2286
2057
2278
1912
2230
2194
1969
198
2226
64
140
352
786
1978
1092
498
748
684
2302
304
2179
2035
2253
2602
1432
1294
1212
826
1993
2058
1792
1352
2080
2254
328
286
830
306
512
416
2164
10
1136
2190
234
1296
1020
166
1110
2160
1998
2291
2363
14
156
2196
1050
668
2382
722
894
1850
2126
430
1184
1854
1214
2141
1044
2215
1983
482
390
590
2287
314
486
286
668
2004
216
444
1963
374
2386
1336
2144
2046
796
2406
1006
1364
1064
1326
586
306
936
290
340
1020
2270
1012
1482
1934
10
2176
2175
150
942
1838
18
254
220
248
1856
2407
2051
1266
204
1156
1164
1200
822
142
298
2165
292
216
1454
1961
264
2297
430
1284
690
202
2027
2126
1250
1759
2042
1464
518
956
1867
328
1400
1712
38
792
1999
2383
1214
680
1514
106
280
1422
1984
958
1228
142
72
632
336
712
2280
1464
2129
414
1894
148
2126
1989
1602
2049
804
2140
216
2179
2029
2088
840
32
2000
2060
50
1340
1452
2110
244
472
1476
1248
2304
2226
964
388
1114
2917
176
896
410
734
2198
2435
2318
2267
1992
772
238
754
1866
58
1250
2057
240
870
460
2247
74
1042
2234
124
392
854
2244
258
2124
839
604
364
1976
142
144
1460
1148
982
1703
146
1292
128
1481
60
1198
744
1088
2948
746
2398
1512
1162
2400
2147
2797
2200
1092
2199
332
362
192
1897
552
2196
1928
1314
2526
2283
1606
1774
150
22
262
2004
2168
1883
2401
604
154
776
1302
1016
2031
2313
2203
2084
1930
1680
2315
2036
1496
1762
720
2204
920
176
2290
2210
1194
2085
818
1842
248
2257
1354
2078
1470
1340
526
720
1122
290
2118
2181
2082
2251
2344
636
2029
2467
656
2350
2098
2389
1426
2092
2363
1724
606
642
2126
1779
1004
1554
1334
2135
1860
2202
1842
160
190
2309
2368
40
374
668
998
2042
866
322
648
2094
2259
2406
1961
2188
3717
282
2311
746
386
1472
1988
2286
944
688
2048
1628
1242
228
1476
2593
332
2108
2214
2210
1402
658
716
1594
2389
444
74
2118
926
2393
1990
1024
1614
70
466
742
38
118
2325
1104
2080
1496
1324
1868
1450
2120
2298
376
740
2392
2207
818
56
2249
38
1342
60
2298
1402
1334
2170
2000
1378
50
996
246
2236
1812
1616
408
2158
262
2043
546
2551
954
412
2294
2866
1820
1442
1728
916
922
32
1484
958
2056
334
1424
690
414
2173
1004
1782
242
1002
604
42
836
308
2170
98
2431
2301
906
1686
384
1870
2403
292
1302
1414
2097
346
1786
914
1884
1930
556
1194
1679
638
280
2401
598
1070
96
1396
562
2335
1112
196
2357
2182
162
254
1802
776
580
1804
962
2092
182
172
874
1616
740
1120
2079
1848
1414
2261
922
142
2372
1766
366
2337
996
2239
1882
2004
2246
2029
1350
1924
1951
1488
2317
1947
362
736
850
448
1706
2427
1744
180
316
414
2407
1506
1004
2088
14
1324
1836
394
1688
88
2353
1462
2011
1710
1968
1916
1518
2548
966
2169
1854
574
1354
2342
2576
360
978
164
974
1182
1268
1330
2218
54
328
2190
848
1444
1818
1010
498
646
674
1346
200
2137
2166
598
2180
574
110
2036
2312
1638
270
456
446
1989
1784
2053
1782
880
2710
2255
1588
1026
2598
2134
1986
796
1130
2426
1184
1808
2075
1896
2736
1688
2243
1474
106
1068
100
288
1516
2170
1294
974
288
2002
570
2557
2024
2301
2438
1906
1454
240
386
1924
1986
508
1870
2419
1028
1966
2352
1964
3158
1956
1618
64
534
2336
304
748
2267
1388
38
192
2029
2205
446
232
18
1322
2356
638
362
964
1934
2070
2188
1824
1868
2279
1580
2193
238
4
1544
1891
438
1048
2248
2302
438
300
498
1172
172
2126
940
418
1975
1878
114
2222
2715
2185
2452
478
1628
224
1014
58
698
2431
120
1866
1202
2237
1984
1776
1666
2214
1801
110
2221
1552
608
1888
820
788
1230
666
1844
1953
112
1790
154
1880
658
924
426
2532
622
1250
322
1286
1650
2303
774
1468
356
2127
2403
2111
2222
1948
230
158
2342
290
2264
2426
284
1030
2064
122
1606
224
382
2377
554
350
1378
1987
2006
526
1426
2315
172
1950
10
2083
2352
416
258
174
710
1026
338
610
988
868
694
1807
1068
464
1210
2067
2034
996
1768
480
1026
