468
416
308
2187
288
1921
40
508
1368
466
2061
2326
448
1418
892
2090
1112
806
440
2519
2258
1666
1044
710
224
2090
1866
566
574
880
1614
32
2178
46
272
20
2158
1863
1944
2517
1928
450
2337
980
2
1708
1714
666
1032
284
440
644
1814
2117
1480
1040
26
2035
1796
2053
88
990
842
1720
2331
752
440
2312
1136
1951
892
484
1802
98
2147
2554
2222
1710
456
112
1016
2264
2125
1999
1662
868
2462
1774
2044
2062
1238
1860
252
1676
494
1460
144
182
220
2234
2373
1652
1428
160
2478
2471
736
452
1866
2199
1316
1342
328
1454
452
1554
278
360
2406
2202
1386
514
1360
120
580
1918
2116
1598
974
2182
1178
2144
2125
2015
1941
266
1988
764
2193
972
2400
334
1074
130
972
330
216
1986
2194
820
1364
904
306
92
2367
2244
2155
1885
2056
64
1880
1919
810
2345
204
2077
984
44
2432
1814
2078
14
2120
1952
2161
748
2110
758
1820
766
2523
2479
338
2523
2411
736
2371
2262
2293
2003
1212
972
772
1986
618
1206
764
1540
620
398
1404
122
266
872
1920
30
2075
2352
172
400
1722
1468
2129
232
2230
190
692
770
542
2324
1710
1909
136
2396
2281
2474
1524
2219
2090
128
302
2496
2408
784
1448
1196
96
2149
1446
254
804
342
2282
2310
1999
246
1294
2165
494
434
1873
2088
1294
2066
1698
2294
306
1198
2208
1144
2515
102
1884
518
626
2314
436
2265
2390
346
1818
68
758
1814
2173
626
2131
210
1228
2166
556
306
164
2295
2302
2230
388
1112
2369
674
2108
1140
2296
500
86
262
1792
82
1206
2256
12
396
2238
470
1590
988
2539
686
218
1310
1951
2382
154
1808
470
1948
2125
688
714
2408
392
2290
388
946
2126
490
2308
2130
10
472
798
1576
1262
218
2236
96
1718
996
1710
1893
2244
1046
2158
616
2049
2061
2419
2316
1982
394
2419
2053
680
690
1304
1014
2128
2046
378
2292
2170
2109
156
1156
750
1952
256
964
76
1878
1330
2237
1208
892
614
2157
950
798
1758
278
792
2341
1020
1600
320
340
2544
2144
2189
1498
578
1944
1642
66
1040
1536
2150
1964
894
2224
2337
1899
276
128
908
2305
2214
60
226
2427
2460
60
390
188
1014
1020
1618
100
594
1991
2526
1800
1960
2180
84
1844
450
2189
1832
2351
94
1925
2199
50
1941
1196
1872
1582
1855
1538
2073
52
1214
14
330
1774
1853
3313
26
932
678
2407
2318
288
2210
838
2295
2201
510
2282
1810
456
1753
1002
1887
62
1340
1400
2341
2108
2280
760
1386
320
1460
2293
382
1314
1192
1794
694
1968
1965
1430
2274
2030
132
2125
2146
1813
2266
2294
266
380
1306
82
2212
902
590
2389
496
16
654
218
1296
810
2063
2064
2092
2128
2193
2033
1086
2230
1630
2004
2305
602
172
970
456
1384
944
2276
996
650
636
1518
628
1030
1954
2210
1889
1198
156
714
102
1424
1246
82
2123
1752
2009
2433
2488
730
966
2360
2538
2309
2131
1258
2068
660
2243
580
2874
1929
312
2330
2002
2298
2240
184
1964
670
1042
2530
1895
1284
2408
1342
266
2303
2586
344
2131
292
2358
1222
2285
2217
402
2330
2270
1920
2129
74
1864
1478
382
2226
2189
2282
930
154
916
1924
2216
1810
1740
1030
112
2360
984
920
974
974
1674
2321
112
236
2239
2050
552
750
728
32
2241
2494
1356
746
2381
2120
690
1134
188
2116
2337
694
724
1886
1674
2190
2100
2223
2261
2010
2252
264
178
2285
960
344
1951
2194
158
2152
152
2088
1854
2348
2021
2092
2795
2105
688
50
1748
332
1550
394
2361
1432
836
1128
2040
2012
352
1937
2107
1462
806
520
702
58
1324
2022
2411
1076
304
376
292
1142
2435
364
528
1974
1878
1967
154
1730
400
2198
26
2246
320
478
2298
338
1328
552
972
2220
2154
288
746
2269
1098
1410
1698
940
866
1801
2152
364
504
2396
324
14
2437
1220
178
336
1320
2187
2127
2082
806
1340
1480
56
1034
2188
236
246
312
2533
2038
286
148
246
2275
2170
1526
1570
372
1806
2091
2063
2048
150
476
2523
1808
2176
2517
8
2238
2259
1754
612
90
1070
1778
1626
1046
2383
382
2009
562
232
6
2069
50
1238
1574
868
290
118
1240
1836
938
2513
1000
226
2112
2210
2360
828
2224
316
2158
2230
1414
506
1978
494
2462
1622
1664
154
1986
680
970
1078
2353
2343
2019
1202
122
1680
2272
108
2292
638
1134
2114
388
390
1847
296
2173
1752
2475
372
172
2259
416
2416
1963
2117
2118
674
2184
718
250
2709
444
954
896
744
1875
1372
2444
290
1246
614
350
2174
2358
336
350
1712
1402
2099
1760
84
2100
1664
126
410
1310
1796
956
768
328
1092
252
1180
162
1518
456
2002
690
1948
1228
658
892
2341
388
544
404
1837
2148
1964
182
2497
1938
2246
1312
848
10
588
2182
1768
28
1960
1360
2295
72
1833
486
32
790
382
2713
1932
2426
1836
2293
1172
1424
2100
1348
616
88
2307
1994
1733
488
2097
2442
776
480
434
1989
1665
1048
2400
2425
232
1348
2173
506
2157
406
1720
2398
1088
1814
1674
1921
210
1931
1991
1965
2182
2335
2268
2125
768
2199
2167
2207
2081
1230
1944
1102
1498
934
2140
1946
164
842
2224
2140
778
632
1975
84
2090
350
356
2169
2127
1968
720
1116
2091
700
2181
260
2162
1854
314
994
1612
424
1096
2025
2122
2337
1987
2444
1450
2580
1442
2154
68
1798
2083
314
1072
8
2226
1224
1606
2809
172
2474
920
1664
2071
2246
152
1618
16
2224
2235
1540
498
1438
544
2194
2363
2250
508
2212
1006
898
2276
44
1054
2009
832
1860
916
568
2154
2161
234
1544
232
186
1694
638
2167
800
2229
1871
2295
1642
1266
622
1000
1694
2100
2593
1987
1686
1929
1386
318
822
2215
2317
2336
2354
2305
630
1330
2772
2127
666
2417
2041
1338
2410
2050
174
1904
698
898
1542
1995
620
2091
2031
2298
1168
1922
1252
504
2284
1520
2423
1070
2098
16
518
2212
1572
3313
1766
488
1754
2037
2238
2108
722
2089
2173
2137
1578
676
2151
22
182
2290
554
1692
2228
214
514
1166
846
2210
1394
2199
926
1678
1260
592
2098
2090
1166
248
2288
1484
2144
568
1569
2178
500
1040
442
222
1366
854
276
2034
936
2070
1886
822
34
902
82
238
1282
1980
1016
2085
2084
2085
1026
2116
2167
1262
138
376
306
1434
2409
226
1472
1988
2069
588
2392
308
546
380
460
142
2260
1338
542
2414
1498
1957
1262
70
14
1782
900
1836
572
1014
1006
1036
2082
24
1882
670
380
888
138
1906
1384
2377
510
1688
1304
632
2223
492
100
1996
868
1848
1998
116
492
1314
2240
1584
2251
2176
1434
1344
558
1034
2140
2537
800
780
2416
622
2446
1588
800
1978
2258
192
328
110
2246
1304
1974
156
184
2169
1891
2071
1640
1554
326
1498
1090
2012
1983
1996
2010
2032
248
2098
1476
504
2016
1182
710
2663
256
2125
1002
1180
2260
282
768
78
2132
1802
716
2172
1560
1988
1734
2177
1398
1184
1648
1716
2062
986
418
84
1956
86
2095
46
2047
2598
2014
1246
2291
2193
1596
1498
328
1454
916
2377
2086
1638
598
2324
1016
96
616
200
2038
1336
182
1270
1859
1880
148
2371
2058
2116
14
2060
842
2459
2290
574
2212
2772
1706
280
2371
466
2417
560
710
370
594
820
690
1286
2482
2538
1472
1986
848
1871
2078
952
1376
422
2084
2226
1032
1292
2115
2494
1030
2504
2130
1164
1758
2158
2434
172
1930
52
2150
576
2102
2422
2151
204
664
1939
2546
1154
1855
330
2028
2014
1768
1927
578
2066
1822
758
924
234
2284
2068
2084
980
2225
866
2193
2224
2517
978
2140
2270
1040
566
568
1770
2394
526
2263
2525
42
386
758
1386
1082
524
2294
1022
138
2308
918
2432
428
470
1058
1848
476
258
1138
2118
2362
420
2236
1715
926
1632
2203
1020
626
228
1000
1126
2186
2585
916
1646
262
1313
2207
2305
2259
2385
2250
622
540
2098
604
2280
2406
314
1360
2247
2042
888
368
2280
2199
2348
1486
372
580
1132
186
1030
116
2231
2537
1614
264
532
2120
2053
1973
2306
1232
2188
2373
198
2223
2108
550
2248
344
1158
1856
1254
2033
132
1979
618
202
1924
324
1046
2361
32
2297
40
236
2161
430
268
762
468
630
1458
1150
570
3716
186
2324
2175
274
1262
94
612
1504
1995
92
312
1318
2190
972
2069
204
2187
1893
1492
1438
1949
414
2113
1140
228
2374
860
728
276
106
1551
1688
68
1996
670
368
2366
2044
2391
2104
204
1446
2416
692
1744
738
876
56
2003
644
468
2136
2320
1824
894
762
1704
1842
1664
2179
2477
1048
266
120
1284
1032
628
2494
1312
976
2027
