1374
2391
84
1440
2290
216
2628
650
624
868
1771
24
2215
1026
1722
972
1048
2028
1418
2118
484
1978
1984
2429
2698
1938
940
1476
1814
492
2138
1476
1969
2168
2284
682
2440
418
732
1102
966
996
368
562
856
326
3560
1862
2084
1560
696
534
1987
330
2288
1186
1458
184
466
1322
1022
1442
1398
958
1856
1400
1822
104
148
2134
1845
2296
316
346
1548
1964
1564
2392
1780
2142
182
1845
1012
2348
360
264
2332
2137
1522
364
1350
2164
668
2255
428
914
48
1314
1910
534
134
898
1288
1420
1780
2177
424
2122
1709
2009
1610
1998
2201
2494
2407
1710
496
782
1078
2045
1150
2417
786
2006
610
1983
2074
2841
614
2145
260
1062
1110
182
920
1590
732
350
2292
2285
2199
14
1832
914
2326
1882
146
2473
1876
210
1250
1728
346
774
122
34
56
1212
2066
2149
2093
1974
2366
2227
1258
500
1932
320
874
348
1240
2342
2362
484
116
1448
2215
2668
1254
1475
222
1898
2249
1788
1640
1174
1416
288
2069
566
1892
1984
2280
1711
2013
70
2062
2220
2298
2434
1060
1496
1714
892
2295
8
1890
1880
1556
814
2266
632
1968
310
212
238
2097
624
272
726
1862
2306
2559
400
2201
586
1076
1294
838
2224
1830
912
536
2024
2033
912
208
116
1740
570
1943
628
1002
1360
1446
674
2189
158
220
1076
1026
2087
56
1861
138
2001
1766
1086
1791
1563
936
790
2541
1988
848
2307
1596
14
244
600
150
2072
1292
494
1916
1664
564
1344
642
632
1044
988
2000
704
2128
1726
2297
2084
1002
2120
420
1030
1020
96
2123
2227
2187
2166
2329
1044
2399
2275
528
2428
282
2220
1858
2146
2291
2067
568
2082
2003
1456
1971
1688
844
2356
230
24
2208
1959
2308
2173
2101
1608
834
2388
1897
2022
102
610
334
578
628
268
1636
1020
1926
666
1416
812
1178
628
854
1104
462
290
656
2362
2255
2430
1658
2268
2143
54
464
900
2598
1166
586
2039
310
1944
980
2286
2125
1092
48
782
536
314
194
1068
524
546
884
1913
328
928
2173
824
1458
2066
266
72
922
2344
1416
2408
1722
1831
2056
1064
766
2084
656
238
552
2226
1198
2290
2192
1744
2222
1414
2130
1880
1835
928
44
588
2202
1234
54
1686
1246
1990
1358
172
366
1474
426
2197
188
654
1196
2474
280
580
6
456
376
1274
420
2382
1174
1768
110
418
1500
2102
2125
2104
2263
1556
1715
1486
2181
2382
2174
604
1384
48
1238
12
1566
2172
2043
894
2381
1734
1210
644
906
992
116
2137
2214
1968
1847
2294
1444
2059
226
1498
1780
2085
66
1756
2662
304
2219
732
726
718
1928
1030
1116
2651
1182
2039
1204
1980
78
962
1160
2557
2604
898
550
2577
166
1444
2031
2299
286
2192
1881
122
492
468
116
2401
1804
1596
544
1914
216
2789
340
232
2445
2105
2046
2020
718
740
316
184
46
2150
134
2213
490
2056
136
1920
646
208
1272
918
342
1996
182
1038
484
2086
44
1790
2163
362
1624
1200
2039
2164
1068
2116
170
2266
1346
42
2349
2212
168
138
2382
1797
1789
1128
1972
1446
1998
830
408
2135
2066
2416
4
1860
2004
2030
1574
1268
2306
162
234
1772
2244
2324
378
2209
2019
958
1825
2158
1358
956
436
212
1230
1358
2946
2238
706
106
1028
8
2400
1082
2122
1772
50
1628
1628
554
356
120
2270
338
86
106
128
1926
994
684
620
354
616
1346
254
2384
2028
1084
720
2180
2156
48
2022
978
828
2500
16
1824
436
388
2195
1564
1178
1888
2169
714
2167
220
2235
2005
2327
2283
2280
1514
2246
1364
266
1546
110
958
1995
1510
432
1822
490
710
2102
1228
472
720
2333
1338
2151
1402
1542
1995
242
224
500
2190
668
660
1332
1942
1608
1310
2470
64
90
2473
2207
430
976
636
678
436
824
1224
334
1927
1192
2494
2029
720
2397
2018
2443
932
902
2198
2137
2429
108
380
2744
652
262
1416
956
2078
1044
2134
1991
388
1870
2138
480
402
1226
134
244
1462
588
1504
522
2373
1772
1602
526
2270
1486
772
1984
2159
2246
498
234
2340
492
1848
122
1698
488
1412
1220
2226
296
1890
1922
2145
70
1965
1934
1741
448
2214
250
1246
448
1926
2224
1864
236
438
2451
1686
1832
2323
2320
1677
2401
2156
12
2202
928
962
1842
1378
168
2130
530
470
650
700
2429
532
2273
2354
1070
1964
2211
1534
2352
2108
2175
2330
634
1130
960
160
1202
486
2293
2156
908
2224
732
1544
1642
2163
2018
1840
606
1154
972
106
1880
112
2004
2263
2339
242
2088
372
2236
2037
1882
1446
1102
774
8
1970
306
202
86
432
2122
638
1850
1416
318
780
1565
1086
2094
472
2080
2132
2397
482
1650
1826
632
600
2246
2423
1488
1120
1548
1814
2439
284
2151
2188
2469
1090
786
8
672
378
64
2161
56
208
78
142
884
1218
884
2030
1530
898
2140
2023
2209
2138
86
2329
608
1568
1708
420
566
366
962
144
682
2144
520
2320
1917
464
880
54
480
1926
36
430
1882
2254
1130
1072
1102
406
1106
1578
842
836
1404
1841
750
1684
552
1570
2262
1204
674
2054
1598
266
1998
950
2163
932
1346
1196
406
2321
404
2060
2258
1514
2348
538
2008
120
1686
2215
1038
1938
2334
800
1556
890
342
2018
2270
1060
1550
802
2528
2316
1850
1110
498
2306
2256
1042
456
2100
662
1394
2094
2233
1064
292
2021
936
508
2247
2448
2509
1140
2071
910
1912
276
2237
852
2538
392
2240
2296
1548
2113
2045
170
816
1160
1420
1046
2120
396
2103
1946
2244
568
68
2142
2222
418
2408
2202
1086
1756
2222
1880
628
1110
2165
806
1614
2186
622
1454
1408
2381
428
2385
468
1316
222
2282
1302
2148
1564
224
266
2231
1320
2382
564
122
1196
2172
406
2228
2240
1024
334
278
480
2142
2290
1876
1824
2440
646
1252
1100
154
574
2352
2138
2330
218
466
404
1714
276
600
1728
2310
710
8
1564
2286
1376
1332
2066
1960
2086
3214
564
2132
2211
2020
2226
1622
554
1182
2031
458
1850
2261
1686
2089
590
1640
282
716
970
1846
2254
88
2610
1808
1735
1004
440
1923
260
1158
346
2085
2132
2270
288
90
2838
8
2350
2420
2235
2041
1842
194
2107
1644
220
616
1090
276
304
1476
172
1844
2164
232
1598
696
2124
2408
242
1947
2002
2397
2041
2158
198
298
752
452
546
504
2197
1340
642
1474
2134
974
2202
714
116
558
988
422
928
1694
696
344
2282
1010
70
1188
854
834
2214
272
2047
474
696
1498
170
854
2110
800
2170
282
2182
16
1222
30
550
2023
12
806
1380
2054
1893
784
770
2108
1152
2272
2183
166
1765
2271
3299
766
572
1905
2067
260
1172
2141
930
328
1928
656
1126
2429
110
2658
416
622
2162
760
2326
284
984
646
424
850
2309
2402
938
1618
640
2118
16
1892
472
202
2250
2051
590
2391
4444
366
984
814
680
1062
1842
2342
124
2226
1340
2308
2464
1558
1717
1722
910
982
84
418
218
2346
506
614
2182
2202
1816
258
246
168
334
1386
1540
498
1890
476
2135
2293
2209
2342
2226
134
96
2114
502
1512
1865
2222
758
2155
444
906
658
2346
258
2096
1318
1771
2503
302
674
2213
1650
380
948
2350
136
2293
42
1784
836
2193
492
198
2206
2372
2093
1358
836
2102
64
2074
2335
626
82
812
564
460
302
1949
680
174
2044
2252
2400
214
1786
2325
2343
2196
226
264
248
2332
2334
1384
1918
2156
1710
2398
2183
1132
2041
1294
772
352
2679
2208
1870
2047
590
1272
970
2162
1648
2015
2287
1280
720
228
2074
2334
1406
840
244
336
2690
2069
2142
1032
280
832
810
714
358
2149
1712
1940
624
1846
2692
122
912
438
156
18
1384
34
786
1050
352
272
1602
1704
2345
1932
2085
668
1878
1666
1422
656
1881
2604
288
64
516
438
1006
1909
806
2092
2111
1252
2302
2393
312
1764
186
1742
444
2273
2373
1346
2249
164
676
1594
1899
182
1968
270
2078
1948
2341
1616
422
604
2179
2237
866
1440
2422
2102
1100
1564
2188
104
650
1803
394
1308
1967
780
2198
576
1796
1248
1526
1340
2286
2
1030
2217
1456
1780
150
426
2306
1596
562
1544
314
2101
2090
1422
168
1020
424
2167
316
1738
1666
804
1945
788
482
424
2052
480
38
1935
780
1576
572
80
1240
2318
2057
1092
2215
442
2038
2401
794
350
2075
1722
2057
108
592
362
46
2122
12
270
2113
1362
1971
1810
886
1785
950
2233
556
140
2405
642
474
622
64
574
2146
1326
2340
366
2504
1260
2096
2450
164
2459
2076
344
326
2064
2276
468
474
1796
330
1058
158
62
1992
2268
872
434
1046
332
464
2335
268
50
1184
