2512
1158
1791
252
606
2031
700
192
2000
2249
44
1437
1154
1116
1558
1496
1050
1943
626
2211
1688
2051
950
8
2044
2323
34
344
496
1831
120
2238
1574
382
958
1008
1866
2207
1850
2969
2136
1584
2263
2440
1943
2339
2404
2002
1809
2507
1322
1670
1668
158
2468
2031
2442
370
710
632
1118
2011
12
2129
2161
2121
936
1706
2205
118
398
1586
1104
656
556
570
1340
2025
420
2193
1050
1882
1970
568
2214
958
2253
2248
1852
1406
2360
1506
2366
1136
272
1360
1208
1054
582
302
2147
1704
2366
170
1274
1154
2030
2339
1136
1786
160
1807
1842
1900
654
384
420
2237
298
698
1693
2594
2034
1866
670
2226
924
668
2440
118
2012
1456
2200
1106
2073
282
802
1836
2556
882
630
1240
2313
1916
1498
1010
2172
904
2335
1381
1490
2230
1556
1886
42
2132
2053
948
438
2045
700
434
1498
642
1242
1998
1308
950
1986
916
260
1092
1750
1690
2175
2074
2103
2556
2699
64
1598
2254
1466
1904
1982
1042
1310
1308
364
1154
510
768
400
842
2580
1306
62
850
130
2223
1982
296
1766
2354
1320
2113
214
964
2153
2047
1766
812
1969
2009
572
1328
1358
334
230
2184
790
1912
1682
1917
2016
302
148
2263
518
2241
2182
264
276
1917
2400
1784
416
1258
634
2269
738
2381
680
2296
1524
2011
366
514
564
672
1074
736
1002
2276
2183
1698
928
340
1504
332
2444
828
2159
2053
2030
2061
1592
2348
1150
838
60
1752
2230
1280
68
2692
1836
1348
196
2440
1170
2214
1232
774
918
1968
2146
1626
2260
2297
2112
834
2238
2297
180
684
1266
2140
2177
606
2272
2127
940
688
1418
1841
250
894
650
2450
2215
1929
2095
272
436
766
1656
52
118
2307
2198
2288
890
418
296
1370
948
2323
1080
2262
2199
1640
2066
2236
848
484
370
1326
220
790
2295
2053
616
2138
2186
2177
1536
2523
724
2258
1836
280
1716
548
90
2117
2317
1922
86
264
1904
1356
2290
2225
2358
3033
1945
2006
940
2361
1922
596
2084
876
2154
442
174
2131
1832
1820
224
2562
2182
696
2311
2106
1634
278
252
438
918
2179
606
1334
568
2129
170
310
2215
2619
2238
2148
950
2178
1438
158
2412
750
2171
4
2097
398
100
952
2083
848
2387
1648
2236
2092
392
316
2491
2144
284
1208
2207
2062
762
2503
1272
2078
118
1226
674
2030
262
1164
936
1030
824
2394
206
1394
2280
934
1888
2418
1946
2132
26
1068
1813
2254
1917
1926
2242
2291
82
2585
76
1188
452
2492
488
508
42
326
1664
552
612
2233
2334
2547
2095
2027
1850
62
1038
580
866
736
1592
16
8
2192
2429
2442
1804
294
2201
2352
300
640
928
240
1882
142
992
1905
2439
900
1660
2042
64
2583
1432
1096
2230
2340
1836
816
2383
790
1172
84
458
334
1864
1604
2052
2372
998
1992
78
2199
70
2585
670
2406
1574
1334
360
2046
386
1488
892
598
2019
2119
1472
1857
2271
1448
2559
118
914
962
538
1856
654
2090
242
510
2026
184
2208
606
1544
2100
1044
328
196
2190
2054
2112
2341
202
2290
908
532
1122
276
448
580
2356
1074
826
1384
1696
1550
1834
780
2413
1076
96
532
1835
1014
2284
1804
1963
1262
1826
1758
880
940
2197
34
28
108
584
2795
2139
348
1914
956
404
2467
2015
30
2249
48
40
2086
2002
294
2024
1102
2328
1993
944
146
1909
1312
1558
2595
732
1464
2451
2078
2232
1770
1762
1164
740
508
1768
1396
220
440
204
2070
2487
2182
270
1496
2016
2112
958
2076
94
1022
2183
1130
2030
914
2281
786
2244
220
62
1958
20
2039
818
530
2116
22
24
254
240
2040
618
1298
390
1442
830
74
192
1711
900
1996
778
1760
2090
1020
1524
2186
1040
2164
1278
834
2064
556
468
2003
2193
290
2232
54
2196
990
884
1958
690
86
2195
2190
1374
404
1516
1014
290
1720
1112
1963
574
2259
320
2314
2698
922
2301
2219
392
202
112
2011
2494
670
1068
716
1298
1662
1046
1490
2348
1875
2416
2012
1090
2180
2396
256
2423
1860
670
332
212
20
2556
390
56
992
174
630
340
1470
1718
810
650
1812
76
606
2213
2801
1708
1182
2356
706
334
2412
4
1078
2522
2383
2422
2366
2146
2426
1384
1278
1994
1972
2068
2364
954
254
1526
1204
1962
1028
88
1694
2290
2092
626
2088
1702
1128
744
854
906
522
2582
392
532
522
206
974
2599
2497
908
1370
1964
2115
1889
64
922
1777
132
1574
1538
2181
910
2401
76
972
38
70
1928
2150
2178
246
368
2303
128
1044
420
1566
1128
1852
368
2341
1894
1620
2243
2220
1358
2183
2332
1168
2993
1262
1500
1882
1052
1860
834
998
1972
62
2287
2188
806
2260
2296
1256
1144
324
600
1064
2163
1898
2035
2073
2531
2019
2266
396
292
1858
1827
1098
2215
2216
52
540
84
12
548
2286
746
1941
1252
88
2196
1970
1648
1162
1812
108
652
808
50
1394
1940
986
2346
488
198
2547
804
2365
1490
166
1562
2158
70
340
1188
2047
108
410
516
1224
1778
56
896
2435
2530
1092
376
1843
2367
1354
526
88
32
2428
916
2093
2045
270
2416
2186
2164
134
2393
886
208
2146
1594
2585
1032
2010
2326
2366
2121
788
1601
1508
582
128
2099
1522
1790
2069
504
60
1830
1478
232
1922
2160
1590
1416
2285
212
1951
1232
1148
52
2398
1982
1290
1204
2182
1628
660
490
1929
1978
1026
2168
698
352
574
2440
2386
1464
546
1682
2449
536
1850
2129
1946
246
2347
1060
1058
252
1072
208
212
2026
250
1984
1250
2292
280
2034
94
2345
1701
2419
770
1020
770
390
2001
54
658
1372
498
244
654
2047
2294
1750
54
522
2304
316
2214
1316
296
2338
2132
2287
316
1838
920
744
852
74
2442
2129
1920
578
2142
2257
2120
474
1196
1690
2274
1506
1302
2323
14
376
2290
172
1768
710
2527
374
900
1868
1782
282
1504
1696
322
1148
2197
1863
2167
618
2555
230
1006
812
426
1524
854
266
1618
248
202
2382
2322
702
1822
1338
60
2014
112
2101
2356
2331
36
2077
2218
1096
12
1330
896
2469
2162
182
2236
1160
1985
1242
1098
2072
406
1802
2017
1706
1918
152
2293
862
2288
326
484
1162
1982
1444
434
32
1832
1394
2221
880
1888
1014
2116
1932
226
2280
538
2186
1572
2317
918
16
142
1916
870
1124
2368
926
854
2100
954
2318
1945
2203
2306
370
1662
1738
1801
622
152
2355
2307
1466
954
384
1442
652
1300
2359
580
490
2252
162
2355
88
2210
2336
2143
740
1911
1882
1266
952
552
198
1760
2301
574
2218
466
2264
2298
1258
1398
2113
2675
30
1732
1404
2188
1887
154
2321
2124
184
1592
1558
250
458
1918
1478
1943
232
2540
2151
880
1965
2237
556
1068
196
140
2393
2386
154
208
1899
1164
162
2160
1518
2518
2261
928
2302
3033
1592
458
2253
1686
480
446
1914
2206
606
26
896
216
1008
550
4152
1846
990
1448
498
420
566
2581
2030
1834
1904
2038
2337
1899
2010
2257
2297
1680
106
2295
2008
466
1064
2235
1150
392
2007
106
2125
246
2175
954
1702
1020
2174
2061
166
484
2380
896
1842
1064
164
136
506
374
2462
850
2059
210
2347
672
2400
178
876
280
832
2018
2465
1949
256
2218
2325
526
62
1078
1882
968
2408
544
2427
212
2140
586
56
222
1894
292
1960
704
698
1436
1968
1196
2363
2466
28
270
1674
1560
2457
1200
1140
92
298
2102
2445
2327
2272
2004
2420
1090
2034
610
326
2077
1188
1326
2006
40
2205
1032
2032
1054
2068
24
2555
696
578
2192
158
56
1734
1732
1362
376
1152
2310
2094
600
1500
1032
50
700
816
808
318
2201
2259
1811
1688
1833
1088
238
1854
2028
2101
124
1840
2078
1800
1910
376
926
1284
1264
126
2038
456
2285
214
186
1998
2534
2471
1878
526
342
1358
2266
964
848
1650
914
366
2416
2364
1580
516
98
242
1592
2996
2323
1450
640
2216
1438
2208
1188
186
420
704
2144
382
1876
1072
1772
600
2234
1522
2149
286
248
2005
1512
1860
2309
2093
572
2238
1954
1420
358
780
322
284
332
2277
244
168
646
98
1776
4
950
2126
1562
886
2126
70
736
1666
1524
1632
1078
2121
164
2147
1276
1950
1058
336
1484
36
2077
1206
344
2468
670
162
928
726
2226
1552
688
464
2404
266
600
2198
2225
324
2010
172
1703
784
1512
2105
2159
458
198
2059
300
2346
1348
2312
544
56
1968
1849
2325
2195
1434
2599
2109
666
302
26
474
288
1218
286
438
1974
1712
2462
62
160
786
1348
150
482
962
190
2048
668
360
1550
394
2135
1754
186
18
1292
96
484
538
2246
1040
398
206
1778
2014
2175
1646
150
2226
680
