14
2007
2268
2212
660
2190
984
1858
650
116
2212
520
1238
1990
1192
1889
1844
154
482
2244
806
632
2111
1238
2054
490
88
2466
64
2094
2178
402
614
2209
1827
330
1024
1122
1626
1230
2337
1022
1480
1550
578
1895
2313
654
166
1342
2371
1144
404
344
970
1376
1989
2108
1634
1840
462
2332
116
276
606
38
1490
2002
2202
1818
538
450
1977
110
2280
774
1706
2020
206
1882
974
580
2313
1160
2415
1876
1889
4
1942
100
690
692
444
1812
1468
12
894
2024
960
726
1941
730
704
2299
2265
656
482
2228
622
1864
2056
854
874
192
972
2230
1825
2028
1958
2358
456
2406
2036
358
744
658
2021
2123
2100
2245
34
1104
1810
1370
1789
2154
134
2152
1630
88
314
2375
2195
1482
2587
2624
1398
78
120
200
2312
2233
1606
2153
1248
444
2052
2170
1956
2069
928
1832
928
38
2025
180
2330
352
1024
1949
310
204
668
1667
220
1420
1568
274
2506
974
458
2170
2328
2109
218
432
288
1236
1106
1766
308
1284
1741
2093
990
400
1712
1798
822
2184
1018
1288
1986
2160
1228
2175
344
182
2372
1742
1424
1654
434
2070
176
1530
1962
266
2120
648
154
2060
1998
1418
578
906
1922
2236
1588
216
130
2213
104
672
2264
538
1104
2000
2469
790
220
2370
94
2207
1610
1472
350
2254
648
1558
1912
534
2274
1802
2399
1006
2659
1824
2081
2019
2972
1966
1970
1120
2003
1940
1591
2294
2166
1782
686
1250
2104
646
2028
2010
2029
2249
2071
596
2178
740
356
1460
830
396
932
1788
998
1970
342
2434
2111
1965
2191
2
2269
1776
2202
2056
1012
1878
112
1380
1362
2282
684
2221
1014
2203
2047
386
1270
2260
960
1440
2376
816
2094
740
334
2221
2501
52
324
1638
92
112
2064
2132
542
930
2138
238
2212
854
1978
2034
334
488
1910
1158
368
240
570
1046
2189
1842
1870
2391
2151
2351
34
174
2291
1916
614
942
586
1436
1882
2246
2110
1302
2260
2247
504
626
346
954
1837
2121
922
2589
1610
2342
1396
1446
792
2086
898
1474
2241
2355
1216
2260
1322
16
1901
1200
1304
964
1520
742
276
1730
430
2133
336
114
1374
336
1780
1794
322
5302
2317
302
258
1394
1010
2244
1889
2838
2220
2431
2202
2241
226
568
140
826
18
642
162
430
2259
1918
2368
896
182
2095
2214
50
370
2524
2031
1164
2346
1956
1086
80
2342
1818
166
1794
1100
2120
2373
2281
1804
2208
478
326
376
70
1460
2288
218
2008
2146
2254
2117
1076
2089
636
1096
1492
534
928
2453
606
2374
148
1540
1752
220
2320
2327
1809
1224
1346
2213
1718
1394
1044
2449
1590
1228
164
1884
2517
2259
338
608
2104
1058
1196
1722
2089
458
318
2288
1234
516
448
2153
2098
1664
396
322
818
596
2387
1588
2237
2306
422
1066
1784
592
2398
152
1658
2053
860
520
1124
1897
514
2188
2274
2006
252
1562
2156
1172
506
18
1859
1600
1230
2038
176
610
1334
1862
276
424
192
140
2212
812
1266
2065
1314
1778
1194
56
2131
962
754
1294
1380
522
2231
1930
1138
1886
216
2250
208
350
2241
2335
2341
1612
310
1190
252
2364
1212
1258
2097
2405
2057
868
118
1964
1996
2500
926
1244
556
510
918
2165
1170
2397
1200
176
2316
1896
2396
808
656
292
2189
80
1260
2151
2144
2108
2074
1973
1972
484
530
330
1474
1960
1402
2320
42
1480
2208
2049
2035
2104
2599
1992
1398
2742
1778
104
1984
1544
1842
2197
1446
598
900
1304
2260
632
980
2285
450
1080
194
74
2413
2212
2067
1804
262
2328
1792
1432
2383
1166
1975
1126
2161
1162
2356
376
1734
236
1805
2352
946
1948
98
1138
1612
1154
1462
1690
2209
756
1897
2122
1068
632
2080
1006
2314
1298
780
1250
356
1070
2328
2238
542
1852
588
2016
2158
452
1996
2050
218
688
1190
364
1002
626
2256
2259
1936
1424
2026
2127
52
2125
2366
1348
446
2184
126
2250
1602
1094
2102
276
210
2193
2262
1522
2065
1114
2284
2241
308
844
500
414
1658
690
1878
740
328
962
2277
1618
1052
1120
1580
124
1074
1777
2507
1158
864
1968
1110
284
1524
106
2132
358
1170
1198
942
1908
2164
976
22
480
648
2270
224
1630
2009
2368
1226
298
982
252
1292
2090
1042
1530
1804
18
2554
306
2079
2135
956
1964
706
1152
2110
878
1960
150
1378
306
780
2376
758
1981
2516
1908
1696
1382
94
2469
2288
10
2438
762
1926
1232
406
558
734
2276
1338
156
898
488
550
2391
1804
2138
2924
688
244
368
92
1554
1078
502
2295
2218
1594
2209
2176
904
140
2356
2274
2128
420
84
12
1314
306
2236
2756
1006
1996
1324
552
2141
1960
1706
1890
1256
150
2308
2335
1926
1002
480
1816
1086
1104
358
2297
720
378
646
856
1882
818
1122
12
2433
6
174
600
2397
728
2033
2283
1892
1336
1188
2168
2085
516
776
2134
732
1384
1238
1982
2020
1466
1798
1870
2264
1162
2294
460
1014
16
2077
2199
566
1062
972
2333
2232
806
1512
2471
2624
2524
1724
280
1176
2040
568
2083
2509
1408
178
158
206
2361
2074
606
2162
194
1866
30
1744
298
1570
1118
1110
1917
1028
428
1780
2143
2428
728
1733
864
734
1910
378
2210
246
1682
1132
212
1324
1572
1010
522
1082
2193
1800
1690
436
2461
2371
2105
540
260
2195
2067
2199
504
2251
1254
174
1996
2223
1690
2106
1106
1696
500
1206
230
1386
230
762
918
1220
2266
1784
2793
4
1778
1102
1416
2407
2360
102
1932
1776
2080
90
1624
464
438
2264
266
1842
2485
820
598
2300
954
1524
1902
2185
1396
1980
2209
2331
1670
1906
2354
2278
948
1392
1160
2300
1810
968
1957
1082
14
642
60
2196
2299
2365
896
1842
502
1640
948
2036
1982
1990
2378
2365
272
850
2068
2231
2074
2126
1684
430
278
472
2261
2097
1634
326
2422
116
1946
612
2355
700
2215
1818
2193
122
788
1738
476
370
854
1316
2059
1780
206
2196
344
1782
2375
1908
970
330
1756
190
2190
2095
94
1764
562
2084
1464
742
2226
2023
870
2143
600
196
224
2062
126
146
526
2073
2250
1878
2328
1752
2675
1280
1987
2299
982
1458
146
202
294
1472
214
2110
722
1332
2331
542
280
736
256
2056
2362
608
696
2634
718
142
1985
274
1656
2259
2102
1876
1864
2389
2265
1754
1240
276
198
2167
2434
2128
2395
874
2211
840
1208
2176
2295
628
428
656
2229
552
870
662
2134
134
320
1144
1963
808
1572
2407
1498
994
694
78
98
680
284
404
1816
184
544
2670
1896
2210
584
184
2428
1568
2380
2241
418
1222
2102
2164
1807
2178
130
584
1712
1578
1762
2043
296
2229
1770
1376
724
2124
2509
2242
722
1802
458
300
352
1280
1720
90
2181
650
2038
1148
804
82
260
1917
2102
1292
2161
2219
1516
2188
186
562
232
252
652
2176
2159
2101
188
326
2226
2017
864
624
2303
2136
990
2364
276
1848
2146
186
630
1370
1354
2308
2118
1184
1921
604
920
1322
2289
2242
1524
1610
368
2148
2063
1838
2305
2314
2132
2237
2187
2476
1514
378
1764
1552
2121
1152
2192
2307
1542
336
1764
624
2312
1926
2125
2041
1648
2122
724
2387
466
624
2360
1516
1690
1508
2580
2117
256
1873
126
2107
798
2265
676
18
2232
1814
776
2420
84
742
1672
710
1622
258
2174
112
1580
1078
2101
498
1694
2208
62
2224
2056
1278
896
954
928
2364
2359
2150
1186
824
160
1636
298
2316
2271
872
2054
1460
498
1254
2221
312
1654
1670
162
778
2316
404
86
2223
208
276
68
112
1656
2435
2167
2171
54
2266
928
492
236
1090
752
2340
984
2049
1150
504
1120
990
682
2017
1474
1792
370
1098
1404
38
314
910
1074
2170
974
922
1362
2393
608
2354
1190
2154
2224
454
2205
396
2185
2278
1910
754
36
148
1899
2029
1976
1008
2115
2261
2055
2058
144
1931
2402
282
1532
1984
3189
2005
644
1022
336
944
308
1332
818
1974
2329
2432
1568
452
602
2117
2128
838
2305
52
1850
892
256
802
2142
2136
366
1996
610
2262
1042
202
360
132
252
936
1730
680
98
1910
1576
1676
384
258
2271
1226
62
2024
2628
96
2304
1298
1984
24
602
2476
1785
1046
1522
60
2407
658
1380
1875
966
2046
1136
1352
1534
2100
498
2315
2259
190
512
1046
554
982
390
2144
3022
2370
2484
1480
470
458
1304
52
954
664
934
2303
780
518
192
1472
1833
74
96
1258
2301
348
2061
2083
544
2431
2260
1943
2011
1208
2385
846
378
542
1070
1294
1244
1752
1396
2633
2421
2165
1290
486
1130
188
1526
3230
44
1282
1726
2339
1546
1158
2410
762
2328
638
202
422
1984
1634
2389
714
1618
174
918
2302
4
132
1058
