2044
704
1999
856
1258
2417
1694
2012
2372
1590
1976
1942
32
18
1482
178
70
2007
2079
1892
1514
532
2100
1898
2401
566
886
234
2081
1902
738
1022
838
600
1546
466
1978
2342
2128
2562
2094
618
2272
2003
290
770
270
1912
2091
1002
1014
1218
2241
440
2390
2406
638
1294
130
1166
2250
614
484
1680
1932
1881
16
312
2232
2410
1270
850
2042
1012
932
1994
2253
2373
700
690
2504
1398
212
30
2443
308
1940
1098
732
2310
988
478
420
452
2226
1800
1650
2581
1496
796
696
1967
1262
2127
880
2012
1084
2065
230
32
62
176
1967
2709
308
152
2078
1194
48
1056
2025
2706
994
248
26
2174
84
2216
572
2030
2738
740
1084
1006
934
2339
2175
356
6370
2503
830
2
1442
2495
26
684
2342
336
266
882
2341
560
168
658
2100
398
734
2199
2149
1214
2255
1906
458
2021
580
1372
372
778
1818
2377
2139
1524
1110
2369
732
1226
312
442
62
1947
1242
730
12
420
1968
2368
578
180
2175
2019
2363
1114
1238
204
2035
2212
418
2005
1446
24
96
1997
318
406
988
1048
1474
846
1736
10
1700
1992
1786
1236
100
1266
656
2156
1666
2080
122
644
126
1194
1679
132
520
1084
2677
402
2002
532
2156
54
3374
424
134
2481
964
1372
10
2540
44
1054
1056
2054
250
48
64
2212
860
1212
624
1954
508
746
194
254
2316
1564
114
1783
80
2128
2071
336
1732
492
2391
724
2435
2197
2368
230
2273
2717
2037
590
834
1868
1232
2132
2259
2422
2282
2242
1474
1924
2164
2085
2518
128
150
630
2209
386
28
262
338
684
34
382
1883
2196
60
724
32
2042
1732
340
1002
2189
1700
930
286
264
1673
1992
34
2381
670
1826
74
1946
2240
1942
2122
434
2416
1020
182
1136
864
2308
464
1634
2183
218
1162
1867
696
1780
2177
834
260
164
2140
2416
146
1280
848
2269
2140
1832
670
2105
1206
490
368
1952
970
2123
2288
756
918
94
304
1914
956
2190
482
678
1002
2076
2124
2310
2172
300
244
450
2192
1692
1812
208
2229
320
254
1186
1480
494
556
942
1572
664
1720
1897
2302
2054
1922
2328
2239
1949
2372
1898
24
488
34
842
188
1330
2160
2287
1066
482
154
2357
2405
524
2202
2260
2018
2167
890
1888
1638
2242
1560
2026
1796
2833
1903
600
144
1482
956
1054
1750
2296
1352
2180
380
132
2189
1864
18
610
2291
1042
1734
2306
28
2638
1016
2426
1816
1002
1762
1990
456
1494
2310
2166
1644
1984
1730
1730
2145
64
2223
24
1660
1782
2219
606
2340
1893
1634
220
2302
1528
48
1376
1816
1336
1004
2273
2303
2089
2434
1130
120
2529
600
480
310
582
2219
684
544
684
2209
570
686
256
2274
274
286
968
2312
1130
1684
982
2289
818
2352
2312
924
1920
742
872
2252
1190
744
320
1840
2322
604
2066
270
678
652
2244
2113
2253
718
324
2240
1146
2284
2391
410
418
868
994
2372
2265
2317
2306
1975
1968
610
2194
2440
1308
1328
2050
448
1306
2300
1406
1742
1288
782
906
952
1399
594
604
1860
1006
1983
196
2110
1754
42
956
66
524
928
1568
648
1950
1768
2118
806
2597
2265
170
2424
660
1456
426
1764
1766
1060
1016
2293
50
168
2627
2388
736
2456
1855
1104
406
788
2033
1652
894
2411
2130
2281
1654
1983
2299
516
454
994
2636
1158
2052
568
1070
1440
2558
262
402
2339
154
1678
278
1704
80
2036
1570
2295
664
1188
160
964
2152
654
56
592
2014
516
84
2146
216
658
428
1250
2172
686
1280
116
70
1148
1102
2343
2059
748
2385
374
2198
2322
354
512
1825
1737
202
2179
484
1598
386
348
1080
318
1300
408
2160
84
960
1960
1412
2475
318
428
312
386
4
1948
1885
2833
2213
314
574
1170
664
1824
650
2331
2189
1246
1114
2240
1792
2204
1714
82
1449
2065
1802
780
1364
1502
2125
236
2421
1272
856
500
578
198
1454
2096
2263
2628
324
1776
1090
910
172
2086
1846
980
2674
634
64
622
2197
1288
616
4
748
592
434
168
2073
1270
1282
206
1870
62
602
1038
1698
780
1979
310
1861
1832
524
2244
2028
1242
1428
1118
78
2384
2010
1446
1748
2052
1052
874
2282
538
2342
2326
460
1208
1360
1940
620
362
1962
2175
36
1528
212
1512
96
2121
1434
294
2288
230
1464
1106
2318
2192
1310
1918
1132
1972
1900
474
2228
1022
822
2279
2456
594
1657
1916
86
2002
978
1254
512
2140
2414
314
1802
1442
2137
1276
2337
126
622
966
262
2319
1454
808
532
130
2047
2285
2221
2185
1769
2357
536
66
178
880
772
1144
1514
60
2298
2014
226
800
708
38
594
2352
1978
860
2044
2244
968
2123
2004
1170
1150
1903
2022
46
898
884
624
2213
1182
1674
458
206
2283
2053
228
1490
1226
684
402
1966
2227
1262
2135
772
1969
18
276
652
550
1556
2516
718
1494
730
62
2138
500
2104
1712
84
94
1532
2029
244
804
846
2344
1186
1697
2138
502
2072
614
928
718
1442
908
1470
1958
2070
2439
38
2336
1520
2434
938
362
2359
638
2290
1090
1186
142
882
334
1870
796
520
1590
634
2082
1814
1858
2121
1930
2147
704
2417
1022
1616
1534
2244
1282
2395
626
2394
1286
1276
2111
1360
1904
1836
476
494
2056
1426
1500
434
82
2224
926
2087
442
88
496
1370
1090
2825
1462
2345
1192
1518
122
1679
1324
458
344
1050
2410
1536
1988
1983
2102
144
1142
1842
1840
1580
26
512
902
1724
2063
1758
194
2205
2193
388
1264
2324
846
1723
818
1940
102
2129
406
1734
1010
950
1600
2486
2202
2157
1892
2106
96
1924
2308
56
592
454
1334
2108
8
2007
224
1636
2013
2148
2221
1906
282
498
2347
538
2331
2542
2287
320
1929
858
2333
2262
408
2300
100
1666
1893
796
1154
1930
346
336
1182
1694
52
1076
52
1250
6
444
78
6
2224
228
2258
364
1380
342
470
2162
684
500
1832
1304
1602
946
1817
1276
1242
2136
1072
1590
300
322
2199
542
1522
2352
1112
200
2303
680
1572
1216
2076
2142
460
2463
24
2354
950
686
2317
210
2752
114
2346
2066
2127
2184
1732
2164
1916
104
2380
378
2003
714
1328
2451
1938
2014
1298
2139
2076
1344
1810
256
2186
2275
1911
2242
1812
1750
1376
2383
2350
476
2414
2142
640
1988
540
1821
2157
1556
2054
1524
1832
648
700
548
718
2108
348
1384
1304
338
638
242
694
930
468
614
248
944
1136
134
84
2215
2232
1594
832
202
1852
2043
1502
160
1418
1938
1282
998
2021
2159
2580
2257
1370
610
1382
662
1968
1204
1300
2352
1731
1232
970
2387
2429
144
40
2018
1916
168
586
42
1246
2304
1854
2304
866
238
182
4
2347
1392
336
100
1674
1998
1052
946
508
2126
2230
2503
128
106
2120
28
44
1877
1358
888
1370
550
2452
130
172
2130
1064
880
2202
2315
894
1442
2354
2054
770
652
2383
1524
2304
1652
424
162
2085
2320
1682
530
1926
1620
510
1032
80
138
464
2116
402
482
2480
2237
1930
824
2017
332
2131
1814
1781
1202
2170
2039
788
454
620
1558
2168
2160
2062
2363
568
2205
4
2377
2505
2387
2251
2112
1876
2302
528
2135
666
284
1330
2162
996
2008
46
2125
710
150
1848
2044
168
2144
2281
2162
1544
2112
228
48
800
1866
62
1696
408
954
420
2086
1028
648
772
964
196
1334
308
298
1736
914
1931
1242
1720
1478
814
1162
1440
1232
572
2282
1534
2399
2838
720
1100
716
1230
1898
2654
206
1454
180
2283
1424
870
574
626
368
2240
1048
2354
2442
572
62
552
1396
1480
774
1022
2316
1210
2022
2628
1146
736
178
2412
2465
2146
2010
2082
2015
558
1893
756
602
108
2341
190
2128
444
2030
2156
438
1954
58
2242
2151
290
2342
1674
2168
132
330
2281
2954
2282
124
1638
872
2249
1390
2458
580
182
1064
948
768
182
902
2369
162
328
1836
1006
1548
246
334
2230
1238
2009
638
560
1048
754
670
884
728
726
386
1010
266
558
832
1724
96
710
88
960
106
2357
2126
940
1770
756
2300
350
2128
2061
1947
106
2214
2287
1448
2287
1664
2211
170
2121
416
1846
1582
2398
2457
278
2332
1054
1062
2067
2309
2316
1094
1268
136
790
520
672
268
2078
580
340
1922
1012
1963
2174
2085
2110
2122
128
1596
1888
2135
2015
2240
2382
1422
744
776
532
2155
968
1990
1853
1396
2374
1746
738
504
34
870
2045
800
2778
2048
686
514
2104
210
830
2407
1256
254
1248
492
1849
1810
1028
2270
178
1921
332
804
2065
596
2143
144
1044
504
680
1911
752
2144
1845
268
1150
2114
2100
2140
342
2117
666
428
1809
2736
1821
1846
30
348
1663
