1276
1298
1128
116
566
2278
1528
2386
2002
2100
298
186
900
2211
208
2140
984
1418
1230
706
724
1166
2256
1542
574
2144
158
514
678
2138
348
1910
802
2225
2053
750
1264
240
340
1910
152
1918
326
1932
512
1960
2541
1904
2288
1448
172
2086
282
1725
2447
2246
1862
1108
1886
2270
1695
1196
1756
378
1886
2015
174
1992
1584
2241
1744
2374
1572
628
2119
362
270
842
2204
2260
46
1962
2011
1902
2472
84
818
2142
2334
1024
648
2228
2331
1394
2187
1136
32
1064
324
2106
308
1508
128
2331
310
1290
178
718
2154
636
740
2125
440
610
2114
54
904
1592
754
500
2022
1620
904
2348
108
1430
1336
2415
2142
2014
506
612
1534
2333
2389
1643
328
1136
2446
2399
2246
154
2160
1140
1798
2120
524
604
92
2232
2468
1923
2176
2024
2788
1026
1008
2158
1862
2148
84
558
358
2063
148
1506
134
1983
562
926
118
1934
86
868
184
1256
1130
640
1128
832
1070
362
206
492
14
674
2318
614
512
1178
2318
2298
2102
472
330
2200
1474
1314
2151
2198
2005
326
1118
2326
1500
452
800
1488
1344
1920
80
1992
1542
2170
1566
882
246
1966
62
692
2112
1752
2320
248
76
1842
2147
2313
1949
1032
1114
1754
1764
410
1606
2409
2401
2347
150
2474
1999
866
622
308
1974
222
172
1718
2064
2542
2436
1384
350
1917
1580
1486
2421
2385
310
1848
16
834
2437
2193
2034
1876
784
1404
1896
548
1140
1797
2200
1020
26
2156
2166
2330
2124
2142
610
184
248
1310
508
2371
520
590
1294
2296
1430
1580
1156
992
1168
604
1088
396
1728
2159
132
202
1594
878
152
1054
340
1955
1984
2181
780
740
256
2081
2
2091
864
1552
1218
1476
1904
2066
1536
1030
1836
2189
722
2464
702
630
12
572
766
2409
540
406
2175
2242
2146
1804
2340
606
838
336
2419
2391
1076
2398
1358
880
386
224
1568
2218
660
886
1648
1840
718
1602
752
1949
1622
816
520
1756
372
2307
494
1792
1712
462
2044
2626
536
2024
892
4
2252
1392
2224
1322
310
178
1798
1080
1912
76
1256
460
1635
178
2266
2305
568
1845
1336
36
1070
988
1530
2312
1544
1997
1114
742
2260
332
1172
10
2321
988
1920
1556
438
2390
144
2281
2054
1740
1558
1728
980
730
726
636
712
588
282
546
1184
2407
1580
960
472
468
1316
588
948
2269
80
2164
22
2005
2022
192
2072
2323
856
510
370
2218
62
14
2714
44
1846
940
2357
2018
190
1370
1076
2399
1060
1350
38
2356
610
2107
2317
588
522
836
678
1955
2103
1050
678
318
444
2303
146
2028
364
190
2223
130
1520
2296
878
2544
2002
1440
150
2124
198
1929
186
2259
284
1276
1914
76
2037
870
2499
2082
1270
164
1132
482
2378
1814
1558
82
2272
632
1686
1768
2247
1960
598
408
340
1982
2052
842
2240
790
790
234
846
794
94
2280
678
806
2283
1060
1920
1858
432
472
2088
2209
1562
1472
606
666
1930
168
2403
344
2252
916
2264
1420
1482
904
588
2226
2218
314
592
304
220
182
1960
1534
892
1452
300
2157
2039
164
2170
688
1686
362
2494
2335
964
1212
2215
1200
2258
424
1976
2132
5570
534
1570
718
418
2079
94
2378
226
2180
2079
802
2502
548
1984
2286
444
2050
446
1098
1560
1844
1732
2168
128
2059
2058
2401
206
124
2194
2230
1214
524
2374
342
336
1286
2102
1554
1534
1888
248
724
2072
1857
938
530
162
818
2032
2005
2243
2408
2034
1991
324
34
714
2228
2110
998
2240
2034
24
840
2313
120
90
570
1974
1387
756
1966
2238
1214
856
2000
716
748
1324
560
992
1752
2154
1444
2409
2218
2028
1900
2144
1381
1644
2299
1202
554
2421
1094
2156
1842
1556
2445
2064
2275
2402
1012
1958
248
2307
2296
1720
428
974
1334
1641
198
1336
1398
188
2156
320
776
120
1971
1748
788
2179
2420
360
2014
1298
90
1804
2346
2034
2163
2078
2084
2311
2329
2185
586
1474
1893
1532
1986
2478
2562
2327
2058
1798
1942
364
718
2161
2186
828
492
480
120
2091
2322
2244
358
2342
2388
1822
1472
896
1823
132
2118
1948
266
690
1826
444
2340
1006
370
2166
768
570
2076
2115
58
1408
2118
2292
180
264
2446
1362
472
1194
734
412
1544
1990
1710
264
294
2
662
1998
2292
1604
2207
2246
1776
1836
2007
2377
1218
858
2241
1628
1050
500
68
2058
1766
490
1598
1924
2339
560
1986
1380
2322
122
120
2287
192
708
988
1172
2048
1733
2466
866
288
2166
1990
532
1056
1230
2195
2078
398
54
2218
1710
1706
2297
2066
490
2286
2
516
2242
2307
524
362
1936
2016
2369
878
2113
1470
2256
2308
1944
938
2114
1816
1960
2420
134
1919
1212
2291
1320
318
1976
1502
2406
2122
1995
500
336
1584
2090
210
1804
556
876
98
72
64
2050
1174
50
1898
894
496
38
112
1772
1884
960
992
424
2275
924
972
410
1628
2303
2088
2370
2240
1168
334
88
680
2402
660
1340
244
1618
70
2308
1412
512
1733
2046
104
280
1660
1016
2288
1824
1194
1352
192
2223
1322
2065
2425
1342
76
1774
1578
780
812
2001
1712
2524
2325
172
1918
2452
318
424
200
680
2298
2201
268
2347
2189
2265
2238
190
780
1979
692
2242
1971
498
1448
1984
2294
78
1220
1616
400
972
206
616
1120
2118
6
2137
28
1634
2127
958
2167
142
828
1690
1018
2824
2017
544
2226
534
2179
2139
972
590
876
576
500
2262
2533
304
1582
710
2160
1518
582
1776
1768
1044
390
1324
296
2298
1718
448
176
2162
2188
1768
304
752
116
38
2123
644
2122
154
1162
318
2109
816
1906
752
2004
948
118
2314
380
1200
1780
124
1948
1234
1446
2252
230
564
1326
2290
2
1636
546
576
1006
154
2001
2098
1851
194
1354
810
1690
1404
1947
2519
2125
2563
2369
1734
1494
2518
254
1144
2370
2141
126
2092
1206
550
1228
824
2266
138
1566
2097
2227
540
2128
2062
916
1430
1825
2382
210
1282
1308
1386
850
1176
1788
1678
966
2419
2541
534
416
2302
1308
288
20
1962
1328
64
3155
290
2254
2385
1686
2148
810
1946
2335
420
278
634
302
2063
1064
1810
368
2260
2196
1368
1991
2382
74
2446
18
2312
1264
1958
870
496
808
694
2516
1402
442
2418
2168
238
2034
82
452
422
416
931
12
1004
326
2106
2113
2314
998
1684
336
2448
940
2055
2402
2407
1850
1998
54
80
2234
266
46
276
1266
2146
1923
1820
426
1280
966
2115
84
568
1308
132
1356
1286
810
256
2114
1236
520
2058
2291
1066
2301
1010
950
1912
1840
378
2025
2025
2501
554
1358
2219
1862
406
304
342
2186
1876
926
900
664
2085
2304
2384
2368
890
976
2389
1422
950
2283
1000
68
1718
824
712
2072
84
1644
384
272
186
1914
1749
2088
2375
1122
1780
322
1138
2467
2050
1984
632
388
884
22
1733
142
2184
2529
890
2912
34
1104
362
378
402
214
1820
64
2077
2081
2290
468
2125
888
818
2224
244
1788
1248
1768
2292
2172
1917
2344
2605
338
164
2276
624
1873
2393
2186
2223
502
1178
1344
602
42
2032
2190
1971
1952
834
906
2022
566
442
914
2438
962
2318
1166
510
898
2366
1912
512
466
656
634
258
2157
2248
2125
78
1082
700
422
2272
1194
86
756
2269
2268
708
1592
566
812
2068
886
750
2425
2033
1983
2384
2288
2468
284
2480
422
1804
252
1230
2207
526
2236
2124
2448
1530
1700
224
1260
1158
2054
2193
1146
2161
1798
1024
694
844
180
954
1720
1220
188
208
2034
1188
2274
1544
1190
772
158
1588
944
2276
18
696
512
2315
568
1948
1976
1114
1554
2265
2008
126
1202
36
730
2759
1634
2187
1589
1632
404
712
2060
1962
2702
2205
2155
2084
2479
2122
2349
2036
1550
2257
766
2382
2282
220
660
1380
1140
1984
108
1836
1798
2262
2209
1566
758
1008
2627
1818
2782
622
3933
424
2372
1804
396
2026
1070
220
2104
1214
824
1826
1082
2022
202
1378
1700
190
452
2226
200
1052
120
1957
904
1958
1914
1402
2200
2024
1148
790
590
488
860
1979
2154
402
2002
222
1876
250
1304
184
1158
1084
194
790
2136
28
1654
3155
2301
1926
1828
826
2261
2320
2071
1972
1904
1998
616
1692
1130
488
30
2248
1913
1078
400
2002
50
2335
1544
2354
2874
1274
2043
2320
2387
1445
2006
482
916
446
1754
1512
886
208
1748
1310
1286
510
2072
946
480
2176
1182
760
2126
2202
2345
2270
1118
314
582
2298
1020
980
986
1964
1372
2639
820
2178
904
192
2543
156
2976
1108
610
1438
942
2192
1310
934
2149
1072
1636
1476
476
1904
912
1012
1582
282
1993
1036
1228
2245
600
1734
866
1144
1482
