250
1829
1972
2082
2339
1959
626
1102
2369
2219
404
312
2200
2029
1088
2218
82
2221
1130
2371
244
2661
1426
494
776
1182
1484
2137
94
2252
2005
1296
1758
2350
572
564
1218
836
402
2652
1120
1893
762
68
1116
820
2375
2107
2092
288
196
20
2260
390
324
1104
2058
2168
1662
2565
1744
46
2164
420
366
1762
718
144
696
2034
2293
816
2271
2130
1922
2092
2032
80
1684
280
2050
2113
2224
1286
2500
2127
2167
300
1278
492
164
2237
1520
384
1690
2497
2246
96
2324
1396
1094
2253
2208
754
238
1054
372
310
2598
1456
1684
1708
2060
1394
1174
2258
1861
22
2004
2242
52
436
568
330
38
1028
2403
3568
1865
570
140
356
1566
2485
32
436
2287
190
2264
2266
2279
2450
2305
2088
2130
1042
122
550
2054
1000
2174
2212
284
472
2502
1759
844
666
1748
2315
2271
938
640
1820
108
2295
1474
1202
448
2463
2596
816
694
2259
2362
364
180
2357
1080
2225
2329
266
782
2512
2314
2033
1116
116
600
2144
500
1214
518
2199
108
242
8
816
2106
190
1472
506
1192
156
396
516
680
180
334
2085
356
978
2150
1656
822
518
1138
2441
2236
1703
514
1472
256
2136
2156
2046
1380
1294
1956
2008
504
1518
2279
2297
866
1783
1414
1316
1132
2232
2244
668
1733
980
448
2015
264
2114
828
2249
1378
746
2123
1114
2043
42
224
2222
530
1956
362
780
1118
2335
252
324
206
632
342
2257
468
644
100
932
1993
222
48
2144
1658
1220
596
2171
2353
2455
1466
36
896
1432
1506
1638
382
768
1770
2362
2440
1436
2268
476
478
2052
1116
1074
1458
1600
2100
2426
1822
2163
1236
2366
1288
2107
1987
1284
706
660
1034
1178
324
418
2056
68
1896
182
888
198
1866
490
2165
2166
196
550
308
20
1924
1022
304
1868
1963
740
2542
2051
336
2287
512
2033
1685
2086
608
1552
2324
1756
1920
1973
2069
1796
204
748
946
1150
556
566
1474
996
36
1034
326
1172
2454
324
2038
2086
1906
2630
1697
2336
340
2131
1780
2291
2050
1188
1366
860
904
1286
294
1502
1808
122
210
1522
1488
592
2194
310
1650
232
2113
864
364
836
586
22
2353
2616
1034
2198
132
2291
2132
1528
796
3098
2175
2292
416
38
114
1971
2451
10
2503
798
984
192
2417
2090
2178
1274
1643
1254
2213
2106
822
2501
2183
1110
1995
126
1806
28
1008
1642
52
184
2320
2475
696
1120
434
1282
1126
2264
2213
1624
2378
1858
2551
2360
238
1877
456
2028
1979
1744
1064
1160
8
2308
2127
6
2451
314
664
808
766
1634
432
564
106
368
1442
106
1812
34
2333
2512
2788
1070
2476
2356
204
1672
1826
576
2347
930
28
666
2011
2437
968
2215
26
2512
1864
2313
198
1918
878
2091
672
1082
138
2254
2307
2275
920
2324
808
2293
1402
2231
236
654
2014
1044
138
788
1808
1186
54
1970
712
1620
2234
1132
680
2145
528
590
1799
2589
1252
102
446
1468
2132
696
44
468
2287
760
1140
922
2542
560
1118
1312
396
1732
538
1994
2024
2024
76
344
2224
1698
2100
486
2077
2232
206
1010
1080
1842
334
1978
2250
2308
2512
2385
2276
1208
1668
1979
506
36
238
1594
2013
2247
2126
1256
38
12
24
1278
1969
2012
2072
196
482
890
2173
1856
2759
486
106
138
1938
2018
1608
1030
124
1950
780
2478
2258
1612
2176
2044
1502
1656
1608
1424
1246
982
1802
192
738
332
2123
1958
1424
1660
130
1908
434
1020
1490
2193
1012
2116
2159
44
456
906
166
420
190
1130
554
1048
2286
1548
2404
56
256
538
2179
142
228
940
2404
1682
262
1936
756
536
1957
688
384
2465
1150
1566
1856
1985
2432
2123
200
2164
900
2340
866
2317
1596
1522
930
1692
690
2112
1756
2759
1516
1866
2100
174
964
2434
1872
822
828
1945
1848
2151
2051
930
1344
316
1804
2031
544
1898
486
458
2151
338
2514
890
370
2497
312
2237
1920
1894
228
1120
1438
1546
496
2435
2036
2151
508
2367
4
2185
2022
398
2239
2148
1822
426
680
1940
578
688
500
100
2233
928
2326
1960
1232
2200
188
1454
574
2024
1042
1859
1298
106
950
2232
2254
256
1380
2214
734
674
1026
838
2056
170
2590
400
286
1494
172
2108
2005
570
1936
2037
796
966
802
1996
388
348
1136
650
342
1510
2092
4
646
944
2218
2382
1166
1639
52
1756
566
2260
2208
2463
2227
948
1396
1959
1506
256
2171
2347
1977
1472
1852
550
1278
2270
1880
284
60
2514
544
986
2088
2301
2034
1006
292
212
2281
2343
2104
1768
2016
1971
1172
1905
2296
702
262
1566
2400
2046
594
1240
1918
476
2167
2074
238
2329
684
2261
266
278
2391
2302
158
2122
1994
1494
2290
2311
612
332
2722
2188
1022
482
1683
638
810
1598
2244
2151
2425
2215
2020
184
1994
1062
206
1838
1472
688
1184
2010
2231
646
2033
630
1670
948
1996
2192
2106
1996
2267
2330
258
2450
2066
1376
150
756
1242
2316
1620
1086
1484
2385
688
1910
2573
666
1666
372
1930
1284
1548
816
1774
462
1780
202
1814
1664
2374
456
326
1664
2479
1062
1252
1226
2205
2
1180
3155
148
2389
1438
2071
2046
886
1562
350
872
226
2396
1664
36
520
1224
16
1304
2033
36
1058
652
148
2252
2189
104
1726
48
1765
1812
678
2296
1696
2211
184
1576
316
2263
1768
2356
1180
268
1542
1957
1789
1060
2355
1384
148
2588
214
1450
1944
756
2548
1122
2072
34
204
2212
831
2388
2137
664
2410
2422
1432
2026
184
1460
142
2042
2027
992
650
2194
1917
800
972
2322
1056
788
840
648
366
2060
1548
2186
896
960
1202
1532
676
26
2350
2192
2384
218
14
134
1146
1424
200
1871
1974
2347
78
1044
1748
980
1614
2661
614
2082
1284
1082
136
1210
1606
2035
850
1202
2121
1970
1016
2504
260
18
2370
1966
1020
488
1754
1873
2519
3904
2010
1580
1862
2271
2114
26
2610
2424
2360
70
482
1538
2116
1358
2253
56
2314
1312
278
622
2101
1132
226
1006
2277
1534
2181
2162
1946
30
884
246
1576
1993
2345
1102
2360
2369
646
190
956
2229
1184
1088
1580
2202
2268
2509
618
586
206
1486
814
1174
1234
1304
1374
1742
816
1880
1844
110
102
798
308
2245
570
2178
582
932
840
2464
1012
2396
344
2676
2410
2146
1026
2200
1378
178
2010
2087
1102
2008
2
1506
688
2136
864
344
136
822
2231
2322
900
560
1190
906
1894
1926
2152
1996
1924
2287
2189
2306
2501
2595
278
1110
1524
1622
1336
1997
2423
1224
184
740
164
8
228
46
1546
2319
1896
2259
356
618
66
1746
472
2248
1706
2202
1546
224
1638
186
1908
748
1078
1622
2243
702
2073
1616
162
866
1468
34
2291
690
482
162
548
630
270
1998
572
1334
2398
2120
2130
1641
2111
1708
380
2350
388
952
2341
308
2207
1432
1542
2232
1572
118
218
186
776
2004
1891
140
800
96
378
416
3315
2376
652
2108
1790
294
2258
2225
1981
12
1292
438
428
404
212
2349
1963
1777
1258
2193
934
624
346
2133
1522
1737
2266
400
2467
2062
288
2281
760
96
1975
100
720
610
1960
1340
2077
488
384
2378
630
114
1872
2345
434
2127
2222
164
1606
1963
1186
2401
1140
150
924
1156
1548
2121
926
1264
1076
110
2126
1336
1474
342
1336
656
2085
2027
224
986
1494
486
1666
400
2428
2122
200
2237
2048
2298
1898
198
2192
418
40
1086
2185
2321
388
600
2044
2284
942
638
1752
106
1606
714
1164
528
2435
1310
1610
730
2284
1148
2218
220
810
1980
1272
926
90
2267
2388
2144
1936
328
1964
2191
220
1859
62
84
1778
1014
534
1464
1881
2260
2453
460
2440
2202
660
980
808
2035
368
948
2060
1944
238
950
496
2405
2473
408
2343
924
1162
886
1120
280
4
1138
2454
674
90
2091
2002
2255
10
2093
2069
2155
2160
1886
646
1936
216
1172
706
702
1994
2326
1480
608
2234
1120
26
2455
2260
28
2136
2239
1600
2058
2286
2176
2837
428
2319
2400
310
382
2362
626
748
414
2251
2043
1286
512
894
398
90
2086
1630
1430
1550
22
1983
2310
136
1008
2001
1793
2227
1722
1236
1358
876
1178
2103
414
246
1480
2648
2033
1176
1484
2148
1108
60
360
1106
2044
1911
2160
2075
1134
2160
20
1976
200
418
1418
110
896
1820
276
266
520
912
1648
2418
1144
2093
2392
560
1464
760
1126
1228
1919
1366
490
1396
362
2486
1766
456
1236
2246
1692
2350
116
2115
362
152
2467
360
992
784
360
2321
1516
648
1156
1330
2135
568
2216
2518
2192
2266
586
854
2237
1488
2331
56
652
894
2350
774
1722
2098
412
2398
2098
2189
616
2126
1356
686
164
1082
568
2003
