1024
1532
2200
2210
2095
364
988
2140
1486
168
2061
2433
2405
2582
2108
1955
2194
1554
1538
1718
16
1844
2099
2145
32
402
1728
1112
1278
554
1254
2144
492
1130
2209
1222
1490
308
416
1152
22
1192
1402
1907
422
716
1054
1735
2110
860
198
70
2216
388
2501
2100
1896
858
528
2141
1732
2313
2124
300
438
258
1936
364
526
1480
2203
20
1927
410
634
1996
2088
742
1556
1858
634
2496
2260
702
1676
1996
496
832
942
2485
1086
1218
970
770
2088
468
712
462
10
1654
2500
2164
2198
2320
254
830
2260
2101
670
2150
2181
2198
1980
700
810
1422
8
2073
98
1780
790
2382
414
664
2147
2028
2228
282
1869
840
1802
260
1837
2112
2363
1960
1808
1270
1524
1678
88
398
1084
1258
858
400
1178
402
1070
8
482
8
232
1984
2170
132
1308
1452
2249
812
1120
542
1468
2271
1937
594
2106
882
2274
178
2162
2484
2534
1814
1929
720
1282
2682
702
870
32
2148
2161
2814
738
4
2011
1066
568
1818
106
1807
598
2165
2167
644
1937
584
2134
152
1024
2260
2310
2383
2066
1144
2316
2461
1933
1428
28
1456
858
198
2213
936
356
2376
2155
1356
728
2151
136
670
1202
1252
1856
78
2160
344
86
2406
520
2074
1906
2339
1564
284
864
2212
742
470
524
1254
694
2085
2537
254
1692
1768
1074
2280
1474
2203
2066
1242
180
160
1742
1258
1158
2183
602
278
578
1526
690
1156
2255
2157
2583
1942
438
788
894
640
232
1166
686
562
38
132
2291
2197
410
834
836
478
1554
94
582
742
1242
2222
314
1768
244
2341
730
320
2219
2290
2639
1232
2106
2466
856
2329
1072
2427
1658
1778
646
2241
2007
1708
248
2413
2102
1340
1400
694
526
1054
1012
802
2106
510
688
2087
2359
1760
1226
218
1448
2447
1538
916
1789
2197
2246
978
1746
80
2296
2476
362
1392
1046
2126
2004
2375
668
1460
332
2270
2337
2116
2367
1972
826
546
2116
1020
2050
1736
580
1976
2461
508
1981
2025
1813
2559
1754
34
1402
110
190
2293
2207
1664
2108
354
1068
2122
1638
504
2306
2637
910
1790
126
2068
608
658
368
1562
1976
2211
136
1842
2503
1764
1126
1608
274
1895
1426
572
1592
2468
2220
1868
94
2335
2892
264
1938
1250
140
2135
180
1691
804
1842
2454
1192
904
502
438
160
1600
664
214
704
76
1074
2000
174
252
1640
2022
114
2400
606
882
2333
896
2547
2287
2371
2122
1872
2049
1030
1576
562
1854
1622
2305
2
1774
1322
986
722
2540
272
136
1384
1864
12
432
868
918
124
2203
1098
2531
226
390
1362
302
194
1952
1244
1008
2480
180
2190
1616
2285
1837
674
2218
1570
2177
2431
1016
720
1410
728
2162
1847
2026
2392
750
8
2122
2107
2191
380
1166
2482
1952
56
758
1887
2472
336
1012
450
2248
856
440
2160
1828
2242
2145
1822
324
2174
1450
1110
2247
790
1985
1182
2006
1987
2323
312
1268
38
824
1754
352
1038
1829
154
2362
2410
1864
172
156
1668
2083
1360
1280
2333
166
1841
2261
612
384
126
2178
2337
1881
274
380
630
1302
1928
2048
1818
522
1824
2206
1908
28
1999
444
2162
910
432
2046
2216
440
2021
564
1178
1104
1925
322
2249
484
880
2392
80
1956
2305
496
370
2078
238
2076
700
916
642
2038
1612
1402
1994
1550
2059
2444
980
888
392
410
1856
420
946
2082
1272
1951
178
840
1062
158
2196
2056
150
1260
212
552
2164
2226
1314
258
212
1898
1552
1128
934
80
2215
244
354
914
1132
1564
1654
740
1982
2198
1488
2426
126
2170
2248
2207
1244
90
1112
1114
2066
112
566
932
644
850
22
272
2279
214
1492
550
1038
1156
1954
1440
312
198
874
2535
574
784
2381
2530
1200
2285
1114
264
734
1082
86
1418
832
940
900
1156
1434
2004
476
1813
2219
2122
2200
1816
1959
1222
1988
404
2334
2226
2141
2280
1700
1746
1132
590
2605
1068
738
590
2277
288
2305
256
176
1799
730
1108
814
254
1784
1940
572
2369
716
682
726
2169
850
2110
2536
694
746
2422
2128
2048
2286
1032
2122
1020
1630
2228
1712
1890
2148
650
996
2105
1816
92
674
1702
874
2367
586
334
2416
1974
2179
2500
2142
1662
2290
376
1588
68
322
2045
2038
2222
460
980
2242
166
578
2350
832
2058
270
2157
534
984
324
1406
616
2168
2329
364
2260
2207
2098
2124
1608
524
720
44
1928
1968
1924
2149
2204
504
2464
1996
2054
252
2256
46
2175
1028
264
1044
1102
878
1743
886
720
2121
1506
1535
1354
576
710
894
1954
32
2146
2270
1266
396
1212
10
2377
1742
2379
1726
1378
2441
1354
738
2353
1969
1370
1983
1932
2049
1412
224
358
804
2062
522
450
584
132
922
2193
502
6
286
2072
854
1602
2130
2059
646
2060
1386
1326
2265
2040
1340
1494
306
1210
1667
2256
1278
1733
2217
1976
2181
2142
94
1050
1436
1628
2123
2471
2312
2074
274
2590
1126
1362
446
1262
1844
274
1118
1426
2075
1266
2026
2385
2091
2660
1730
578
758
294
1476
396
2168
196
784
4
2511
1752
2371
3097
24
2033
1272
768
1832
1426
768
1294
50
28
1716
2212
1472
184
2170
1344
456
1506
2477
884
2284
1432
718
1170
1348
914
2901
1636
1970
638
830
1600
1812
1985
730
1930
164
1594
2341
2146
364
210
690
2220
2047
432
2255
526
1824
2170
1406
1182
2205
766
1000
932
276
494
1028
1190
414
916
2421
724
1080
1680
2168
276
2507
1320
1044
2183
2554
2222
2421
1976
1998
1988
2277
102
1965
764
1720
2082
856
2040
628
2153
792
2147
1860
152
2088
2300
982
2172
1946
2459
1718
670
2068
90
1350
114
204
48
1078
1284
1963
616
416
2265
242
2198
28
442
1498
1530
1114
174
1272
2149
2384
1138
320
758
1530
1983
2272
2185
724
2090
1342
848
1948
2403
1164
2146
1928
2189
2497
2296
374
1907
2252
250
2242
1234
1674
34
880
180
590
2158
888
442
1920
844
1974
256
2483
52
1186
1900
1866
2293
2354
178
2224
44
1704
530
2556
980
2447
2088
520
220
718
1444
1722
1428
340
606
1278
336
884
902
88
1100
1988
2235
1954
826
1052
2189
2410
718
852
2167
2210
2232
2132
876
36
476
680
2438
308
2096
426
478
2502
650
2342
524
260
808
2596
2222
376
416
982
906
1022
2181
1606
320
2002
786
592
1366
54
1918
116
2011
2997
1026
880
2131
608
190
44
746
2171
2198
1216
1540
616
750
1746
1664
108
1634
1390
1917
2130
702
2247
914
594
1050
1554
1008
1688
2459
2260
2342
1354
1494
138
2463
282
2375
1881
2084
100
1882
2254
2400
2139
1410
1580
832
928
2215
2050
16
850
2501
2005
2252
2247
180
28
1646
188
2483
2413
504
1731
2254
1866
62
2241
2189
2131
102
842
1598
811
532
2104
2194
1730
2187
928
1102
882
2241
434
204
2510
2173
1420
38
2381
510
12
844
296
2204
2104
2335
1930
518
1916
2078
2152
2164
2137
12
1618
2067
926
1965
1172
642
2308
1170
896
590
2235
1596
1950
722
92
1992
1198
1963
1809
224
2200
646
926
2074
492
1842
1188
2126
1008
2358
1094
582
314
1078
334
1274
986
1324
1730
1903
1520
2058
2241
730
2238
2396
314
1878
388
1876
2448
1918
132
396
1658
1652
1955
2130
2118
542
398
2185
2065
402
2020
2073
1226
374
952
1408
2150
2301
2165
2655
670
422
536
2149
2380
1430
606
1416
90
1426
748
1168
2201
808
72
604
2297
538
50
2016
2307
68
1240
1298
120
832
1750
488
56
1386
1841
574
2275
2048
782
2028
612
234
1596
2426
2516
190
70
284
176
2213
1402
2060
638
586
1813
2637
1494
2089
2079
2402
2261
2426
1872
2367
2763
2022
2078
316
1140
176
1396
2059
144
306
2216
196
1520
2026
1534
2347
206
272
220
2294
970
888
2302
2474
954
1866
1162
2066
496
1744
1650
2168
418
2303
784
994
2077
3098
2028
2597
2068
2348
100
1226
1850
1955
1444
542
1938
2187
1818
26
2306
1316
1833
174
2158
860
238
2438
2076
356
2080
256
2084
806
116
866
1562
38
844
2434
1244
302
244
1968
1960
1844
36
1530
1748
204
662
2098
1476
2373
1486
2498
1954
1774
32
1320
2141
6848
110
752
2570
2068
2373
2248
1148
450
104
1378
1226
1842
1578
1180
1412
174
984
1832
1822
1444
2482
108
998
362
100
850
1403
2374
1128
1434
2338
2109
2426
176
2412
976
1834
1913
128
2007
976
2348
2278
190
772
2248
4
2514
154
712
1958
88
1710
2317
42
806
346
1940
1206
404
2009
2209
58
908
2221
436
1817
2319
548
1550
2461
1426
1320
262
202
1008
2433
1504
1498
500
1234
972
394
2122
2255
1944
66
2105
254
2104
2293
1804
