734
1814
656
1182
2218
1888
1658
2075
114
720
104
1580
1920
1704
96
1618
1798
726
278
2110
778
1773
192
2134
1742
472
84
1026
2313
1662
242
2248
1936
2134
378
106
390
1652
1863
1858
56
186
1972
1978
774
400
58
1534
616
2152
2338
1192
1822
1184
1046
1967
2002
818
1248
1202
1528
410
1888
788
2445
712
426
2160
2215
2026
934
1066
1914
1004
880
2352
2102
1614
2302
2485
1980
2211
80
2037
2293
940
2419
166
1908
1988
1276
2075
760
1240
852
2444
756
1909
110
2296
2360
854
256
2040
6
2218
656
2410
938
848
14
198
2200
962
274
318
2277
1642
2154
2389
442
374
1980
2533
1162
848
830
440
2257
84
2408
1500
2316
1022
1916
1865
2127
2426
462
1208
330
830
2256
170
1130
806
2071
2330
2199
874
274
1866
498
2032
1820
1794
2206
188
140
988
2038
2377
1300
266
254
1912
438
2234
2355
1804
2317
2131
2136
2422
2231
1533
980
562
2394
698
90
156
1896
2679
1122
936
712
2115
1324
2126
2026
948
2450
64
810
1702
2254
1318
1578
1484
646
2307
1290
2058
3471
2232
442
1290
2179
2384
264
2415
2097
1741
2317
10
1060
500
774
152
800
1730
1344
346
900
2389
1130
1860
1682
220
1486
1066
2157
2957
278
2379
2552
2220
1780
610
690
128
76
2375
2328
330
26
2110
1104
26
1114
2380
676
2175
344
2382
2476
2093
1304
1784
722
1820
854
958
1676
82
562
2207
1660
2195
2287
2248
536
812
2262
372
2228
998
1766
2291
1918
1426
330
2443
244
2019
388
2546
1336
456
92
1252
1170
488
2126
362
318
2156
1198
1870
420
366
106
594
896
2462
1922
2192
38
2598
848
2359
1826
2290
2395
1196
1880
644
2159
2209
2011
544
1570
1440
1620
1552
2330
694
1948
1196
1826
1640
1961
2583
2022
1484
2078
2367
2280
1928
1036
1830
2190
1828
1969
2367
2220
2299
1132
782
2468
286
2004
2013
1142
3118
2
1701
1584
1046
568
1546
1134
20
1843
786
70
2
1058
322
1068
1748
2062
2404
456
2194
1398
574
1296
902
348
1380
780
1420
1761
748
1188
18
1822
1428
1410
1158
360
2249
22
1628
424
2402
276
1348
418
1867
2262
910
1480
1354
2386
2283
1955
478
602
2488
234
2325
1841
2382
2162
1812
102
550
2212
256
1304
808
2192
1030
1158
246
558
2599
1938
2358
1544
214
2405
2096
408
2470
2173
1704
1602
1824
2039
1210
492
964
1728
624
2126
310
594
2229
1172
606
2320
1052
2029
1946
1122
100
728
1936
222
1714
860
2396
2206
282
2227
38
66
2147
1546
298
120
906
30
598
928
2051
2471
2048
368
2146
612
2061
14
2405
2240
1840
734
1464
612
1446
964
2294
1996
2073
912
908
1860
2154
1694
74
1330
384
1983
2039
2298
736
1120
852
2102
1936
246
56
746
50
2421
2401
1900
1876
1318
2226
190
106
1706
1194
1382
88
1908
1666
1940
1628
1278
2137
2080
74
986
1971
2104
1882
56
2282
2325
510
690
2025
2182
1743
122
2161
2304
594
2333
1000
2060
1574
934
2107
2110
2145
2201
3158
48
2000
2286
180
124
2866
2485
524
2251
818
32
448
46
1316
546
2082
1430
984
1020
2474
88
138
656
2307
2172
594
2547
1000
2154
1154
1778
2044
190
1182
2247
1082
2185
2155
386
124
640
386
674
2040
998
1320
1870
102
1992
408
2069
2098
2286
954
1176
1860
488
2015
1274
2094
1452
2402
2302
2210
894
1322
1964
682
160
710
1330
246
274
310
22
648
2
190
2023
1502
2269
1965
366
2573
2411
2008
2061
1176
2340
780
2320
28
2293
2251
2213
610
864
892
128
144
1396
1156
2276
2054
1050
1965
1248
58
1082
1016
852
2509
2443
148
878
1840
898
2139
556
2302
568
738
2072
2401
848
90
320
1112
270
672
1450
54
1830
316
2217
1014
198
1632
276
1442
2023
692
2541
1680
416
20
2353
680
1887
2055
158
2163
2162
360
2247
2287
2216
396
1342
2346
1134
250
542
2403
698
622
1634
450
834
1608
208
2473
1680
1502
302
2289
746
1910
62
930
2147
428
844
784
2056
2038
1698
1975
2190
2485
2142
2313
1790
2227
894
800
1844
2129
2485
344
696
1765
1912
1254
2368
2077
1650
72
1884
1854
556
1444
1360
2077
1960
2235
574
124
112
840
2361
2393
572
2030
622
30
342
874
896
1022
2357
344
306
1500
1068
1518
66
366
2019
646
432
462
1084
2084
1094
2177
62
1092
626
424
2336
318
828
2167
674
2043
854
1090
2454
972
580
150
160
124
654
1142
1084
1838
1747
1962
2277
2049
2168
858
1954
1018
820
274
690
2478
2378
2541
2004
48
1906
148
1076
1072
460
476
1974
1666
692
2188
2112
2118
380
1880
112
1478
530
822
1914
2311
60
426
2175
2011
2342
1760
2402
1978
864
1044
1706
2019
110
224
2105
898
1702
2140
2
888
248
2373
2216
296
2147
400
396
448
2248
1274
764
2246
2179
650
908
2316
2157
1010
106
804
230
2578
2372
2180
496
2196
1982
2284
2151
434
1942
2325
88
1562
1964
990
340
2017
1961
2398
2029
2382
1988
910
1340
2152
2379
492
878
648
2083
2313
2166
510
482
1902
100
468
1290
2484
2295
2114
2141
1723
242
446
424
2047
1218
1630
2051
232
2466
1760
2092
1292
1944
2488
1054
808
1909
1518
2291
486
1716
268
1446
2343
2166
2280
1938
946
1300
348
160
726
338
2713
998
2194
82
260
282
1700
1054
148
2299
1914
364
2246
50
790
884
1989
1746
1502
76
2337
2320
2312
1358
326
1963
2171
3270
1520
326
2162
1354
38
1520
2276
932
2103
2391
652
650
1074
2257
2486
1896
524
2508
256
940
2323
678
176
1586
58
2267
2041
678
2048
1955
636
2010
2268
1266
1284
230
1689
2038
2300
2486
2879
730
44
298
1913
220
2277
2006
1927
2257
376
2412
1860
720
2248
2076
1406
1280
1797
1752
2399
2436
2092
2003
2565
2523
1910
2293
1978
1742
1776
966
1621
1558
2117
2274
2347
324
1576
1466
38
1794
2485
1568
428
1096
2090
1952
300
2523
2116
612
2226
652
1882
2177
210
2260
1314
762
2192
476
2396
432
642
904
168
2457
2225
36
206
1058
2398
460
826
2202
1412
938
2419
2352
1264
974
316
2114
1966
524
2353
202
202
2315
2013
1702
2018
916
1704
1666
1664
498
1484
1634
1892
2292
496
630
1980
2590
1412
866
2013
580
2001
224
2121
898
350
1584
2468
382
734
700
840
2467
2360
2171
544
2356
2368
338
1396
880
1226
1108
2121
1618
612
2295
158
2404
1856
1168
1376
1744
548
2166
480
1780
18
1090
862
576
1130
2401
2285
1999
544
2343
148
1300
2152
34
2094
2125
1310
722
2275
648
1786
788
1402
1979
114
2240
968
640
732
854
1954
670
142
2061
1830
718
152
2271
1588
892
2304
64
1734
160
888
1132
1969
576
1474
2234
2343
1276
196
358
1730
1955
1977
1944
770
278
1252
582
2008
2324
804
554
738
1312
2211
1922
1348
470
1540
1134
1416
2221
1208
1837
2278
2063
554
2041
1052
2183
508
2235
2386
2389
2388
210
2131
2123
338
1412
984
74
1620
2186
334
1558
2356
120
260
492
2219
1503
682
2519
58
2344
2252
164
620
2020
1374
1786
1510
1924
1054
2180
592
1558
114
926
1450
612
2255
1900
2283
350
608
2508
42
2351
24
2043
750
682
1310
2311
2472
352
1322
2025
128
320
2346
472
2109
2413
926
1975
2411
2492
2062
2060
1226
760
356
2348
128
908
2307
1901
2078
572
1248
1996
2278
646
1606
2049
2064
1898
262
1664
390
938
544
1398
1226
1870
1638
2240
1808
736
322
2437
1292
838
2274
68
2114
2037
388
2392
1871
1984
1568
294
2273
2348
124
2
1308
1120
2089
1206
1658
1198
1124
698
1860
2064
278
2466
658
282
150
1052
1506
588
162
356
560
250
1940
2217
286
460
1474
1850
1358
1552
362
1106
1036
1855
1945
256
250
2255
1770
1815
956
1977
876
2126
1234
1420
1800
246
416
380
2354
2173
508
330
6
1630
2228
1788
888
2464
1110
310
1684
944
1794
1518
486
2222
1076
1336
10
836
1420
252
14
716
2147
562
470
108
394
478
860
2247
860
1899
374
824
2058
884
348
1752
2236
1968
146
1978
974
1703
6
2519
232
2218
650
2182
2907
590
2194
3319
534
1388
1534
1378
916
1306
692
968
1848
2153
2164
100
2314
2389
1836
278
1050
862
692
934
2444
554
2259
1803
2067
444
2091
2270
1931
1906
1988
2463
628
934
1998
1906
2246
808
430
1902
2122
2040
884
2170
1912
2420
1322
868
1884
370
1584
982
444
1812
1380
32
1380
830
184
452
1632
596
2169
1732
264
842
2368
1508
2483
356
700
2003
172
492
572
1920
96
2070
1752
1002
2472
820
1338
1848
2092
2417
2249
2251
1707
