324
2147
212
1383
2338
2017
2470
222
898
2266
170
574
1681
2269
370
80
944
1638
2002
2420
2253
1206
2403
436
650
170
188
2361
1272
1196
2241
262
70
1146
916
200
816
832
400
2389
2278
1028
30
2336
1556
1910
2513
990
394
256
880
90
2236
2143
922
268
1086
598
594
2170
1941
2191
2087
2203
2253
2301
48
2186
1608
2070
2250
2174
1374
614
1298
2202
1560
2196
2503
888
2056
2000
500
1008
2362
172
1996
1136
1740
2266
2034
2159
2110
162
196
1008
200
2412
4
1158
110
652
788
2423
2020
190
498
2157
2001
2250
122
190
1306
54
72
2332
946
1716
1754
2297
1655
1120
1192
418
2131
2072
58
1906
2026
2134
1642
1214
1812
2062
410
2220
2425
1920
1524
2032
2304
334
1889
578
744
2464
2148
870
1578
256
1208
434
606
2181
2534
1934
2113
448
1977
1452
816
1534
2047
2401
2086
1340
2430
1440
488
370
234
1328
352
448
906
2182
2403
2494
2594
10
2271
1338
606
1518
1230
1334
626
2002
632
462
1498
1678
2422
426
952
290
2346
632
1250
2352
328
816
980
2149
232
1960
1788
2260
38
1956
214
1242
20
876
2174
2242
184
1044
512
1290
696
2206
1590
2474
302
208
1772
1462
472
582
1142
400
382
146
1756
1042
2200
1859
1348
836
2064
402
864
218
972
72
2433
1124
316
1932
414
2311
222
586
732
1940
2403
2131
2067
360
344
416
988
1020
32
1712
186
350
1848
2296
2176
688
486
1044
1506
2187
2152
1218
1770
280
1112
640
844
432
86
698
18
1272
1668
1064
1876
1608
1450
1865
306
800
1422
1022
336
828
516
776
1822
1404
592
696
732
1302
1933
2034
1668
1388
2078
1638
442
1912
1030
2267
2219
526
1322
2183
450
2162
102
2262
2150
852
214
400
1070
292
1938
1880
852
2022
430
208
318
1971
2304
2039
434
862
2019
928
334
2444
2227
648
1464
282
718
2205
906
1900
2282
276
2054
678
760
338
1416
2220
1008
2416
1967
2272
108
306
2078
388
1873
2298
2628
2356
238
260
1728
2147
2359
1046
1965
1216
2503
2179
2141
1779
2152
2397
2021
1884
872
992
2079
204
2266
1991
220
1712
756
2349
906
518
1812
586
316
112
150
2450
1410
2064
1913
562
1756
2200
824
760
2218
1738
1306
216
528
386
420
882
2002
2094
1921
1296
334
2321
1662
124
68
226
1973
1266
266
242
1760
2354
2420
1610
1336
2158
1900
3824
2333
1236
2058
934
2378
1864
1548
1866
2059
1648
1556
2357
2185
2273
188
1943
612
1122
66
1244
1312
648
2628
168
1738
464
1926
2310
2395
996
2098
484
1510
470
746
550
1911
32
932
2230
1238
628
2136
2176
2082
670
924
632
426
2090
1056
122
1506
428
1664
2189
244
652
426
2047
250
1042
1996
1360
636
2056
1887
2377
146
1104
2228
1316
758
156
1274
1018
1382
258
1523
2095
612
1232
1654
164
2071
1646
218
1847
440
950
1974
856
2470
2293
2095
2263
1238
1258
314
2320
28
1992
102
486
78
1580
930
46
2038
1929
1254
2465
1798
1624
1686
1700
1975
1923
352
2259
2145
2499
2183
2425
1406
416
2207
1700
342
1310
1474
1738
1452
2208
302
746
1362
116
2136
1554
630
2199
2401
2405
1586
1504
372
2316
428
2085
312
292
276
2554
608
622
38
704
1658
516
258
2110
364
906
1888
2340
2078
1112
120
202
124
430
500
718
1500
2170
192
2534
136
2204
2279
824
1068
1880
1154
1815
1978
258
70
778
2374
2353
156
2272
532
1870
2242
158
744
2214
2260
88
2213
1010
692
2090
1312
102
2441
2053
2042
1676
2259
2044
954
1244
2044
778
1670
904
2233
2282
1158
1630
2181
2088
1912
1945
1730
10
2134
2152
2099
494
974
744
2194
1616
2050
2325
722
608
1928
1030
2132
38
2450
2011
548
268
2348
734
208
1550
520
1534
2306
1062
2173
2185
1962
2322
1220
1800
2163
782
840
2238
630
2304
1140
386
2358
2432
116
2475
926
774
868
2454
1032
2388
544
2291
688
888
2178
266
144
2276
384
1940
234
1008
2167
138
394
1668
1100
2097
2265
1276
1720
548
2246
2311
178
1090
1958
1568
1886
1210
2372
468
1246
1164
14
2216
552
2032
2092
1804
300
436
2106
1722
956
2519
2263
1188
798
920
1198
1232
1542
1066
1992
2375
904
122
1838
2273
2400
2362
374
360
2188
1764
1692
1958
1730
2237
1100
1410
348
2534
468
868
2012
2299
256
136
2381
996
948
1112
1844
1410
138
298
588
772
886
2286
2293
960
128
86
440
1076
642
634
110
2238
2050
462
816
448
1985
2051
300
1858
298
26
2168
492
538
1760
72
846
220
2357
1898
2391
2255
4
2346
2124
98
1552
2266
1824
1120
418
38
1982
2372
54
2268
430
2350
1532
14
2313
104
2405
2400
1038
2194
976
336
1030
2188
1744
474
1274
1112
2488
2080
108
1540
1100
1640
1864
612
760
362
1985
318
2199
1758
2038
752
662
1068
2002
26
430
1338
924
2461
1292
622
356
2248
856
2126
988
964
772
2257
1422
1108
2441
1314
2793
2252
1234
1770
1110
2038
3050
364
400
2485
778
46
2331
958
918
1833
1848
1334
430
906
1250
1803
114
1660
1218
2292
1398
614
1867
1923
558
1278
1561
2160
888
202
2200
792
1548
562
1909
2280
2394
2228
2344
1948
126
492
318
2060
904
1432
2341
620
1300
2158
1268
1978
1484
1742
630
1316
1600
2208
772
344
2246
1482
348
804
1010
140
1722
2784
8
1752
1426
1692
518
516
102
284
294
2166
984
2010
466
2217
2174
72
2170
1493
1400
2420
338
1170
2242
70
696
1414
1136
172
1222
740
436
1943
1560
460
2326
576
150
1636
1242
838
2198
1892
18
2385
140
136
978
1904
1858
526
752
2487
2232
2010
1586
2498
1088
50
1918
2242
2318
2491
176
2212
2084
594
1082
192
1098
690
1534
2255
2277
478
1864
96
2376
1286
2431
400
792
882
1700
1748
1762
1760
2431
290
378
2051
2180
634
1096
1810
88
338
626
860
1296
2230
980
1130
842
2423
2287
1292
2043
2580
2120
844
2309
2260
170
2503
1198
376
1512
1862
1664
2067
874
498
604
258
2143
1170
2428
1586
1344
406
348
1953
240
2428
2184
1058
614
658
1618
1692
1968
1866
346
2117
1016
1666
2274
2032
52
416
1440
660
1556
2143
44
2150
2124
2334
2501
386
2261
1566
1560
2004
270
1758
2008
416
1052
164
442
358
2422
730
2116
668
2338
936
108
164
1130
1980
984
1012
416
764
598
132
2248
348
2266
564
1818
1424
2114
2428
1884
2376
2057
644
2209
706
606
518
1608
2159
458
1154
2422
444
802
880
2185
94
458
2406
2164
2002
1290
484
2164
884
286
1116
1238
2126
70
2032
250
2429
2628
2068
2675
758
670
2298
566
2558
1048
876
48
40
1983
2799
2918
1106
2384
2043
764
316
190
2230
1792
1912
2254
2413
2241
236
2311
1790
2006
1302
2285
2320
1532
2099
1424
276
1402
486
76
2432
1802
1965
14
2146
148
2524
2187
2114
814
456
506
606
2311
2714
1644
138
206
440
1032
1828
1967
1654
2225
714
2210
1574
1604
2284
2119
1194
340
260
1484
514
38
962
198
1146
358
608
2510
2151
1484
2084
458
1028
2413
2151
688
1514
1927
1590
820
2146
518
1724
14
114
8
1134
56
362
288
2456
1038
450
2339
2092
2387
1942
604
2250
2098
308
2196
2155
2413
912
1684
164
1320
2304
846
1236
2198
2370
14
2295
372
1642
2315
776
2496
1860
854
938
254
72
2134
2210
86
2274
2439
524
2268
2423
1526
2371
1232
2069
758
2583
200
2240
332
2413
1294
1966
2186
500
1903
172
600
2042
1542
2059
2280
482
1785
2096
1482
288
3831
78
108
118
774
2378
1853
174
2361
840
1244
2115
544
984
2634
2243
2175
1771
6006
74
1574
336
1410
548
770
1674
168
22
2172
2380
250
834
2401
100
2030
430
2072
1894
2058
1094
2078
1360
2121
192
1594
1596
2356
926
494
1072
480
218
728
1088
830
2277
436
2566
916
736
1774
696
1284
1792
2166
376
1026
2350
2130
264
2305
2198
1030
10
1338
2459
1470
2342
604
98
2136
1998
2382
1316
348
2366
134
2046
20
982
698
598
1862
742
2433
330
2111
1328
2158
2206
2246
252
2420
688
2356
624
170
178
2416
2450
774
2146
1424
62
472
438
1967
1969
1394
2281
1490
380
648
2464
2290
2000
2378
1752
1068
76
2088
2256
1839
898
1924
1572
2129
236
2032
1644
192
1358
2181
306
2245
2046
2174
2392
1924
2016
766
1436
1694
2189
1016
230
2075
1741
662
2469
2082
2140
2390
1098
2041
2336
164
1704
194
2031
342
210
1622
768
2279
394
2177
520
756
1654
178
788
184
954
1088
868
1580
36
1913
2490
2022
1294
2486
2157
1302
332
56
362
1958
