1954
44
2170
2335
542
2311
2382
2093
404
214
2292
1950
2221
386
1214
558
938
2203
1056
2145
940
2001
198
1028
2567
186
1584
2069
1952
2136
558
224
890
700
2016
1218
284
246
1826
2062
174
168
2202
170
92
2428
864
2360
228
332
2180
1965
390
2288
1996
1662
2024
932
1212
2046
222
2086
112
352
1584
520
556
636
2044
2516
194
572
404
2208
86
512
1799
910
1904
1422
482
696
1246
488
156
1646
1790
1112
242
1270
328
654
1432
698
2277
2376
2057
1956
2384
2188
132
292
590
610
356
1402
256
204
866
2022
2050
2261
2124
362
2334
2363
1915
914
2743
2154
168
1472
1771
1104
1290
2129
1976
962
416
2098
2382
942
1570
2296
2343
1473
2380
2236
3358
908
278
34
834
290
200
1430
102
2414
1990
2369
2398
1212
2267
474
354
302
318
642
2191
2052
172
946
1226
834
2004
894
2389
1817
2258
860
1940
296
2355
1434
270
2326
2348
2464
3194
560
1688
1210
2285
2150
528
1889
50
1815
2147
2372
172
1934
766
12
1959
492
2285
2084
1102
1912
2083
594
30
976
84
2024
802
2351
102
128
494
202
2288
604
1956
2348
2046
2369
2043
1790
660
2234
2465
2233
1114
644
552
2268
256
1562
2118
1979
2327
718
1418
2136
918
228
664
2405
72
906
2035
1520
1108
1588
1698
272
1498
1502
488
278
1782
2112
1126
1664
2210
1617
572
2042
1614
178
2455
2310
2052
602
1590
1950
1784
2099
1574
812
24
780
1744
472
148
292
1370
1094
1218
1888
2140
2261
368
684
612
2372
1649
242
360
522
2261
6
28
2225
1980
2201
2335
2314
422
756
1800
540
2218
1752
2560
182
2435
1939
1354
2184
392
768
2080
78
246
794
2
2371
1212
1350
130
1358
2104
1873
698
88
1979
2857
1856
2104
594
1402
2072
2152
390
1046
892
2180
1886
402
1468
1636
2063
2181
2447
310
596
2332
1114
656
8
530
2630
1936
2338
10
2022
2366
426
2340
2298
1416
376
158
1934
1892
2378
1332
1734
1924
1002
2511
1820
162
298
2170
494
2552
1056
956
1720
1354
1090
264
2797
1860
1899
972
1414
1979
1936
2436
632
738
360
616
314
1884
1154
812
448
790
2372
1950
1838
2240
2284
1288
16
982
1234
2352
2315
224
2566
450
2226
1002
324
314
490
1684
644
1939
1358
1132
452
2560
2378
802
2252
918
672
1604
2048
1578
1046
2335
136
2380
340
42
568
2273
52
844
1232
2460
2032
14
292
2222
1648
2244
188
2121
858
912
1468
2015
1852
2113
1138
1982
2136
2254
1688
1248
2023
1056
20
1874
1844
1830
638
2236
1108
2046
2301
1332
606
2220
252
2116
1140
750
902
374
300
1712
1726
2002
142
2330
2356
1875
80
1026
330
2344
2429
2090
2108
2347
108
630
1846
616
2257
1136
2348
2445
2289
520
2413
2021
2397
54
2480
2251
1870
1618
250
1360
412
36
882
1687
312
1598
1096
1188
2120
782
332
1922
2406
298
1492
1230
1068
1935
2286
1984
162
2096
2303
430
2090
2229
330
1968
2242
1288
1242
1070
114
214
936
398
2253
2752
988
132
1342
2412
3332
2056
12
2234
2101
2307
1760
76
1172
1356
2172
2017
402
2144
2172
1614
1784
796
1332
2124
2121
2346
98
2292
1988
1490
1004
314
2267
558
52
740
186
226
1404
2402
2464
1778
2402
292
2596
2271
1711
610
2188
1783
60
1022
874
594
1028
1584
1620
2074
1784
1677
1130
912
2361
462
1558
134
2337
232
982
462
1850
2019
2179
2146
466
222
412
120
1981
2220
622
102
1396
2250
2045
1306
2254
534
1106
1688
280
72
986
1973
690
128
626
264
2168
846
1420
318
2179
688
1868
274
624
112
1838
1456
2206
2075
358
2417
2182
16
566
906
60
264
292
192
1500
306
1034
1944
584
1624
2375
2054
1146
562
2169
2280
2403
608
1284
28
2245
1874
2404
2128
2260
308
1991
200
2324
1070
64
1903
1560
510
2288
270
1166
1732
1788
1622
248
2454
786
464
48
934
2027
500
948
1398
1846
862
1212
2323
1208
588
370
596
1880
1286
1080
1860
2042
1512
322
2569
8
1228
312
1212
762
436
2447
754
404
2065
1838
1996
2425
2375
2152
18
2302
972
670
960
2100
1104
498
566
2133
80
898
2100
720
120
2383
554
716
2363
642
1736
1392
1981
2101
74
316
1094
1801
2680
576
282
1402
2233
282
752
546
1266
2369
1544
2122
2251
942
204
1508
1791
2239
102
710
380
1518
2119
1496
964
1962
1234
1566
2362
1668
322
2262
2286
192
2172
894
1857
1388
1244
1971
1982
158
870
696
1146
2001
284
1849
788
2473
1342
2243
494
1808
64
812
168
904
2381
2447
1810
984
2404
66
1744
2380
282
736
162
2065
2078
2138
912
2368
1820
546
994
2477
1700
2396
1304
2253
2485
1098
2170
1895
2133
1936
1598
1520
236
280
270
582
1867
978
2064
1718
1752
1754
32
678
1505
464
628
2045
1690
452
1901
2499
2292
124
2013
18
540
508
278
736
2429
2175
1444
344
1907
2202
1256
2061
2139
2222
292
1266
10
1664
2643
562
1476
1917
308
1998
2716
228
368
720
936
1618
722
254
1444
2344
2131
2405
1969
1836
638
2364
680
26
2257
2150
2229
1718
1985
2204
1820
1936
2080
1954
750
2110
1564
924
54
2372
2484
1118
212
2046
2155
88
2241
12
138
764
1816
1894
1756
2096
2061
2360
720
720
2358
4
542
934
1094
414
798
2241
2268
1734
368
1762
1758
1506
2345
2372
2492
2004
740
2179
2242
510
1814
1786
1278
1442
844
1200
70
422
1720
114
2210
1984
190
1096
876
2327
954
676
912
278
1548
2498
424
1750
342
2068
416
2206
1566
594
316
1756
536
2137
426
116
894
446
2087
2250
298
850
2441
276
94
694
1430
1932
2493
1144
2732
8
348
2284
630
1334
1002
1122
2210
2400
2258
2307
810
1848
842
2160
1761
898
1202
668
924
346
48
1760
2363
314
682
406
2144
906
362
454
1812
2
2721
1416
2342
2230
2316
188
2062
36
982
2014
1334
366
1220
1906
1088
2062
2196
838
526
2271
860
2098
532
2292
328
2518
666
1830
934
1316
1968
1656
380
2044
3032
2194
2255
932
1078
998
2215
80
296
108
2374
324
2036
146
376
1396
2
238
2398
532
2044
2030
2020
408
1164
1961
4
2311
378
1062
1158
2127
1568
2474
1887
2432
2073
2552
2162
1108
654
1988
858
140
2269
2214
2027
866
2413
1796
906
84
1474
150
1978
368
1456
610
564
2243
1598
2068
1404
2241
1978
398
584
1084
78
1574
1993
2419
1412
720
792
92
1244
1210
140
1322
1390
2224
2268
2312
1344
2190
2371
948
94
1943
960
1962
1028
98
184
2396
338
768
974
2618
524
2054
1882
1078
1256
1278
690
102
1332
542
1072
108
2708
2137
1592
720
2227
586
118
1776
1328
2111
2177
574
344
2209
1300
348
2186
308
1206
18
1030
1366
1518
546
2384
668
594
580
78
1398
2001
1448
2305
1880
640
212
522
134
1332
2280
358
1714
212
2122
2245
1514
250
2224
1861
740
1438
100
1944
790
1624
2270
582
2159
1386
416
2234
790
548
1010
42
2333
1576
1733
2610
2185
2096
220
2455
1734
214
348
2102
2363
1442
432
26
1184
550
122
2291
188
1896
2601
1478
2155
1272
1794
840
1834
702
2042
1786
1398
720
44
962
836
296
1535
2100
1538
36
2044
2097
726
820
1252
2441
1156
702
2283
1366
966
2281
1966
2150
2207
1762
384
702
1898
26
114
162
1622
2295
2035
2343
1865
386
2669
614
1236
28
328
2163
6
676
1903
1616
310
412
548
686
2050
722
1713
2291
818
2053
614
2186
1270
964
26
1600
378
1390
1028
902
1832
2023
2322
1748
2350
322
2044
2166
428
2256
34
1142
176
1816
2199
2102
846
1132
292
2099
652
2361
1760
558
354
1792
198
216
1002
1134
176
1838
812
1838
2030
2365
1050
980
2321
1614
918
634
218
1670
236
2329
508
394
2321
814
480
1186
2039
2228
2316
2168
454
2323
1510
2175
1412
1964
2238
1795
278
676
732
1744
1961
552
1646
1330
38
1941
620
1985
616
1764
476
114
2333
1696
2135
368
882
882
2243
26
1633
116
2205
1724
446
494
2219
12
46
188
212
2041
1884
2152
2270
1314
2427
1072
2249
738
938
1168
598
158
1452
1336
1552
1428
524
1200
42
808
1973
634
340
1128
1533
2535
2226
2422
942
918
2301
1402
532
2120
1442
2063
588
10
1815
1889
2255
2207
16
2009
2050
792
1298
2037
416
2427
2210
1108
1902
92
888
2177
2557
1820
640
668
596
140
68
1076
1132
2166
2216
2336
1012
588
1757
618
2050
2593
2064
1986
370
90
640
2255
1408
10
138
2032
1384
1044
1212
2187
204
286
238
2024
772
560
316
48
152
932
2342
1735
2033
800
