518
1748
930
1976
1744
2188
2555
1222
1859
2030
724
1872
2528
1826
1856
502
40
2008
250
1024
2381
1868
2421
2338
314
2166
2337
2006
2088
2253
104
160
2312
480
2063
566
24
898
1813
2601
258
2199
2226
1797
960
558
718
2217
684
2441
1909
2001
894
2016
720
2296
778
1944
518
2037
1560
90
1610
500
2165
1844
2133
2262
2084
2044
2061
34
1698
2218
332
434
2271
1842
2048
2165
502
1154
450
258
246
2098
126
1960
1721
2221
764
970
2440
100
1646
1750
2052
1260
1606
162
28
1544
62
1116
2397
466
1182
118
1868
48
1656
248
690
1086
996
780
240
788
232
2511
186
2318
390
2238
244
2220
2130
2218
1890
344
2416
562
1074
2273
2334
116
2635
1394
246
2186
1476
462
2157
396
214
2347
2285
2424
1494
1632
654
2298
2051
1386
2670
2240
790
138
494
1740
2078
1710
60
126
1408
2065
720
534
2041
960
930
2006
2455
742
128
438
2354
2434
26
448
2612
1850
1234
92
2591
2238
1682
2161
1908
1198
420
18
2072
2048
1630
2270
2269
2310
2126
1050
1466
1052
2322
1540
72
20
84
440
1748
2131
2049
1556
2427
160
610
1414
2025
2457
2303
448
346
1302
1180
412
30
632
1054
1718
1058
1834
468
198
2376
1620
1792
228
2354
136
168
334
1022
526
1660
92
78
1028
1148
2439
1332
78
1656
1992
2169
998
742
1816
1274
374
1572
1947
52
202
2392
690
1896
1854
2153
1756
2191
2145
884
1254
842
2167
40
326
202
968
644
1078
626
1744
2222
1961
2376
942
2213
872
2458
1662
1166
1524
1174
972
1734
2181
2081
1108
278
1718
2479
1058
2268
1629
22
896
1428
2379
2151
1364
288
668
236
2629
1825
1544
1955
2365
290
1178
2112
2100
824
492
2060
1166
1730
224
2323
384
1847
402
1372
1580
2157
1290
1358
1090
1698
2206
934
1536
2304
2166
1538
1076
1148
1810
976
792
302
18
2107
884
2044
1866
240
122
666
2183
2082
90
1998
2622
1880
624
1114
1884
1658
82
2237
626
1642
402
1755
1931
58
1254
144
178
258
82
1414
2061
1386
1987
884
668
1366
676
1030
1844
1214
296
906
106
612
1218
58
2248
1988
2272
1494
792
2480
512
1796
2195
1976
1334
2179
1670
2065
2470
2330
178
2262
540
1238
2099
930
988
916
36
848
1026
926
634
1048
2465
2132
2246
26
460
562
38
2033
1867
586
470
1981
1944
934
2053
1840
1192
1896
1658
2239
1258
604
1590
1186
2297
76
2506
850
344
1590
2304
100
224
602
1792
708
2214
140
2315
660
2329
2297
2091
840
2199
100
2244
1086
1554
2301
246
686
2226
1640
1550
2112
1100
2312
1838
42
1682
2219
326
2116
2377
348
842
664
486
876
1128
176
2280
2206
1122
1925
1058
1136
580
736
2333
1660
1520
340
308
2366
2278
784
810
830
718
38
1176
844
2054
1330
1936
1290
1929
1042
1500
556
2286
942
698
1648
426
782
346
2103
370
2415
2300
2096
2456
434
1510
342
2238
54
1192
2143
1196
2109
280
1756
3156
1530
140
952
2223
226
100
734
56
2125
712
2230
1734
1798
64
676
328
1831
2108
1240
2028
2574
2168
24
1986
1032
2395
2006
1552
956
2192
2031
406
1160
618
8
2147
2063
1682
162
1550
580
204
928
1958
1494
2534
1748
2425
14
428
804
1962
1214
158
856
108
2168
1664
318
2004
504
1798
186
2622
248
62
682
426
280
592
168
2307
20
208
1798
394
978
26
342
2067
1594
1775
1841
1234
1961
1318
284
2257
462
962
1542
2137
2110
698
2395
494
1985
1832
1426
1824
826
2014
924
1842
286
1416
1811
2104
1916
1292
2056
2302
1350
2107
2
2387
1040
2227
498
1094
2296
1142
32
274
106
1878
2204
472
582
226
1802
2445
1260
2151
712
256
1140
76
2926
718
754
1943
2116
2160
2174
1838
276
1720
532
184
2461
404
1731
758
244
570
2030
2367
1402
1770
574
40
1374
912
910
258
1606
1098
938
748
1120
634
972
526
292
1695
1962
352
1010
568
122
2248
2054
2444
2410
2038
1947
2189
62
2203
1552
924
1738
888
896
358
862
2338
1354
344
1360
1404
1562
1136
1845
1888
2273
1152
204
318
1636
1230
776
824
264
2026
1536
818
1168
310
1030
2294
1108
2180
470
1832
1578
122
308
640
554
2079
40
546
114
130
354
2651
1586
1852
1134
1304
2167
594
2333
76
1416
2374
2273
1262
2451
1859
1254
884
34
18
1210
2166
1870
2536
2107
1642
758
70
194
2003
2160
1804
1918
1999
2079
1830
4
2678
1236
748
190
2056
834
2110
2032
462
2258
218
676
1046
1546
564
598
1700
2229
1681
774
2157
3119
816
54
2215
1238
2196
2164
974
2452
1222
1422
218
1456
1892
2338
522
740
2262
772
1926
1144
2124
926
2286
1826
2229
1610
1084
932
2370
2119
1390
152
838
1925
200
2214
1104
1092
2275
1560
508
1874
1930
1016
864
358
974
2017
808
174
2427
2401
2517
396
1588
1964
210
2248
218
2024
1540
474
468
586
318
676
264
1588
246
2375
2296
1146
822
970
574
928
2115
1885
1262
2425
2018
614
2317
744
1692
134
940
2144
876
814
1836
352
202
2035
2311
1134
2614
2253
2305
524
80
1398
92
960
1114
1898
266
18
540
610
1847
1947
1822
24
2203
2182
2332
1810
320
938
1626
2285
586
762
2152
1008
2283
56
1546
790
2250
1790
2917
2191
108
2322
820
2263
2161
2251
2176
236
450
1144
502
2511
662
186
176
2420
1110
2323
608
774
1050
1788
2073
1807
2401
1068
28
2340
2065
2311
1805
1096
2789
1958
238
2396
320
1692
2179
1552
1992
2279
2375
356
54
1390
2261
1865
712
2349
376
1750
1612
2203
1859
2264
2251
1672
772
1044
2538
1422
2211
94
1044
1879
1104
692
2453
2422
2168
670
192
858
2160
1709
2373
2003
648
788
444
394
188
2176
2175
2366
746
970
186
1626
904
470
782
1464
2159
380
1858
376
656
164
1608
1286
1208
1258
2237
32
2265
944
506
2328
1256
2349
1646
2121
1422
68
1416
706
296
880
746
1326
1917
2209
1762
1010
1028
436
1054
718
1883
842
1966
2220
1612
530
602
650
2004
198
2690
1761
2052
2067
618
134
448
2394
1563
1961
1518
98
1950
2377
1913
2258
1807
466
1602
1775
1434
2416
2189
1782
2258
1202
92
2034
1886
1256
2386
2382
1814
998
2176
1973
2280
1128
104
2538
1356
600
1800
2128
1132
1188
924
284
428
668
1566
2068
250
1322
1766
300
234
1954
2097
1830
824
578
1340
1992
1698
2535
420
976
1608
486
1092
1606
1926
2199
1016
14
944
392
8
484
574
170
1120
142
2371
996
326
1839
1152
2055
1538
694
78
1624
2056
2108
2087
1890
2152
332
1254
272
212
164
2036
1838
1036
30
852
286
2219
1208
2164
572
1390
556
2877
1955
784
280
710
494
818
40
284
776
398
1999
804
1334
2054
2427
1724
2176
1994
612
128
1990
1254
904
2368
758
2006
1909
2141
1949
418
204
2188
834
1864
1068
2081
592
2457
1917
1018
402
2128
1957
104
970
2305
734
644
1968
2355
968
2326
312
2419
1808
2150
422
618
1528
712
2134
2088
1372
2798
2267
1410
660
516
2316
1929
484
1266
1848
738
1626
1524
2076
2240
2441
1028
1865
496
962
264
2309
128
528
720
1780
816
642
512
328
2367
122
236
460
632
106
56
334
446
1246
1833
52
2198
2306
1890
256
1710
3087
2105
288
1338
2415
496
642
278
1438
1338
2131
2242
242
2214
1284
840
358
2248
2244
2221
212
124
316
1943
874
398
2028
2283
344
124
146
248
2349
1250
600
54
2050
2312
348
1370
1880
1056
1891
2199
2252
370
154
310
1678
1880
2078
1340
1186
684
2241
2286
2340
88
2333
1574
1824
2245
280
2432
562
834
2173
2314
2159
8
1786
120
1152
346
1110
126
366
944
2193
1120
2138
166
886
30
1450
1939
2329
910
1496
1997
2108
1226
358
2212
710
420
566
160
2140
16
506
282
2070
2257
666
524
2302
108
2007
1858
36
62
380
2072
1280
2095
2013
686
2403
28
1860
426
2052
114
2192
366
1274
2155
1188
428
206
144
436
2097
520
1677
2083
94
522
2133
2418
138
614
2146
1184
2371
1758
1891
746
2208
1672
1856
1692
804
2011
392
260
2370
2422
1466
1152
1500
2147
1022
2513
358
1330
2229
1248
1652
154
2391
2087
124
1108
206
92
2506
2258
2695
2238
898
264
740
2017
314
972
904
2422
2759
450
2185
438
1232
1496
2448
28
1058
322
1384
1156
172
2411
2269
168
4
174
370
2230
884
902
476
244
562
576
486
214
2112
1432
2362
1244
2430
2081
2064
2141
2353
582
688
2144
1260
684
1794
1942
284
1470
1975
2511
166
1946
2222
1052
32
2340
206
474
2056
1680
584
