1148
288
1975
2219
232
2402
800
1983
602
112
466
76
1877
2215
1496
452
1134
2290
76
2136
290
2309
1841
856
180
1866
2418
2002
228
830
1958
908
546
2385
464
846
1830
1216
2006
2526
1928
1316
34
1682
914
1608
498
2014
790
2234
1342
2133
2108
28
214
1046
2186
2277
1114
842
2287
1753
1028
632
1668
2075
2006
572
898
2422
1150
216
2110
1742
2128
2210
920
1915
1834
388
2260
852
934
188
156
2363
1976
1910
2179
1120
900
402
1840
1983
1536
776
1698
814
732
1056
1704
108
2351
2080
578
306
720
94
2104
1176
2396
2182
4
296
2221
1342
1584
1004
2282
262
162
214
274
1474
762
2217
1208
2422
2402
2047
1688
1020
1078
2203
1779
72
788
502
3198
612
48
2246
518
2342
390
284
2198
2429
984
2049
1732
192
1528
2292
784
376
1962
7842
1672
936
204
1982
1979
212
354
530
2457
2299
2006
2237
927
454
666
188
1708
2018
2300
2437
1480
330
22
2265
660
700
1108
1530
1312
2113
1762
82
1138
1048
1895
1912
1490
70
1068
178
910
1654
1314
1106
1792
80
66
218
660
1280
2241
626
1298
2249
978
906
1310
140
2417
1516
2217
2301
2096
1606
2672
2470
554
2267
2193
198
328
314
2130
2409
160
2223
116
1991
2068
642
1884
2175
1334
1096
918
1608
584
2301
392
164
2359
1936
1430
556
894
584
914
512
2516
1078
1672
758
804
2300
2192
2530
940
2153
220
2381
68
1272
2125
346
988
978
1176
1258
2319
2411
312
290
2247
2320
658
1208
378
2268
1970
1826
2294
1974
1810
1380
1270
1200
1324
402
746
2026
2408
568
2048
524
2226
2053
54
2209
930
508
1986
1484
672
436
1092
1308
2340
2258
1294
758
2330
1658
548
142
420
1026
2078
1716
1328
2456
1346
732
558
1990
2022
2328
1888
714
2038
2148
622
492
2311
1176
660
810
2203
1278
1526
630
2239
2438
2149
2368
2261
2070
22
1440
240
2095
2217
1354
2143
402
480
964
786
1902
1768
2022
44
288
1743
194
1134
2458
2254
2416
2262
2300
720
66
666
2631
2170
2208
2195
2068
678
2235
132
178
1927
1917
748
1794
952
1548
302
742
1678
732
1110
1584
630
2264
860
2474
372
1374
2248
1528
1048
276
596
2677
1864
846
1308
1750
94
1028
1036
2478
416
2457
1486
666
1422
622
1846
904
66
720
80
1861
2409
2270
2110
1852
404
2187
772
1824
1640
2009
374
1538
2260
1822
2411
1266
2235
64
2240
2213
2468
58
2177
990
326
1940
216
2359
1350
1174
808
548
1704
1302
152
2385
1969
1978
1760
126
330
1052
1897
198
174
930
2291
2550
2102
1973
832
92
16
1916
982
1076
2139
1134
2172
2380
34
194
1556
2424
6
1082
2716
326
1460
1950
2510
134
758
2121
2448
906
414
750
434
2321
686
2400
2267
96
1888
64
1981
1592
2281
1280
2327
1448
960
328
1943
1928
1966
1246
1944
2474
544
1766
2179
1724
1928
754
1928
1958
2142
1812
1810
2363
370
1250
726
2234
2110
1384
2363
1811
2280
2122
652
1136
2503
682
1274
1923
796
2218
2324
2087
1888
2079
510
354
374
2090
376
1146
494
2126
830
1736
934
26
194
2133
384
2409
1672
1940
696
1390
2183
1348
2429
2050
1668
696
654
458
1568
756
1580
1624
1981
1528
1256
1162
90
1146
2010
1791
372
4
1900
2110
1150
974
206
1142
434
1850
406
1200
2212
358
1566
2112
130
234
598
708
2205
2593
910
606
74
1488
762
2150
1908
2140
2418
1772
1394
2362
1780
2744
1030
2152
1172
1676
2072
2015
1044
298
1388
2199
452
1923
2399
1002
1856
1116
2335
216
642
758
288
2004
868
2278
642
2050
2188
300
1965
418
804
982
872
2233
2248
1895
1974
238
940
1084
1947
2095
224
212
738
526
976
2032
1330
970
2585
1030
1200
600
828
2114
150
2077
2065
1794
2224
1796
2265
1416
536
904
1240
1732
2249
1800
468
1728
504
416
1258
98
2415
1062
1160
2358
2168
2325
1252
1764
1460
546
2163
2391
1246
1798
140
342
870
182
502
2374
1914
2242
2071
2219
620
700
50
2627
2174
602
36
756
2450
2512
998
2247
978
236
2043
274
448
514
902
1082
184
1901
2596
176
664
1940
330
222
2212
2050
2408
2141
1092
756
2289
254
2090
2195
1925
1250
1795
1340
596
374
1042
1306
1686
1232
2555
2439
2135
848
1082
1200
2287
1136
800
654
996
1824
2186
444
44
518
1508
542
1332
532
2814
628
1358
1254
158
2174
1958
2214
1938
256
1450
1214
728
1448
1012
958
2014
660
170
172
2177
184
2295
1272
1734
34
1568
278
446
1458
2068
972
742
634
1094
1264
194
2419
674
2247
1948
2516
904
2244
2106
442
910
2270
2352
2212
508
2195
2291
1944
424
96
156
2149
468
2383
902
2346
706
2121
712
2082
1010
1018
1634
98
232
1576
252
2198
1828
1348
400
2241
44
514
1891
1949
858
2543
250
60
134
1737
2210
1998
324
1937
16
264
2156
2431
2363
2386
1610
320
2350
1088
290
1032
544
2237
1904
1698
2423
2383
1876
1710
2346
946
292
1078
1518
1130
1792
1024
2459
1114
2284
120
2241
402
1166
2156
2625
2266
1426
1935
2145
2167
174
1916
20
730
2093
530
1674
1861
326
2273
1766
2205
1952
948
2188
300
1798
2279
1908
1711
872
138
2219
1434
1068
2121
1778
2445
192
1578
2480
600
2200
2478
1972
780
362
400
850
2069
422
336
814
2117
132
1608
882
1056
2110
1920
1652
1172
1526
1596
2181
124
2063
2214
236
2124
1644
1392
2003
856
790
34
2212
2206
2074
1154
2078
602
474
1290
1766
758
1028
2118
726
258
1069
1616
2184
1950
2459
438
680
598
546
4
34
2508
164
456
1418
36
720
1732
1772
2174
2139
118
1436
922
2174
1204
1564
1190
630
600
2078
350
2463
1920
2100
2304
758
612
974
1744
2090
1467
32
254
1234
1646
2531
1622
472
580
1550
1966
2698
324
1558
1284
668
2134
2263
2235
2252
186
1744
2406
244
1048
2137
730
498
1146
2230
22
2638
860
650
2287
1254
2359
2573
454
2328
1964
1322
1494
2082
1916
2150
2102
2253
726
1384
1006
16
638
2228
2474
1196
754
1778
246
1310
458
2190
2362
1942
2378
840
2541
1184
2458
2304
2194
1382
680
1722
150
1676
2092
440
2037
876
528
548
2331
852
2021
2238
2277
2398
2347
172
274
1144
2218
2253
930
2226
2381
2183
170
1482
1864
2163
680
2321
1562
106
1312
2545
922
170
484
290
2174
2280
1164
442
2062
638
536
2434
600
1552
1282
2196
1508
490
592
438
1854
554
1898
1422
970
1748
2265
1054
2502
1210
994
2255
2305
2111
198
2250
590
1268
1662
2382
2246
1818
360
2518
740
726
826
184
1895
1977
2213
2212
1222
134
876
2235
1074
2599
698
724
2482
2152
2297
344
422
2515
1736
924
2281
1960
170
218
2305
1106
2114
994
322
2041
310
1990
2038
2472
2352
710
1474
270
378
854
2185
2050
2344
2154
1990
450
1270
2234
54
158
182
2360
2006
1753
2273
20
1906
1908
816
1512
248
676
750
2354
2142
2084
204
2111
776
2366
700
172
494
1878
1808
1244
388
782
2002
2552
2086
1732
772
1096
1913
1124
722
750
1168
468
1882
206
2298
3914
2075
2269
638
556
2294
676
316
98
2515
2072
360
2263
190
1102
474
2090
272
2116
734
866
780
432
2307
1208
176
254
1290
848
2090
48
1372
2070
896
1870
1802
1018
2306
468
212
2433
2089
954
1488
1556
1880
1945
2077
2244
1975
2360
598
1670
324
2414
2254
2119
2153
2425
1722
2228
1901
1278
1786
860
2576
2208
1292
1438
1076
118
2306
256
510
162
744
478
950
290
166
110
2200
572
708
2502
68
2078
1178
608
522
2204
554
2184
216
2227
824
834
718
1692
2503
2099
334
1036
214
2538
1869
808
1532
1950
156
144
988
2019
2278
916
2021
542
618
2408
2382
472
522
2101
868
2071
2084
1970
980
442
896
124
1808
1807
956
44
2568
290
2456
1986
412
486
1020
1761
2024
1820
2288
2363
2282
1884
654
2240
2105
94
1030
150
1232
2153
464
710
432
2320
1808
916
1940
1860
1476
1012
580
2474
2276
2224
2079
80
764
2322
664
1098
636
1550
2175
2177
496
1958
2203
164
46
868
1098
304
1368
2240
310
1006
2211
2362
2514
770
1264
1134
2323
602
1304
1824
1722
2583
964
1956
716
156
2081
1096
2403
2879
2567
286
2322
862
2143
2374
1678
2516
2099
1734
1982
1424
1924
434
286
1912
1652
262
2326
40
1442
538
1444
1256
1342
2410
1802
2238
2153
1394
2057
474
1528
1256
1390
540
1720
2405
2088
954
56
1548
1206
2484
1622
870
942
1338
732
2144
2142
146
890
28
564
2341
1496
1610
890
2472
584
1858
456
1434
512
702
2203
1102
1216
1700
312
